0.0 0.277500000000003 0.30000000000000426 0.30000000000000426 0.30000000000000426 0.30000000000000426 0.30000000000000426 0.30000000000000426 0.30000000000000426 0.30000000000000426 0.30000000000000426 0.30000000000000426 0.30000000000000426 0.30000000000000426 0.30000000000000426 0.30000000000000426 0.30000000000000426 0.38750000000000123 0.9250000000000043 0.0 
0.0 0.9249999999999969 1.0 1.0 1.0 1.0 1.0 1.0 1.0 1.0 1.0 1.0 1.0 1.0 1.0 1.0 1.0 1.0 0.9250000000000043 0.0 
0.0 0.9249999999999969 1.0 1.0 1.0 1.0 1.0 1.0 1.0 1.0 1.0 1.0 1.0 1.0 1.0 1.0 1.0 1.0 0.9250000000000043 0.0 
0.0 0.9249999999999969 1.0 1.0 1.0 1.0 0.9324999999999977 0.8999999999999959 0.8999999999999959 0.8999999999999959 0.8999999999999959 0.8999999999999959 0.8999999999999959 0.8999999999999959 0.8999999999999959 0.8999999999999959 0.8999999999999959 0.8999999999999959 0.8999999999999959 0.8774999999999973 
0.0 0.9249999999999969 1.0 1.0 1.0 1.0 0.32500000000000373 0.0 0.0 0.0 0.0 0.0 0.0 0.0 0.0 0.0 0.0 0.0 0.0 0.0 
0.0 0.9249999999999969 1.0 1.0 1.0 1.0 0.32500000000000373 0.0 0.0 0.0 0.0 0.0 0.0 0.0 0.0 0.0 0.0 0.0 0.0 0.0 
0.0 0.9249999999999969 1.0 1.0 1.0 1.0 0.32500000000000373 0.0 0.0 0.0 0.0 0.0 0.0 0.0 0.0 0.0 0.0 0.0 0.0 0.0 
0.0 0.9249999999999969 1.0 1.0 1.0 1.0 0.6625000000000043 0.5000000000000036 0.5000000000000036 0.5000000000000036 0.5000000000000036 0.5000000000000036 0.5000000000000036 0.5000000000000036 0.36250000000000504 0.0 0.0 0.0 0.0 0.0 
0.0 0.9249999999999969 1.0 1.0 1.0 1.0 1.0 1.0 1.0 1.0 1.0 1.0 1.0 1.0 1.0 1.0 0.8425000000000031 0.08750000000000316 0.0 0.0 
0.0 0.9249999999999969 1.0 1.0 1.0 1.0 1.0 1.0 1.0 1.0 1.0 1.0 1.0 1.0 1.0 1.0 1.0 0.8750000000000036 0.0 0.0 
0.0 0.9249999999999969 1.0 1.0 1.0 0.7824999999999978 0.6999999999999957 0.6999999999999957 0.6999999999999957 0.6999999999999957 0.6999999999999957 0.6999999999999957 0.6999999999999957 0.7974999999999959 1.0 1.0 1.0 0.8750000000000036 0.0 0.0 
0.0 0.09249999999999772 0.09999999999999787 0.09999999999999787 0.09999999999999787 0.027499999999999716 0.0 0.0 0.0 0.0 0.0 0.0 0.0 0.32499999999999574 1.0 1.0 1.0 0.8750000000000036 0.0 0.0 
0.0 0.0 0.0 0.0 0.0 0.0 0.0 0.0 0.0 0.0 0.0 0.0 0.0 0.32499999999999574 1.0 1.0 1.0 0.8750000000000036 0.0 0.0 
0.0 0.0 0.0 0.0 0.0 0.0 0.0 0.0 0.0 0.0 0.0 0.0 0.37499999999999645 1.0 1.0 1.0 1.0 0.8750000000000036 0.0 0.0 
0.0 0.0 0.0 0.0 0.0 0.0 0.0 0.0 0.0 0.0 0.0 0.0 0.37499999999999645 1.0 1.0 1.0 1.0 0.8750000000000036 0.0 0.0 
0.0 0.27749999999999975 0.3000000000000007 0.3000000000000007 0.3000000000000007 0.0825000000000011 0.0 0.0 0.0 0.0 0.0 0.0 0.37499999999999645 1.0 1.0 1.0 1.0 0.8750000000000036 0.0 0.0 
0.8774999999999994 0.9924999999999998 1.0 1.0 1.0 0.275000000000003 0.0 0.0 0.0 0.0 0.0 0.0 0.37499999999999645 1.0 1.0 1.0 1.0 0.8750000000000036 0.0 0.0 
0.0 0.9249999999999969 1.0 1.0 1.0 0.6375000000000041 0.5000000000000036 0.5000000000000036 0.5000000000000036 0.5000000000000036 0.5000000000000036 0.5000000000000036 0.6875000000000004 1.0 1.0 1.0 1.0 0.8750000000000036 0.0 0.0 
0.0 0.9249999999999969 1.0 1.0 1.0 1.0 1.0 1.0 1.0 1.0 1.0 1.0 1.0 1.0 1.0 1.0 0.9825 0.787500000000002 0.0 0.0 
0.0 0.27749999999999647 0.9124999999999974 1.0 1.0 1.0 1.0 1.0 1.0 1.0 1.0 1.0 1.0 1.0 1.0 0.8425000000000008 0.2474999999999985 0.0 0.0 0.0 
