0.0 0.0 0.0 0.0 0.3375000000000045 0.3750000000000071 0.5625000000000021 1.0 1.0 1.0 1.0 0.8125000000000039 0.3750000000000071 0.3750000000000071 0.03750000000000124 0.0 0.0 0.0 0.0 0.0 
0.0 0.03750000000000144 0.5624999999999989 1.0 1.0 1.0 1.0 1.0 1.0 1.0 1.0 1.0 1.0 1.0 1.0 0.1250000000000071 0.08750000000000532 0.0 0.0 0.0 
0.0 0.2999999999999945 1.0 1.0 1.0 1.0 1.0 1.0 1.0 1.0 1.0 1.0 1.0 1.0 1.0 1.0 0.9625000000000026 0.4375000000000069 0.0 0.0 
0.09999999999999432 1.0 1.0 1.0 1.0 1.0 0.8125000000000004 0.374999999999992 0.1124999999999992 0.0 0.03749999999999774 0.374999999999992 0.6874999999999938 1.0 1.0 1.0 1.0 0.8125000000000053 0.18750000000000505 0.0 
0.43750000000000366 1.0 1.0 1.0 1.0 0.5624999999999958 0.0 0.0 0.0 0.0 0.0 0.0 0.0 0.43749999999999173 0.9624999999999987 1.0 1.0 1.0 0.5625000000000082 0.03750000000000133 
0.09999999999999432 1.0 1.0 1.0 1.0 0.0 0.0 0.0 0.0 0.0 0.0 0.0 0.0 0.0 0.8999999999999986 1.0 1.0 1.0 1.0 0.10000000000000142 
0.09999999999999432 1.0 1.0 1.0 1.0 0.7875000000000122 0.0 0.0 0.0 0.0 0.0 0.0 0.0 0.0 0.11249999999999183 0.21249999999999014 1.0 1.0 1.0 0.10000000000000142 
0.03749999999999698 0.5624999999999903 1.0 1.0 1.0 1.0 0.8875000000000044 0.31250000000000666 0.0 0.0 0.0 0.0 0.0 0.0 0.0 0.0 0.0 0.0 0.0 0.0 
0.0 0.0 0.49999999999999467 1.0 1.0 1.0 1.0 1.0 1.0 0.4375000000000111 0.3750000000000089 0.2625000000000073 0.0 0.0 0.0 0.0 0.0 0.0 0.0 0.0 
0.0 0.0 0.0 0.0 0.7874999999999892 1.0 1.0 1.0 1.0 1.0 1.0 1.0 1.0 0.3875000000000087 0.1250000000000071 0.11250000000000666 0.0 0.0 0.0 0.0 
0.0 0.0 0.0 0.0 0.0 0.12499999999998934 0.3874999999999885 1.0 1.0 1.0 1.0 1.0 1.0 1.0 1.0 0.9875000000000014 0.8750000000000107 0.43750000000000844 0.0 0.0 
0.0 0.0 0.0 0.0 0.0 0.0 0.0 0.0 0.0 0.33749999999998853 0.37499999999998934 0.5624999999999908 1.0 1.0 1.0 1.0 1.0 1.0 0.737500000000009 0.06250000000000196 
0.0 0.0 0.0 0.0 0.0 0.0 0.0 0.0 0.0 0.0 0.0 0.0 0.0 0.4374999999999899 0.9624999999999984 1.0 1.0 1.0 1.0 0.4375000000000105 
0.09999999999999432 1.0 1.0 1.0 1.0 0.0 0.0 0.0 0.0 0.0 0.0 0.0 0.0 0.0 0.0 0.8874999999999902 1.0 1.0 1.0 1.0 
0.09999999999999432 1.0 1.0 1.0 1.0 0.7875000000000137 0.0 0.0 0.0 0.0 0.0 0.0 0.0 0.0 0.0 0.09999999999999787 1.0 1.0 1.0 1.0 
0.0374999999999968 0.5624999999999891 1.0 1.0 1.0 0.9625000000000028 0.4375000000000103 0.0 0.0 0.0 0.0 0.0 0.0 0.0 0.0 0.6625000000000087 1.0 1.0 1.0 1.0 
0.0 0.18749999999999337 0.8124999999999927 1.0 1.0 1.0 1.0 0.6875000000000075 0.37500000000001066 0.037500000000002934 0.0 0.0 0.0 0.26250000000000584 0.37500000000001066 1.0 1.0 1.0 1.0 1.0 
0.0 0.0 0.0 0.612499999999988 0.9874999999999983 1.0 1.0 1.0 1.0 1.0 1.0 1.0 1.0 1.0 1.0 1.0 1.0 1.0 1.0 0.10000000000000142 
0.0 0.0 0.0 0.0 0.11249999999998979 1.0 1.0 1.0 1.0 1.0 1.0 1.0 1.0 1.0 1.0 1.0 1.0 1.0 0.3874999999999963 0.012499999999999113 
0.0 0.0 0.0 0.0 0.0 0.0 0.11249999999999401 0.3749999999999858 0.3749999999999858 0.9374999999999954 1.0 1.0 1.0 1.0 0.4374999999999881 0.3749999999999858 0.26249999999999113 0.0 0.0 0.0 
