0.0 0.0 0.012500000000000178 0.03750000000000055 0.06250000000000092 0.08750000000000127 0.21250000000000163 0.4375000000000015 0.6625000000000011 0.8875000000000007 1.0 1.0 1.0 1.0 1.0 1.0 1.0 1.0 0.8749999999999982 0.6249999999999982 
0.0 0.0 0.125 0.3750000000000001 0.6250000000000002 0.8750000000000002 1.0 1.0 1.0 1.0 1.0 1.0 1.0 1.0 1.0 1.0 1.0 1.0 0.8749999999999982 0.6249999999999982 
0.31250000000000044 0.4375000000000007 0.5625000000000008 0.6875000000000007 0.8125000000000004 0.9375000000000002 1.0 1.0 1.0 1.0 1.0 1.0 1.0 1.0 1.0 1.0 1.0 1.0 0.8749999999999982 0.6249999999999982 
0.6249999999999998 0.8749999999999999 1.0 1.0 1.0 1.0 1.0 1.0 1.0 1.0 1.0 1.0 1.0 1.0 1.0 1.0 1.0 1.0 0.8749999999999982 0.6249999999999982 
0.06249999999999976 0.08749999999999968 0.2124999999999997 0.4374999999999999 0.6625000000000001 0.8875000000000002 1.0 1.0 1.0 1.0 1.0 1.0 1.0 1.0 1.0 1.0 1.0 1.0 0.8749999999999982 0.6249999999999982 
0.0 0.0 0.0 0.0 0.0 0.0 0.12500000000000044 0.37500000000000067 0.6250000000000007 0.8750000000000007 1.0 1.0 1.0 1.0 1.0 1.0 1.0 1.0 0.8749999999999982 0.6249999999999982 
0.0 0.0 0.0 0.0 0.0 0.0 0.12500000000000044 0.37500000000000067 0.6250000000000007 0.8750000000000007 1.0 1.0 1.0 1.0 1.0 1.0 1.0 1.0 0.8749999999999982 0.6249999999999982 
0.0 0.0 0.0 0.0 0.0 0.0 0.12500000000000044 0.37500000000000067 0.6250000000000007 0.8750000000000007 1.0 1.0 1.0 1.0 1.0 1.0 1.0 1.0 0.8749999999999982 0.6249999999999982 
0.0 0.0 0.0 0.0 0.0 0.0 0.12500000000000044 0.37500000000000067 0.6250000000000007 0.8750000000000007 1.0 1.0 1.0 1.0 1.0 1.0 1.0 1.0 0.8749999999999982 0.6249999999999982 
0.0 0.0 0.0 0.0 0.0 0.0 0.12500000000000044 0.37500000000000067 0.6250000000000007 0.8750000000000007 1.0 1.0 1.0 1.0 1.0 1.0 1.0 1.0 0.8749999999999982 0.6249999999999982 
0.0 0.0 0.0 0.0 0.0 0.0 0.12500000000000044 0.37500000000000067 0.6250000000000007 0.8750000000000007 1.0 1.0 1.0 1.0 1.0 1.0 1.0 1.0 0.8749999999999982 0.6249999999999982 
0.0 0.0 0.0 0.0 0.0 0.0 0.12500000000000044 0.37500000000000067 0.6250000000000007 0.8750000000000007 1.0 1.0 1.0 1.0 1.0 1.0 1.0 1.0 0.8749999999999982 0.6249999999999982 
0.0 0.0 0.0 0.0 0.0 0.0 0.12500000000000044 0.37500000000000067 0.6250000000000007 0.8750000000000007 1.0 1.0 1.0 1.0 1.0 1.0 1.0 1.0 0.8749999999999982 0.6249999999999982 
0.0 0.0 0.0 0.0 0.0 0.0 0.12500000000000044 0.37500000000000067 0.6250000000000007 0.8750000000000007 1.0 1.0 1.0 1.0 1.0 1.0 1.0 1.0 0.8749999999999982 0.6249999999999982 
0.0 0.0 0.0 0.0 0.0 0.0 0.12500000000000044 0.37500000000000067 0.6250000000000007 0.8750000000000007 1.0 1.0 1.0 1.0 1.0 1.0 1.0 1.0 0.8749999999999982 0.6249999999999982 
0.0 0.0 0.0 0.0 0.0 0.0 0.12500000000000044 0.37500000000000067 0.6250000000000007 0.8750000000000007 1.0 1.0 1.0 1.0 1.0 1.0 1.0 1.0 0.8749999999999982 0.6249999999999982 
0.0 0.0 0.0 0.0 0.0 0.0 0.12500000000000044 0.37500000000000067 0.6250000000000007 0.8750000000000007 1.0 1.0 1.0 1.0 1.0 1.0 1.0 1.0 0.8749999999999982 0.6249999999999982 
0.0 0.0 0.0 0.0 0.0 0.0 0.12500000000000044 0.37500000000000067 0.6250000000000007 0.8750000000000007 1.0 1.0 1.0 1.0 1.0 1.0 1.0 1.0 0.8749999999999982 0.6249999999999982 
0.0 0.0 0.0 0.0 0.0 0.0 0.12500000000000044 0.37500000000000067 0.6250000000000007 0.8750000000000007 1.0 1.0 1.0 1.0 1.0 1.0 1.0 1.0 0.8749999999999982 0.6249999999999982 
0.0 0.0 0.0 0.0 0.0 0.0 0.12500000000000044 0.37500000000000067 0.6250000000000007 0.8750000000000007 1.0 1.0 1.0 1.0 1.0 1.0 1.0 1.0 0.8749999999999982 0.6249999999999982 
