0.10624999999999844 0.12499999999999822 0.3437499999999989 0.9562500000000005 1.0 1.0 0.9562499999999985 0.3437499999999971 0.12499999999999822 0.12499999999999822 0.12499999999999822 0.12499999999999822 0.12499999999999822 0.12499999999999822 0.12499999999999822 0.08124999999999845 0.0 0.0 0.0 0.0 
0.8499999999999996 1.0 1.0 1.0 1.0 1.0 1.0 1.0 1.0 1.0 1.0 1.0 1.0 1.0 1.0 0.7812499999999973 0.35624999999999674 0.09374999999999756 0.0 0.0 
0.8499999999999996 1.0 1.0 1.0 1.0 0.78125 0.3750000000000018 0.3750000000000018 0.3750000000000018 0.3750000000000018 0.3750000000000018 0.3750000000000018 0.5312500000000036 0.9687500000000019 1.0 1.0 0.9812499999999983 0.7187499999999967 0.3437499999999961 0.0 
0.10625000000000147 0.6062500000000007 1.0 1.0 1.0 0.649999999999999 0.0 0.0 0.0 0.0 0.0 0.0 0.03125000000000089 0.11875000000000205 0.6937500000000041 1.0 1.0 1.0 0.5499999999999954 0.0 
0.0 0.5499999999999999 1.0 1.0 0.3499999999999992 0.0 0.0 0.0 0.0 0.0 0.0 0.0 0.0 0.0 0.6500000000000039 1.0 1.0 1.0 0.5499999999999954 0.0 
0.0 0.5499999999999999 1.0 1.0 0.3499999999999992 0.0 0.0 0.0 0.0 0.0 0.0 0.0 0.0 0.0 0.4062500000000036 0.7562500000000023 1.0 1.0 0.7187499999999963 0.31874999999999637 
0.0 0.5499999999999999 1.0 1.0 0.3499999999999992 0.0 0.0 0.0 0.0 0.0 0.0 0.0 0.0 0.0 0.0 0.3500000000000032 1.0 1.0 1.0 0.8499999999999943 
0.0 0.5499999999999999 1.0 1.0 0.3499999999999992 0.0 0.0 0.0 0.0 0.0 0.0 0.0 0.0 0.0 0.5687500000000023 0.9187499999999993 1.0 1.0 0.6062499999999967 0.1062500000000008 
0.0 0.5499999999999999 1.0 1.0 1.0 0.6937499999999985 0.12499999999999822 0.12499999999999822 0.12499999999999822 0.12499999999999822 0.12499999999999822 0.12499999999999822 0.12499999999999822 0.12499999999999822 0.6937500000000028 1.0 1.0 1.0 0.5499999999999954 0.0 
0.0 0.5499999999999999 1.0 1.0 1.0 1.0 1.0 1.0 1.0 1.0 1.0 1.0 1.0 1.0 1.0 1.0 0.9812499999999985 0.7187499999999993 0.3437499999999981 0.0 
0.0 0.5499999999999999 1.0 1.0 1.0 1.0 1.0 1.0 1.0 1.0 1.0 1.0 1.0 1.0 1.0 1.0 0.9499999999999957 0.24999999999999467 0.0 0.0 
0.0 0.5499999999999999 1.0 1.0 1.0 0.6937499999999998 0.12500000000000178 0.12500000000000178 0.12500000000000178 0.12500000000000178 0.12500000000000178 0.12500000000000178 0.12500000000000178 0.12500000000000178 0.6937500000000041 1.0 0.9937499999999994 0.906249999999998 0.48124999999999496 0.0 
0.0 0.5499999999999999 1.0 1.0 0.9187500000000011 0.5687500000000003 0.0 0.0 0.0 0.0 0.0 0.0 0.0 0.0 0.6500000000000039 1.0 1.0 1.0 1.0 0.8499999999999943 
0.0 0.5499999999999999 1.0 1.0 0.3499999999999992 0.0 0.0 0.0 0.0 0.0 0.0 0.0 0.0 0.0 0.40625000000000244 0.7562500000000012 1.0 1.0 1.0 0.8499999999999943 
0.0 0.5499999999999999 1.0 1.0 0.3499999999999992 0.0 0.0 0.0 0.0 0.0 0.0 0.0 0.0 0.0 0.0 0.3500000000000032 1.0 1.0 1.0 0.8499999999999943 
0.0 0.5499999999999999 1.0 1.0 0.91875 0.5687499999999992 0.0 0.0 0.0 0.0 0.0 0.0 0.0 0.0 0.0 0.3500000000000032 1.0 1.0 1.0 0.8499999999999943 
0.0 0.5499999999999999 1.0 1.0 1.0 0.649999999999999 0.0 0.0 0.0 0.0 0.0 0.0 0.0 0.0 0.08125000000000049 0.4312500000000028 1.0 1.0 1.0 0.8499999999999943 
0.0 0.5499999999999999 1.0 1.0 1.0 0.7812499999999993 0.375 0.375 0.375 0.375 0.375 0.375 0.375 0.375 0.7812500000000024 1.0 1.0 1.0 0.8312499999999983 0.5312499999999964 
0.0 0.5499999999999999 1.0 1.0 1.0 1.0 1.0 1.0 1.0 1.0 1.0 1.0 1.0 1.0 1.0 1.0 0.9687499999999973 0.5312499999999967 0.20624999999999827 0.0 
0.0 0.5499999999999999 1.0 1.0 1.0 1.0 1.0 1.0 1.0 1.0 1.0 1.0 1.0 1.0 1.0 0.6937499999999972 0.11874999999999947 0.031249999999999334 0.0 0.0 
