0.0 0.0 0.11249999999999899 0.22499999999999787 0.30249999999999816 0.9224999999999998 1.0 1.0 1.0 1.0 1.0 1.0 1.0 1.0 0.9225000000000001 0.3024999999999992 0.06749999999999952 0.0 0.0 0.0 
0.0 0.0 0.5000000000000002 1.0 1.0 1.0 1.0 1.0 1.0 1.0 1.0 1.0 1.0 1.0 1.0 1.0 0.7724999999999991 0.33749999999999913 0.0 0.0 
0.0 0.7000000000000003 1.0 1.0 1.0 1.0 0.9125000000000009 0.8750000000000013 0.8750000000000013 0.8750000000000013 0.8750000000000013 0.8750000000000013 0.8750000000000013 0.9125000000000008 1.0 1.0 1.0 0.5624999999999993 0.0874999999999992 0.0 
0.5174999999999995 0.8724999999999998 1.0 1.0 0.9425 0.4825000000000007 0.12750000000000014 0.0 0.0 0.0 0.0 0.0 0.0 0.29999999999999893 1.0 1.0 1.0 1.0 0.8725000000000003 0.5174999999999995 
0.9000000000000004 1.0 1.0 1.0 0.8999999999999999 0.10000000000000009 0.0 0.0 0.0 0.0 0.0 0.0 0.0 0.0 0.09999999999999964 0.8999999999999986 1.0 1.0 1.0 0.9000000000000004 
0.9000000000000004 1.0 1.0 1.0 0.8999999999999999 0.10000000000000009 0.0 0.0 0.0 0.0 0.0 0.0 0.0 0.0 0.05249999999999985 0.4724999999999996 0.5250000000000004 0.5250000000000004 0.5250000000000004 0.47250000000000053 
0.9000000000000004 1.0 1.0 1.0 0.8999999999999999 0.10000000000000009 0.0 0.0 0.0 0.0 0.0 0.0 0.0 0.0 0.0 0.0 0.0 0.0 0.0 0.0 
0.9000000000000004 1.0 1.0 1.0 0.8999999999999999 0.10000000000000009 0.0 0.0 0.0 0.0 0.0 0.0 0.0 0.0 0.0 0.0 0.0 0.0 0.0 0.0 
0.9000000000000004 1.0 1.0 1.0 0.8999999999999999 0.10000000000000009 0.0 0.0 0.0 0.0 0.0 0.0 0.0 0.0 0.0 0.0 0.0 0.0 0.0 0.0 
0.9000000000000004 1.0 1.0 1.0 0.8999999999999999 0.10000000000000009 0.0 0.0 0.0 0.09999999999999964 0.8999999999999995 1.0 1.0 1.0 1.0 1.0 1.0 1.0 1.0 0.9000000000000004 
0.9000000000000004 1.0 1.0 1.0 0.8999999999999999 0.10000000000000009 0.0 0.0 0.0 0.09999999999999964 0.8999999999999995 1.0 1.0 1.0 1.0 1.0 1.0 1.0 1.0 0.9000000000000004 
0.9000000000000004 1.0 1.0 1.0 0.8999999999999999 0.10000000000000009 0.0 0.0 0.0 0.0 0.0 0.0 0.0 0.0 0.09999999999999964 0.8999999999999986 1.0 1.0 1.0 0.9000000000000004 
0.9000000000000004 1.0 1.0 1.0 0.8999999999999999 0.10000000000000009 0.0 0.0 0.0 0.0 0.0 0.0 0.0 0.0 0.03749999999999951 0.33749999999999625 0.8124999999999984 1.0 1.0 0.9000000000000004 
0.8324999999999978 0.9774999999999991 1.0 1.0 0.8999999999999999 0.10000000000000009 0.0 0.0 0.0 0.0 0.0 0.0 0.0 0.0 0.007500000000000257 0.06750000000000245 0.7225000000000001 1.0 1.0 0.9000000000000004 
0.0 0.7000000000000003 1.0 1.0 0.8999999999999999 0.10000000000000009 0.0 0.0 0.0 0.0 0.0 0.0 0.0 0.0 0.04749999999999962 0.4274999999999974 0.8424999999999989 1.0 1.0 0.9000000000000004 
0.0 0.7000000000000003 1.0 1.0 0.8999999999999999 0.10000000000000009 0.0 0.0 0.0 0.0 0.0 0.0 0.0 0.0 0.09750000000000016 0.877500000000003 0.9925000000000015 1.0 1.0 0.9000000000000004 
0.0 0.7000000000000003 1.0 1.0 0.9425000000000003 0.48250000000000387 0.1275000000000012 0.0 0.0 0.0 0.0 0.0 0.0 0.12750000000000083 0.48250000000000365 0.9424999999999996 1.0 1.0 0.8724999999999992 0.5174999999999964 
0.0 0.08749999999999755 0.5624999999999984 1.0 1.0 1.0 0.9125000000000024 0.4375000000000018 0.0 0.0 0.0 0.0 0.4375000000000018 0.9125000000000023 1.0 1.0 1.0 1.0 0.7000000000000011 0.0 
0.0 0.0 0.0 0.20249999999999826 0.6749999999999936 0.6749999999999936 0.9024999999999981 1.0 1.0 1.0 1.0 1.0 1.0 1.0 0.9674999999999995 0.7074999999999947 0.6749999999999936 0.3374999999999968 0.0 0.0 
0.0 0.0 0.0 0.0 0.0 0.0 0.15749999999999606 0.22499999999999432 0.22499999999999432 0.3024999999999946 0.922499999999999 0.4574999999999966 0.22499999999999432 0.22499999999999432 0.20249999999999496 0.022499999999999753 0.0 0.0 0.0 0.0 
