0.16187500000000046 0.8143749999999997 1.0 1.0 1.0 1.0 1.0 1.0 1.0 0.5256249999999973 0.1750000000000007 0.1750000000000007 0.1750000000000007 0.1750000000000007 0.1750000000000007 0.1750000000000007 0.1750000000000007 0.1750000000000007 0.1750000000000007 0.1618749999999989 
0.4393749999999986 0.8818749999999995 1.0 1.0 1.0 1.0 1.0 1.0 1.0 1.0 1.0 1.0 1.0 1.0 1.0 1.0 1.0 1.0 0.8818749999999953 0.43937499999999435 
0.0 0.7749999999999995 1.0 1.0 1.0 1.0 1.0 1.0 1.0 1.0 1.0 1.0 1.0 1.0 1.0 1.0 1.0 1.0 0.7749999999999915 0.0 
0.0 0.0 0.0 0.0 0.0 0.0 0.0 0.0 0.0 0.0 0.0 0.0 0.12500000000000533 0.9750000000000068 1.0 1.0 1.0 1.0 0.7749999999999915 0.0 
0.0 0.0 0.0 0.0 0.0 0.0 0.0 0.0 0.0 0.0 0.0 0.1581250000000028 0.6281250000000039 0.9893750000000029 1.0 1.0 1.0 0.7843749999999942 0.32937499999999487 0.0 
0.0 0.0 0.0 0.0 0.0 0.0 0.0 0.0 0.0 0.0 0.0 0.2750000000000039 1.0 1.0 1.0 1.0 1.0 0.6249999999999911 0.0 0.0 
0.0 0.0 0.0 0.0 0.0 0.0 0.0 0.0 0.0 0.15812500000000226 0.5831250000000043 1.0 1.0 1.0 1.0 1.0 0.47499999999999254 0.0 0.0 0.0 
0.0 0.0 0.0 0.0 0.0 0.0 0.0 0.0 0.0 0.5750000000000037 1.0 1.0 1.0 1.0 1.0 0.5781249999999938 0.1781249999999955 0.0 0.0 0.0 
0.0 0.0 0.0 0.0 0.0 0.0 0.0 0.0 0.7068750000000055 0.9893750000000014 1.0 1.0 1.0 1.0 0.19562499999999114 0.00812499999999881 0.0 0.0 0.0 0.0 
0.0 0.0 0.0 0.0 0.0 0.0 0.0 0.0 0.7250000000000032 1.0 1.0 1.0 0.9593749999999979 0.683124999999995 0.11812499999999519 0.0 0.0 0.0 0.0 0.0 
0.0 0.0 0.0 0.0 0.0 0.0 0.016875000000001545 0.5906250000000055 0.9106250000000022 1.0 1.0 1.0 0.8749999999999947 0.02499999999999325 0.0 0.0 0.0 0.0 0.0 0.0 
0.0 0.0 0.0 0.0 0.0 0.004375000000000724 0.049375000000005886 0.878125000000003 1.0 1.0 1.0 0.7249999999999961 0.0 0.0 0.0 0.0 0.0 0.0 0.0 0.0 
0.0 0.0 0.0 0.0 0.12187500000000155 0.48437500000000394 1.0 1.0 1.0 1.0 0.8406249999999968 0.453124999999995 0.0 0.0 0.0 0.0 0.0 0.0 0.0 0.0 
0.0 0.0 0.0 0.0 0.32500000000000107 1.0 1.0 1.0 1.0 1.0 0.5749999999999957 0.0 0.0 0.0 0.0 0.0 0.0 0.0 0.0 0.0 
0.0 0.0 0.0 0.47500000000000053 1.0 1.0 1.0 1.0 1.0 0.42499999999999627 0.0 0.0 0.0 0.0 0.0 0.0 0.0 0.0 0.0 0.0 
0.0 0.0 0.26562500000000266 0.6981250000000025 1.0 1.0 1.0 1.0 0.6918749999999956 0.24437499999999604 0.0 0.0 0.0 0.0 0.0 0.0 0.0 0.0 0.0 0.0 
0.0 0.0 0.625 1.0 1.0 1.0 1.0 1.0 0.2749999999999968 0.0 0.0 0.0 0.0 0.0 0.0 0.0 0.0 0.0 0.0 0.0 
0.0 0.7749999999999995 1.0 1.0 1.0 1.0 1.0 1.0 1.0 1.0 1.0 1.0 1.0 1.0 1.0 1.0 1.0 1.0 1.0 0.92499999999999 
0.0 0.4068749999999959 0.8218749999999981 1.0 1.0 1.0 1.0 1.0 1.0 1.0 1.0 1.0 1.0 1.0 1.0 1.0 1.0 1.0 1.0 0.92499999999999 
0.0 0.0 0.109374999999996 0.1749999999999936 0.1749999999999936 0.1749999999999936 0.1749999999999936 0.1749999999999936 0.1749999999999936 0.1749999999999936 0.1749999999999936 0.1749999999999936 0.1749999999999936 0.1749999999999936 0.1749999999999936 0.1749999999999936 0.1749999999999936 0.1749999999999936 0.3606250000000021 0.92499999999999 
