0.0 0.7000000000000015 1.0 1.0 1.0 1.0 1.0 1.0 1.0 1.0 1.0 1.0 1.0 1.0 1.0 1.0 1.0 1.0 1.0 0.899999999999995 
0.0 0.7000000000000014 1.0 1.0 1.0 1.0 1.0 1.0 1.0 1.0 1.0 1.0 1.0 1.0 1.0 1.0 1.0 1.0 1.0 0.899999999999995 
0.0 0.7000000000000014 1.0 1.0 1.0 1.0 1.0 0.6249999999999967 0.24999999999999734 0.24999999999999734 0.24999999999999734 0.24999999999999734 0.24999999999999734 0.24999999999999734 0.24999999999999734 0.24999999999999734 0.24999999999999734 0.24999999999999734 0.24999999999999734 0.22499999999999637 
0.0 0.7000000000000014 1.0 1.0 1.0 1.0 0.29999999999999805 0.0 0.0 0.0 0.0 0.0 0.0 0.0 0.0 0.0 0.0 0.0 0.0 0.0 
0.0 0.7000000000000014 1.0 1.0 1.0 1.0 0.29999999999999805 0.0 0.0 0.0 0.0 0.0 0.0 0.0 0.0 0.0 0.0 0.0 0.0 0.0 
0.0 0.7000000000000014 1.0 1.0 1.0 1.0 0.29999999999999805 0.0 0.0 0.0 0.0 0.0 0.0 0.0 0.0 0.0 0.0 0.0 0.0 0.0 
0.0 0.7000000000000014 1.0 1.0 1.0 1.0 0.9650000000000025 0.4749999999999993 0.2850000000000035 0.9500000000000037 0.9500000000000037 0.9500000000000037 0.9500000000000037 0.9500000000000037 0.8549999999999986 0.09499999999999835 0.0 0.0 0.0 0.0 
0.0 0.7000000000000014 1.0 1.0 1.0 1.0 1.0 1.0 1.0 1.0 1.0 1.0 1.0 1.0 1.0 1.0 1.0 0.6249999999999991 0.17500000000000143 0.0 
0.0 0.7000000000000014 1.0 1.0 1.0 1.0 1.0 1.0 0.8349999999999973 0.44999999999999574 0.44999999999999574 0.44999999999999574 0.7249999999999999 1.0 1.0 1.0 1.0 1.0 0.8649999999999993 0.4950000000000011 
0.0 0.7000000000000014 1.0 1.0 1.0 1.0 0.40499999999999486 0.14999999999999503 0.10499999999999615 0.0 0.0 0.0 0.07499999999999804 0.40500000000000014 1.0 1.0 1.0 1.0 1.0 0.899999999999995 
0.0 0.0 0.0 0.0 0.0 0.0 0.0 0.0 0.0 0.0 0.0 0.0 0.0 0.0 0.10000000000000497 0.9000000000000021 1.0 1.0 1.0 0.899999999999995 
0.0 0.0 0.0 0.0 0.0 0.0 0.0 0.0 0.0 0.0 0.0 0.0 0.0 0.0 0.10000000000000497 0.9000000000000021 1.0 1.0 1.0 0.899999999999995 
0.0 0.0 0.0 0.0 0.0 0.0 0.0 0.0 0.0 0.0 0.0 0.0 0.0 0.0 0.10000000000000497 0.9000000000000021 1.0 1.0 1.0 0.899999999999995 
0.0 0.0 0.025000000000002208 0.035000000000002904 0.0 0.0 0.0 0.0 0.0 0.0 0.0 0.0 0.0 0.0 0.10000000000000497 0.9000000000000021 1.0 1.0 1.0 0.899999999999995 
0.3150000000000049 0.350000000000005 0.6750000000000035 0.8050000000000004 0.31500000000000383 0.034999999999999754 0.0 0.0 0.0 0.0 0.0 0.0 0.0 0.0 0.10000000000000497 0.9000000000000021 1.0 1.0 1.0 0.899999999999995 
0.9000000000000012 1.0 1.0 1.0 0.8999999999999981 0.09999999999999787 0.0 0.0 0.0 0.0 0.0 0.0 0.0 0.0 0.10000000000000497 0.9000000000000021 1.0 1.0 1.0 0.899999999999995 
0.9000000000000012 1.0 1.0 1.0 0.9950000000000006 0.9550000000000056 0.2850000000000001 0.0 0.0 0.0 0.0 0.0 0.0 0.0 0.10000000000000497 0.9000000000000021 1.0 1.0 0.7149999999999941 0.044999999999993996 
0.0 0.524999999999996 0.8749999999999969 1.0 1.0 1.0 0.47500000000000353 0.2500000000000071 0.2500000000000071 0.2500000000000071 0.2500000000000071 0.2500000000000071 0.2500000000000071 0.4750000000000082 1.0 1.0 1.0 0.8749999999999956 0.5249999999999918 0.0 
0.0 0.0 0.5000000000000016 1.0 1.0 1.0 1.0 1.0 1.0 1.0 1.0 1.0 1.0 1.0 1.0 1.0 0.614999999999993 0.22499999999999448 0.0 0.0 
0.0 0.0 0.07499999999999597 0.14999999999999147 0.2349999999999939 0.9150000000000009 1.0 1.0 1.0 1.0 1.0 1.0 1.0 1.0 0.9149999999999949 0.2349999999999905 0.044999999999997015 0.0 0.0 0.0 
