0.974999999999997 1.0 1.0 1.0 1.0 1.0 1.0 1.0 1.0 1.0 1.0 1.0 0.7656249999999991 0.37500000000000355 0.2718750000000004 0.0 0.0 0.0 0.0 0.0 
0.974999999999997 1.0 1.0 1.0 1.0 1.0 1.0 1.0 1.0 1.0 1.0 1.0 1.0 1.0 1.0 0.8031249999999964 0.1031250000000024 0.0 0.0 0.0 
0.974999999999997 1.0 1.0 1.0 1.0 1.0 0.40937499999999805 0.12499999999999689 0.12499999999999689 0.5843750000000003 1.0 1.0 1.0 1.0 1.0 1.0 0.978125 0.7656249999999964 0.0 0.0 
0.974999999999997 1.0 1.0 1.0 1.0 0.27500000000000036 0.0 0.0 0.0 0.0 0.0 0.0 0.14062500000000033 0.578125 1.0 1.0 1.0 0.9531249999999977 0.5781249999999984 0.0 
0.974999999999997 1.0 1.0 1.0 1.0 0.27500000000000036 0.0 0.0 0.0 0.0 0.0 0.0 0.0 0.20312500000000092 0.7281250000000002 1.0 1.0 1.0 0.9531249999999962 0.36562499999999915 
0.0 0.9249999999999975 1.0 1.0 1.0 0.27500000000000036 0.0 0.0 0.0 0.0 0.0 0.0 0.0 0.0 0.2750000000000057 1.0 1.0 1.0 1.0 0.9749999999999908 
0.0 0.9249999999999975 1.0 1.0 1.0 0.27500000000000036 0.0 0.0 0.0 0.0 0.0 0.0 0.0 0.0 0.2750000000000057 1.0 1.0 1.0 1.0 0.9749999999999908 
0.0 0.9249999999999976 1.0 1.0 1.0 0.27500000000000036 0.0 0.0 0.0 0.0 0.0 0.0 0.0 0.32500000000000284 1.0 1.0 1.0 1.0 0.9249999999999936 0.0 
0.0 0.9249999999999975 1.0 1.0 1.0 0.5468750000000016 0.3750000000000018 0.3750000000000018 0.3750000000000018 0.3750000000000018 0.3750000000000018 0.6406250000000037 1.0 1.0 1.0 1.0 1.0 0.8749999999999929 0.0 0.0 
0.0 0.9249999999999975 1.0 1.0 1.0 1.0 1.0 1.0 1.0 1.0 1.0 1.0 1.0 1.0 1.0 1.0 0.8249999999999957 0.0 0.0 0.0 
0.0 0.9249999999999975 1.0 1.0 1.0 1.0 1.0 1.0 1.0 1.0 1.0 1.0 1.0 1.0 1.0 1.0 0.8249999999999957 0.0 0.0 0.0 
0.0 0.9249999999999975 1.0 1.0 1.0 1.0 0.5781250000000001 0.375 0.375 0.375 0.375 0.375 0.6093750000000022 1.0 1.0 1.0 1.0 0.9531249999999973 0.578124999999996 0.0 
0.0 0.9249999999999975 1.0 1.0 1.0 1.0 0.3250000000000002 0.0 0.0 0.0 0.0 0.0 0.0 0.20312500000000178 0.7281250000000021 1.0 1.0 1.0 0.953124999999996 0.36562499999999654 
0.0 0.9249999999999975 1.0 1.0 1.0 1.0 0.3250000000000002 0.0 0.0 0.0 0.0 0.0 0.0 0.0 0.24062500000000497 0.9031250000000006 1.0 1.0 1.0 0.9749999999999908 
0.0 0.9249999999999975 1.0 1.0 1.0 1.0 0.3250000000000002 0.0 0.0 0.0 0.0 0.0 0.0 0.0 0.0 0.22500000000000497 1.0 1.0 1.0 0.9749999999999908 
0.0 0.9249999999999975 1.0 1.0 1.0 1.0 0.3250000000000002 0.0 0.0 0.0 0.0 0.0 0.0 0.0 0.17187500000000355 0.7093750000000019 1.0 1.0 1.0 0.9749999999999908 
0.0 0.9249999999999975 1.0 1.0 1.0 1.0 0.3250000000000002 0.0 0.0 0.0 0.0 0.0 0.0 0.12187500000000107 0.5468750000000036 1.0 1.0 1.0 0.9718749999999976 0.6093749999999942 
0.0 0.0 0.874999999999998 1.0 1.0 1.0 1.0 1.0 1.0 1.0 1.0 1.0 1.0 1.0 1.0 1.0 1.0 0.9843749999999991 0.8093749999999944 0.0 
0.0 0.0 0.874999999999998 1.0 1.0 1.0 1.0 1.0 1.0 1.0 1.0 1.0 1.0 1.0 1.0 1.0 0.8468749999999963 0.10937499999999911 0.0 0.0 
0.0 0.0 0.3281249999999992 0.375 0.375 0.375 0.7968749999999999 1.0 1.0 1.0 1.0 0.7343749999999973 0.375 0.375 0.27187499999999787 0.0 0.0 0.0 0.0 0.0 
