0.9000000000000012 1.0 1.0 1.0 1.0 1.0 1.0 1.0 1.0 1.0 1.0 1.0 1.0 1.0 1.0 1.0 1.0 1.0 1.0 0.899999999999995 
0.9000000000000012 1.0 1.0 1.0 1.0 1.0 1.0 1.0 1.0 1.0 1.0 1.0 1.0 1.0 1.0 1.0 1.0 1.0 1.0 0.899999999999995 
0.22499999999999792 0.24999999999999734 0.24999999999999734 0.24999999999999734 0.24999999999999734 0.24999999999999734 0.7750000000000007 1.0 1.0 1.0 1.0 1.0 0.624999999999996 0.24999999999999734 0.24999999999999734 0.24999999999999734 0.24999999999999734 0.24999999999999734 0.24999999999999734 0.22499999999999637 
0.0 0.0 0.0 0.0 0.0 0.0 0.0 0.5000000000000027 1.0 1.0 1.0 1.0 0.49999999999999645 0.0 0.0 0.0 0.0 0.0 0.0 0.0 
0.0 0.0 0.0 0.0 0.0 0.0 0.0 0.5000000000000027 1.0 1.0 1.0 1.0 0.49999999999999645 0.0 0.0 0.0 0.0 0.0 0.0 0.0 
0.0 0.0 0.0 0.0 0.0 0.0 0.0 0.5000000000000027 1.0 1.0 1.0 1.0 0.49999999999999645 0.0 0.0 0.0 0.0 0.0 0.0 0.0 
0.0 0.0 0.0 0.0 0.0 0.0 0.0 0.5000000000000027 1.0 1.0 1.0 1.0 0.49999999999999645 0.0 0.0 0.0 0.0 0.0 0.0 0.0 
0.0 0.0 0.0 0.0 0.0 0.0 0.0 0.5000000000000027 1.0 1.0 1.0 1.0 0.49999999999999645 0.0 0.0 0.0 0.0 0.0 0.0 0.0 
0.0 0.0 0.0 0.0 0.0 0.0 0.0 0.5000000000000027 1.0 1.0 1.0 1.0 0.49999999999999645 0.0 0.0 0.0 0.0 0.0 0.0 0.0 
0.0 0.0 0.0 0.0 0.0 0.0 0.0 0.5000000000000027 1.0 1.0 1.0 1.0 0.49999999999999645 0.0 0.0 0.0 0.0 0.0 0.0 0.0 
0.0 0.0 0.0 0.0 0.0 0.0 0.0 0.5000000000000027 1.0 1.0 1.0 0.8949999999999956 0.42499999999999416 0.0 0.0 0.0 0.0 0.0 0.0 0.0 
0.0 0.0 0.0 0.0 0.0 0.0 0.0 0.5000000000000027 1.0 1.0 1.0 0.29999999999999716 0.0 0.0 0.0 0.0 0.0 0.0 0.0 0.0 
0.0 0.0 0.0 0.0 0.0 0.0 0.0 0.5000000000000027 1.0 1.0 1.0 0.29999999999999716 0.0 0.0 0.0 0.0 0.0 0.0 0.0 0.0 
0.0 0.0 0.0 0.0 0.0 0.0 0.035000000000003084 0.5250000000000047 1.0 1.0 1.0 0.29999999999999716 0.0 0.0 0.0 0.0 0.0 0.0 0.0 0.0 
0.0 0.0 0.0 0.0 0.0 0.0 0.700000000000002 1.0 1.0 1.0 1.0 0.29999999999999716 0.0 0.0 0.0 0.0 0.0 0.0 0.0 0.0 
0.0 0.0 0.0 0.0 0.0 0.0 0.700000000000002 1.0 1.0 1.0 1.0 0.29999999999999716 0.0 0.0 0.0 0.0 0.0 0.0 0.0 0.0 
0.0 0.0 0.0 0.0 0.0 0.0 0.700000000000002 1.0 1.0 1.0 1.0 0.29999999999999716 0.0 0.0 0.0 0.0 0.0 0.0 0.0 0.0 
0.0 0.0 0.0 0.0 0.0 0.0 0.700000000000002 1.0 1.0 1.0 1.0 0.29999999999999716 0.0 0.0 0.0 0.0 0.0 0.0 0.0 0.0 
0.0 0.0 0.0 0.0 0.0 0.0 0.700000000000002 1.0 1.0 1.0 1.0 0.29999999999999716 0.0 0.0 0.0 0.0 0.0 0.0 0.0 0.0 
0.0 0.0 0.0 0.0 0.0 0.0 0.700000000000002 1.0 1.0 1.0 1.0 0.29999999999999716 0.0 0.0 0.0 0.0 0.0 0.0 0.0 0.0 
