0.0 0.0 0.0 0.0 0.0 0.0 0.0 0.0 0.0 0.0 0.5618750000000015 0.8143749999999997 1.0 1.0 1.0 1.0 0.9043749999999984 0.7749999999999986 0.0 0.0 
0.0 0.0 0.0 0.0 0.0 0.0 0.0 0.12187500000000055 0.8818750000000016 1.0 1.0 1.0 1.0 1.0 1.0 1.0 1.0 1.0 1.0 0.47687499999999494 
0.0 0.0 0.0 0.0 0.0 0.0 0.8093750000000005 1.0 1.0 1.0 1.0 1.0 0.453124999999998 0.12500000000000178 0.5843750000000059 1.0 1.0 1.0 1.0 1.0 
0.0 0.0 0.0 0.0 0.010625000000000835 0.6981249999999999 1.0 1.0 1.0 0.7249999999999979 0.0 0.0 0.0 0.0 0.0 0.0 0.7556250000000034 1.0 1.0 1.0 
0.0 0.0 0.0 0.0 0.975624999999998 1.0 1.0 1.0 0.195624999999999 0.0 0.0 0.0 0.0 0.0 0.0 0.0 0.42500000000000426 1.0 1.0 1.0 
0.0 0.0 0.0 0.575000000000002 1.0 1.0 1.0 0.2968749999999992 0.0 0.0 0.0 0.0 0.0 0.0 0.0 0.0 1.0 1.0 1.0 0.5931249999999981 
0.0 0.0 0.0 0.0 0.0 0.0 0.0 0.0 0.0 0.0 0.0 0.0 0.0 0.0 0.03937499999999819 0.9768750000000045 1.0 1.0 0.6749999999999972 0.0 
0.0 0.0 0.0 0.0 0.0 0.0 0.0 0.0 0.0 0.0 0.0 0.0 0.0 0.6531249999999977 1.0 1.0 1.0 1.0 0.0 0.0 
0.0 0.0 0.0 0.0 0.0 0.0 0.0 0.0 0.0 0.0 0.0 0.0 0.6250000000000036 1.0 1.0 1.0 0.4743749999999981 0.0 0.0 0.0 
0.0 0.0 0.0 0.0 0.0 0.0 0.0 0.0 0.0 0.0 0.0 0.7731249999999994 1.0 1.0 1.0 0.29312499999999847 0.0 0.0 0.0 0.0 
0.0 0.0 0.0 0.0 0.0 0.0 0.0 0.0 0.0 0.07562500000000019 0.8006250000000019 1.0 1.0 0.9793749999999993 0.34437499999999654 0.0 0.0 0.0 0.0 0.0 
0.0 0.0 0.0 0.0 0.0 0.0 0.0 0.0 0.6806249999999988 1.0 1.0 1.0 0.4843749999999997 0.0 0.0 0.0 0.0 0.0 0.0 0.0 
0.0 0.0 0.0 0.0 0.0 0.0 0.0 0.609375 1.0 1.0 1.0 0.5156250000000002 0.0 0.0 0.0 0.0 0.0 0.0 0.0 0.0 
0.0 0.0 0.0 0.0 0.0 0.0 0.9250000000000025 1.0 1.0 1.0 0.2749999999999968 0.0 0.0 0.0 0.0 0.0 0.0 0.0 0.0 0.0 
0.0 0.0 0.0 0.0 0.02500000000000213 1.0 1.0 1.0 0.6081250000000034 0.0 0.0 0.0 0.0 0.0 0.0 0.0 0.0 0.0 0.0 0.0 
0.0 0.0 0.0031249999999998666 0.5856250000000013 1.0 1.0 1.0 0.6093749999999974 0.0 0.0 0.0 0.0 0.0 0.0 0.0 0.0 0.0 0.0 0.0 0.0 
0.0 0.0 0.628124999999997 1.0 1.0 1.0 0.4681250000000025 0.0 0.0 0.0 0.0 0.0 0.0 0.0 0.0 0.0 0.0 0.0 0.0 0.0 
0.22500000000000142 1.0 1.0 1.0 1.0 1.0 1.0 1.0 1.0 1.0 1.0 1.0 1.0 1.0 1.0 1.0 0.5749999999999957 0.0 0.0 0.0 
0.22500000000000142 1.0 1.0 1.0 1.0 1.0 1.0 1.0 1.0 1.0 1.0 1.0 1.0 1.0 1.0 1.0 0.18687500000000024 0.0 0.0 0.0 
1.0 1.0 0.9718750000000003 0.7750000000000057 0.7750000000000057 0.7750000000000057 0.7750000000000057 0.7750000000000057 0.1356249999999988 0.0 0.0 0.0 0.0 0.0 0.0 0.0 0.0 0.0 0.07312499999999879 0.22499999999999432 
