0.0 0.0 0.0 0.0 0.0 0.0 0.0 0.0 0.0 0.5999999999999922 0.7999999999999972 0.7999999999999972 0.7999999999999972 0.7999999999999972 1.0 1.0 1.0 1.0 1.0 1.0 
0.0 0.0 0.0 0.7499999999999947 1.0 1.0 1.0 1.0 1.0 1.0 1.0 1.0 1.0 1.0 1.0 1.0 1.0 1.0 1.0 1.0 
0.0 0.0 0.0 0.7499999999999947 1.0 1.0 1.0 1.0 1.0 1.0 1.0 1.0 1.0 1.0 1.0 1.0 1.0 1.0 3.552713678800501e-15 8.88178419700163e-16 
0.0 0.0 0.0 0.7499999999999947 1.0 1.0 1.0 0.2500000000000071 0.0 0.0 0.0 0.0 0.0 0.0 0.0 0.0 0.0 0.0 0.0 0.0 
0.0 0.0 0.24999999999999556 1.0 1.0 1.0 0.9500000000000025 0.20000000000000676 0.0 0.0 0.0 0.0 0.0 0.0 0.0 0.0 0.0 0.0 0.0 0.0 
0.0 0.0 0.24999999999999556 1.0 1.0 1.0 0.7500000000000071 0.0 0.0 0.0 0.0 0.0 0.0 0.0 0.0 0.0 0.0 0.0 0.0 0.0 
0.0 0.0 0.24999999999999556 1.0 1.0 1.0 0.7500000000000071 0.0 0.09999999999999591 0.399999999999995 0.549999999999992 1.0 1.0 0.5500000000000027 0.30000000000000054 0.0 0.0 0.0 0.0 0.0 
0.0 0.0 1.0 1.0 1.0 1.0 1.0 1.0 1.0 1.0 1.0 1.0 1.0 1.0 1.0 1.0 0.7500000000000053 0.0 0.0 0.0 
0.0 0.0 1.0 1.0 1.0 1.0 1.0 1.0 1.0 0.5500000000000085 0.4000000000000057 0.8499999999999972 1.0 1.0 1.0 1.0 1.0 0.7 0.0 0.0 
0.0 0.149999999999996 1.0 1.0 1.0 1.0 0.6000000000000089 0.0 0.0 0.0 0.0 0.0 0.0 0.5999999999999946 1.0 1.0 1.0 1.0 0.0 0.0 
0.0 0.749999999999996 1.0 1.0 0.8000000000000058 0.05000000000000267 0.0 0.0 0.0 0.0 0.0 0.0 0.0 0.0 1.0 1.0 1.0 1.0 0.0 0.0 
0.0 0.0 0.0 0.0 0.0 0.0 0.0 0.0 0.0 0.0 0.0 0.0 0.0 0.0 1.0 1.0 1.0 0.7000000000000106 0.0 0.0 
0.0 0.0 0.0 0.0 0.0 0.0 0.0 0.0 0.0 0.0 0.0 0.0 0.0 0.749999999999984 1.0 1.0 1.0 0.25000000000001066 0.0 0.0 
0.0 0.0 0.0 0.0 0.0 0.0 0.0 0.0 0.0 0.0 0.0 0.0 0.0 0.7499999999999893 1.0 1.0 1.0 0.25000000000001066 0.0 0.0 
0.04999999999999645 0.19999999999998863 0.19999999999998863 0.049999999999998226 0.0 0.0 0.0 0.0 0.0 0.0 0.0 0.0 0.0 0.7499999999999893 1.0 1.0 0.7500000000000107 0.0 0.0 0.0 
1.0 1.0 1.0 0.25000000000000533 0.0 0.0 0.0 0.0 0.0 0.0 0.0 0.0 0.24999999999998934 1.0 1.0 1.0 0.1500000000000096 0.0 0.0 0.0 
1.0 1.0 1.0 1.0 0.0 0.0 0.0 0.0 0.0 0.0 0.0 0.2999999999999908 1.0 1.0 1.0 0.25000000000001066 0.0 0.0 0.0 0.0 
1.0 1.0 1.0 1.0 0.75 0.0 0.0 0.0 0.0 0.7499999999999876 0.9999999999999947 1.0 1.0 1.0 5.329070518200827e-15 0.0 0.0 0.0 0.0 0.0 
0.1 0.849999999999999 1.0 1.0 1.0 1.0 1.0 1.0 1.0 1.0 1.0 1.0 0.30000000000000854 0.0 0.0 0.0 0.0 0.0 0.0 0.0 
0.0 0.0 0.1999999999999993 0.8000000000000114 0.8000000000000114 0.9500000000000017 0.9500000000000043 0.8000000000000114 0.8000000000000114 0.20000000000000853 0.0 0.0 0.0 0.0 0.0 0.0 0.0 0.0 0.0 0.0 
