0.0 0.0 0.0 0.0 0.0 0.0 0.0 0.0 0.539999999999992 0.8450000000000004 1.0 1.0 1.0 1.0 1.0 0.8000000000000043 0.7400000000000215 0.0 0.0 0.0 
0.0 0.0 0.0 0.0 0.0 0.41499999999999765 1.0 1.0 1.0 1.0 1.0 1.0 1.0 1.0 1.0 1.0 1.0 1.0 0.8250000000000242 0.0 
0.0 0.0 0.0 3.2862601528904343e-15 1.0 1.0 1.0 1.0 1.0 0.9999999999999964 0.9999999999999964 0.0 0.0 0.4249999999999779 0.9999999999999964 1.0 1.0 1.0 1.0 0.275000000000026 
0.0 0.0 0.22499999999999692 0.969999999999997 1.0 1.0 1.0 0.3999999999999968 0.13000000000000436 0.0 0.0 0.0 0.0 0.0 0.0 0.5249999999999808 1.0 1.0 1.0 1.0 
0.0 0.0 1.0 1.0 1.0 1.0 0.42500000000001137 0.0 0.0 0.0 0.0 0.0 0.0 0.0 0.0 0.0 1.0 1.0 1.0 1.0 
0.0 0.0 1.0 1.0 1.0 0.9750000000000103 0.0 0.0 0.0 0.0 0.0 0.0 0.0 0.0 0.0 0.0 0.1999999999999975 0.07500000000000404 0.03499999999999473 0.1999999999999975 
0.0 0.32999999999999935 1.0 1.0 1.0 0.9750000000000103 0.0 0.0 0.0 0.0 0.0 0.0 0.0 0.0 0.0 0.0 0.0 0.0 0.0 0.0 
0.0 0.824999999999994 1.0 1.0 1.0 0.0 0.0 0.0 0.0 0.0 0.0 0.0 0.0 0.0 0.0 0.0 0.0 0.0 0.0 0.0 
0.0 0.824999999999994 1.0 1.0 1.0 0.0 0.0 0.0 0.0 0.0 0.0 0.0 0.0 0.0 0.0 0.0 0.0 0.0 0.49500000000001565 0.0 
0.0 0.824999999999994 1.0 1.0 1.0 0.0 0.0 0.0 0.0 0.0 0.7749999999999844 1.0 1.0 1.0 1.0 1.0 1.0 1.0 0.9650000000000043 0.220000000000018 
0.0 0.824999999999994 1.0 1.0 0.5250000000000092 0.0 0.0 0.0 0.0 0.1799999999999885 0.9549999999999971 1.0 1.0 1.0 1.0 1.0 1.0 1.0 0.8250000000000242 0.0 
0.274999999999995 1.0 1.0 1.0 0.5250000000000092 0.0 0.0 0.0 0.0 0.0 0.0 0.0 0.0 0.0 0.0 1.0 1.0 1.0 0.8250000000000242 0.0 
0.274999999999995 1.0 1.0 1.0 0.5250000000000092 0.0 0.0 0.0 0.0 0.0 0.0 0.0 0.0 0.0 0.0 1.0 1.0 1.0 0.8250000000000242 0.0 
0.274999999999995 1.0 1.0 1.0 0.0 0.0 0.0 0.0 0.0 0.0 0.0 0.0 0.0 0.0 0.0 1.0 1.0 1.0 0.0 0.0 
0.274999999999995 1.0 1.0 1.0 0.0 0.0 0.0 0.0 0.0 0.0 0.0 0.0 0.0 0.0 0.19499999999999187 1.0 1.0 1.0 0.0 0.0 
0.854999999999997 1.0 1.0 1.0 0.0 0.0 0.0 0.0 0.0 0.0 0.0 0.0 0.0 0.0 0.9749999999999801 1.0 1.0 0.37500000000002487 0.0 0.0 
0.7099999999999991 1.0 1.0 1.0 0.0 0.0 0.0 0.0 0.0 0.0 0.0 0.0 0.0 0.6549999999999868 1.0 1.0 0.5550000000000145 0.0 0.0 0.0 
0.274999999999995 1.0 1.0 1.0 1.0 0.0 0.0 0.0 0.0 0.0 0.0 0.3249999999999851 1.0 1.0 1.0 0.4750000000000192 0.0 0.0 0.0 0.0 
0.0 0.0 1.0 1.0 1.0 1.0 1.0 1.0 1.0 1.0 1.0 1.0 1.0 0.7450000000000118 0.010000000000007923 0.0 0.0 0.0 0.0 0.0 
0.0 0.0 0.0 0.0 0.8000000000000043 0.805000000000002 1.0 1.0 1.0 0.8000000000000043 0.8000000000000043 0.0 0.0 0.0 0.0 0.0 0.0 0.0 0.0 0.0 
