0.06875000000000506 0.5499999999999936 0.8312500000000026 1.0 0.943749999999994 0.3437499999999897 0.0 0.0 0.0 0.0 0.0 0.0 0.0 0.0 0.0 0.48125000000000223 0.5499999999999936 0.5499999999999936 0.5499999999999936 0.06874999999999139 
0.12500000000001066 1.0 1.0 1.0 1.0 1.0 0.37499999999998757 0.0 0.0 0.0 0.0 0.0 0.0 0.24375000000000704 0.8687500000000028 1.0 1.0 1.0 1.0 1.0 
0.12500000000001066 1.0 1.0 1.0 1.0 1.0 0.37499999999998757 0.0 0.0 0.0 0.0 0.0 0.7812499999999989 1.0 1.0 1.0 1.0 1.0 1.0 1.0 
0.12500000000001066 1.0 1.0 1.0 1.0 1.0 0.37499999999998757 0.0 0.0 0.0 0.5312500000000075 0.9812500000000013 1.0 1.0 1.0 1.0 1.0 1.0 1.0 0.12499999999998579 
0.12500000000001066 1.0 1.0 1.0 1.0 1.0 0.37499999999998757 0.0 0.0 0.3562500000000102 0.9812499999999991 1.0 1.0 1.0 1.0 1.0 1.0 0.643749999999988 0.018750000000000887 0.0 
0.12500000000001066 1.0 1.0 1.0 1.0 0.9812500000000005 0.35624999999998924 0.04374999999999814 1.0 1.0 1.0 1.0 1.0 1.0 1.0 0.9562500000000018 0.0 0.0 0.0 0.0 
0.12500000000001066 1.0 1.0 1.0 1.0 0.681249999999989 0.1499999999999968 0.8937500000000101 1.0 1.0 1.0 1.0 1.0 0.9437499999999991 0.3187499999999891 0.0 0.0 0.0 0.0 0.0 
0.12500000000001066 1.0 1.0 1.0 1.0 1.0 1.0 1.0 1.0 1.0 1.0 1.0 0.7500000000000036 0.46874999999999156 0.0 0.0 0.0 0.0 0.0 0.0 
0.4312500000000051 1.0 1.0 1.0 1.0 1.0 1.0 1.0 1.0 1.0 0.781249999999997 0.08124999999999219 0.0 0.0 0.0 0.0 0.0 0.0 0.0 0.0 
1.0 1.0 1.0 1.0 1.0 1.0 1.0 1.0 0.9437499999999945 0.3437499999999936 0.0 0.0 0.0 0.0 0.0 0.0 0.0 0.0 0.0 0.0 
1.0 1.0 1.0 1.0 1.0 1.0 1.0 1.0 0.9437499999999945 0.3437499999999936 0.0 0.0 0.0 0.0 0.0 0.0 0.0 0.0 0.0 0.0 
1.0 1.0 1.0 1.0 1.0 1.0 1.0 1.0 1.0 0.8687499999999951 0.2437499999999914 0.0 0.0 0.0 0.0 0.0 0.0 0.0 0.0 0.0 
1.0 1.0 1.0 1.0 1.0 1.0 1.0 1.0 1.0 1.0 1.0 0.12499999999998757 0.0 0.0 0.0 0.0 0.0 0.0 0.0 0.0 
1.0 1.0 1.0 1.0 1.0 0.6812499999999897 0.68125000000001 1.0 1.0 1.0 1.0 1.0 0.7437499999999891 0.0 0.0 0.0 0.0 0.0 0.0 0.0 
1.0 1.0 1.0 1.0 0.8749999999999885 0.0 0.03125000000000107 0.8812500000000119 1.0 1.0 1.0 1.0 1.0 0.6249999999999858 0.0 0.0 0.0 0.0 0.0 0.0 
1.0 1.0 1.0 1.0 0.8749999999999885 0.0 0.0 0.0 0.12500000000001243 1.0 1.0 1.0 1.0 1.0 1.0 0.16874999999998402 0.0 0.0 0.0 0.0 
1.0 1.0 1.0 1.0 0.8749999999999885 0.0 0.0 0.0 0.0 0.3187500000000084 0.9437499999999998 1.0 1.0 1.0 1.0 1.0 0.8749999999999858 0.0 0.0 0.0 
1.0 1.0 1.0 1.0 0.8749999999999885 0.0 0.0 0.0 0.0 0.0 0.4687500000000093 0.9687500000000031 1.0 1.0 1.0 1.0 1.0 0.6249999999999858 0.0 0.0 
1.0 1.0 1.0 1.0 0.568749999999985 0.0 0.0 0.0 0.0 0.0 0.0 0.0 1.0 1.0 1.0 1.0 1.0 0.6249999999999858 0.0 0.0 
0.0687500000000055 0.5499999999999972 0.5499999999999972 0.06874999999999329 0.0 0.0 0.0 0.0 0.0 0.0 0.0 0.0 0.06875000000000746 0.5499999999999972 0.8312500000000054 0.6062499999999911 0.4812499999999897 0.0 0.0 0.0 
