0.0 0.0 0.0 0.0 0.0 0.5250000000000021 0.5250000000000021 0.7625000000000027 1.0 1.0 1.0 0.8574999999999969 0.5250000000000021 0.5250000000000021 0.5250000000000021 0.0 0.0 0.0 0.0 0.0 
0.0 0.0 0.2875000000000004 0.5750000000000024 0.9575000000000005 1.0 1.0 1.0 1.0 1.0 1.0 1.0 1.0 1.0 1.0 1.0 0.8724999999999958 0.2874999999999951 0.0 0.0 
0.0 0.18749999999999944 0.8125000000000009 1.0 1.0 1.0 1.0 1.0 1.0 1.0 1.0 1.0 1.0 1.0 1.0 1.0 1.0 1.0 0.7374999999999968 0.06249999999999227 
0.09999999999999698 1.0 1.0 1.0 1.0 1.0 1.0 1.0 1.0 1.0 1.0 1.0 1.0 1.0 1.0 1.0 1.0 1.0 1.0 1.0 
0.7525000000000021 1.0 1.0 1.0 1.0 1.0 1.0 1.0 0.4924999999999957 0.2749999999999968 0.2749999999999968 0.2749999999999968 0.2749999999999968 0.7825000000000036 1.0 1.0 1.0 1.0 1.0 1.0 
1.0 1.0 1.0 1.0 1.0 1.0 0.7674999999999976 0.11249999999999724 0.0 0.0 0.0 0.0 0.0 0.0 0.9000000000000092 1.0 1.0 1.0 1.0 1.0 
1.0 1.0 1.0 1.0 1.0 0.9825 0.5775000000000007 0.0 0.0 0.0 0.0 0.0 0.0 0.0 0.9000000000000092 1.0 1.0 1.0 1.0 1.0 
1.0 1.0 1.0 1.0 1.0 0.9124999999999984 0.08749999999999732 0.0 0.0 0.0 0.0 0.0 0.0 0.0 0.9000000000000092 1.0 1.0 1.0 1.0 1.0 
1.0 1.0 1.0 1.0 1.0 0.9925000000000004 0.6475000000000015 0.0 0.0 0.0 0.0 0.0 0.0 0.0 0.9000000000000092 1.0 1.0 1.0 1.0 1.0 
0.12249999999999257 1.0 1.0 1.0 1.0 1.0 0.9925000000000015 0.975000000000005 0.2924999999999987 0.0 0.0 0.0 0.4875000000000094 0.9925000000000016 1.0 1.0 1.0 1.0 1.0 1.0 
0.09749999999999649 0.9824999999999959 1.0 1.0 1.0 1.0 1.0 1.0 1.0 1.0 1.0 1.0 1.0 1.0 1.0 1.0 1.0 1.0 1.0 1.0 
0.0 0.0 0.4624999999999956 0.977499999999998 1.0 1.0 1.0 1.0 1.0 1.0 1.0 1.0 1.0 1.0 1.0 1.0 1.0 1.0 1.0 1.0 
0.0 0.0 0.0 0.0 0.7874999999999971 0.887499999999997 1.0 1.0 1.0 1.0 1.0 1.0 1.0 1.0 1.0 1.0 1.0 1.0 1.0 1.0 
0.017499999999999898 0.17500000000000426 0.17500000000000426 0.17500000000000426 0.017500000000000362 0.0 0.0 0.0 0.0 0.0 0.0 0.24750000000000516 0.8249999999999957 0.9474999999999998 1.0 1.0 1.0 1.0 1.0 0.09999999999998721 
1.0 1.0 1.0 1.0 1.0 0.20250000000000415 0.0 0.0 0.0 0.0 0.0 0.0 0.0 0.7000000000000064 1.0 1.0 1.0 1.0 1.0 0.09999999999998721 
1.0 1.0 1.0 1.0 1.0 0.9274999999999995 0.19250000000000353 0.0 0.0 0.0 0.0 0.0 0.5000000000000071 1.0 1.0 1.0 1.0 1.0 1.0 0.09999999999998721 
0.7074999999999965 1.0 1.0 1.0 1.0 1.0 1.0 0.662499999999999 0.32500000000000284 0.32500000000000284 0.32500000000000284 0.5275000000000073 1.0 1.0 1.0 1.0 1.0 1.0 0.2999999999999865 0.0 
0.06249999999999811 0.7374999999999992 1.0 1.0 1.0 1.0 1.0 1.0 1.0 1.0 1.0 1.0 1.0 1.0 1.0 1.0 1.0 0.812499999999996 0.18749999999999156 0.0 
0.0 0.0 0.28749999999999354 0.8724999999999963 1.0 1.0 1.0 1.0 1.0 1.0 1.0 1.0 1.0 1.0 1.0 0.9574999999999938 0.4024999999999855 0.0 0.0 0.0 
0.0 0.0 0.0 0.0 0.47249999999999254 0.5249999999999915 0.6674999999999948 1.0 1.0 1.0 1.0 1.0 0.7624999999999924 0.5249999999999915 0.5249999999999915 0.0 0.0 0.0 0.0 0.0 
