0.0 0.0 0.0 0.0 0.0 0.0 0.15750000000000147 0.5250000000000021 0.5250000000000021 0.9525000000000029 1.0 0.8574999999999969 0.5250000000000021 0.5250000000000021 0.5250000000000021 0.0 0.0 0.0 0.0 0.0 
0.0 0.0 0.0 0.0 0.5175000000000024 1.0 1.0 1.0 1.0 1.0 1.0 1.0 1.0 1.0 1.0 1.0 0.8724999999999958 0.2874999999999951 0.0 0.0 
0.0 0.0 0.3125000000000005 0.8875000000000005 1.0 1.0 1.0 1.0 1.0 1.0 1.0 1.0 1.0 1.0 1.0 1.0 1.0 0.8124999999999973 0.18749999999999237 0.0 
0.0 0.20249999999999926 0.8375000000000008 1.0 1.0 1.0 1.0 1.0 1.0 1.0 1.0 1.0 1.0 1.0 1.0 1.0 1.0 1.0 1.0 0.09999999999998721 
0.0 0.2999999999999978 1.0 1.0 1.0 1.0 1.0 0.6374999999999958 0.2749999999999968 0.2749999999999968 0.0 0.08250000000000118 0.2749999999999968 0.7825000000000036 1.0 1.0 1.0 1.0 1.0 1.0 
0.09999999999999698 1.0 1.0 1.0 1.0 1.0 0.6999999999999984 0.0 0.0 0.0 0.0 0.0 0.0 0.0 0.9000000000000092 1.0 1.0 1.0 1.0 1.0 
0.09999999999999698 1.0 1.0 1.0 1.0 1.0 0.9475000000000006 0.4124999999999985 0.0 0.0 0.0 0.0 0.0 0.0 0.9000000000000092 1.0 1.0 1.0 1.0 1.0 
0.09999999999999698 1.0 1.0 1.0 1.0 1.0 1.0 0.9375000000000013 0.26249999999999857 0.0 0.0 0.0 0.0 0.7000000000000064 1.0 1.0 1.0 1.0 1.0 1.0 
0.0 0.2999999999999978 1.0 1.0 1.0 1.0 1.0 1.0 1.0 0.9325000000000034 0.9250000000000043 0.9250000000000043 0.9625000000000027 1.0 1.0 1.0 1.0 1.0 1.0 0.09999999999998721 
0.0 0.0 0.49999999999999867 1.0 1.0 1.0 1.0 1.0 1.0 1.0 1.0 1.0 1.0 1.0 1.0 1.0 1.0 1.0 0.31749999999998335 0.002499999999999183 
0.0 0.2999999999999978 1.0 1.0 1.0 1.0 1.0 1.0 1.0 1.0 1.0 1.0 1.0 1.0 1.0 1.0 1.0 0.5124999999999924 0.0075000000000013676 0.0 
0.09999999999999698 1.0 1.0 1.0 1.0 1.0 1.0 1.0 1.0 0.9324999999999938 0.9324999999999947 1.0 1.0 1.0 1.0 1.0 1.0 1.0 0.352499999999992 0.0074999999999996805 
1.0 1.0 1.0 1.0 1.0 0.9874999999999995 0.8749999999999964 0.4374999999999951 0.0 0.0 0.0 0.0 0.43750000000000444 0.9624999999999997 1.0 1.0 1.0 1.0 1.0 0.212499999999992 
1.0 1.0 1.0 1.0 1.0 0.8999999999999986 0.0 0.0 0.0 0.0 0.0 0.0 0.0 0.5775000000000023 0.9825000000000012 1.0 1.0 1.0 1.0 1.0 
1.0 1.0 1.0 1.0 1.0 0.8999999999999986 0.0 0.0 0.0 0.0 0.0 0.0 0.0 0.0 0.9000000000000092 1.0 1.0 1.0 1.0 1.0 
1.0 1.0 1.0 1.0 1.0 1.0 0.6999999999999984 0.0 0.0 0.0 0.0 0.0 0.13750000000000479 0.7825000000000063 1.0 1.0 1.0 1.0 1.0 0.09999999999998721 
0.09999999999999698 1.0 1.0 1.0 1.0 1.0 1.0 0.662499999999999 0.32500000000000284 0.32500000000000284 0.32500000000000284 0.32500000000000284 0.6625000000000062 1.0 1.0 1.0 1.0 1.0 0.7724999999999936 0.06749999999999108 
0.06249999999999811 0.7374999999999992 1.0 1.0 1.0 1.0 1.0 1.0 1.0 1.0 1.0 1.0 1.0 1.0 1.0 1.0 1.0 0.812499999999996 0.18749999999999156 0.0 
0.0 0.0 0.28749999999999354 0.8724999999999963 1.0 1.0 1.0 1.0 1.0 1.0 1.0 1.0 1.0 1.0 1.0 1.0 0.6999999999999886 0.0 0.0 0.0 
0.0 0.0 0.0 0.0 0.47249999999999254 0.5249999999999915 0.6674999999999948 1.0 1.0 1.0 1.0 1.0 1.0 1.0 0.5724999999999879 0.0 0.0 0.0 0.0 0.0 
