0.0 0.0 0.0 0.0 0.875 0.0 0.6249999999999991 1.0 0.9531250000000009 0.6250000000000071 0.8593750000000027 0.6718750000000062 0.6250000000000071 0.6250000000000071 0.23437500000000488 0.0 0.5468750000000084 0.0 0.0 0.0 
0.0 0.0 0.0 0.0 0.10937500000000078 0.9218750000000039 1.0 1.0 1.0 1.0 1.0 1.0 1.0 1.0 1.0 1.0 0.9843750000000012 0.546875000000007 0.0 0.0 
0.015625000000000777 0.4531250000000039 1.0 1.0 1.0 1.0 1.0 1.0 1.0 1.0 1.0 1.0 1.0 1.0 1.0 1.0 1.0 1.0 0.45312500000000644 0.01562500000000111 
0.1250000000000009 1.0 1.0 1.0 1.0 1.0 1.0 1.0 0.5468749999999961 0.0 0.0 0.0 0.6718749999999948 1.0 1.0 1.0 1.0 1.0 1.0 1.0 
0.6718750000000034 1.0 1.0 1.0 1.0 1.0 0.6093749999999983 0.046874999999999556 0.0 0.0 0.0 0.0 0.0 0.14062499999999734 0.7656249999999964 1.0 1.0 1.0 1.0 1.0 
1.0 1.0 1.0 1.0 1.0 0.6718749999999987 0.04687499999999878 0.0 0.0 0.0 0.0 0.0 0.0 0.0 0.6249999999999964 1.0 1.0 1.0 1.0 1.0 
0.0 0.0 0.0 0.0 0.0 0.0 0.0 0.0 0.0 0.0 0.0 0.0 0.0 0.04687500000000022 0.6718749999999976 1.0 1.0 1.0 1.0 0.8906249999999989 
0.0 0.0 0.0 0.0 0.0 0.0 0.0 0.0 0.0 0.0 0.0 0.0 0.12499999999999645 1.0 1.0 1.0 1.0 1.0 1.0 0.12500000000000355 
0.0 0.0 0.0 0.0 0.0 0.0 0.0 0.0 0.0 0.0 0.0 0.0 1.0 1.0 1.0 1.0 1.0 0.7656250000000022 0.14062500000000133 0.0 
0.0 0.0 0.0 0.0 0.0 0.0 0.0 0.0 0.0 0.0 0.546875 0.984375 1.0 1.0 1.0 1.0 0.8906250000000031 0.07812500000000044 0.0 0.0 
0.0 0.0 0.0 0.0 0.0 0.0 0.0 0.0 0.125 1.0 1.0 1.0 1.0 1.0 1.0 0.12500000000000355 0.0 0.0 0.0 0.0 
0.0 0.0 0.0 0.0 0.0 0.0 0.0 0.0 1.0 1.0 1.0 1.0 1.0 1.0 0.37500000000000355 0.0 0.0 0.0 0.0 0.0 
0.0 0.0 0.0 0.0 0.0 0.0 0.0 0.875 1.0 1.0 1.0 1.0 0.9218750000000027 0.23437500000000355 0.0 0.0 0.0 0.0 0.0 0.0 
0.0 0.0 0.0 0.0 0.0 0.32812499999999867 0.9531249999999986 1.0 1.0 1.0 1.0 1.0 0.0 0.0 0.0 0.0 0.0 0.0 0.0 0.0 
0.0 0.0 0.0 0.0 0.23437499999999378 1.0 1.0 1.0 1.0 1.0 0.9218750000000044 0.10937500000000089 0.0 0.0 0.0 0.0 0.0 0.0 0.0 0.0 
0.0 0.0 0.23437499999999573 0.9218749999999991 1.0 1.0 1.0 1.0 0.9531250000000009 0.39062500000000444 0.0 0.0 0.0 0.0 0.0 0.0 0.0 0.0 0.0 0.0 
0.0 0.23437499999999775 0.8593749999999976 1.0 1.0 1.0 1.0 1.0 0.0 0.0 0.0 0.0 0.0 0.0 0.0 0.0 0.0 0.0 0.0 0.0 
0.10937499999999989 0.9218749999999957 1.0 1.0 1.0 1.0 1.0 1.0 0.8749999999999929 0.8749999999999929 0.8749999999999929 0.8749999999999929 0.8749999999999929 0.8749999999999929 0.8749999999999929 0.8749999999999929 0.8749999999999929 0.8749999999999929 0.8749999999999929 0.8749999999999929 
0.1250000000000009 1.0 1.0 1.0 1.0 1.0 1.0 1.0 1.0 1.0 1.0 1.0 1.0 1.0 1.0 1.0 1.0 1.0 1.0 1.0 
0.07812500000000144 0.6250000000000071 0.6250000000000071 0.6250000000000071 0.9531250000000009 0.6250000000000071 0.8593750000000023 1.0 0.6250000000000071 0.6250000000000071 0.6250000000000071 0.6250000000000071 0.6250000000000071 0.6250000000000071 0.8593750000000013 1.0 0.9531250000000022 0.7656250000000031 0.7656250000000058 0.6250000000000071 
