0.0 0.0 0.0 0.0 0.0 0.0 0.0 0.0 0.0 0.0 0.0 0.3656249999999984 0.0 0.453124999999999 0.6250000000000036 0.6250000000000036 0.6250000000000036 0.5468750000000075 0.4749999999999943 0.17500000000001137 
0.0 0.0 0.0 0.0 0.0 0.0 0.0 0.0 0.0 0.0 0.5906249999999984 1.0 1.0 1.0 1.0 1.0 1.0 1.0 1.0 0.17500000000001137 
0.0 0.0 0.0 0.0 0.0 0.0 0.0 0.0 0.0 0.32499999999999574 1.0 1.0 1.0 1.0 1.0 1.0 1.0 1.0 0.940624999999999 0.8749999999999964 
0.0 0.0 0.0 0.0 0.0 0.0 0.0 0.0 0.0 0.12187499999999955 0.7968749999999982 1.0 1.0 1.0 1.0 1.0 1.0 1.0 1.0 0.17500000000001137 
0.0 0.0 0.0 0.0 0.0 0.0 0.0 0.0 0.3656249999999951 1.0 1.0 1.0 1.0 1.0 1.0 1.0 1.0 1.0 0.5250000000000057 0.0 
0.0 0.0 0.0 0.0 0.0 0.0 0.0 0.5468749999999991 0.9968749999999996 1.0 1.0 1.0 1.0 1.0 1.0 1.0 1.0 1.0 0.5250000000000057 0.0 
0.0 0.0 0.0 0.0 0.0 0.0 0.03437500000000058 0.6718749999999982 1.0 1.0 1.0 1.0 0.9531249999999996 0.9656249999999983 1.0 1.0 1.0 0.9843750000000004 0.4593750000000031 0.0 
0.0 0.0 0.0 0.0 0.0 0.0 0.5468750000000006 1.0 1.0 1.0 1.0 0.9906250000000018 0.3906250000000022 0.7249999999999943 1.0 1.0 1.0 0.8750000000000071 0.0 0.0 
0.0 0.0 0.0 0.0 0.0 0.5781250000000016 1.0 1.0 1.0 1.0 1.0 0.0 0.0 0.7249999999999943 1.0 1.0 1.0 0.8750000000000071 0.0 0.0 
0.0 0.0 0.0 0.0 0.5031249999999998 0.9906249999999999 1.0 1.0 1.0 0.7156250000000026 0.040624999999999425 0.0 0.0 0.7249999999999943 1.0 1.0 1.0 0.8750000000000071 0.0 0.0 
0.0 0.0 0.0 0.22499999999999787 1.0 1.0 1.0 1.0 1.0 0.0 0.0 0.0 0.0 0.7249999999999943 1.0 1.0 1.0 0.8750000000000071 0.0 0.0 
0.0 0.0 0.32812500000000244 1.0 1.0 1.0 1.0 1.0 0.634374999999998 0.0 0.0 0.0 0.0 0.7249999999999943 1.0 1.0 1.0 0.8750000000000071 0.0 0.0 
0.0 0.328125000000001 0.9531249999999998 1.0 1.0 1.0 1.0 0.609375 0.009375000000001377 0.0 0.0 0.0 0.0 0.7249999999999943 1.0 1.0 1.0 0.8750000000000071 0.0 0.0 
0.15312499999999968 0.9406250000000015 1.0 1.0 1.0 1.0 0.7250000000000032 0.0 0.0 0.0 0.0 0.0 0.0 0.7249999999999943 1.0 1.0 1.0 0.8750000000000071 0.0 0.0 
1.0 1.0 1.0 1.0 1.0 1.0 0.7593750000000028 0.125 0.125 0.125 0.125 0.125 0.125 0.759374999999995 1.0 1.0 1.0 1.0 0.584375000000005 0.02187500000000142 
1.0 1.0 1.0 1.0 1.0 1.0 1.0 1.0 1.0 1.0 1.0 1.0 1.0 1.0 1.0 1.0 1.0 1.0 1.0 0.17500000000001137 
1.0 1.0 1.0 1.0 1.0 1.0 1.0 1.0 1.0 1.0 1.0 1.0 1.0 1.0 1.0 1.0 1.0 1.0 1.0 0.17500000000001137 
0.0 0.0 0.0 0.0 0.0 0.0 0.0 0.0 0.0 0.0 0.0 0.0 0.04687499999999911 0.759374999999995 1.0 1.0 1.0 0.8906250000000062 0.06562500000000071 0.0 
0.0 0.0 0.0 0.0 0.0 0.0 0.0 0.0 0.0 0.0 0.0 0.0 0.0 0.7249999999999943 1.0 1.0 1.0 0.8750000000000071 0.0 0.0 
0.0 0.0 0.0 0.0 0.0 0.0 0.0 0.0 0.0 0.0 0.0 0.0 0.0 0.7249999999999943 1.0 1.0 1.0 0.5468750000000044 0.0 0.0 
