0.0 0.0 0.0 0.0 0.0 0.14062499999999745 0.22499999999999432 0.3218749999999978 0.9031250000000021 0.5156249999999937 0.22499999999999432 0.22499999999999432 0.22499999999999432 0.22499999999999432 0.14062499999999606 0.0 0.0 0.0 0.0 0.0 
0.0 0.0 0.0 0.08437500000000234 0.5906249999999984 0.8781249999999995 1.0 1.0 1.0 1.0 1.0 1.0 1.0 1.0 0.8781249999999974 0.5906249999999942 0.08437499999999815 0.0 0.0 0.0 
0.0 0.07812499999999759 0.4531250000000012 1.0 1.0 1.0 0.9531250000000013 0.8750000000000049 0.8750000000000049 0.8750000000000049 0.8750000000000049 0.8750000000000049 0.8750000000000049 0.953125000000002 1.0 1.0 1.0 0.4531249999999954 0.07812499999999672 0.0 
0.0 0.6250000000000051 1.0 1.0 1.0 0.6406250000000001 0.26562500000000117 0.0 0.0 0.0 0.0 0.0 0.0 0.26562500000000344 0.6406250000000037 1.0 1.0 1.0 0.6249999999999982 0.0 
0.8750000000000053 1.0 1.0 0.9968750000000004 0.9781250000000035 0.3656249999999972 0.0 0.0 0.0 0.0 0.0 0.0 0.0 0.0 0.36562500000000325 0.9781250000000036 0.9968750000000005 1.0 1.0 0.8749999999999982 
0.8750000000000053 1.0 1.0 0.8749999999999956 0.12499999999999556 0.0 0.0 0.0 0.0 0.0 0.0 0.0 0.0 0.0 0.0 0.12500000000000178 0.8750000000000018 1.0 1.0 0.8749999999999982 
0.8750000000000053 1.0 1.0 0.8749999999999956 0.12499999999999556 0.0 0.0 0.0 0.0 0.0 0.0 0.0 0.0 0.0 0.0 0.12500000000000178 0.8750000000000018 1.0 1.0 0.8749999999999982 
0.8750000000000053 1.0 1.0 0.9218749999999968 0.4531249999999941 0.140624999999997 0.0 0.0 0.0 0.0 0.0 0.0 0.0 0.0 0.14062499999999933 0.453124999999998 0.9218750000000007 1.0 1.0 0.8749999999999982 
0.15312500000000312 0.6906250000000052 1.0 1.0 1.0 0.37499999999999556 0.0 0.0 0.0 0.0 0.0 0.0 0.0 0.0 0.3750000000000018 1.0 1.0 1.0 1.0 0.8749999999999982 
0.0 0.4531250000000046 0.8281250000000022 1.0 1.0 1.0 0.7281249999999969 0.2749999999999986 0.2749999999999986 0.2749999999999986 0.2749999999999986 0.2749999999999986 0.2749999999999986 0.7281250000000008 1.0 1.0 1.0 1.0 1.0 0.8749999999999982 
0.0 0.0 0.10312500000000215 0.3656250000000051 0.9093750000000035 1.0 1.0 1.0 1.0 1.0 1.0 1.0 1.0 1.0 1.0 1.0 1.0 1.0 1.0 0.8749999999999982 
0.0 0.0 0.0 0.0 0.0 0.0 0.309375000000004 0.8250000000000028 0.8250000000000028 0.8250000000000028 0.8250000000000028 0.7218749999999996 0.10312499999999888 0.0 0.0 0.12500000000000178 0.8750000000000018 1.0 1.0 0.8749999999999982 
0.0 0.0 0.0 0.0 0.0 0.0 0.0 0.0 0.0 0.0 0.0 0.0 0.0 0.0 0.0 0.12500000000000178 0.8750000000000018 1.0 1.0 0.8749999999999982 
0.0 0.0 0.0 0.0 0.0 0.0 0.0 0.0 0.0 0.0 0.0 0.0 0.0 0.0 0.0 0.12500000000000178 0.8750000000000018 1.0 1.0 0.8749999999999982 
0.45937500000000153 0.5249999999999986 0.5249999999999986 0.5249999999999986 0.5249999999999986 0.19687499999999714 0.0 0.0 0.0 0.0 0.0 0.0 0.0 0.0 0.0 0.12500000000000178 0.8750000000000018 1.0 1.0 0.8749999999999982 
0.8750000000000053 1.0 1.0 1.0 1.0 0.37499999999999556 0.0 0.0 0.0 0.0 0.0 0.0 0.0 0.0 0.0 0.12500000000000178 0.8750000000000018 1.0 1.0 0.8749999999999982 
0.0 0.6250000000000051 1.0 1.0 1.0 0.6406249999999979 0.26562499999999895 0.0 0.0 0.0 0.0 0.0 0.0 0.0 0.3750000000000018 1.0 1.0 1.0 0.840624999999999 0.5031249999999984 
0.0 0.6250000000000051 1.0 1.0 1.0 1.0 0.9531249999999996 0.7656249999999969 0.10937499999999689 0.0 0.0 0.0 0.0 0.5468750000000016 0.9218750000000002 1.0 1.0 1.0 0.6249999999999982 0.0 
0.0 0.0 0.2531250000000022 0.715624999999999 0.9593750000000011 1.0 1.0 1.0 1.0 1.0 1.0 1.0 1.0 1.0 1.0 0.9593749999999991 0.715624999999997 0.2531249999999977 0.0 0.0 
0.0 0.0 0.0 0.028125000000000733 0.19687499999999913 0.22499999999999787 0.22499999999999787 0.3218750000000009 0.9031250000000025 1.0 1.0 1.0 1.0 0.5156249999999973 0.22499999999999787 0.19687499999999775 0.028124999999999335 0.0 0.0 0.0 
