0.0 0.0 0.07500000000000244 0.2000000000000064 0.2000000000000064 0.7000000000000027 1.0 1.0 1.0 1.0 1.0 1.0 1.0 0.5000000000000026 0.2000000000000064 0.17500000000000523 0.025000000000000445 0.0 0.0 0.0 
0.0 0.3750000000000039 0.7500000000000039 1.0 1.0 1.0 1.0 1.0 1.0 1.0 1.0 1.0 1.0 1.0 1.0 0.9500000000000001 0.6500000000000046 0.22500000000000123 0.0 0.0 
5.051514762044462e-15 0.6250000000000022 1.0 1.0 1.0 0.9999999999999963 0.6249999999999956 0.0 0.0 0.0 0.0 0.12500000000000105 0.8749999999999967 0.9999999999999979 1.0 1.0 1.0 0.37500000000000183 3.6082248300317485e-15 0.0 
0.875 1.0 1.0 0.9499999999999991 0.6499999999999948 0.2249999999999976 0.0 0.0 0.0 0.0 0.0 0.0 0.0 0.3749999999999975 0.7499999999999971 1.0 1.0 1.0 0.6249999999999982 0.0 
0.875 1.0 1.0 0.8749999999999996 0.12499999999999956 0.0 0.0 0.0 0.0 0.0 0.0 0.0 0.0 0.0 0.3750000000000018 1.0 1.0 1.0 0.9250000000000016 0.7000000000000031 
0.875 1.0 1.0 0.8749999999999996 0.12499999999999956 0.0 0.0 0.0 0.0 0.0 0.0 0.0 0.0 0.0 0.0 0.0 0.0 0.0 0.0 0.0 
0.875 1.0 1.0 0.8749999999999996 0.12499999999999956 0.0 0.0 0.0 0.0 0.0 0.0 0.0 0.0 0.0 0.0 0.0 0.0 0.0 0.0 0.0 
0.875 1.0 1.0 0.8749999999999996 0.12499999999999956 0.0 0.0 0.0 0.0 0.0 0.0 0.0 0.0 0.0 0.0 0.0 0.0 0.0 0.0 0.0 
0.875 1.0 1.0 0.8749999999999996 0.12499999999999956 0.0 0.15000000000000183 0.4000000000000039 0.4000000000000039 0.4000000000000039 0.4000000000000039 0.4000000000000039 0.4000000000000039 0.4000000000000039 0.2500000000000017 0.0 0.0 0.0 0.0 0.0 
0.875 1.0 1.0 0.9750000000000004 0.8250000000000036 0.8000000000000043 0.8750000000000029 1.0 1.0 1.0 1.0 1.0 1.0 1.0 0.9250000000000013 0.7000000000000023 0.09999999999999912 0.0 0.0 0.0 
0.875 1.0 1.0 1.0 1.0 1.0 0.9249999999999987 0.7999999999999972 0.7999999999999972 0.7999999999999972 0.7999999999999972 0.7999999999999972 0.7999999999999972 0.9249999999999993 1.0 1.0 1.0 0.5000000000000003 0.12500000000000142 0.0 
0.875 1.0 1.0 1.0 1.0 0.6249999999999978 0.24999999999999764 0.0 0.0 0.0 0.0 0.0 0.0 0.24999999999999872 0.6249999999999991 1.0 1.0 1.0 0.6249999999999982 0.0 
0.875 1.0 1.0 0.8749999999999996 0.12499999999999956 0.0 0.0 0.0 0.0 0.0 0.0 0.0 0.0 0.0 0.3750000000000018 1.0 1.0 1.0 1.0 0.8749999999999982 
0.875 1.0 1.0 0.8749999999999996 0.12499999999999956 0.0 0.0 0.0 0.0 0.0 0.0 0.0 0.0 0.0 0.3750000000000018 1.0 1.0 1.0 1.0 0.8749999999999982 
0.875 1.0 1.0 0.8749999999999996 0.12499999999999956 0.0 0.0 0.0 0.0 0.0 0.0 0.0 0.0 0.0 0.0750000000000001 0.3000000000000008 0.9000000000000014 1.0 1.0 0.8749999999999982 
0.875 1.0 1.0 0.8749999999999996 0.12499999999999956 0.0 0.0 0.0 0.0 0.0 0.0 0.0 0.0 0.0 0.3750000000000018 1.0 1.0 1.0 1.0 0.8749999999999982 
0.875 1.0 1.0 0.95 0.650000000000001 0.22500000000000026 0.0 0.0 0.0 0.0 0.0 0.0 0.0 0.0 0.3750000000000018 1.0 1.0 1.0 0.7749999999999984 0.34999999999999803 
0.0 0.6250000000000001 1.0 1.0 1.0 1.0 0.6249999999999991 0.0 0.0 0.0 0.0 0.0 0.0 0.6250000000000018 1.0 1.0 1.0 1.0 0.6249999999999982 0.0 
0.0 0.0 0.22499999999999934 0.6499999999999984 0.95 1.0 1.0 1.0 1.0 1.0 1.0 1.0 1.0 1.0 1.0 0.9499999999999991 0.6499999999999975 0.22499999999999815 0.0 0.0 
0.0 0.0 0.0 0.025 0.17499999999999946 0.7000000000000001 1.0 1.0 1.0 1.0 1.0 1.0 1.0 0.4999999999999981 0.1999999999999993 0.17499999999999902 0.024999999999999557 0.0 0.0 0.0 
