0.0 0.0 1.3322676295502068e-16 0.030000000000000564 0.24000000000000327 0.8100000000000029 1.0 1.0 1.0 1.0 1.0 1.0 1.0 1.0 0.8099999999999957 0.23999999999999652 0.03000000000000023 0.0 0.0 0.0 
0.0 0.060000000000000796 0.1500000000000033 0.6600000000000027 1.0 1.0 0.9399999999999992 0.849999999999999 0.849999999999999 0.849999999999999 0.849999999999999 0.849999999999999 0.849999999999999 0.849999999999999 0.8799999999999999 0.9700000000000004 0.659999999999997 0.1500000000000005 0.05999999999999993 0.0 
0.0 0.4000000000000026 1.0 1.0 0.9499999999999991 0.7999999999999982 0.44999999999999696 0.0 0.0 0.0 0.0 0.0 0.0 0.0 0.20000000000000462 0.8000000000000043 1.0 0.9999999999999973 0.5499999999999984 0.1999999999999999 
0.0 0.4000000000000026 1.0 1.0 0.7999999999999972 0.19999999999999707 0.0 0.0 0.0 0.0 0.0 0.0 0.0 0.0 0.13000000000000272 0.5200000000000017 0.7900000000000005 1.0 1.0 0.7999999999999954 
0.3600000000000027 0.6700000000000026 1.0 1.0 0.7999999999999972 0.19999999999999707 0.0 0.0 0.0 0.0 0.0 0.0 0.0 0.0 0.0 0.0 0.22000000000000136 0.549999999999998 0.549999999999998 0.4399999999999959 
0.8000000000000025 1.0 1.0 1.0 0.7999999999999972 0.19999999999999707 0.0 0.0 0.0 0.0 0.0 0.0 0.0 0.0 0.0 0.0 0.0 0.0 0.0 0.0 
0.8000000000000025 1.0 1.0 1.0 0.7999999999999972 0.19999999999999707 0.0 0.0 0.0 0.0 0.0 0.0 0.0 0.0 0.0 0.0 0.0 0.0 0.0 0.0 
0.8000000000000025 1.0 1.0 1.0 0.7999999999999972 0.19999999999999707 0.0 0.0 0.0 0.0 0.0 0.0 0.0 0.0 0.0 0.0 0.0 0.0 0.0 0.0 
0.8000000000000025 1.0 1.0 1.0 0.7999999999999972 0.19999999999999707 0.0 0.0 0.0 0.0 0.0 0.0 0.0 0.0 0.0 0.0 0.0 0.0 0.0 0.0 
0.8000000000000025 1.0 1.0 1.0 0.7999999999999972 0.19999999999999707 0.0 0.0 0.0 0.0 0.0 0.38000000000000483 0.9500000000000028 0.9500000000000028 0.9500000000000028 0.9500000000000028 0.9500000000000028 0.9500000000000028 0.9500000000000028 0.7599999999999979 
0.8000000000000025 1.0 1.0 1.0 0.7999999999999972 0.19999999999999707 0.0 0.0 0.0 0.0 0.0 0.380000000000002 0.9499999999999957 0.9499999999999957 0.9499999999999957 0.9499999999999957 0.9699999999999976 1.0 1.0 0.7999999999999954 
0.8000000000000025 1.0 1.0 1.0 0.7999999999999972 0.19999999999999707 0.0 0.0 0.0 0.0 0.0 0.0 0.0 0.0 0.0 0.0 0.4000000000000039 1.0 1.0 0.7999999999999954 
0.8000000000000025 1.0 1.0 1.0 0.7999999999999972 0.19999999999999707 0.0 0.0 0.0 0.0 0.0 0.0 0.0 0.0 0.0 0.0 0.4000000000000039 1.0 1.0 0.7999999999999954 
0.8000000000000025 1.0 1.0 1.0 0.7999999999999972 0.19999999999999707 0.0 0.0 0.0 0.0 0.0 0.0 0.0 0.0 0.0 0.0 0.4000000000000039 1.0 1.0 0.7999999999999954 
0.8000000000000025 1.0 1.0 1.0 0.7999999999999972 0.19999999999999707 0.0 0.0 0.0 0.0 0.0 0.0 0.0 0.0 0.0 0.0 0.4000000000000039 1.0 1.0 0.7999999999999954 
0.3599999999999977 0.6699999999999988 1.0 1.0 0.7999999999999972 0.19999999999999707 0.0 0.0 0.0 0.0 0.0 0.0 0.0 0.0 0.0 0.0 0.4000000000000039 1.0 1.0 0.7999999999999954 
0.0 0.4000000000000026 1.0 1.0 0.7999999999999972 0.19999999999999707 0.0 0.0 0.0 0.0 0.0 0.0 0.0 0.0 0.0 0.0 0.4000000000000039 0.9999999999999977 0.6099999999999945 0.2799999999999938 
0.0 0.4000000000000026 1.0 1.0 0.9500000000000007 0.8000000000000049 0.450000000000002 0.0 0.0 0.0 0.0 0.0 0.0 0.0 0.15000000000000488 0.6000000000000089 0.8500000000000052 0.9999999999999964 0.3999999999999968 0.0 
0.0 0.059999999999998395 0.14999999999999503 0.14999999999999503 0.3199999999999984 0.8300000000000015 0.9400000000000015 0.850000000000005 0.850000000000005 0.850000000000005 0.850000000000005 0.850000000000005 0.850000000000005 0.850000000000005 0.8800000000000047 0.9700000000000016 0.6599999999999947 0.1499999999999945 0.05999999999999753 0.0 
0.0 0.0 0.0 0.0 0.009999999999998864 0.03999999999999503 0.42999999999999905 1.0 1.0 1.0 1.0 1.0 1.0 1.0 0.8099999999999943 0.23999999999999083 0.029999999999995967 0.0 0.0 0.0 
