0.0 0.0 0.0 0.0 0.0 0.0 0.0 0.08750000000000083 0.1750000000000007 0.25750000000000256 0.9175000000000019 1.0 0.5874999999999975 0.12250000000000007 0.0 0.0 0.0 0.0 0.0 0.0 
0.0 0.0 0.0 0.0 0.0 0.0 0.3675000000000022 0.7625000000000017 1.0 1.0 1.0 1.0 0.7374999999999976 0.33249999999999813 0.0 0.0 0.0 0.0 0.0 0.0 
0.0 0.0 0.0 0.0 0.0 0.0 0.7000000000000028 1.0 1.0 1.0 1.0 0.38749999999999657 0.06249999999999889 0.0 0.0 0.0 0.0 0.0 0.0 0.0 
0.0 0.0 0.0 0.0 0.10000000000000231 0.9000000000000021 1.0 1.0 1.0 0.9774999999999994 0.7974999999999982 0.23249999999999738 0.0 0.0 0.0 0.0 0.0 0.0 0.0 0.0 
0.0 0.0 0.0 0.172500000000002 0.6175000000000027 0.9575000000000011 1.0 1.0 1.0 0.8999999999999977 0.09999999999999787 0.0 0.0 0.0 0.0 0.0 0.0 0.0 0.0 0.0 
0.0 0.0 0.0 0.3000000000000025 1.0 1.0 1.0 1.0 0.7224999999999969 0.06749999999999759 0.007499999999999591 0.0 0.0 0.0 0.0 0.0 0.0 0.0 0.0 0.0 
0.0 0.0 0.5000000000000022 1.0 1.0 1.0 1.0 1.0 0.6999999999999975 0.0 0.0 0.0 0.0 0.0 0.0 0.0 0.0 0.0 0.0 0.0 
0.0 0.0 0.5000000000000022 1.0 1.0 1.0 1.0 1.0 0.8875000000000002 0.6250000000000036 0.6250000000000036 0.6250000000000036 0.6250000000000036 0.6250000000000036 0.6250000000000036 0.6250000000000036 0.18749999999999928 0.0 0.0 0.0 
0.0 0.6825000000000043 0.9875000000000016 1.0 1.0 1.0 1.0 1.0 1.0 1.0 1.0 1.0 1.0 1.0 1.0 1.0 0.9825000000000021 0.48749999999999816 0.0 0.0 
0.0 0.7000000000000022 1.0 1.0 1.0 1.0 0.7724999999999971 0.6749999999999972 0.6749999999999972 0.6749999999999972 0.6749999999999972 0.6749999999999972 0.8374999999999997 1.0 1.0 1.0 1.0 1.0 0.6999999999999975 0.0 
0.6075000000000053 0.902500000000002 1.0 1.0 0.932499999999998 0.39249999999999474 0.0974999999999978 0.0 0.0 0.0 0.0 0.0 0.16249999999999903 0.5274999999999987 1.0 1.0 1.0 1.0 0.9025000000000005 0.6075000000000017 
0.9000000000000021 1.0 1.0 1.0 0.8999999999999977 0.09999999999999787 0.0 0.0 0.0 0.0 0.0 0.0 0.0 0.29250000000000126 0.9774999999999966 0.9974999999999996 1.0 1.0 1.0 0.8999999999999968 
0.9000000000000021 1.0 1.0 1.0 0.8999999999999977 0.09999999999999787 0.0 0.0 0.0 0.0 0.0 0.0 0.0 0.0 0.1000000000000032 0.9000000000000021 1.0 1.0 1.0 0.8999999999999968 
0.9000000000000021 1.0 1.0 1.0 0.8999999999999977 0.09999999999999787 0.0 0.0 0.0 0.0 0.0 0.0 0.0 0.0 0.1000000000000032 0.9000000000000021 1.0 1.0 1.0 0.8999999999999968 
0.9000000000000021 1.0 1.0 1.0 0.8999999999999977 0.09999999999999787 0.0 0.0 0.0 0.0 0.0 0.0 0.0 0.3000000000000025 1.0 1.0 1.0 1.0 0.9774999999999979 0.8324999999999912 
0.9000000000000021 1.0 1.0 1.0 0.9424999999999991 0.4825000000000026 0.12750000000000006 0.0 0.0 0.0 0.0 0.0 0.0 0.3000000000000025 1.0 1.0 1.0 1.0 0.6999999999999975 0.0 
0.9000000000000021 1.0 1.0 1.0 1.0 1.0 0.8425000000000034 0.3875000000000008 0.0 0.0 0.0 0.0 0.3875000000000056 0.8425000000000046 1.0 1.0 1.0 1.0 0.6999999999999975 0.0 
0.0 0.7000000000000022 1.0 1.0 1.0 1.0 1.0 1.0 1.0 1.0 1.0 1.0 1.0 1.0 1.0 1.0 0.9124999999999946 0.43749999999999334 0.0 0.0 
0.0 0.36749999999999766 0.7624999999999986 1.0 1.0 1.0 1.0 1.0 1.0 1.0 1.0 1.0 1.0 1.0 1.0 1.0 0.29999999999999716 0.0 0.0 0.0 
0.0 0.0 0.08749999999999719 0.1749999999999936 0.2574999999999962 0.9175000000000011 1.0 1.0 1.0 1.0 1.0 1.0 1.0 0.7524999999999961 0.1749999999999936 0.1749999999999936 0.05249999999999758 0.0 0.0 0.0 
