0.0 0.0 0.0 0.0 0.3593750000000005 0.6250000000000036 0.7281250000000014 1.0 1.0 1.0 1.0 0.6250000000000036 0.6250000000000036 0.17187500000000452 0.0 0.0 0.0 0.0 0.0 0.0 
0.0 0.0 0.7656250000000016 1.0 1.0 1.0 1.0 1.0 1.0 1.0 1.0 1.0 1.0 1.0 0.8093750000000071 0.0 0.0 0.0 0.0 0.0 
0.021875000000000488 0.5843750000000004 1.0 1.0 1.0 1.0 1.0 0.9218749999999982 0.8749999999999964 0.8749999999999964 0.9593749999999983 1.0 1.0 1.0 1.0 1.0 1.0 0.0 0.0 0.0 
0.4843750000000023 1.0 1.0 1.0 1.0 0.6531249999999977 0.0 0.0 0.0 0.0 0.0 0.015624999999996803 0.6249999999999964 0.8968749999999969 1.0 1.0 1.0 0.8750000000000071 0.0 0.0 
1.0 1.0 1.0 1.0 0.4250000000000025 0.0 0.0 0.0 0.0 0.0 0.0 0.0 0.0 0.2718749999999953 1.0 1.0 1.0 1.0 0.5250000000000057 0.0 
1.0 1.0 1.0 1.0 0.4250000000000025 0.0 0.0 0.0 0.0 0.0 0.0 0.0 0.0 0.0 1.0 1.0 1.0 1.0 0.5250000000000057 0.0 
1.0 1.0 1.0 1.0 0.49687500000000423 0.009375000000000622 0.0 0.0 0.0 0.0 0.0 0.0 0.0 0.0 1.0 1.0 1.0 1.0 0.5250000000000057 0.0 
0.17499999999999893 1.0 1.0 1.0 1.0 0.42187500000000505 0.27187500000000375 0.0 0.0 0.0 0.0 0.0 0.14062499999999867 0.8281249999999974 1.0 1.0 1.0 0.9531250000000022 0.32812500000000167 0.0 
0.0 0.1968749999999976 0.9218749999999984 1.0 1.0 1.0 1.0 0.7656250000000036 0.6250000000000036 0.6250000000000036 0.6250000000000036 0.6343750000000016 1.0 1.0 1.0 1.0 1.0 0.32812499999999956 0.0 0.0 
0.0 0.0 0.10937499999999667 1.0 1.0 1.0 1.0 1.0 1.0 1.0 1.0 1.0 1.0 1.0 1.0 1.0 0.3218750000000047 0.0 0.0 0.0 
0.0 0.06562500000000168 0.8906249999999989 1.0 1.0 1.0 1.0 1.0 1.0 1.0 1.0 1.0 1.0 1.0 1.0 1.0 0.32187500000001024 0.0 0.0 0.0 
0.06562500000000022 0.7031250000000008 1.0 1.0 1.0 1.0 0.45312499999999944 0.0 0.0 0.0 0.0 0.015624999999996803 0.6249999999999964 0.8968749999999969 1.0 1.0 1.0 0.9218750000000049 0.196875000000004 0.0 
0.6906250000000025 1.0 1.0 1.0 0.6406249999999996 0.0281250000000008 0.0 0.0 0.0 0.0 0.0 0.0 0.0 0.0 0.42187499999999406 1.0 1.0 1.0 0.8218750000000038 0.10937500000000773 
1.0 1.0 1.0 0.8031250000000011 0.0531249999999988 0.0 0.0 0.0 0.0 0.0 0.0 0.0 0.0 0.0 0.0093749999999992 0.49687499999998924 1.0 1.0 1.0 0.17500000000001137 
1.0 1.0 1.0 0.8031250000000019 0.05312500000000031 0.0 0.0 0.0 0.0 0.0 0.0 0.0 0.0 0.0 0.0 0.42499999999999005 1.0 1.0 1.0 0.27812500000000995 
0.6906249999999996 1.0 1.0 1.0 0.4250000000000025 0.0 0.0 0.0 0.0 0.0 0.0 0.0 0.0 0.0 0.0281249999999984 0.6406249999999938 1.0 1.0 1.0 0.17500000000001137 
0.17499999999999893 1.0 1.0 1.0 1.0 0.6531250000000011 0.0 0.0 0.0 0.0 0.0 0.0 0.0 0.0 0.6531249999999984 1.0 1.0 1.0 1.0 0.17500000000001137 
0.0 0.06562499999999982 0.8906249999999984 1.0 1.0 1.0 1.0 0.9218750000000004 0.875 0.28437499999999627 0.875 0.875 0.875 0.9656249999999993 1.0 1.0 1.0 0.8906250000000062 0.06562500000000071 0.0 
0.0 0.0 0.0 0.19687499999999813 0.9468749999999997 1.0 1.0 1.0 1.0 1.0 1.0 1.0 1.0 1.0 1.0 0.9468750000000012 0.875 0.0 0.0 0.0 
0.0 0.0 0.0 0.0 0.0 0.0 0.171874999999998 0.625 0.625 0.8781250000000016 0.625 0.9906250000000019 0.625 0.625 0.0 0.0 0.0 0.0 0.0 0.0 
