1.0 1.0 1.0 1.0 1.0 1.0 1.0 1.0 1.0 1.0 1.0 1.0 1.0 1.0 1.0 1.0 1.0 1.0 0.7662499999999948 0.08624999999999294 
1.0 1.0 1.0 1.0 1.0 1.0 1.0 1.0 1.0 1.0 1.0 1.0 1.0 1.0 1.0 1.0 1.0 1.0 1.0 0.14999999999998792 
1.0 1.0 1.0 1.0 1.0 1.0 0.16874999999999668 0.12499999999999911 0.12499999999999911 0.12499999999999911 0.12499999999999911 0.12499999999999911 0.12499999999999911 1.0 1.0 1.0 1.0 1.0 0.5187499999999896 0.018749999999998358 
1.0 1.0 1.0 1.0 0.6499999999999986 0.0 0.0 0.0 0.0 0.0 0.0 0.0 0.0 0.0 0.0 0.0 0.0 0.0 0.0 0.0 
1.0 1.0 1.0 1.0 0.6499999999999986 0.0 0.0 0.0 0.0 0.0 0.0 0.0 0.0 0.0 0.0 0.0 0.0 0.0 0.0 0.0 
1.0 1.0 1.0 1.0 0.6499999999999986 0.0 0.0 0.0 0.0 0.0 0.0 0.0 0.0 0.0 0.0 0.0 0.0 0.0 0.0 0.0 
0.14999999999999858 1.0 1.0 1.0 0.816250000000001 0.16625000000000073 0.0 0.0 0.0 0.0 0.0 0.0 0.0 0.0 0.0 0.0 0.0 0.0 0.0 0.0 
0.14999999999999858 1.0 1.0 1.0 1.0 1.0 1.0 1.0 1.0 1.0 1.0 1.0 0.7187500000000013 0.6250000000000053 0.4062499999999981 0.0 0.0 0.0 0.0 0.0 
0.14999999999999858 1.0 1.0 1.0 1.0 1.0 1.0 1.0 1.0 1.0 1.0 1.0 1.0 1.0 1.0 0.8537500000000016 0.7750000000000057 0.0 0.0 0.0 
0.14999999999999858 1.0 1.0 1.0 1.0 1.0 1.0 1.0 1.0 1.0 1.0 1.0 1.0 1.0 1.0 1.0 1.0 0.7499999999999893 0.0 0.0 
0.14999999999999858 1.0 1.0 1.0 1.0 0.9512499999999957 0.04624999999999705 0.0 0.0 0.0 0.0 0.0 0.0 0.04625000000000691 0.9512499999999965 1.0 1.0 1.0 1.0 0.14999999999998792 
0.11624999999999762 0.7749999999999915 0.9437499999999979 0.7749999999999915 0.5037499999999934 0.0 0.0 0.0 0.0 0.0 0.0 0.0 0.0 0.0 0.2712500000000036 0.9212499999999991 1.0 1.0 1.0 1.0 
0.0 0.0 0.0 0.0 0.0 0.0 0.0 0.0 0.0 0.0 0.0 0.0 0.0 0.0 0.0 0.40624999999999883 0.9812500000000032 1.0 1.0 1.0 
0.0 0.0 0.0 0.0 0.0 0.0 0.0 0.0 0.0 0.0 0.0 0.0 0.0 0.0 0.0 0.0 0.95000000000001 1.0 1.0 1.0 
0.0 0.0 0.0 0.0 0.0 0.0 0.0 0.0 0.0 0.0 0.0 0.0 0.0 0.0 0.0 0.0 0.95000000000001 1.0 1.0 1.0 
0.0 0.3712500000000071 0.825000000000017 0.825000000000017 0.5362500000000099 0.0 0.0 0.0 0.0 0.0 0.0 0.0 0.0 0.0 0.0 0.5362500000000187 0.9912500000000026 1.0 1.0 1.0 
0.0 0.4499999999999993 1.0 1.0 1.0 0.9837500000000055 0.048749999999997656 0.0 0.0 0.0 0.0 0.0 0.0 0.0 0.3412500000000113 0.9912500000000032 1.0 1.0 1.0 0.17124999999998097 
0.0 0.393749999999993 0.9687499999999964 1.0 1.0 1.0 1.0 1.0 0.518750000000004 0.1250000000000142 0.1250000000000142 0.1250000000000142 0.7812500000000098 1.0 1.0 1.0 1.0 1.0 0.44999999999998863 0.0 
0.0 0.0 0.0 0.03624999999999952 0.8212499999999875 1.0 1.0 1.0 1.0 1.0 1.0 1.0 1.0 1.0 1.0 1.0 1.0 0.5437499999999773 0.0 0.0 
0.0 0.0 0.0 0.0 0.0 0.3737499999999938 0.5749999999999886 0.681249999999993 1.0 1.0 1.0 1.0 1.0 0.9787499999999961 0.5749999999999886 0.20124999999999071 0.0 0.0 0.0 0.0 
