0.0 0.0 0.0 0.0 0.4799999999999973 0.6799999999999987 1.0 1.0 1.0 1.0 1.0 1.0 1.0 0.6000000000000014 0.6000000000000014 0.0 0.0 0.0 0.0 0.0 
0.0 0.0 0.7999999999999956 0.8799999999999999 1.0 1.0 1.0 1.0 1.0 1.0 1.0 1.0 1.0 1.0 1.0 0.9599999999999999 0.800000000000002 0.0 0.0 0.0 
5.329070518200496e-16 0.5999999999999923 1.0 1.0 1.0 1.0 0.9999999999999984 0.9999999999999973 0.0 0.0 0.9999999999999973 0.9999999999999973 1.0 1.0 1.0 1.0 1.0 0.9999999999999929 1.5987211554602103e-15 0.0 
0.3599999999999946 1.0 1.0 1.0 1.0 0.6400000000000026 0.0 0.0 0.0 0.0 0.0 0.0 0.0 0.31999999999999773 0.9600000000000003 1.0 1.0 1.0 0.6799999999999966 0.039999999999999716 
1.0 1.0 1.0 1.0 0.6799999999999995 0.0 0.0 0.0 0.0 0.0 0.0 0.0 0.0 0.0 0.4799999999999994 1.0 1.0 1.0 1.0 0.19999999999999574 
1.0 1.0 1.0 1.0 0.2000000000000064 0.0 0.0 0.0 0.0 0.0 0.0 0.0 0.0 0.0 0.0 1.0 1.0 1.0 1.0 0.19999999999999574 
0.3599999999999889 1.0 1.0 0.6800000000000037 0.040000000000000424 0.0 0.0 0.0 0.0 0.0 0.0 0.0 0.0 0.0 0.0 1.0 1.0 1.0 1.0 0.19999999999999574 
0.0 0.0 0.0 0.0 0.0 0.0 0.0 0.0 0.0 0.0 0.0 0.0 0.0 2.8421709430403906e-15 0.8000000000000057 1.0 1.0 1.0 0.9999999999999971 0.19999999999999432 
0.0 0.0 0.0 0.0 0.0 0.0 0.0 0.0 0.0 0.0 0.0 0.0 0.2000000000000064 1.0 1.0 1.0 1.0 0.9999999999999986 0.4799999999999916 0.0 
0.0 0.0 0.0 0.0 0.0 0.0 0.0 0.0 0.0 0.0 0.0 0.5999999999999996 1.0 1.0 1.0 1.0 0.759999999999996 0.0 0.0 0.0 
0.0 0.0 0.0 0.0 0.0 0.0 0.0 0.0 0.0 0.0 0.6800000000000058 1.0 1.0 1.0 1.0 0.7999999999999972 0.0 0.0 0.0 0.0 
0.0 0.0 0.0 0.0 0.0 0.0 0.0 0.0 0.32000000000000056 0.960000000000001 1.0 1.0 1.0 1.0 0.3599999999999903 0.0 0.0 0.0 0.0 0.0 
0.0 0.0 0.0 0.0 0.0 0.0 0.0 0.9999999999999964 1.0 1.0 1.0 1.0 1.0 0.0 0.0 0.0 0.0 0.0 0.0 0.0 
0.0 0.0 0.0 0.0 0.0 0.040000000000000785 0.6800000000000008 1.0 1.0 1.0 1.0 0.8799999999999941 0.0 0.0 0.0 0.0 0.0 0.0 0.0 0.0 
0.0 0.0 0.0 0.0 0.0 1.0 1.0 1.0 1.0 1.0 0.4799999999999941 0.0 0.0 0.0 0.0 0.0 0.0 0.0 0.0 0.0 
0.0 0.0 0.0 0.23999999999999935 0.9199999999999992 1.0 1.0 1.0 0.7599999999999985 0.07999999999999943 0.0 0.0 0.0 0.0 0.0 0.0 0.0 0.0 0.0 0.0 
0.0 0.0 0.8000000000000049 1.0 1.0 1.0 1.0 1.0 0.6000000000000032 0.0 0.0 0.0 0.0 0.0 0.0 0.0 0.0 0.0 0.0 0.0 
2.8421709430402644e-15 0.5999999999999969 1.0 1.0 1.0 1.0 1.0 1.0 1.0 1.0 1.4210854715202004e-14 1.4210854715202004e-14 1.4210854715202004e-14 1.4210854715202004e-14 1.4210854715202004e-14 1.4210854715202004e-14 1.4210854715202004e-14 1.4210854715202004e-14 1.4210854715202004e-14 2.84217094304034e-15 
0.1999999999999904 1.0 1.0 1.0 1.0 1.0 1.0 1.0 1.0 1.0 1.0 1.0 1.0 1.0 1.0 1.0 1.0 1.0 1.0 1.0 
0.11999999999999168 0.8399999999999914 1.0 1.0 0.6799999999999924 1.0 1.0 1.0 1.0 1.0 1.0 1.0 1.0 1.0 1.0 1.0 1.0 1.0 0.8399999999999926 0.5999999999999872 
