0.0 0.0 0.0 0.0 0.3593750000000005 0.6250000000000036 0.7281250000000014 1.0 1.0 1.0 1.0 1.0 0.859375000000004 0.6250000000000036 0.578125000000006 0.0 0.0 0.0 0.0 0.0 
0.0 0.0 0.0 0.9031250000000025 1.0 1.0 1.0 1.0 1.0 1.0 1.0 1.0 1.0 1.0 1.0 0.9468750000000028 0.8750000000000036 0.0 0.0 0.0 
0.0 0.0 0.8749999999999982 1.0 1.0 1.0 0.8749999999999964 0.3281250000000018 0.8531249999999931 0.0 0.0 0.8749999999999964 0.9218749999999969 1.0 1.0 1.0 1.0 0.8906250000000067 0.06562500000000257 0.0 
0.37500000000000355 0.7031250000000008 1.0 1.0 0.7843749999999989 0.04687500000000151 0.0 0.0 0.0 0.0 0.0 0.0 0.0 0.0 0.6531249999999951 1.0 1.0 1.0 1.0 0.17500000000001137 
0.06562499999999898 0.7031249999999974 1.0 1.0 0.4250000000000025 0.0 0.0 0.0 0.0 0.0 0.0 0.0 0.0 0.0 0.07499999999999574 1.0 1.0 1.0 1.0 0.17500000000001137 
0.0 0.5249999999999986 1.0 0.7750000000000021 0.0 0.0 0.0 0.0 0.0 0.0 0.0 0.0 0.0 0.0 0.0 0.42499999999999005 1.0 1.0 1.0 1.0 
0.15312499999999846 0.9406249999999982 0.12500000000000178 0.7750000000000021 0.0 0.0 0.0 0.0 0.0 0.0 0.0 0.0 0.0 0.0 0.0 0.3718749999999898 0.9718749999999982 1.0 1.0 0.17500000000001137 
0.0 0.19687500000000133 0.9218749999999993 0.48437499999999856 0.0 0.0 0.0 0.0 0.0 0.0 0.0 0.0 0.0 0.0 0.0 0.0 0.0 0.0 0.0 0.0 
0.9343750000000011 0.8218750000000011 0.6718750000000038 0.0 0.0 0.0 0.0 0.0 0.0 0.0 0.0 0.0 0.0 0.0 0.0 0.0 0.0 0.0 0.0 0.0 
1.0 1.0 1.0 0.0 0.0 0.0 0.0 0.0 0.0 0.0 0.0 0.0 0.0 0.0 0.0 0.0 0.0 0.0 0.0 0.0 
0.8468750000000016 0.5843750000000004 1.0 0.09687500000000301 0.0 0.0 0.0 0.0 0.0 0.0 0.0 0.0 0.0 0.0 0.0 0.0 0.0 0.0 0.0 0.0 
1.0 0.4750000000000014 0.8749999999999982 0.48437499999999856 0.0 0.0 0.0 0.0 0.0 0.0 0.0 0.0 0.0 0.0 0.0 0.0 0.0 0.0 0.0 0.0 
1.0 1.0 1.0 0.7750000000000021 0.0 0.0 0.0 0.0 0.0 0.0 0.0 0.0 0.0 0.0 0.0 0.0 0.0 0.0 0.0 0.0 
1.0 1.0 1.0 0.7750000000000021 0.0 0.0 0.0 0.0 0.0 0.0 0.0 0.0 0.0 0.0 0.0 0.0 0.6781249999999953 0.8750000000000036 0.8750000000000036 0.15312500000001056 
1.0 1.0 1.0 0.8031250000000019 0.05312500000000031 0.0 0.0 0.0 0.0 0.0 0.0 0.0 0.0 0.0 0.0 0.42499999999999005 1.0 1.0 1.0 1.0 
1.0 1.0 1.0 1.0 0.4250000000000025 0.0 0.0 0.0 0.0 0.0 0.0 0.0 0.0 0.0 0.0 0.42499999999999005 1.0 1.0 1.0 1.0 
0.17499999999999893 1.0 1.0 1.0 1.0 0.6531250000000011 0.0 0.0 0.0 0.0 0.0 0.0 0.0 0.0 0.6531249999999984 1.0 1.0 1.0 1.0 0.4843750000000071 
0.0 0.06562499999999982 0.8906249999999984 1.0 1.0 1.0 0.9656250000000004 0.875 0.875 0.0 0.590624999999996 0.875 0.875 0.9656249999999993 1.0 1.0 1.0 1.0 0.584375000000005 0.02187500000000142 
0.0 0.0 0.0 0.875 0.9468749999999997 1.0 1.0 1.0 1.0 1.0 1.0 1.0 1.0 1.0 1.0 1.0 0.9031250000000011 0.0 0.0 0.0 
0.0 0.0 0.0 0.0 0.0 0.0 0.625 0.8593749999999987 1.0 1.0 1.0 1.0 1.0 0.7281250000000021 0.5781250000000027 0.0 0.0 0.0 0.0 0.0 
