0.0 0.0 0.0 0.021874999999999877 0.15312499999999774 0.690625 1.0 1.0 1.0 1.0 1.0 1.0 1.0 1.0 0.6906249999999989 0.17499999999999716 0.17499999999999716 0.06562499999999893 0.0 0.0 
0.0 0.0 0.19687500000000002 0.5843749999999988 0.9406250000000004 1.0 1.0 1.0 1.0 0.6718750000000009 0.6718750000000018 1.0 1.0 1.0 1.0 1.0 1.0 0.7031249999999987 0.32812499999999867 0.0 
0.0 0.5468750000000007 0.9218749999999993 1.0 1.0 1.0 0.6718749999999998 0.12500000000000133 0.12500000000000133 0.04687500000000039 0.04687500000000061 0.12500000000000133 0.12500000000000133 0.6718750000000004 1.0 1.0 1.0 1.0 0.625 0.0 
0.19687500000000008 0.7093750000000012 1.0 1.0 1.0 0.37499999999999867 0.0 0.0 0.0 0.0 0.0 0.0 0.0 0.0 0.29062500000000013 0.8031250000000003 0.971875 1.0 1.0 0.875 
0.8750000000000018 1.0 1.0 1.0 1.0 0.37499999999999867 0.0 0.0 0.0 0.0 0.0 0.0 0.0 0.0 0.0 0.125 0.875 1.0 1.0 0.875 
0.06562499999999952 0.07499999999999929 0.07499999999999929 0.07499999999999929 0.07499999999999929 0.028124999999999633 0.0 0.0 0.0 0.0 0.0 0.0 0.0 0.0 0.0 0.125 0.875 1.0 1.0 0.875 
0.0 0.0 0.0 0.0 0.0 0.0 0.0 0.0 0.0 0.0 0.0 0.0 0.0 0.0 0.1031250000000008 0.36562500000000187 0.9093750000000003 1.0 1.0 0.875 
0.0 0.0 0.0 0.0 0.0 0.0 0.0 0.0 0.0 0.0 0.0 0.0 0.0 0.0 0.375 1.0 1.0 1.0 0.7656249999999993 0.32812499999999845 
0.0 0.0 0.0 0.0 0.0 0.0 0.0 0.0 0.0 0.0 0.3656250000000021 0.9750000000000032 0.9750000000000032 0.9750000000000032 0.984375000000002 1.0 1.0 0.390624999999998 0.015624999999998002 0.0 
0.0 0.0 0.0 0.0 0.0 0.0 0.0 0.1250000000000009 0.8750000000000009 1.0 1.0 1.0 1.0 1.0 1.0 0.875 0.125 0.0 0.0 0.0 
0.0 0.0 0.0 0.0 0.0 0.0 0.0 0.04062499999999976 0.28437499999999655 0.32499999999999574 0.578124999999998 1.0 1.0 1.0 1.0 0.9593750000000005 0.7156250000000037 0.6750000000000043 0.42187500000000266 0.0 
0.0 0.0 0.0 0.0 0.0 0.0 0.0 0.0 0.0 0.0 0.0 0.0 0.0 0.0 0.36562499999999787 0.978124999999995 0.9968749999999993 1.0 0.6343750000000021 0.021875000000004974 
0.0 0.0 0.0 0.0 0.0 0.0 0.0 0.0 0.0 0.0 0.0 0.0 0.0 0.0 0.0 0.125 0.875 1.0 1.0 0.875 
0.0 0.0 0.0 0.0 0.0 0.0 0.0 0.0 0.0 0.0 0.0 0.0 0.0 0.0 0.0 0.125 0.875 1.0 1.0 0.875 
0.8750000000000018 1.0 1.0 0.8749999999999987 0.12499999999999867 0.0 0.0 0.0 0.0 0.0 0.0 0.0 0.0 0.0 0.0 0.125 0.875 1.0 1.0 0.875 
0.8750000000000018 1.0 1.0 0.8749999999999987 0.12499999999999867 0.0 0.0 0.0 0.0 0.0 0.0 0.0 0.0 0.0 0.0 0.125 0.875 1.0 1.0 0.875 
0.8750000000000018 1.0 1.0 0.9718750000000008 0.8031250000000077 0.2906250000000024 0.0 0.0 0.0 0.0 0.0 0.0 0.0 0.0 0.29062500000000346 0.8031250000000081 0.9718750000000012 1.0 1.0 0.875 
0.7656249999999922 0.9531249999999962 1.0 1.0 1.0 1.0 0.6718750000000032 0.12500000000001066 0.12500000000001066 0.046875000000003886 0.04687500000000411 0.12500000000001066 0.12500000000001066 0.671875000000004 1.0 1.0 1.0 1.0 0.625 0.0 
0.0 0.32812499999999334 0.7031249999999932 1.0 1.0 1.0 1.0 1.0 1.0 0.6718750000000071 0.671875000000008 1.0 1.0 1.0 1.0 0.9406249999999985 0.5843749999999894 0.5249999999999879 0.32812499999999245 0.0 
0.0 0.0 0.06562499999999655 0.2781249999999924 0.8968749999999999 1.0 1.0 1.0 1.0 1.0 1.0 1.0 1.0 0.4843749999999938 0.17499999999999005 0.1531249999999913 0.021874999999998757 0.0 0.0 0.0 
