0.0 0.0 0.0 0.009374999999999478 0.06562499999999495 0.07499999999999396 0.4218749999999995 1.0 1.0 1.0 1.0 1.0 1.0 1.0 0.6531249999999944 0.07499999999999396 0.07499999999999396 0.028124999999997468 0.0 0.0 
0.0 0.0 0.08437499999999835 0.321874999999997 0.9031250000000016 1.0 1.0 0.9718749999999999 0.8031250000000045 0.7750000000000061 0.7750000000000061 0.7750000000000061 0.7750000000000061 0.9156250000000031 1.0 1.0 1.0 0.37499999999999645 0.0 0.0 
0.0 0.23437499999999714 0.6093749999999979 1.0 1.0 1.0 0.859375000000001 0.5468750000000032 0.07812499999999856 0.0 0.0 0.0 0.0 0.3906250000000061 0.7656250000000052 1.0 1.0 0.6093749999999939 0.23437499999999478 0.0 
0.0 0.6250000000000028 1.0 1.0 1.0 0.6718750000000023 0.2968750000000023 0.0 0.0 0.0 0.0 0.0 0.0 0.0 0.17812500000000406 0.5406250000000073 0.9343750000000026 1.0 0.6249999999999964 0.0 
0.0 0.6250000000000028 1.0 1.0 1.0 0.3749999999999969 0.0 0.0 0.0 0.0 0.0 0.0 0.0 0.0 0.0 0.12500000000000355 0.8750000000000036 1.0 0.8781249999999965 0.590624999999992 
0.0 0.6250000000000028 1.0 1.0 1.0 0.3749999999999969 0.0 0.0 0.0 0.0 0.0 0.0 0.0 0.0 0.0 0.12500000000000355 0.8750000000000036 1.0 1.0 0.8749999999999964 
0.0 0.6250000000000028 1.0 0.8781249999999978 0.14687500000000273 0.009375000000002387 0.0 0.0 0.0 0.0 0.0 0.0 0.0 0.0 0.0 0.12500000000000355 0.8750000000000036 1.0 1.0 0.8749999999999964 
0.0 0.6250000000000028 1.0 0.8749999999999969 0.12499999999999689 0.0 0.0 0.0 0.0 0.0 0.0 0.0 0.0 0.0 0.0 0.12500000000000355 0.8750000000000036 1.0 0.6249999999999964 0.0 
0.0 0.6250000000000028 1.0 0.8749999999999969 0.12499999999999689 0.0 0.0 0.0 0.0 0.0 0.0 0.0 0.0 0.0 0.0 0.12500000000000355 0.8750000000000036 1.0 0.6249999999999964 0.0 
0.0 0.6250000000000028 1.0 0.8749999999999969 0.12499999999999689 0.0 0.0 0.0 0.0 0.0 0.0 0.0 0.0 0.0 0.0 0.12500000000000355 0.8750000000000036 1.0 0.6249999999999964 0.0 
0.5031249999999963 0.8406249999999988 1.0 0.8749999999999969 0.12499999999999689 0.0 0.0 0.0 0.0 0.0 0.0 0.0 0.0 0.0 0.0 0.12500000000000355 0.8750000000000036 1.0 0.6249999999999964 0.0 
0.8750000000000027 1.0 1.0 0.8749999999999969 0.12499999999999689 0.0 0.0 0.0 0.0 0.0 0.0 0.0 0.0 0.0 0.27187499999999976 0.7593749999999945 0.9656250000000001 1.0 0.6249999999999964 0.0 
0.8750000000000027 1.0 1.0 0.8749999999999969 0.12499999999999689 0.0 0.0 0.0 0.0 0.0 0.0 0.0 0.0 0.0 0.37500000000000355 1.0 1.0 1.0 0.6249999999999964 0.0 
0.8750000000000027 1.0 1.0 0.8749999999999969 0.12499999999999689 0.0 0.0 0.0 0.0 0.0 0.0 0.0 0.0 0.0 0.37500000000000355 1.0 1.0 1.0 0.6249999999999964 0.0 
0.8750000000000027 1.0 1.0 0.8749999999999969 0.12499999999999689 0.0 0.0 0.0 0.0 0.0 0.0 0.0 0.0 0.0 0.37500000000000355 1.0 1.0 1.0 0.6249999999999964 0.0 
0.8750000000000027 1.0 1.0 0.8749999999999969 0.12499999999999689 0.0 0.0 0.0 0.0 0.0 0.0 0.0 0.0 0.0 0.37500000000000355 1.0 1.0 1.0 0.6249999999999964 0.0 
0.45937500000000636 0.8218750000000035 1.0 0.8749999999999969 0.12499999999999689 0.0 0.0 0.0 0.0 0.0 0.0 0.0 0.0 0.2968749999999981 0.6718749999999983 1.0 1.0 0.7031250000000019 0.32812500000000167 0.0 
0.0 0.6250000000000028 1.0 0.953124999999998 0.6718749999999927 0.6249999999999929 0.39062499999999334 0.0 0.0 0.0 0.0 0.07812500000000133 0.546874999999996 0.8593749999999987 1.0 0.9218749999999987 0.453125000000004 0.14062500000000133 0.0 0.0 
0.0 0.14062500000000597 0.22500000000000853 0.3218750000000099 0.9031250000000035 1.0 0.915624999999996 0.7749999999999915 0.7749999999999915 0.7749999999999915 0.7749999999999915 0.8031249999999933 0.9718749999999997 1.0 0.7093750000000004 0.19687500000000666 0.028125000000000268 0.0 0.0 0.0 
0.0 0.0 0.0 0.009375000000001476 0.06562500000000894 0.6531250000000066 1.0 1.0 1.0 1.0 1.0 1.0 1.0 0.42187500000000294 0.046875000000005954 0.0 0.0 0.0 0.0 0.0 
