0.0 0.0 0.009375000000000471 0.05812500000000233 0.4681250000000035 1.0 1.0 1.0 1.0 1.0 1.0 1.0 1.0 0.7456249999999972 0.1443749999999987 0.07500000000000284 0.05812500000000183 0.009374999999999956 0.0 0.0 
0.0 0.10687500000000161 0.32187500000000363 0.8256250000000019 1.0 0.9831249999999992 0.8368749999999975 0.7749999999999972 0.7749999999999972 0.7749999999999972 0.7749999999999972 0.7749999999999972 0.7749999999999972 0.8368749999999989 0.9831250000000007 1.0 0.8256249999999967 0.32187499999999825 0.10687500000000003 0.0 
0.0 0.4750000000000013 1.0 1.0 0.8406249999999981 0.578124999999996 0.17187499999999784 0.0 0.0 0.0 0.0 0.0 0.0 0.17187500000000172 0.5781250000000002 0.8406250000000006 1.0 1.0 0.4749999999999943 0.0 
0.4331250000000027 0.750625000000002 1.0 1.0 0.574999999999998 0.0 0.0 0.0 0.0 0.0 0.0 0.0 0.0 0.0 0.0 0.5750000000000046 1.0 1.0 0.7506249999999987 0.4331249999999989 
0.8250000000000011 1.0 1.0 1.0 0.574999999999998 0.0 0.0 0.0 0.0 0.0 0.0 0.0 0.0 0.0 0.0 0.18687500000000007 0.47687500000000144 0.9156250000000032 1.0 0.824999999999994 
0.8250000000000011 1.0 1.0 1.0 0.574999999999998 0.0 0.0 0.0 0.0 0.0 0.0 0.0 0.0 0.0 0.0 0.0 0.03937500000000023 0.15312499999999846 0.17499999999999716 0.1443749999999966 
0.8250000000000011 1.0 1.0 1.0 0.574999999999998 0.0 0.0 0.0 0.0 0.0 0.0 0.0 0.0 0.0 0.0 0.0 0.0 0.0 0.0 0.0 
0.8250000000000011 1.0 1.0 1.0 0.574999999999998 0.0 0.0 0.0 0.0 0.0 0.0 0.0 0.0 0.0 0.0 0.0 0.0 0.0 0.0 0.0 
0.8250000000000011 1.0 1.0 1.0 0.574999999999998 0.0 0.0 0.0 0.0 0.0 0.0 0.0 0.1718750000000023 0.19937500000000047 0.020624999999998988 0.15812500000000249 0.2131250000000003 0.0343749999999988 0.1443750000000027 0.2268750000000001 
0.8250000000000011 1.0 1.0 1.0 0.574999999999998 0.0 0.0 0.0 0.0 0.0 0.13812500000000238 0.41437500000000416 0.7843750000000029 0.8418749999999984 0.46812499999999985 0.7556250000000038 0.8706249999999978 0.4968749999999991 0.7268750000000044 0.824999999999994 
0.8250000000000011 1.0 1.0 1.0 0.574999999999998 0.0 0.0 0.0 0.0 0.0 0.13812500000000066 0.41437499999999894 0.42499999999999716 0.42499999999999716 0.42499999999999716 0.7556250000000014 1.0 1.0 1.0 0.824999999999994 
0.8250000000000011 1.0 1.0 1.0 0.574999999999998 0.0 0.0 0.0 0.0 0.0 0.0 0.0 0.0 0.0 0.0 0.15812500000000046 0.43812500000000254 0.9093750000000037 1.0 0.824999999999994 
0.8250000000000011 1.0 1.0 1.0 0.574999999999998 0.0 0.0 0.0 0.0 0.0 0.0 0.0 0.0 0.0 0.0 0.0 0.22500000000000497 0.8750000000000053 1.0 0.824999999999994 
0.8250000000000011 1.0 1.0 1.0 0.574999999999998 0.0 0.0 0.0 0.0 0.0 0.0 0.0 0.0 0.0 0.0 0.5750000000000046 1.0 1.0 1.0 0.824999999999994 
0.8250000000000011 1.0 1.0 1.0 0.574999999999998 0.0 0.0 0.0 0.0 0.0 0.0 0.0 0.0 0.0 0.0 0.5750000000000046 1.0 1.0 1.0 0.824999999999994 
0.8250000000000011 1.0 1.0 1.0 0.574999999999998 0.0 0.0 0.0 0.0 0.0 0.0 0.0 0.0 0.0 0.0 0.5750000000000046 1.0 1.0 1.0 0.824999999999994 
0.43312499999999937 0.7506249999999999 1.0 1.0 0.574999999999998 0.0 0.0 0.0 0.0 0.0 0.0 0.0 0.0 0.0 0.0 0.5750000000000046 1.0 1.0 0.7506249999999965 0.43312499999999565 
0.0 0.4750000000000013 1.0 1.0 0.8406249999999993 0.5781249999999984 0.17187499999999856 0.0 0.0 0.0 0.0 0.0 0.0 0.17187500000000244 0.5781250000000027 0.8406250000000017 1.0 1.0 0.4749999999999943 0.0 
0.0 0.10687499999999928 0.32187499999999936 0.8256250000000008 1.0 0.9831249999999996 0.836875000000001 0.7750000000000021 0.7750000000000021 0.7750000000000021 0.7750000000000021 0.7750000000000021 0.7750000000000021 0.8368750000000025 0.9831250000000011 1.0 0.8256249999999956 0.321874999999994 0.10687499999999771 0.0 
0.0 0.0 0.009375000000000027 0.05812499999999957 0.46812500000000146 1.0 1.0 1.0 1.0 1.0 1.0 1.0 1.0 0.7456249999999962 0.1443749999999954 0.07499999999999929 0.05812499999999907 0.009374999999999512 0.0 0.0 
