0.0 0.0 0.0 0.0 0.08124999999999895 0.12499999999999822 0.1687499999999997 0.7812500000000011 1.0 1.0 1.0 1.0 1.0 1.0 0.4312499999999954 0.12499999999999822 0.11874999999999777 0.03124999999999889 0.0 0.0 
0.0 0.0 0.09374999999999964 0.35624999999999857 0.7812499999999999 1.0 1.0 1.0 1.0 1.0 1.0 1.0 1.0 1.0 1.0 1.0 0.9687499999999972 0.5312499999999953 0.2062499999999973 0.0 
0.0 0.343749999999999 0.7187499999999988 0.9812500000000002 1.0 1.0 0.9687499999999991 0.5312500000000002 0.3750000000000018 0.3750000000000018 0.3750000000000018 0.3750000000000018 0.3750000000000018 0.3750000000000018 0.3750000000000018 0.5937500000000031 1.0 1.0 0.8312499999999975 0.5312499999999949 
0.0 0.5499999999999999 1.0 1.0 1.0 0.6937499999999998 0.1187500000000015 0.03125000000000022 0.0 0.0 0.0 0.0 0.0 0.0 0.0 0.3500000000000032 1.0 1.0 1.0 0.8499999999999943 
0.8499999999999996 1.0 1.0 1.0 0.3499999999999992 0.0 0.0 0.0 0.0 0.0 0.0 0.0 0.0 0.0 0.0 0.0 0.05000000000000426 0.7500000000000053 1.0 0.8499999999999943 
0.8499999999999996 1.0 1.0 1.0 0.3499999999999992 0.0 0.0 0.0 0.0 0.0 0.0 0.0 0.0 0.0 0.0 0.0 0.05000000000000426 0.7500000000000053 1.0 0.8499999999999943 
0.8499999999999996 1.0 1.0 1.0 0.3499999999999992 0.0 0.0 0.0 0.0 0.0 0.0 0.0 0.0 0.0 0.0 0.0 0.05000000000000426 0.7500000000000053 1.0 0.8499999999999943 
0.8499999999999996 1.0 1.0 1.0 0.9187499999999987 0.568749999999998 0.0 0.0 0.0 0.0 0.0 0.0 0.0 0.0 0.0 0.3062500000000022 0.8812499999999989 0.9687500000000002 1.0 0.8499999999999943 
0.0 0.5499999999999999 1.0 1.0 1.0 0.6937499999999985 0.11874999999999811 0.031249999999999334 0.0 0.0 0.0 0.0 0.0 0.0 0.08124999999999934 0.43125000000000163 1.0 1.0 1.0 0.8499999999999943 
0.0 0.34375000000000094 0.7187500000000014 0.9812500000000004 1.0 1.0 0.9687499999999989 0.5312499999999976 0.3749999999999982 0.3749999999999982 0.3749999999999982 0.3749999999999982 0.3749999999999982 0.3749999999999982 0.7812500000000018 1.0 1.0 1.0 1.0 0.8499999999999943 
0.0 0.0 0.09375000000000053 0.3562500000000019 0.7812500000000011 1.0 1.0 1.0 1.0 1.0 1.0 1.0 1.0 1.0 0.5937499999999987 0.5937500000000031 1.0 1.0 1.0 0.8499999999999943 
0.0 0.0 0.0 0.0 0.08125000000000125 0.12500000000000178 0.12500000000000178 0.12500000000000178 0.12500000000000178 0.12500000000000178 0.12500000000000178 0.12500000000000178 0.12500000000000178 0.12500000000000178 0.043750000000000136 0.3500000000000032 1.0 1.0 1.0 0.8499999999999943 
0.0 0.0 0.0 0.0 0.0 0.0 0.0 0.0 0.0 0.0 0.0 0.0 0.0 0.0 0.0 0.3500000000000032 1.0 1.0 1.0 0.8499999999999943 
0.0 0.0 0.0 0.0 0.0 0.0 0.0 0.0 0.0 0.0 0.0 0.0 0.0 0.0 0.0 0.3500000000000032 1.0 1.0 1.0 0.8499999999999943 
0.5312499999999998 0.625 0.625 0.625 0.2187499999999995 0.0 0.0 0.0 0.0 0.0 0.0 0.0 0.0 0.0 0.0 0.3500000000000032 1.0 1.0 1.0 0.8499999999999943 
0.8499999999999996 1.0 1.0 1.0 0.3499999999999992 0.0 0.0 0.0 0.0 0.0 0.0 0.0 0.0 0.0 0.0 0.3500000000000032 1.0 1.0 1.0 0.8499999999999943 
0.7437499999999997 0.94375 1.0 1.0 1.0 0.649999999999999 0.0 0.0 0.0 0.0 0.0 0.0 0.0 0.0 0.08125000000000049 0.4312500000000028 1.0 1.0 0.9437499999999994 0.743749999999995 
0.0 0.5499999999999999 1.0 1.0 1.0 0.7812499999999993 0.375 0.375 0.375 0.375 0.375 0.375 0.375 0.375 0.7812500000000024 1.0 0.9812499999999984 0.718749999999998 0.3437499999999971 0.0 
0.0 0.20625 0.5312500000000001 0.9687500000000004 1.0 1.0 1.0 1.0 1.0 1.0 1.0 1.0 1.0 1.0 1.0 0.781249999999998 0.3562499999999984 0.093749999999998 0.0 0.0 
0.0 0.0 0.03125000000000003 0.11875000000000008 0.125 0.43125000000000085 1.0 1.0 1.0 1.0 1.0 1.0 0.7812499999999969 0.1687499999999975 0.125 0.0812499999999996 0.0 0.0 0.0 0.0 
