0.7799999999999991 0.9749999999999996 0.9749999999999996 0.9749999999999996 0.9749999999999996 0.9749999999999996 0.9749999999999996 0.9749999999999996 0.9749999999999996 0.9749999999999996 0.9749999999999996 0.9749999999999996 0.9749999999999996 0.9749999999999996 0.9749999999999996 0.9749999999999996 0.9749999999999996 0.9749999999999996 0.9749999999999996 0.7800000000000004 
0.7999999999999994 1.0 1.0 1.0 1.0 1.0 1.0 1.0 1.0 1.0 1.0 1.0 1.0 1.0 1.0 1.0 1.0 1.0 1.0 0.8000000000000007 
0.10000000000000028 0.12500000000000044 0.12500000000000044 0.12500000000000044 0.12500000000000044 0.12500000000000044 0.12500000000000044 0.12500000000000044 0.12500000000000044 0.12500000000000044 0.12500000000000044 0.12500000000000044 0.12500000000000044 0.6499999999999999 1.0 1.0 1.0 1.0 1.0 0.8000000000000007 
0.0 0.0 0.0 0.0 0.0 0.0 0.0 0.0 0.0 0.0 0.0 0.0 0.0 0.5999999999999996 1.0 1.0 1.0 1.0 1.0 0.8000000000000007 
0.0 0.0 0.0 0.0 0.0 0.0 0.0 0.0 0.0 0.0 0.0 0.0 0.0 0.5999999999999996 1.0 1.0 1.0 1.0 0.5350000000000019 0.18000000000000058 
0.0 0.0 0.0 0.0 0.0 0.0 0.0 0.0 0.0 0.0 0.0 0.2899999999999988 0.7249999999999983 0.8899999999999998 1.0 1.0 0.7100000000000012 0.27500000000000163 0.11000000000000072 0.0 
0.0 0.0 0.0 0.0 0.0 0.0 0.0 0.0 0.0 0.0 0.0 0.3999999999999986 0.9999999999999982 1.0 1.0 1.0 0.6000000000000014 1.7763568394002505e-15 0.0 0.0 
0.0 0.0 0.0 0.0 0.0 0.0 0.0 0.0 0.0 0.12499999999999938 0.4999999999999986 0.7749999999999989 0.9999999999999993 1.0 0.8750000000000007 0.5000000000000013 0.22500000000000106 6.661338147750955e-16 0.0 0.0 
0.0 0.0 0.0 0.0 0.0 0.0 0.0 0.0 0.0 0.1999999999999993 0.7999999999999989 1.0 1.0 1.0 0.8000000000000007 0.20000000000000107 0.0 0.0 0.0 0.0 
0.0 0.0 0.0 0.0 0.0 0.0 0.0 0.0 0.0 0.1999999999999993 0.7999999999999989 1.0 1.0 1.0 0.8000000000000007 0.20000000000000107 0.0 0.0 0.0 0.0 
0.0 0.0 0.0 0.0 0.0 0.0 0.0 0.0 0.28499999999999964 0.5799999999999994 0.8949999999999994 1.0 1.0 0.7150000000000004 0.42000000000000065 0.10500000000000063 0.0 0.0 0.0 0.0 
0.0 0.0 0.0 0.0 0.0 0.0 0.0 0.0 0.5999999999999996 1.0 1.0 0.830000000000001 0.5750000000000018 0.23000000000000062 0.0 0.0 0.0 0.0 0.0 0.0 
0.0 0.0 0.0 0.0 0.0 0.0 0.1499999999999989 0.37499999999999806 0.7499999999999991 1.0 1.0 0.6000000000000014 1.7763568394002505e-15 0.0 0.0 0.0 0.0 0.0 0.0 0.0 
0.0 0.0 0.0 0.0 0.0 0.0 0.399999999999999 0.9999999999999996 1.0 1.0 1.0 0.6000000000000014 1.7763568394002505e-15 0.0 0.0 0.0 0.0 0.0 0.0 0.0 
0.0 0.0 0.0 0.0 0.05499999999999952 0.2199999999999987 0.5649999999999984 0.9999999999999997 1.0 0.9450000000000005 0.7800000000000015 0.4350000000000019 1.2878587085651841e-15 0.0 0.0 0.0 0.0 0.0 0.0 0.0 
0.0 0.0 0.0 0.0 0.1999999999999993 0.7999999999999994 1.0 1.0 1.0 0.8000000000000007 0.20000000000000107 0.0 0.0 0.0 0.0 0.0 0.0 0.0 0.0 0.0 
0.0 0.0 0.0 0.10499999999999922 0.3399999999999985 0.8349999999999993 1.0 1.0 0.8950000000000007 0.6600000000000015 0.1650000000000011 0.0 0.0 0.0 0.0 0.0 0.0 0.0 0.0 0.0 
0.0 0.0 0.0 0.5999999999999992 1.0 1.0 1.0 1.0 0.40000000000000036 0.0 0.0 0.0 0.0 0.0 0.0 0.0 0.0 0.0 0.0 0.0 
0.0 0.0 0.0 0.5999999999999992 1.0 1.0 1.0 1.0 0.40000000000000036 0.0 0.0 0.0 0.0 0.0 0.0 0.0 0.0 0.0 0.0 0.0 
0.0 0.0 0.0 0.5850000000000001 0.9750000000000014 0.9750000000000014 0.9750000000000014 0.9750000000000014 0.3900000000000009 0.0 0.0 0.0 0.0 0.0 0.0 0.0 0.0 0.0 0.0 0.0 
