0.0 0.0 0.0 0.584999999999999 0.9749999999999996 0.9749999999999996 0.9749999999999996 0.9749999999999996 0.9749999999999996 0.9749999999999996 0.9749999999999996 0.9749999999999996 0.9749999999999996 0.9749999999999996 0.7800000000000004 0.19500000000000098 0.0 0.0 0.0 0.0 
0.0 0.0 0.0 0.5999999999999992 1.0 1.0 1.0 1.0 1.0 1.0 1.0 1.0 1.0 1.0 0.985 0.9399999999999997 0.555000000000001 1.643130076445231e-15 0.0 0.0 
0.0 0.34999999999999926 0.874999999999999 0.9499999999999997 1.0 1.0 0.650000000000001 0.12500000000000083 0.12500000000000044 0.12500000000000044 0.12500000000000044 0.47499999999999903 0.9999999999999984 1.0 1.0 1.0 0.95 0.8749999999999998 0.3500000000000017 0.0 
0.0 0.39999999999999936 0.9999999999999993 1.0 0.8350000000000007 0.3400000000000011 0.10500000000000059 7.771561172376127e-17 0.0 0.0 0.0 0.07000000000000003 0.1750000000000004 0.1750000000000007 0.33999999999999997 0.8349999999999993 1.0 1.0 0.40000000000000213 0.0 
0.6199999999999991 0.8649999999999995 0.9999999999999999 1.0 0.8000000000000007 0.20000000000000062 0.0 0.0 0.0 0.0 0.0 0.0 0.0 0.0 0.1999999999999993 0.7999999999999989 1.0 1.0 0.40000000000000213 0.0 
0.2200000000000001 0.27500000000000036 0.27500000000000036 0.27500000000000036 0.22000000000000047 0.05500000000000024 0.0 0.0 0.0 0.0 0.0 0.0 0.0 0.0 0.1999999999999993 0.7999999999999989 1.0 1.0 0.40000000000000213 0.0 
0.0 0.0 0.0 0.0 0.0 0.0 0.0 0.0 0.0 0.0 0.0 0.0 0.0 0.40499999999999914 0.7399999999999989 0.9349999999999994 1.0 1.0 0.40000000000000213 0.0 
0.0 0.0 0.0 0.0 0.0 0.0 0.0 0.0 0.0 0.0 0.0 0.24999999999999875 0.624999999999998 0.8499999999999995 1.0 1.0 0.7500000000000012 0.375000000000002 0.15000000000000116 0.0 
0.0 0.0 0.0 0.0 0.0 0.0 0.0 0.0 0.0 0.0 0.0 0.3999999999999986 0.9999999999999982 1.0 1.0 1.0 0.6000000000000014 1.7763568394002505e-15 0.0 0.0 
0.0 0.0 0.0 0.0 0.0 0.0 0.0 0.0 0.0 0.10499999999999934 0.4199999999999983 0.7149999999999985 0.9999999999999991 1.0 0.8950000000000007 0.5800000000000017 0.28500000000000153 8.437694987151215e-16 0.0 0.0 
0.0 0.0 0.0 0.0 0.0 0.0 0.0 0.0 0.28499999999999964 0.5799999999999994 0.8949999999999994 1.0 1.0 0.7150000000000004 0.42000000000000065 0.10500000000000063 0.0 0.0 0.0 0.0 
0.0 0.0 0.0 0.0 0.0 0.0 0.0 0.0 0.5999999999999996 1.0 1.0 1.0 1.0 0.40000000000000036 0.0 0.0 0.0 0.0 0.0 0.0 
0.0 0.0 0.0 0.0 0.0 0.0 0.1499999999999989 0.37499999999999806 0.7499999999999991 1.0 1.0 0.8500000000000012 0.6250000000000024 0.25000000000000094 0.0 0.0 0.0 0.0 0.0 0.0 
0.0 0.0 0.0 0.0 0.06499999999999963 0.25999999999999923 0.5949999999999989 0.9999999999999997 1.0 1.0 1.0 0.6000000000000014 1.7763568394002505e-15 0.0 0.0 0.0 0.0 0.0 0.0 0.0 
0.0 0.0 0.0 0.16499999999999893 0.4199999999999984 0.8549999999999993 1.0 1.0 1.0 0.9450000000000005 0.7800000000000015 0.4350000000000019 1.2878587085651841e-15 0.0 0.0 0.0 0.0 0.0 0.0 0.0 
0.0 0.0 0.0 0.5999999999999992 1.0 1.0 1.0 1.0 0.8650000000000003 0.6200000000000009 0.1550000000000009 0.0 0.0 0.0 0.0 0.0 0.0 0.0 0.0 0.0 
0.0 0.06999999999999947 0.17499999999999882 0.6699999999999989 1.0 1.0 1.0 1.0 0.40000000000000036 0.0 0.0 0.0 0.0 0.0 0.0 0.0 0.0 0.0 0.0 0.0 
0.0 0.39999999999999936 0.9999999999999993 1.0 1.0 1.0 1.0 1.0 0.4750000000000003 0.125 0.125 0.125 0.125 0.125 0.125 0.125 0.125 0.125 0.125 0.10000000000000009 
0.0 0.39999999999999936 0.9999999999999993 1.0 1.0 1.0 1.0 1.0 1.0 1.0 1.0 1.0 1.0 1.0 1.0 1.0 1.0 1.0 1.0 0.8000000000000007 
0.0 0.38999999999999996 0.9750000000000008 0.9750000000000014 0.9750000000000014 0.9750000000000014 0.9750000000000014 0.9750000000000014 0.9750000000000014 0.9750000000000014 0.9750000000000014 0.9750000000000014 0.9750000000000014 0.9750000000000014 0.9750000000000014 0.9750000000000014 0.9750000000000014 0.9750000000000014 0.9750000000000014 0.7800000000000018 
