0.0 0.0 0.0 0.0 0.0 0.12500000000000408 0.2000000000000064 0.3000000000000063 0.9000000000000015 1.0 1.0 0.8999999999999994 0.30000000000000415 0.2000000000000064 0.2000000000000064 0.17500000000000523 0.025000000000000445 0.0 0.0 0.0 
0.0 0.0 0.0 0.07500000000000102 0.5250000000000056 0.8500000000000024 1.0 1.0 1.0 1.0 1.0 1.0 1.0 1.0 1.0 0.9500000000000001 0.6500000000000046 0.22500000000000123 0.0 0.0 
0.0 3.6082248300317595e-15 0.37500000000000383 1.0 1.0 1.0 0.9999999999999978 0.9999999999999942 0.9999999999999942 0.37499999999999695 0.0 0.12500000000000105 0.8749999999999967 0.9999999999999942 0.9999999999999964 1.0 1.0 1.0 0.6249999999999982 0.0 
0.0 0.6250000000000001 1.0 1.0 1.0 0.7499999999999962 0.3749999999999959 0.0 0.0 0.0 0.0 0.0 0.0 0.0 0.3750000000000018 1.0 1.0 1.0 0.775000000000001 0.35000000000000425 
0.0 0.6250000000000001 1.0 1.0 1.0 0.37499999999999956 0.0 0.0 0.0 0.0 0.0 0.0 0.0 0.0 0.07499999999999843 0.29999999999999694 0.9000000000000008 1.0 1.0 0.8749999999999982 
0.0 0.6250000000000001 1.0 1.0 1.0 0.37499999999999956 0.0 0.0 0.0 0.0 0.0 0.0 0.0 0.0 0.0 0.12500000000000178 0.8750000000000018 1.0 1.0 0.8749999999999982 
0.0 0.6250000000000001 1.0 1.0 1.0 0.37499999999999956 0.0 0.0 0.0 0.0 0.0 0.0 0.0 0.0 0.0 0.12500000000000178 0.8750000000000018 1.0 1.0 0.8749999999999982 
0.0 0.6250000000000001 1.0 1.0 1.0 0.37499999999999956 0.0 0.0 0.0 0.0 0.0 0.0 0.0 0.0 0.0 0.12500000000000178 0.8750000000000018 1.0 1.0 0.8749999999999982 
0.0 0.6250000000000001 1.0 1.0 1.0 0.37499999999999956 0.0 0.0 0.0 0.0 0.0 0.0 0.0 0.0 0.0 0.12500000000000178 0.8750000000000018 1.0 1.0 0.8749999999999982 
0.0 0.6250000000000001 1.0 1.0 1.0 0.37499999999999956 0.0 0.0 0.0 0.0 0.0 0.0 0.0 0.0 0.0 0.12500000000000178 0.8750000000000018 1.0 1.0 0.8749999999999982 
0.0 0.6250000000000001 1.0 1.0 1.0 0.37499999999999956 0.0 0.0 0.0 0.0 0.0 0.0 0.0 0.0 0.0 0.12500000000000178 0.8750000000000018 1.0 1.0 0.8749999999999982 
0.0 0.6250000000000001 1.0 1.0 1.0 0.37499999999999956 0.0 0.0 0.0 0.0 0.0 0.0 0.0 0.0 0.0 0.12500000000000178 0.8750000000000018 1.0 1.0 0.8749999999999982 
0.8749999999999969 0.9999999999999987 1.0 1.0 1.0 0.37499999999999956 0.0 0.0 0.0 0.0 0.0 0.0 0.0 0.0 0.0 0.12500000000000178 0.8750000000000018 1.0 1.0 0.8749999999999982 
0.35000000000000187 0.7750000000000008 1.0 1.0 1.0 0.37499999999999956 0.0 0.0 0.0 0.0 0.0 0.0 0.0 0.0 0.0 0.12500000000000178 0.8750000000000018 1.0 1.0 0.8749999999999982 
0.875 1.0 1.0 1.0 1.0 0.37499999999999956 0.0 0.0 0.0 0.0 0.0 0.0 0.0 0.0 0.0 0.12500000000000178 0.8750000000000018 1.0 1.0 0.8749999999999982 
0.6999999999999975 0.9249999999999989 1.0 1.0 1.0 0.37499999999999956 0.0 0.0 0.0 0.0 0.0 0.0 0.0 0.0 0.07500000000000143 0.30000000000000393 0.9000000000000018 1.0 1.0 0.8749999999999982 
0.0 0.6250000000000001 1.0 1.0 1.0 0.37499999999999956 0.0 0.0 0.0 0.0 0.0 0.0 0.0 0.0 0.3750000000000018 1.0 1.0 1.0 0.7749999999999984 0.34999999999999803 
0.0 0.6250000000000001 1.0 1.0 1.0 1.0 0.6249999999999991 0.0 0.0 0.0 0.0 0.0 0.0 0.6250000000000018 1.0 1.0 1.0 1.0 0.6249999999999982 0.0 
0.0 0.0 0.22499999999999934 0.6499999999999984 0.95 1.0 1.0 1.0 1.0 1.0 1.0 1.0 1.0 1.0 1.0 0.9499999999999991 0.6499999999999975 0.22499999999999815 0.0 0.0 
0.0 0.0 0.0 0.025 0.17499999999999946 0.1999999999999993 0.5000000000000002 1.0 1.0 1.0 1.0 1.0 1.0 1.0 0.6999999999999983 0.17499999999999902 0.024999999999999557 0.0 0.0 0.0 
