0.0 0.0 0.0 0.021874999999999877 0.15312499999999774 0.17499999999999716 0.48437499999999895 1.0 1.0 1.0 1.0 1.0 1.0 1.0 1.0 0.8968749999999996 0.2781249999999975 0.06562499999999893 0.0 0.0 
0.0 0.0 0.19687500000000002 0.5843749999999988 0.9406250000000004 1.0 1.0 1.0 1.0 1.0 1.0 1.0 1.0 1.0 1.0 1.0 1.0 0.7031249999999987 0.32812499999999867 0.0 
0.0 0.0 0.37500000000000155 1.0 1.0 1.0 1.0 0.8906249999999994 0.2343750000000004 0.12500000000000133 0.12500000000000133 0.12500000000000133 0.12500000000000133 0.6718750000000004 1.0 1.0 1.0 1.0 0.9531249999999996 0.7656249999999989 
0.0 0.6250000000000017 1.0 1.0 1.0 0.8593749999999999 0.48437499999999956 0.0 0.0 0.0 0.0 0.0 0.0 0.0 0.29062500000000013 0.8031250000000003 0.971875 1.0 1.0 0.875 
0.0 0.6250000000000017 1.0 1.0 1.0 0.37499999999999867 0.0 0.0 0.0 0.0 0.0 0.0 0.0 0.0 0.0 0.125 0.875 1.0 1.0 0.875 
0.0 0.6250000000000017 1.0 1.0 1.0 0.37499999999999867 0.0 0.0 0.0 0.0 0.0 0.0 0.0 0.0 0.0 0.009374999999999911 0.06562499999999938 0.07499999999999929 0.07499999999999929 0.06562499999999938 
0.0 0.6250000000000017 1.0 1.0 1.0 0.37499999999999867 0.0 0.0 0.0 0.0 0.0 0.0 0.0 0.0 0.0 0.0 0.0 0.0 0.0 0.0 
0.0 0.6250000000000017 1.0 1.0 1.0 0.37499999999999867 0.0 0.0 0.0 0.0 0.0 0.0 0.0 0.0 0.0 0.0 0.0 0.0 0.0 0.0 
0.0 0.6250000000000017 1.0 1.0 1.0 0.37499999999999867 0.0 0.12187500000000126 0.8531250000000037 0.9750000000000032 0.9750000000000032 0.9750000000000032 0.9750000000000032 0.3656250000000012 0.0 0.0 0.0 0.0 0.0 0.0 
0.8750000000000018 1.0 1.0 1.0 1.0 1.0 1.0 1.0 1.0 1.0 1.0 1.0 1.0 1.0 1.0 0.9156250000000006 0.40937500000000404 0.12187500000000173 0.0 0.0 
0.8750000000000018 1.0 1.0 1.0 1.0 1.0 1.0 0.9156249999999989 0.40937499999999566 0.32499999999999574 0.32499999999999574 0.40937499999999627 0.9156249999999995 1.0 1.0 1.0 1.0 0.7968750000000027 0.42187500000000266 0.0 
0.8750000000000018 1.0 1.0 1.0 1.0 0.9843749999999964 0.6093749999999956 0.0 0.0 0.0 0.0 0.0 0.0 0.0 0.375 1.0 1.0 1.0 1.0 0.875 
0.8750000000000018 1.0 1.0 1.0 1.0 0.37499999999999867 0.0 0.0 0.0 0.0 0.0 0.0 0.0 0.0 0.23437499999999734 0.6718749999999938 0.9531249999999991 1.0 1.0 0.875 
0.8750000000000018 1.0 1.0 1.0 1.0 0.37499999999999867 0.0 0.0 0.0 0.0 0.0 0.0 0.0 0.0 0.0 0.125 0.875 1.0 1.0 0.875 
0.8750000000000018 1.0 1.0 1.0 1.0 0.37499999999999867 0.0 0.0 0.0 0.0 0.0 0.0 0.0 0.0 0.0 0.125 0.875 1.0 1.0 0.875 
0.8750000000000018 1.0 1.0 1.0 1.0 0.37499999999999867 0.0 0.0 0.0 0.0 0.0 0.0 0.0 0.0 0.15937500000000293 0.49687500000000684 0.928125000000001 1.0 1.0 0.875 
0.1968749999999923 0.7093749999999979 1.0 1.0 1.0 0.37499999999999867 0.0 0.0 0.0 0.0 0.0 0.0 0.0 0.0 0.375 1.0 1.0 1.0 1.0 0.875 
0.0 0.5468749999999948 0.9218749999999936 1.0 1.0 1.0 0.6718750000000032 0.12500000000001066 0.12500000000001066 0.12500000000001066 0.12500000000001066 0.12500000000001066 0.12500000000001066 0.671875000000004 1.0 1.0 1.0 0.9218749999999933 0.5468749999999933 0.0 
0.0 0.0 0.19687499999999628 0.5843749999999901 0.9406249999999992 1.0 1.0 1.0 1.0 1.0 1.0 1.0 1.0 1.0 1.0 1.0 1.0 0.375 0.0 0.0 
0.0 0.0 0.0 0.02187499999999899 0.15312499999999152 0.6906249999999974 1.0 1.0 1.0 1.0 1.0 1.0 1.0 1.0 0.6906249999999963 0.17499999999999005 0.17499999999999005 0.06562499999999627 0.0 0.0 
