0.0 0.0 0.0 0.0 0.0 0.0 0.0 0.0 0.3000000000000025 1.0 1.0 1.0 0.5874999999999975 0.12250000000000007 0.0 0.0 0.0 0.0 0.0 0.0 
0.0 0.0 0.0 0.0 0.0 0.0 0.0 0.2625000000000019 0.6675000000000019 1.0 1.0 1.0 1.0 0.6999999999999975 0.0 0.0 0.0 0.0 0.0 0.0 
0.0 0.0 0.0 0.0 0.0 0.0 0.0 0.5000000000000027 1.0 1.0 1.0 1.0 1.0 0.6999999999999975 0.0 0.0 0.0 0.0 0.0 0.0 
0.0 0.0 0.0 0.0 0.0 0.0 0.0 0.5000000000000027 1.0 1.0 1.0 1.0 1.0 0.6999999999999975 0.0 0.0 0.0 0.0 0.0 0.0 
0.0 0.0 0.0 0.0 0.0 0.0 0.402500000000003 0.7875000000000021 1.0 1.0 1.0 1.0 1.0 0.8724999999999996 0.5175 0.05749999999999897 0.0 0.0 0.0 0.0 
0.0 0.0 0.0 0.0 0.0 0.0 0.7000000000000028 1.0 1.0 1.0 1.0 1.0 1.0 1.0 0.8999999999999968 0.09999999999999787 0.0 0.0 0.0 0.0 
0.0 0.0 0.0 0.0 0.0 0.0 0.7000000000000028 1.0 1.0 1.0 1.0 1.0 1.0 1.0 0.8999999999999968 0.09999999999999787 0.0 0.0 0.0 0.0 
0.0 0.0 0.0 0.0 0.0625000000000018 0.5625000000000046 0.8875000000000022 1.0 1.0 0.9374999999999982 0.43749999999999545 0.8125000000000007 1.0 1.0 0.8999999999999968 0.09999999999999787 0.0 0.0 0.0 0.0 
0.0 0.0 0.0 0.0 0.10000000000000231 0.9000000000000021 1.0 1.0 1.0 0.8999999999999977 0.09999999999999787 0.7000000000000028 1.0 1.0 0.9975000000000003 0.9775000000000028 0.2924999999999982 0.0 0.0 0.0 
0.0 0.0 0.0 0.0 0.10000000000000231 0.9000000000000021 1.0 1.0 0.6999999999999975 0.0 0.0 0.0 0.5000000000000036 1.0 1.0 1.0 0.29999999999999716 0.0 0.0 0.0 
0.0 0.0 0.0 0.20250000000000296 0.7075000000000046 0.9675000000000011 1.0 1.0 0.6999999999999975 0.0 0.0 0.0 0.5000000000000036 1.0 1.0 1.0 0.29999999999999716 0.0 0.0 0.0 
0.0 0.0 0.0 0.3000000000000025 1.0 1.0 1.0 0.9874999999999979 0.6824999999999949 0.0 0.0 0.0 0.5000000000000036 1.0 1.0 1.0 1.0 0.49999999999999645 0.0 0.0 
0.0 0.0 0.0 0.3000000000000025 1.0 1.0 1.0 0.49999999999999734 0.0 0.0 0.0 0.0 0.31250000000000044 0.7374999999999985 1.0 1.0 1.0 0.49999999999999645 0.0 0.0 
0.0 0.0 0.3625000000000041 0.8075000000000041 1.0 1.0 1.0 0.49999999999999734 0.0 0.0 0.0 0.0 0.0 0.3000000000000025 1.0 1.0 1.0 0.49999999999999645 0.0 0.0 
0.0 0.0 0.5000000000000022 1.0 1.0 1.0 1.0 0.49999999999999734 0.0 0.0 0.0 0.0 0.0 0.3000000000000025 1.0 1.0 1.0 0.5374999999999999 0.05250000000000429 0.0 
0.0 0.0 0.5000000000000022 1.0 1.0 1.0 1.0 0.7125000000000006 0.42500000000000426 0.42500000000000426 0.42500000000000426 0.42500000000000426 0.42500000000000426 0.5975000000000044 1.0 1.0 1.0 1.0 0.6999999999999975 0.0 
0.0 0.5425000000000056 0.8875000000000033 1.0 1.0 1.0 1.0 1.0 1.0 1.0 1.0 1.0 1.0 1.0 1.0 1.0 1.0 1.0 0.6999999999999975 0.0 
0.0 0.7000000000000022 1.0 1.0 0.987499999999999 0.8874999999999933 0.8749999999999929 0.8749999999999929 0.8749999999999929 0.8749999999999929 0.8749999999999929 0.8749999999999929 0.8749999999999929 0.8749999999999929 0.887499999999994 0.9874999999999996 1.0 1.0 0.6999999999999975 0.0 
0.0 0.7000000000000022 1.0 1.0 0.8999999999999977 0.09999999999999787 0.0 0.0 0.0 0.0 0.0 0.0 0.0 0.0 0.1000000000000032 0.9000000000000021 1.0 1.0 0.8425000000000002 0.42750000000000293 
0.7425000000000075 0.9475000000000023 1.0 1.0 0.8999999999999977 0.09999999999999787 0.0 0.0 0.0 0.0 0.0 0.0 0.0 0.0 0.1000000000000032 0.9000000000000021 1.0 1.0 1.0 0.8999999999999968 
