0.189999999999999 0.8799999999999988 1.0 1.0 1.0 1.0 1.0 1.0 1.0 1.0 1.0 1.0 1.0 1.0 1.0 1.0 1.0 1.0 0.8499999999999979 0.0 
0.9499999999999984 1.0 1.0 1.0 1.0 1.0 1.0 1.0 1.0 1.0 1.0 1.0 1.0 1.0 1.0 1.0 1.0 1.0 0.9399999999999991 0.5699999999999968 
4.218847493575588e-16 0.8499999999999988 1.0 1.0 1.0 1.0 1.0 1.0 1.0 1.0 1.0 1.0 1.0 1.0 1.0 1.0 1.0 1.0 0.849999999999998 4.218847493575576e-16 
0.0 0.0 0.0 0.0 0.0 0.0 0.0 0.0 0.0 0.0 0.0 0.0 0.75 1.0 1.0 1.0 1.0 0.7499999999999964 0.0 0.0 
0.0 0.0 0.0 0.0 0.0 0.0 0.0 0.0 0.0 0.0 0.0 0.6800000000000009 0.95 1.0 1.0 1.0 0.719999999999999 0.1499999999999994 0.0 0.0 
0.0 0.0 0.0 0.0 0.0 0.0 0.0 0.0 0.0 0.010000000000000151 0.19000000000000003 0.8800000000000011 1.0 1.0 1.0 0.9099999999999994 0.5199999999999988 0.0 0.0 0.0 
0.0 0.0 0.44999999999999907 0.21000000000000046 0.0 0.0 0.0 0.0 0.0 0.05000000000000071 0.9499999999999993 1.0 1.0 1.0 0.6699999999999997 0.21999999999999906 0.0 0.0 0.0 0.0 
0.0 0.0 0.0 0.0 0.0 0.0 0.0 0.0 0.15000000000000036 1.0 1.0 1.0 1.0 1.0 0.4499999999999993 0.0 0.0 0.0 0.0 0.0 
0.0 0.0 0.0 0.0 0.0 0.0 0.0 0.25 1.0 1.0 1.0 1.0 1.0 0.7399999999999989 0.2699999999999994 0.0 0.0 0.0 0.0 0.0 
0.0 0.0 0.5999999999999996 0.280000000000001 0.0 0.0 0.27999999999999997 0.8500000000000005 1.0 1.0 1.0 1.0 0.39999999999999947 0.06999999999999933 0.0 0.0 0.0 0.0 0.0 0.0 
0.0 0.0 0.0 0.0 0.0 0.09000000000000034 0.4800000000000004 1.0 1.0 1.0 1.0 1.0 0.25 0.0 0.0 0.0 0.0 0.0 0.0 0.0 
0.0 0.0 0.0 0.0 0.0 0.4499999999999993 1.0 1.0 1.0 1.0 1.0 0.48999999999999794 0.09999999999999964 0.0 0.0 0.0 0.0 0.0 0.0 0.0 
0.0 0.0 0.0 0.0 0.5499999999999994 1.0 1.0 1.0 1.0 0.9499999999999993 0.05000000000000071 0.0 0.0 0.0 0.0 0.0 0.0 0.0 0.0 0.0 
0.0 0.0 0.0 0.649999999999999 1.0 1.0 1.0 1.0 0.8499999999999996 0.0 0.0 0.0 0.0 0.0 0.0 0.0 0.0 0.0 0.0 0.0 
0.0 0.0 0.5999999999999996 0.93 1.0 1.0 1.0 0.7999999999999998 0.16999999999999932 0.0 0.0 0.0 0.0 0.0 0.0 0.0 0.0 0.0 0.0 0.0 
0.0 0.17000000000000215 0.7999999999999998 1.0 1.0 1.0 0.929999999999999 0.5999999999999979 0.0 0.0 0.0 0.0 0.0 0.0 0.0 0.0 0.0 0.0 0.0 0.0 
0.0 0.8499999999999985 1.0 1.0 1.0 1.0 0.6500000000000004 0.0 0.0 0.0 0.0 0.0 0.0 0.0 0.0 0.0 0.0 0.0 0.0 0.0 
0.9499999999999984 1.0 1.0 1.0 1.0 1.0 1.0 1.0 1.0 1.0 1.0 1.0 1.0 1.0 1.0 1.0 1.0 1.0 0.8499999999999979 0.0 
0.9499999999999984 1.0 1.0 1.0 1.0 1.0 1.0 1.0 1.0 1.0 1.0 1.0 1.0 1.0 1.0 1.0 1.0 1.0 0.8499999999999979 0.0 
0.9499999999999984 0.3200000000000005 0.1999999999999993 0.1999999999999993 0.1999999999999993 0.1999999999999993 0.1999999999999993 0.1999999999999993 0.1999999999999993 0.1999999999999993 0.1999999999999993 0.1999999999999993 0.1999999999999993 0.1999999999999993 0.1999999999999993 0.1999999999999993 0.1999999999999993 0.1999999999999993 0.16999999999999896 0.0 
