0.0 0.0 0.0 0.0 0.10999999999999949 0.1999999999999993 0.47999999999999926 1.0 1.0 1.0 1.0 1.0 0.39999999999999947 0.1999999999999993 0.08999999999999954 0.0 0.0 0.0 0.0 0.0 
0.0 0.0 0.4499999999999989 0.5999999999999994 0.8199999999999995 1.0 1.0 1.0 1.0 1.0 1.0 1.0 1.0 1.0 0.7799999999999994 0.5999999999999994 0.3899999999999988 0.0 0.0 0.0 
0.0 0.0 0.7499999999999989 1.0 1.0 1.0 1.0 1.0 1.0 1.0 1.0 1.0 1.0 1.0 1.0 1.0 0.9999999999999999 0.7499999999999961 0.0 0.0 
0.0 0.8499999999999988 1.0 1.0 1.0 1.0 0.8600000000000003 0.4500000000000004 0.0 0.0 0.0 0.5100000000000013 0.9000000000000001 1.0 1.0 1.0 1.0 0.7499999999999964 0.0 0.0 
0.7599999999999986 0.9699999999999998 1.0 1.0 0.5600000000000006 0.20000000000000018 0.1300000000000002 0.0 0.0 0.0 0.0 0.0 0.15000000000000013 0.7200000000000017 1.0 1.0 1.0 0.9499999999999993 0.6799999999999982 0.0 
0.9499999999999984 1.0 1.0 1.0 0.4500000000000006 0.0 0.0 0.0 0.0 0.0 0.0 0.0 0.0 0.0 0.44000000000000045 0.7999999999999998 0.7999999999999998 0.7999999999999998 0.6799999999999982 0.0 
0.9499999999999984 1.0 1.0 1.0 0.4500000000000006 0.0 0.0 0.0 0.0 0.0 0.0 0.0 0.0 0.0 0.0 0.0 0.0 0.0 0.0 0.0 
0.9499999999999984 1.0 1.0 1.0 0.4500000000000006 0.0 0.0 0.0 0.0 0.0 0.0 0.0 0.0 0.0 0.0 0.0 0.0 0.0 0.0 0.0 
0.9499999999999984 1.0 1.0 1.0 0.4500000000000006 0.0 0.0 0.0 0.06000000000000019 0.40000000000000036 0.40000000000000036 0.40000000000000036 0.40000000000000036 0.40000000000000036 0.40000000000000036 0.40000000000000036 0.40000000000000036 0.2999999999999988 0.0 0.0 
0.9499999999999984 1.0 1.0 1.0 0.4500000000000006 0.0 0.0 0.0 0.15000000000000036 1.0 1.0 1.0 1.0 1.0 1.0 1.0 1.0 0.9499999999999995 0.6799999999999989 0.0 
0.9499999999999984 1.0 1.0 1.0 0.4500000000000006 0.0 0.0 0.0 0.15000000000000036 1.0 1.0 1.0 1.0 1.0 1.0 1.0 1.0 1.0 0.8799999999999985 0.19000000000000017 
0.9499999999999984 1.0 1.0 1.0 0.4500000000000006 0.0 0.0 0.0 0.05999999999999993 0.3999999999999986 0.3999999999999986 0.3999999999999986 0.3999999999999986 0.3999999999999986 0.7299999999999998 1.0 1.0 1.0 0.9099999999999985 0.37999999999999695 
0.9499999999999984 1.0 1.0 1.0 0.4500000000000006 0.0 0.0 0.0 0.0 0.0 0.0 0.0 0.0 0.0 0.5500000000000007 1.0 1.0 1.0 0.8499999999999979 0.0 
0.9499999999999984 1.0 1.0 1.0 0.4500000000000006 0.0 0.0 0.0 0.0 0.0 0.0 0.0 0.0 0.0 0.5500000000000007 1.0 1.0 1.0 0.8499999999999979 0.0 
0.9499999999999984 1.0 1.0 1.0 0.4500000000000006 0.0 0.0 0.0 0.0 0.0 0.0 0.0 0.0 0.0 0.5500000000000007 1.0 1.0 1.0 0.8499999999999979 0.0 
0.9499999999999984 1.0 1.0 1.0 0.560000000000002 0.11000000000000171 0.0 0.0 0.0 0.0 0.0 0.0 0.0 0.13000000000000228 0.6400000000000019 1.0 1.0 1.0 0.8499999999999979 0.0 
0.9499999999999984 1.0 1.0 1.0 1.0 0.820000000000001 0.3900000000000011 0.0 0.0 0.0 0.0 0.0 0.45000000000000107 0.8600000000000014 1.0 1.0 1.0 1.0 0.8499999999999979 0.0 
0.0 0.8499999999999986 1.0 1.0 1.0 1.0 1.0 1.0 1.0 1.0 1.0 1.0 1.0 1.0 1.0 1.0 1.0 0.7499999999999964 0.0 0.0 
0.0 0.0 0.44999999999999774 0.8599999999999989 1.0 1.0 1.0 1.0 1.0 1.0 1.0 1.0 1.0 1.0 1.0 0.8199999999999978 0.5999999999999979 0.4499999999999963 0.0 0.0 
0.0 0.0 0.0 0.12999999999999934 0.1999999999999993 0.1999999999999993 0.47999999999999926 1.0 1.0 1.0 1.0 1.0 0.39999999999999947 0.1999999999999993 0.1999999999999993 0.10999999999999904 0.0 0.0 0.0 0.0 
