0.0 0.0 0.0 0.0 0.0 0.03499999999999993 0.20000000000000284 0.20000000000000284 0.20000000000000284 0.6599999999999986 1.0 1.0 0.9000000000000032 0.2200000000000059 0.20000000000000284 0.06500000000000149 0.0 0.0 0.0 0.0 
0.0 0.0 0.0 0.2849999999999995 0.6000000000000028 0.6700000000000012 1.0 1.0 1.0 1.0 1.0 1.0 1.0 1.0 1.0 0.730000000000003 0.6000000000000028 0.37500000000000383 0.0 0.0 
0.0 0.0 0.6249999999999971 1.0 1.0 1.0 1.0 1.0 1.0 0.9999999999999984 0.9999999999999973 0.9999999999999981 1.0 1.0 1.0 1.0 1.0 0.6250000000000046 2.0650148258028016e-15 0.0 
0.0 0.3100000000000005 0.774999999999999 1.0 1.0 1.0 0.9900000000000012 0.6499999999999992 0.5999999999999979 0.2550000000000011 0.0 0.16499999999999748 0.6499999999999967 0.9899999999999984 1.0 1.0 1.0 1.0 0.7750000000000039 0.0 
0.0 0.7749999999999971 1.0 1.0 1.0 0.8600000000000019 0.1949999999999982 0.025000000000000223 0.0 0.0 0.0 0.0 0.024999999999998978 0.1949999999999968 0.8599999999999975 1.0 1.0 1.0 0.7750000000000039 0.0 
0.0 0.6199999999999956 0.7999999999999972 0.8949999999999979 0.9349999999999996 0.7999999999999972 0.7799999999999998 0.10000000000000178 0.0 0.0 0.0 0.0 0.0 0.0 0.6599999999999957 0.9349999999999985 1.0 1.0 0.7750000000000039 0.0 
0.0 0.0 0.0 0.18999999999999811 0.27000000000000024 0.0 0.0 0.0 0.0 0.0 0.0 0.0 0.0 0.0 0.49499999999999966 0.8699999999999993 1.0 1.0 0.7750000000000039 0.0 
0.0 0.0 0.0 0.0 0.0 0.0 0.0 0.0 0.0 0.0 0.0 4.884981308350632e-16 0.124999999999998 0.9749999999999961 1.0 1.0 1.0 1.0 0.7750000000000039 0.0 
0.0 0.0 0.0 0.0 0.0 0.0 0.009999999999998774 0.3500000000000008 0.40000000000000213 0.40000000000000213 0.40000000000000213 0.5649999999999996 1.0 1.0 1.0 1.0 1.0 0.8500000000000006 0.4650000000000007 0.0 
0.0 0.0 0.0 0.0 0.0 0.0 0.024999999999996803 0.8749999999999973 1.0 1.0 1.0 1.0 1.0 1.0 1.0 0.4600000000000006 0.1999999999999975 0.12499999999999915 0.0 0.0 
0.0 0.0 0.0 0.0 0.0 0.13999999999999724 0.7999999999999972 0.7999999999999972 0.9449999999999986 0.884999999999999 0.8849999999999978 1.0 1.0 1.0 1.0 1.0 0.5800000000000041 0.1250000000000025 0.0 0.0 
0.0 0.0 0.0 0.0 0.0 0.0 0.0 0.0 0.28999999999999776 0.17000000000000073 0.16999999999999826 0.3999999999999986 0.47499999999999665 0.9849999999999977 1.0 1.0 1.0 0.850000000000002 0.46500000000000347 0.0 
0.0 0.0 0.0 0.0 0.0 0.0 0.0 0.0 0.0 0.0 0.0 0.0 0.0 0.0 0.8249999999999975 1.0 1.0 1.0 0.7750000000000039 0.0 
0.0 0.0 0.0 0.0 0.0 0.0 0.0 0.0 0.0 0.0 0.0 0.0 0.0 0.0 0.33000000000000074 0.804999999999999 1.0 1.0 0.7750000000000039 0.0 
0.7399999999999984 0.8000000000000007 0.8000000000000007 0.8000000000000007 0.5400000000000028 0.0 0.0 0.0 0.0 0.0 0.0 0.0 0.0 0.0 0.8249999999999975 1.0 1.0 1.0 0.7750000000000039 0.0 
0.9249999999999972 1.0 1.0 1.0 0.7400000000000033 0.16500000000000292 0.0 0.0 0.0 0.0 0.0 0.0 0.0 0.0 0.8249999999999975 1.0 1.0 1.0 1.0 0.9250000000000043 
0.9249999999999972 1.0 1.0 1.0 1.0 0.9300000000000014 0.5850000000000033 0.07500000000000177 0.0 0.0 0.0 0.0 0.07499999999999804 0.5849999999999991 0.9299999999999993 1.0 1.0 1.0 0.865000000000002 0.3700000000000004 
0.0 0.7749999999999971 1.0 1.0 1.0 1.0 1.0 1.0 1.0 0.4250000000000034 0.42499999999999716 1.0 1.0 1.0 1.0 1.0 1.0 1.0 0.7750000000000039 0.0 
0.0 0.46499999999999664 0.8499999999999981 1.0 1.0 1.0 1.0 1.0 1.0 1.0 1.0 1.0 1.0 1.0 1.0 1.0 0.7900000000000001 0.3750000000000008 0.0 0.0 
0.0 0.0 0.12499999999999897 0.1999999999999993 0.4599999999999972 1.0 1.0 1.0 1.0 1.0 1.0 1.0 1.0 1.0 0.3400000000000014 0.1999999999999993 0.0950000000000003 0.0 0.0 0.0 
