0.0 0.0 0.0 0.02500000000000089 0.17500000000000568 0.2000000000000064 0.5000000000000047 1.0 1.0 1.0 1.0 0.8999999999999994 0.30000000000000415 0.2000000000000064 0.12500000000000364 0.0 0.0 0.0 0.0 0.0 
0.0 0.0 0.22500000000000242 0.6500000000000055 0.950000000000001 1.0 1.0 1.0 1.0 1.0 1.0 1.0 1.0 1.0 0.8500000000000015 0.6000000000000061 0.6000000000000061 0.22500000000000123 0.0 0.0 
0.0 0.6250000000000001 1.0 1.0 1.0 0.9999999999999963 0.6249999999999956 0.0 0.0 0.0 0.0 0.0 0.0 0.0 0.3749999999999996 0.999999999999995 0.9999999999999993 0.37500000000000183 3.6082248300317485e-15 0.0 
0.350000000000005 0.7750000000000021 1.0 0.9499999999999991 0.6499999999999948 0.2249999999999976 0.0 0.0 0.0 0.0 0.0 0.0 0.0 0.0 0.0 0.12500000000000178 0.8750000000000018 1.0 0.775000000000001 0.35000000000000425 
0.875 1.0 1.0 0.8749999999999996 0.12499999999999956 0.0 0.0 0.0 0.0 0.0 0.0 0.0 0.0 0.0 0.0 0.12500000000000178 0.8750000000000018 1.0 1.0 0.8749999999999982 
0.875 1.0 1.0 0.8749999999999996 0.12499999999999956 0.0 0.0 0.0 0.0 0.0 0.0 0.0 0.0 0.0 0.0 0.0 0.0 0.0 0.0 0.0 
0.875 1.0 1.0 0.8749999999999996 0.12499999999999956 0.0 0.0 0.0 0.0 0.0 0.0 0.0 0.0 0.0 0.0 0.0 0.0 0.0 0.0 0.0 
0.875 1.0 1.0 0.8749999999999996 0.12499999999999956 0.0 0.0 0.0 0.0 0.0 0.0 0.0 0.0 0.0 0.0 0.0 0.0 0.0 0.0 0.0 
0.875 1.0 1.0 0.8749999999999996 0.12499999999999956 0.0 0.0 0.0 0.0 0.0 0.0 0.0 0.0 0.0 0.0 0.0 0.0 0.0 0.0 0.0 
0.875 1.0 1.0 0.8749999999999996 0.12499999999999956 0.0 0.0 0.0 0.0 0.0 0.3000000000000023 0.8000000000000043 0.8000000000000043 0.8000000000000043 0.8000000000000043 0.8000000000000043 0.8000000000000043 0.8000000000000043 0.8000000000000043 0.7000000000000023 
0.875 1.0 1.0 0.8749999999999996 0.12499999999999956 0.0 0.0 0.0 0.0 0.0 0.29999999999999966 0.7999999999999972 0.7999999999999972 0.7999999999999972 0.7999999999999972 0.8249999999999978 0.975 1.0 1.0 0.8749999999999982 
0.875 1.0 1.0 0.8749999999999996 0.12499999999999956 0.0 0.0 0.0 0.0 0.0 0.0 0.0 0.0 0.0 0.0 0.12500000000000178 0.8750000000000018 1.0 1.0 0.8749999999999982 
0.875 1.0 1.0 0.8749999999999996 0.12499999999999956 0.0 0.0 0.0 0.0 0.0 0.0 0.0 0.0 0.0 0.0 0.12500000000000133 0.8749999999999987 0.9999999999999987 1.0 0.8749999999999982 
0.5249999999999981 0.8499999999999992 1.0 0.8749999999999996 0.12499999999999956 0.0 0.0 0.0 0.0 0.0 0.0 0.0 0.0 0.0 0.0 0.050000000000000974 0.3500000000000026 0.7750000000000019 1.0 0.8749999999999982 
0.7000000000000006 0.9250000000000003 1.0 0.8749999999999996 0.12499999999999956 0.0 0.0 0.0 0.0 0.0 0.0 0.0 0.0 0.0 0.0 0.025000000000000265 0.17499999999999974 0.7000000000000012 1.0 0.8749999999999982 
0.0 0.6250000000000001 1.0 0.9 0.30000000000000215 0.07500000000000098 0.0 0.0 0.0 0.0 0.0 0.0 0.0 0.0 0.0 0.02500000000000071 0.17500000000000285 0.7000000000000025 1.0 0.8749999999999982 
0.0 0.6250000000000001 1.0 1.0 1.0 0.37499999999999956 0.0 0.0 0.0 0.0 0.0 0.0 0.0 0.0 0.0 0.12500000000000178 0.8750000000000018 1.0 1.0 0.8749999999999982 
0.0 0.0 0.3750000000000002 1.0 1.0 1.0 0.6249999999999991 0.0 0.0 0.0 0.0 0.0 0.0 0.0 0.3750000000000018 1.0 1.0 1.0 0.6249999999999982 0.0 
0.0 0.0 0.0 0.075 0.5249999999999984 0.8499999999999994 1.0 0.9249999999999997 0.4750000000000013 0.40000000000000213 0.40000000000000213 0.4750000000000029 0.9250000000000014 1.0 1.0 0.9499999999999991 0.6499999999999975 0.22499999999999815 0.0 0.0 
0.0 0.0 0.0 0.0 0.0 0.12499999999999964 0.1999999999999993 0.3000000000000001 0.9000000000000006 1.0 1.0 1.0 1.0 0.4999999999999981 0.1999999999999993 0.17499999999999902 0.024999999999999557 0.0 0.0 0.0 
