0.0 0.0 0.0 0.0 0.020000000000000392 0.1800000000000028 0.20000000000000284 0.20000000000000284 0.44000000000000394 1.0 1.0 1.0 0.5999999999999985 0.20000000000000284 0.18000000000000158 0.019999999999999147 0.0 0.0 0.0 0.0 
0.0 0.0 0.3000000000000011 0.6000000000000028 0.6400000000000027 0.9600000000000009 1.0 1.0 1.0 1.0 1.0 1.0 1.0 1.0 0.9599999999999983 0.6400000000000002 0.179999999999997 0.0 0.0 0.0 
0.0 1.8651746813702603e-15 0.5000000000000009 1.0 0.9999999999999998 0.9999999999999976 0.29999999999999816 0.0 0.0 0.0 0.0 0.0 0.5000000000000022 0.9999999999999973 0.9999999999999976 0.9999999999999998 1.0 0.4999999999999942 1.865174681370242e-15 0.0 
0.0 0.6999999999999991 1.0 1.0 0.8999999999999995 0.09999999999999876 0.0 0.0 0.0 0.0 0.0 0.0 0.0 0.0 0.10000000000000497 0.9000000000000057 1.0 1.0 0.6999999999999922 0.0 
0.0 0.6999999999999991 1.0 0.7599999999999993 0.17999999999999766 0.019999999999999504 0.0 0.0 0.0 0.0 0.0 0.0 0.0 0.0 0.10000000000000497 0.9000000000000057 1.0 1.0 0.6999999999999922 0.0 
0.8999999999999986 1.0 1.0 0.7000000000000002 0.0 0.0 0.0 0.0 0.0 0.0 0.0 0.0 0.0 0.0 0.0 0.0 0.7000000000000064 1.0 1.0 0.8999999999999915 
0.8999999999999986 1.0 1.0 0.7000000000000002 0.0 0.0 0.0 0.0 0.0 0.0 0.0 0.0 0.0 0.0 0.06000000000000313 0.5400000000000047 0.880000000000003 1.0 0.819999999999995 0.3599999999999953 
0.899999999999997 0.9999999999999994 1.0 0.7000000000000007 1.5987211554602245e-15 1.7763568394002284e-16 0.0 0.0 0.0 0.0 0.0 0.0 0.0 0.0 0.10000000000000497 0.9000000000000057 1.0 1.0 0.6999999999999922 0.0 
0.0 0.6999999999999991 1.0 1.0 0.8999999999999995 0.09999999999999876 0.0 0.0 0.0 0.0 0.0 0.0 0.0 0.12000000000000234 0.4600000000000049 0.9400000000000036 1.0 1.0 0.6999999999999922 0.0 
0.0 0.13999999999999807 0.5999999999999984 1.0 0.9800000000000002 0.820000000000002 0.23999999999999988 0.0 0.0 0.0 0.0 0.0 0.4000000000000041 0.8600000000000025 1.0 1.0 1.0 1.0 0.6999999999999922 0.0 
0.0 0.0 0.0 0.239999999999999 0.8199999999999975 0.98 1.0 1.0 1.0 1.0 1.0 1.0 1.0 0.9399999999999983 0.8199999999999984 0.9800000000000009 1.0 1.0 0.6999999999999922 0.0 
0.0 0.0 0.0 0.0 0.04000000000000007 0.3599999999999992 0.3999999999999986 0.3999999999999986 0.3999999999999986 0.3999999999999986 0.3999999999999986 0.3999999999999986 0.3999999999999986 0.2799999999999973 0.04000000000000185 0.360000000000001 0.8200000000000034 1.0 0.6999999999999922 0.0 
0.0 0.0 0.0 0.0 0.0 0.0 0.0 0.0 0.0 0.0 0.0 0.0 0.0 0.0 0.10000000000000497 0.9000000000000057 1.0 1.0 0.6999999999999922 0.0 
0.0 0.0 0.0 0.0 0.0 0.0 0.0 0.0 0.0 0.0 0.0 0.0 0.0 0.0 0.0400000000000022 0.3600000000000042 0.8200000000000045 1.0 0.6999999999999922 0.0 
0.0 0.0 0.0 0.0 0.0 0.0 0.0 0.0 0.0 0.0 0.0 0.0 0.0 0.0 0.10000000000000497 0.9000000000000057 1.0 1.0 0.6999999999999922 0.0 
0.8999999999999986 1.0 1.0 0.7000000000000002 0.0 0.0 0.0 0.0 0.0 0.0 0.0 0.0 0.0 0.0 0.10000000000000497 0.9000000000000057 1.0 1.0 0.6999999999999922 0.0 
0.35999999999999815 0.819999999999999 1.0 0.8800000000000006 0.5400000000000009 0.059999999999999394 0.0 0.0 0.0 0.0 0.0 0.0 0.0 0.0 0.10000000000000497 0.9000000000000057 1.0 1.0 0.6999999999999922 0.0 
0.0 0.6999999999999991 1.0 1.0 0.8999999999999995 0.09999999999999876 0.0 0.0 0.0 0.0 0.0 0.0 0.0 0.30000000000000426 1.0 1.0 1.0 0.4999999999999929 0.0 0.0 
0.0 0.0 0.29999999999999866 0.7199999999999984 1.0 1.0 1.0 0.7 0.40000000000000213 0.40000000000000213 0.40000000000000213 0.40000000000000213 0.7000000000000032 1.0 1.0 1.0 0.719999999999996 0.29999999999999466 0.0 0.0 
0.0 0.0 0.0 0.05999999999999975 0.2799999999999998 0.9200000000000009 1.0 1.0 1.0 1.0 1.0 1.0 1.0 0.7599999999999963 0.1999999999999993 0.1999999999999993 0.059999999999998506 0.0 0.0 0.0 
