0.0 0.0 0.0 0.0 0.0 0.0 0.0 0.0 0.0 0.0 0.0 0.122500000000001 0.5875000000000032 1.0 1.0 1.0 1.0 0.912499999999999 0.5774999999999975 0.0 
0.0 0.0 0.0 0.0 0.0 0.0 0.0 0.0 0.0 0.0 0.0 0.7000000000000028 1.0 1.0 1.0 1.0 1.0 0.49999999999999645 0.0 0.0 
0.0 0.0 0.0 0.0 0.0 0.0 0.0 0.0 0.0 0.08750000000000216 0.7875000000000031 0.9625000000000008 1.0 1.0 1.0 1.0 1.0 0.49999999999999645 0.0 0.0 
0.0 0.0 0.0 0.0 0.0 0.0 0.0 0.0 0.06750000000000099 0.3025000000000031 0.9225000000000018 1.0 1.0 1.0 1.0 1.0 1.0 0.49999999999999645 0.0 0.0 
0.0 0.0 0.0 0.0 0.0 0.0 0.0 0.0 0.3000000000000025 1.0 1.0 1.0 1.0 1.0 1.0 1.0 1.0 0.49999999999999645 0.0 0.0 
0.0 0.0 0.0 0.0 0.0 0.0 0.0 0.4625000000000037 0.9475000000000019 1.0 1.0 0.35249999999999565 0.07499999999999751 0.07499999999999751 0.1675000000000007 0.9075000000000017 1.0 0.49999999999999645 0.0 0.0 
0.0 0.0 0.0 0.0 0.0 0.0 0.19250000000000228 0.6375000000000031 1.0 0.9724999999999991 0.7524999999999975 0.2174999999999973 0.0 0.0 0.1000000000000032 0.9000000000000021 1.0 0.49999999999999645 0.0 0.0 
0.0 0.0 0.0 0.0 0.0 0.0 0.7000000000000028 1.0 1.0 0.8999999999999977 0.09999999999999787 0.0 0.0 0.0 0.1000000000000032 0.9000000000000021 1.0 0.49999999999999645 0.0 0.0 
0.0 0.0 0.0 0.0 0.09750000000000257 0.8775000000000049 0.992500000000001 1.0 0.7074999999999966 0.022499999999997064 0.002499999999999627 0.0 0.0 0.0 0.1000000000000032 0.9000000000000021 1.0 0.49999999999999645 0.0 0.0 
0.0 0.0 0.0 0.09750000000000165 0.3925000000000041 0.9325000000000018 1.0 0.8374999999999977 0.4724999999999963 0.0 0.0 0.0 0.0 0.0 0.1000000000000032 0.9000000000000021 1.0 0.49999999999999645 0.0 0.0 
0.0 0.0 0.33750000000000363 0.7725000000000037 1.0 1.0 0.5274999999999951 0.162499999999997 0.0 0.0 0.0 0.0 0.0 0.0 0.1000000000000032 0.9000000000000021 1.0 0.49999999999999645 0.0 0.0 
0.0 0.01750000000000279 0.5125000000000042 1.0 0.9974999999999995 0.9774999999999965 0.29249999999999604 0.0 0.0 0.0 0.0 0.0 0.0 0.0 0.1000000000000032 0.9000000000000021 1.0 0.49999999999999645 0.0 0.0 
0.0 0.7000000000000022 1.0 1.0 0.8999999999999977 0.09999999999999787 0.0 0.0 0.0 0.0 0.0 0.0 0.0 0.0 0.1000000000000032 0.9000000000000021 1.0 0.49999999999999645 0.0 0.0 
0.6525000000000061 0.9175000000000021 1.0 1.0 0.8999999999999977 0.09999999999999787 0.0 0.0 0.0 0.0 0.0 0.0 0.0 0.0 0.1000000000000032 0.9000000000000021 1.0 0.49999999999999645 0.0 0.0 
0.9000000000000021 1.0 1.0 1.0 0.9074999999999985 0.16750000000000378 0.0750000000000064 0.0750000000000064 0.0750000000000064 0.0750000000000064 0.0750000000000064 0.0750000000000064 0.0750000000000064 0.35250000000000675 1.0 1.0 1.0 1.0 0.7224999999999996 0.06750000000000551 
0.9000000000000021 1.0 1.0 1.0 1.0 1.0 1.0 1.0 1.0 1.0 1.0 1.0 1.0 1.0 1.0 1.0 1.0 1.0 1.0 0.8999999999999968 
0.20249999999999535 0.22499999999999432 0.22499999999999432 0.22499999999999432 0.22499999999999432 0.22499999999999432 0.22499999999999432 0.22499999999999432 0.22499999999999432 0.22499999999999432 0.22499999999999432 0.22499999999999432 0.22499999999999432 0.4574999999999979 1.0 1.0 1.0 1.0 0.7674999999999964 0.20249999999999416 
0.0 0.0 0.0 0.0 0.0 0.0 0.0 0.0 0.0 0.0 0.0 0.0 0.0 0.0 0.1000000000000032 0.9000000000000021 1.0 0.5625000000000004 0.08750000000000466 0.0 
0.0 0.0 0.0 0.0 0.0 0.0 0.0 0.0 0.0 0.0 0.0 0.0 0.0 0.0 0.1000000000000032 0.9000000000000021 1.0 0.7624999999999958 0.3674999999999952 0.0 
0.0 0.0 0.0 0.0 0.0 0.0 0.0 0.0 0.0 0.0 0.0 0.0 0.0 0.0 0.1000000000000032 0.9000000000000021 1.0 0.49999999999999645 0.0 0.0 
