0.0 0.0 0.0 0.0 0.05312500000000261 0.19062500000000362 0.7593749999999994 1.0 1.0 1.0 1.0 1.0 0.4531250000000068 0.1250000000000071 0.1250000000000071 0.05312500000000355 0.0 0.0 0.0 0.0 
0.0 0.178125000000002 0.3750000000000069 0.3750000000000069 0.6406250000000019 1.0 1.0 1.0 1.0 1.0 1.0 1.0 1.0 1.0 1.0 0.6406250000000067 0.29062500000000613 0.04687500000000219 0.0 0.0 
0.0 0.47499999999999665 1.0 1.0 1.0 1.0 1.0 0.7656249999999998 0.37499999999999334 0.37499999999999334 0.37499999999999334 0.37499999999999334 0.7656249999999958 1.0 1.0 1.0 0.9156250000000024 0.6718750000000071 0.29687500000000405 0.0 
0.7218750000000022 0.9343750000000028 1.0 1.0 0.6281250000000003 0.12499999999999378 0.12499999999999378 0.07812499999999656 0.0 0.0 0.0 0.0 0.07812499999999578 0.36562499999999426 0.9343749999999971 1.0 1.0 1.0 0.9343750000000034 0.7218750000000076 
0.8249999999999966 1.0 1.0 1.0 0.5750000000000033 0.0 0.0 0.0 0.0 0.0 0.0 0.0 0.0 0.0 0.0 0.5749999999999957 1.0 1.0 1.0 0.8250000000000028 
0.8249999999999966 1.0 1.0 1.0 0.5750000000000033 0.0 0.0 0.0 0.0 0.0 0.0 0.0 0.0 0.0 0.0 0.3593749999999938 0.6249999999999938 0.6249999999999938 0.6249999999999938 0.5156249999999967 
0.8249999999999966 1.0 1.0 1.0 0.5750000000000033 0.0 0.0 0.0 0.0 0.0 0.0 0.0 0.0 0.0 0.0 0.0 0.0 0.0 0.0 0.0 
0.8249999999999966 1.0 1.0 1.0 0.5750000000000033 0.0 0.0 0.0 0.0 0.0 0.0 0.0 0.0 0.0 0.0 0.0 0.0 0.0 0.0 0.0 
0.8249999999999966 1.0 1.0 1.0 0.5750000000000033 0.0 0.0 0.0 0.0 0.0 0.04062500000000131 0.12187500000000481 0.12500000000000533 0.12500000000000533 0.12500000000000533 0.12500000000000533 0.12500000000000533 0.12500000000000533 0.12500000000000533 0.10312500000000475 
0.8249999999999966 1.0 1.0 1.0 0.5750000000000033 0.0 0.0 0.0 0.0 0.0 0.3249999999999966 0.974999999999997 1.0 1.0 1.0 1.0 1.0 1.0 1.0 0.8250000000000028 
0.8249999999999966 1.0 1.0 1.0 0.5750000000000033 0.0 0.0 0.0 0.0 0.0 0.3249999999999966 0.974999999999997 1.0 1.0 1.0 1.0 1.0 1.0 1.0 0.8250000000000028 
0.8249999999999966 1.0 1.0 1.0 0.5750000000000033 0.0 0.0 0.0 0.0 0.0 0.04062499999999784 0.12187499999999443 0.12499999999999467 0.12499999999999467 0.12499999999999467 0.628124999999994 1.0 1.0 1.0 0.8250000000000028 
0.8249999999999966 1.0 1.0 1.0 0.5750000000000033 0.0 0.0 0.0 0.0 0.0 0.0 0.0 0.0 0.0 0.0 0.5749999999999957 1.0 1.0 1.0 0.8250000000000028 
0.8249999999999966 1.0 1.0 1.0 0.5750000000000033 0.0 0.0 0.0 0.0 0.0 0.0 0.0 0.0 0.0 0.0 0.5749999999999957 1.0 1.0 1.0 0.8250000000000028 
0.8249999999999966 1.0 1.0 1.0 0.5750000000000033 0.0 0.0 0.0 0.0 0.0 0.0 0.0 0.0 0.0 0.0 0.5749999999999957 1.0 1.0 1.0 0.8250000000000028 
0.8249999999999966 1.0 1.0 1.0 0.5750000000000033 0.0 0.0 0.0 0.0 0.0 0.0 0.0 0.0 0.0 0.0 0.5749999999999957 1.0 1.0 1.0 0.8250000000000028 
0.0 0.47499999999999665 1.0 1.0 1.0 0.9250000000000034 0.275000000000003 0.0 0.0 0.0 0.0 0.0 0.0 0.0343750000000008 0.11562500000000293 0.6281249999999978 1.0 1.0 0.9343749999999983 0.7218749999999996 
0.0 0.2968749999999962 0.6718749999999957 0.915624999999998 1.0 0.9531250000000023 0.5468750000000044 0.37500000000000355 0.37500000000000355 0.37500000000000355 0.37500000000000355 0.37500000000000355 0.37500000000000355 0.5468750000000017 0.9531249999999984 1.0 1.0 1.0 0.4750000000000014 0.0 
0.0 0.0 0.04687499999999831 0.290624999999996 0.6406249999999959 1.0 1.0 1.0 1.0 1.0 1.0 1.0 1.0 1.0 1.0 1.0 0.8593750000000006 0.4531249999999991 0.17812499999999884 0.0 
0.0 0.0 0.0 0.0 0.05312499999999808 0.12499999999999645 0.12499999999999645 0.45312499999999467 1.0 1.0 1.0 1.0 1.0 0.7593750000000002 0.1906249999999992 0.12499999999999645 0.09687499999999752 0.015625 0.0 0.0 
