0.0 0.0 0.015625000000000472 0.09687500000000511 0.1250000000000071 0.1250000000000071 0.1250000000000071 0.45312500000000133 1.0 1.0 1.0 1.0 0.4531250000000068 0.1250000000000071 0.1250000000000071 0.05312500000000355 0.0 0.0 0.0 0.0 
0.0 0.0 0.12499999999999667 0.7749999999999968 1.0 1.0 1.0 1.0 1.0 1.0 1.0 1.0 1.0 1.0 1.0 0.6406250000000067 0.29062500000000613 0.04687500000000219 0.0 0.0 
0.0 0.29687500000000105 0.6718750000000046 0.9156250000000004 1.0 0.9531250000000017 0.5468749999999971 0.37499999999999334 0.37499999999999334 0.37499999999999334 0.37499999999999334 0.37499999999999334 0.7656249999999958 1.0 1.0 1.0 0.9156250000000024 0.6718750000000071 0.29687500000000405 0.0 
0.7218750000000022 0.9343750000000028 1.0 1.0 0.6281250000000003 0.11562499999999468 0.03437499999999867 0.0 0.0 0.0 0.0 0.0 0.07812499999999578 0.36562499999999426 0.9343749999999971 1.0 1.0 1.0 0.4750000000000014 0.0 
0.8249999999999966 1.0 1.0 1.0 0.5750000000000033 0.0 0.0 0.0 0.0 0.0 0.0 0.0 0.0 0.0 0.0 0.5749999999999957 1.0 1.0 0.4750000000000014 0.0 
0.8249999999999966 1.0 1.0 1.0 0.5750000000000033 0.0 0.0 0.0 0.0 0.0 0.0 0.0 0.0 0.0 0.0 0.5749999999999957 1.0 1.0 0.4750000000000014 0.0 
0.8249999999999966 1.0 1.0 1.0 0.5750000000000033 0.0 0.0 0.0 0.0 0.0 0.0 0.0 0.0 0.0 0.0 0.5749999999999957 1.0 1.0 0.4750000000000014 0.0 
0.10312499999999518 0.5406249999999942 1.0 1.0 0.5750000000000033 0.0 0.0 0.0 0.0 0.0 0.0 0.0 0.0 0.24062500000000023 0.8093750000000024 0.9468750000000017 1.0 1.0 0.4750000000000014 0.0 
0.0 0.4156249999999945 0.8906249999999949 0.9718749999999984 1.0 0.9343750000000034 0.36562500000000653 0.12500000000000533 0.12500000000000533 0.12500000000000533 0.12500000000000533 0.12500000000000533 0.6718749999999997 1.0 1.0 0.9281249999999974 0.8749999999999947 0.8749999999999947 0.4156249999999987 0.0 
0.0 0.0 0.07812499999999725 0.4843749999999939 0.7843749999999957 1.0 1.0 1.0 1.0 1.0 1.0 1.0 1.0 1.0 1.0 0.42500000000000426 0.0 0.0 0.0 0.0 
0.0 0.29687500000000044 0.6250000000000053 0.6250000000000053 0.7843750000000018 1.0 1.0 0.7656250000000002 0.37499999999999467 0.37499999999999467 0.37499999999999467 0.37499999999999467 0.7656249999999963 1.0 1.0 0.7843750000000047 0.48437500000000544 0.07812500000000289 0.0 0.0 
0.0 0.47499999999999665 1.0 1.0 1.0 0.9343750000000025 0.36562499999999876 0.07812499999999711 0.0 0.0 0.0 0.0 0.07812499999999634 0.36562499999999487 0.9343749999999971 1.0 0.9718750000000015 0.8906250000000051 0.4156250000000038 0.0 
0.8249999999999966 1.0 1.0 1.0 0.5750000000000033 0.0 0.0 0.0 0.0 0.0 0.0 0.0 0.0 0.0 0.0 0.5749999999999957 1.0 1.0 1.0 0.8250000000000028 
0.8249999999999966 1.0 0.9531250000000009 0.7093749999999984 0.359375 0.0 0.0 0.0 0.0 0.0 0.0 0.0 0.0 0.0 0.0 0.5749999999999957 1.0 1.0 1.0 0.8250000000000028 
0.8249999999999966 1.0 0.8750000000000033 0.2250000000000032 0.0 0.0 0.0 0.0 0.0 0.0 0.0 0.0 0.0 0.0 0.0 0.5749999999999957 1.0 1.0 1.0 0.8250000000000028 
0.8249999999999966 1.0 0.9843750000000009 0.9031250000000032 0.5031250000000049 0.0 0.0 0.0 0.0 0.0 0.0 0.0 0.0 0.0 0.0 0.5749999999999957 1.0 1.0 1.0 0.8250000000000028 
0.7218749999999942 0.9343749999999977 1.0 1.0 0.6281250000000044 0.11562500000000371 0.034375000000001356 0.0 0.0 0.0 0.0 0.0 0.0 0.0343750000000008 0.11562500000000293 0.6281249999999978 1.0 1.0 0.4750000000000014 0.0 
0.0 0.47499999999999665 1.0 1.0 1.0 0.9531250000000023 0.5468750000000044 0.23437500000000355 0.00937499999999889 0.2531250000000013 0.37500000000000355 0.37500000000000355 0.37500000000000355 0.5468750000000017 0.9531249999999984 1.0 0.915625 0.6718749999999982 0.2968749999999992 0.0 
0.0 0.17812499999999706 0.4531249999999948 0.8593749999999972 1.0 1.0 1.0 0.8593750000000027 0.6343750000000022 0.878125 1.0 1.0 1.0 1.0 1.0 0.6406250000000007 0.290624999999998 0.04687500000000089 0.0 0.0 
0.0 0.0 0.01562499999999914 0.09687499999999685 0.12499999999999645 0.12499999999999645 0.12499999999999645 0.45312499999999467 1.0 1.0 1.0 1.0 1.0 0.7593750000000002 0.1906249999999992 0.05312499999999902 0.0 0.0 0.0 0.0 
