0.042499999999997436 0.04999999999999716 0.04999999999999716 0.04999999999999716 0.01749999999999923 0.0 0.0 0.0 0.0 0.0 0.0 0.0 0.23749999999999397 0.9024999999999953 0.3650000000000069 0.04999999999999716 0.04999999999999716 0.04999999999999716 0.04999999999999716 0.04249999999999801 
0.849999999999997 1.0 1.0 1.0 0.35000000000000453 0.0 0.0 0.0 0.0 0.0 0.0 0.0 0.0 0.0 0.6499999999999915 1.0 1.0 1.0 0.932500000000003 0.7225000000000096 
0.849999999999997 1.0 1.0 1.0 0.35000000000000453 0.0 0.0 0.0 0.0 0.0 0.0 0.0 0.06249999999999756 0.23749999999999552 0.7374999999999927 1.0 0.9875000000000026 0.8125000000000047 0.41250000000000997 0.0 
0.849999999999997 1.0 0.912500000000002 0.667500000000004 0.22750000000000384 0.0 0.0 0.0 0.0 0.0 0.0 0.19249999999999604 0.5124999999999935 0.9674999999999948 1.0 1.0 0.95000000000001 0.25000000000001066 0.0 0.0 
0.849999999999997 1.0 0.7500000000000038 0.05000000000000426 0.0 0.0 0.0 0.0 0.0 0.0 0.0 0.5499999999999927 1.0 1.0 1.0 0.842500000000005 0.5225000000000078 0.13750000000000648 0.0 0.0 
0.849999999999997 1.0 0.7500000000000038 0.05000000000000426 0.0 0.0 0.0 0.0 0.0 0.08249999999999585 0.467499999999994 0.7974999999999954 1.0 1.0 0.6425000000000065 0.292500000000006 0.0 0.0 0.0 0.0 
0.849999999999997 1.0 0.7500000000000038 0.05000000000000426 0.0 0.0 0.0 0.0 0.29249999999999504 0.7024999999999957 0.9474999999999973 1.0 0.8375000000000052 0.3825000000000073 0.12250000000000379 0.0 0.0 0.0 0.0 0.0 
0.849999999999997 1.0 0.7500000000000038 0.05000000000000426 0.0 0.0 0.03749999999999578 0.5624999999999947 0.8624999999999975 1.0 1.0 0.5875000000000065 0.1875000000000031 0.012500000000002042 0.0 0.0 0.0 0.0 0.0 0.0 
0.849999999999997 1.0 0.7500000000000038 0.05000000000000426 0.0 0.29749999999999516 0.8574999999999972 0.9624999999999987 1.0 0.872500000000006 0.2775000000000074 0.06750000000000206 0.0 0.0 0.0 0.0 0.0 0.0 0.0 0.0 
0.849999999999997 1.0 0.9874999999999996 0.9524999999999979 0.9499999999999975 0.9674999999999981 1.0 1.0 1.0 0.8500000000000068 0.15000000000000657 0.0 0.0 0.0 0.0 0.0 0.0 0.0 0.0 0.0 
0.849999999999997 1.0 1.0 1.0 1.0 1.0 1.0 1.0 1.0 0.857500000000006 0.19250000000000383 0.022499999999999087 0.0 0.0 0.0 0.0 0.0 0.0 0.0 0.0 
0.849999999999997 1.0 1.0 1.0 1.0 0.9475000000000012 0.8575000000000005 0.9624999999999996 1.0 1.0 1.0 0.5325000000000054 0.1125 0.007500000000001101 0.0 0.0 0.0 0.0 0.0 0.0 
0.849999999999997 1.0 1.0 1.0 0.8375000000000022 0.48750000000000476 0.03749999999999596 0.5624999999999973 0.8624999999999995 1.0 1.0 1.0 0.7500000000000071 0.050000000000007816 0.0 0.0 0.0 0.0 0.0 0.0 
0.849999999999997 1.0 1.0 1.0 0.35000000000000453 0.0 0.0 0.0 0.29249999999999704 0.7024999999999995 0.947499999999998 1.0 0.8375000000000041 0.38250000000000306 0.12250000000000223 0.0 0.0 0.0 0.0 0.0 
0.849999999999997 1.0 0.887500000000002 0.5725000000000026 0.19250000000000275 0.0 0.0 0.0 0.0 0.14999999999999325 0.8499999999999934 1.0 1.0 1.0 0.6425000000000043 0.2925000000000037 0.0 0.0 0.0 0.0 
0.849999999999997 1.0 0.7500000000000038 0.05000000000000426 0.0 0.0 0.0 0.0 0.0 0.0674999999999974 0.38249999999999945 0.7524999999999973 1.0 1.0 1.0 0.6500000000000092 0.0 0.0 0.0 0.0 
0.849999999999997 1.0 0.7500000000000038 0.05000000000000426 0.0 0.0 0.0 0.0 0.0 0.0 0.0 0.19249999999999823 0.5124999999999964 0.967499999999995 1.0 0.8775000000000027 0.6175000000000052 0.16250000000000658 0.0 0.0 
0.849999999999997 1.0 0.7500000000000038 0.05000000000000426 0.0 0.0 0.0 0.0 0.0 0.0 0.0 0.0 0.2499999999999929 0.9499999999999922 1.0 1.0 0.9875000000000025 0.8125000000000027 0.4125000000000085 0.0 
0.849999999999997 1.0 0.7500000000000038 0.05000000000000426 0.0 0.0 0.0 0.0 0.0 0.0 0.0 0.0 0.037499999999999464 0.14250000000000085 0.7024999999999935 1.0 1.0 1.0 0.5500000000000114 0.0 
0.849999999999997 1.0 0.9875 0.9524999999999996 0.33250000000000407 0.0 0.0 0.0 0.0 0.0 0.0 0.0 0.0 0.0 0.6499999999999915 1.0 1.0 1.0 0.9775000000000003 0.8075000000000075 
