0.0 0.0 0.0 0.0 0.0049999999999996315 0.01999999999999877 0.02499999999999858 0.02499999999999858 0.6099999999999957 1.0 1.0 0.6100000000000034 0.02500000000000291 0.02499999999999858 0.01999999999999897 0.004999999999999831 0.0 0.0 0.0 0.0 
0.0 0.0 0.0 0.04499999999999906 0.25999999999999596 0.8149999999999963 1.0 1.0 1.0 1.0 1.0 1.0 1.0 1.0 0.8150000000000037 0.26000000000000334 0.04499999999999968 3.996802888650502e-16 0.0 0.0 
0.0 0.049999999999999274 0.12499999999999872 0.6499999999999968 1.0 1.0 1.0 1.0 0.925000000000001 0.8750000000000009 0.8750000000000009 0.925 0.9999999999999994 1.0 1.0 1.0 0.650000000000004 0.12500000000000377 0.05000000000000036 0.0 
0.0 0.399999999999997 0.9999999999999969 1.0 1.0 1.0 0.9300000000000008 0.8250000000000013 0.33000000000000346 0.0 0.0 0.32999999999999685 0.824999999999997 0.9299999999999994 1.0 1.0 1.0 1.0 0.4000000000000057 0.0 
0.0 0.399999999999997 0.9999999999999969 1.0 0.9550000000000008 0.8200000000000012 0.465000000000003 2.7533531010703895e-15 0.0 0.0 0.0 0.0 0.0 0.5999999999999952 1.0 1.0 1.0 1.0 0.4000000000000057 0.0 
0.0 0.399999999999997 0.9999999999999969 1.0 0.8000000000000034 0.20000000000000373 0.0 0.0 0.0 0.0 0.0 0.0 0.0 0.5999999999999952 1.0 1.0 1.0 1.0 0.4000000000000057 0.0 
0.0 0.399999999999997 0.9999999999999969 1.0 0.8000000000000034 0.20000000000000373 0.0 0.0 0.0 0.0 0.0 0.0 0.0 0.5999999999999952 1.0 1.0 1.0 1.0 0.4000000000000057 0.0 
0.0 0.399999999999997 0.9999999999999969 1.0 0.8750000000000021 0.5000000000000023 0.375 0.375 0.15000000000000147 0.0 0.0 0.14999999999999847 0.37499999999999833 0.749999999999997 1.0 1.0 1.0 1.0 0.4000000000000057 0.0 
0.0 0.229999999999998 0.5749999999999975 0.8299999999999983 1.0 1.0 1.0 1.0 0.6550000000000027 0.4250000000000007 0.4250000000000007 0.654999999999998 0.9999999999999974 1.0 1.0 1.0 0.8300000000000018 0.5750000000000015 0.23000000000000298 0.0 
0.0 0.0 0.0 0.5999999999999968 1.0 1.0 1.0 1.0 1.0 1.0 1.0 1.0 1.0 1.0 1.0 1.0 0.600000000000005 5.329070518200751e-15 0.0 0.0 
0.0 0.2099999999999993 0.5250000000000005 0.8099999999999994 1.0 1.0 1.0 1.0 0.6850000000000007 0.5799999999999961 0.8949999999999971 1.0 1.0 1.0 1.0 1.0 0.600000000000005 5.329070518200751e-15 0.0 0.0 
0.0 0.399999999999997 0.9999999999999969 1.0 1.0 1.0 0.7700000000000017 0.425000000000001 0.17000000000000123 0.08499999999999798 0.3399999999999972 0.42499999999999893 0.42499999999999893 0.7699999999999968 1.0 1.0 0.8300000000000025 0.5750000000000033 0.2300000000000037 0.0 
0.49999999999999967 0.7749999999999999 0.9999999999999989 1.0 0.8750000000000018 0.5000000000000009 0.2250000000000003 1.3322676295501815e-15 0.0 0.0 0.0 0.0 0.0 0.22499999999999715 0.4999999999999959 0.8749999999999968 1.0 1.0 0.4000000000000057 0.0 
0.7999999999999972 1.0 1.0 1.0 0.8000000000000034 0.20000000000000373 0.0 0.0 0.0 0.0 0.0 0.0 0.0 0.0 0.19999999999999574 0.7999999999999954 1.0 1.0 0.4000000000000057 0.0 
0.7999999999999972 1.0 1.0 1.0 0.8000000000000034 0.20000000000000373 0.0 0.0 0.0 0.0 0.0 0.0 0.0 0.0 0.19999999999999574 0.7999999999999954 1.0 1.0 0.8350000000000024 0.5800000000000055 
0.7999999999999972 1.0 1.0 1.0 0.8000000000000034 0.20000000000000373 0.0 0.0 0.0 0.0 0.0 0.0 0.0 0.0 0.19999999999999574 0.7999999999999954 1.0 1.0 0.5350000000000031 0.17999999999999966 
0.7999999999999972 1.0 1.0 1.0 0.9650000000000012 0.860000000000003 0.4950000000000047 2.9309887850104234e-15 0.0 0.0 0.0 0.32999999999999774 0.8249999999999992 0.8250000000000028 0.8600000000000015 0.9649999999999997 1.0 1.0 0.4000000000000057 0.0 
0.0999999999999968 0.47499999999999526 0.9999999999999972 1.0 1.0 1.0 0.9500000000000018 0.875000000000004 0.8750000000000036 0.8750000000000036 0.8750000000000036 0.9250000000000016 0.9999999999999994 1.0 1.0 1.0 0.6500000000000029 0.1250000000000011 0.04999999999999929 0.0 
0.0 0.02999999999999807 0.0749999999999955 0.6299999999999953 1.0 1.0 1.0 1.0 1.0 1.0 1.0 1.0 1.0 1.0 0.815000000000003 0.2600000000000009 0.04499999999999781 3.9968028886503364e-16 0.0 0.0 
0.0 0.0 0.0 0.014999999999996934 0.024999999999995026 0.024999999999995026 0.4149999999999935 0.9999999999999966 1.0 1.0 1.0 1.0 1.0 0.4150000000000017 0.01999999999999613 0.004999999999999121 0.0 0.0 0.0 0.0 
