0.0 0.0 0.0 0.010625000000000969 0.02437500000000215 0.02500000000000213 0.02500000000000213 0.02500000000000213 0.1956250000000059 0.7318750000000054 0.7318749999999967 0.19562499999999725 0.02500000000000213 0.02500000000000213 0.013125000000000995 0.0 0.0 0.0 0.0 0.0 
0.0 0.024375000000000927 0.06562500000000226 0.4681250000000037 0.9768750000000026 1.0 1.0 1.0 1.0 1.0 1.0 1.0 1.0 1.0 0.5606249999999966 0.0750000000000024 0.0750000000000024 0.06562500000000157 0.02437500000000019 0.0 
0.0 0.32500000000000195 0.8750000000000022 1.0 1.0 1.0 1.0 1.0 1.0 1.0 1.0 1.0 1.0 1.0 1.0 1.0 1.0 0.8749999999999929 0.3249999999999922 0.0 
0.13562500000000258 0.4431250000000036 0.8968750000000022 1.0 1.0 0.908124999999998 0.8249999999999971 0.8249999999999971 0.8249999999999971 0.8249999999999971 0.8249999999999971 0.8249999999999971 0.8906249999999991 0.9868750000000008 1.0 1.0 1.0 0.8968749999999945 0.44312499999999555 0.13562500000000108 
0.7750000000000017 1.0 1.0 0.904374999999998 0.7806249999999962 0.36812499999999615 0.0 0.0 0.0 0.0 0.0 0.0 0.2906250000000029 0.7168750000000017 0.8818749999999994 1.0 1.0 1.0 1.0 0.7749999999999932 
0.7750000000000017 1.0 1.0 0.5749999999999975 0.024999999999997247 0.0 0.0 0.0 0.0 0.0 0.0 0.0 0.0 0.0 0.475000000000005 1.0 1.0 1.0 1.0 0.7749999999999932 
0.7750000000000017 1.0 1.0 0.5749999999999975 0.024999999999997247 0.0 0.0 0.0 0.0 0.0 0.0 0.0 0.0 0.0 0.3206250000000016 0.6831249999999982 0.8618750000000005 1.0 1.0 0.7749999999999932 
0.7750000000000017 1.0 1.0 0.734375 0.3906250000000017 0.17812500000000056 0.0 0.0 0.0 0.0 0.0 0.0 0.0 0.0 0.17812500000000356 0.390625000000007 0.7343750000000056 1.0 1.0 0.7749999999999932 
0.7750000000000017 1.0 1.0 1.0 1.0 0.474999999999997 0.0 0.0 0.0 0.0 0.0 0.0 0.0 0.0 0.475000000000005 1.0 1.0 1.0 1.0 0.7749999999999932 
0.7750000000000017 1.0 1.0 1.0 1.0 0.724375000000001 0.439375000000003 0.17812500000000017 0.0 0.0 0.0 0.0 0.1781250000000044 0.43937500000000745 0.7243750000000052 1.0 1.0 1.0 1.0 0.7749999999999932 
0.36812499999999637 0.6456249999999972 0.9343750000000004 1.0 1.0 1.0 0.9643749999999989 0.7031250000000019 0.5250000000000057 0.5250000000000057 0.5250000000000057 0.5250000000000057 0.7031250000000061 0.9643750000000033 1.0 1.0 1.0 1.0 1.0 0.7749999999999932 
0.0 0.13812499999999933 0.3718749999999969 0.6693749999999987 0.9856250000000014 1.0 1.0 1.0 1.0 1.0 1.0 1.0 1.0 1.0 1.0 1.0 1.0 1.0 1.0 0.7749999999999932 
0.0 0.0 0.0 0.15937499999999866 0.3656249999999958 0.37499999999999467 0.4218749999999971 0.7656250000000002 1.0 1.0 1.0 1.0 0.7656249999999947 0.4218749999999913 0.6718750000000003 1.0 1.0 1.0 1.0 0.7749999999999932 
0.0 0.0 0.0 0.0 0.0 0.0 0.024375000000000615 0.2031249999999974 0.32499999999999396 0.32499999999999396 0.32499999999999396 0.32499999999999396 0.2031249999999945 0.024374999999997583 0.15437499999999874 0.34187499999999793 0.7131250000000018 1.0 1.0 0.7749999999999932 
0.0 0.0 0.0 0.0 0.0 0.0 0.0 0.0 0.0 0.0 0.0 0.0 0.0 0.0 0.344375000000006 0.7318750000000064 0.8831250000000039 1.0 1.0 0.7749999999999932 
0.0 0.0 0.0 0.0 0.0 0.0 0.0 0.0 0.0 0.0 0.0 0.0 0.0 0.0 0.475000000000005 1.0 1.0 1.0 1.0 0.7749999999999932 
0.6393750000000064 0.8250000000000064 0.8250000000000064 0.8250000000000064 0.8250000000000064 0.8250000000000064 0.7631250000000032 0.30937499999999946 0.0 0.0 0.0 0.0 0.3093750000000068 0.7631250000000109 0.9081250000000043 1.0 1.0 1.0 1.0 0.7749999999999932 
0.0968749999999947 0.40937499999999694 0.8906250000000011 1.0 1.0 1.0 0.9906250000000001 0.921875000000004 0.8750000000000071 0.8750000000000071 0.8750000000000071 0.8750000000000071 0.9218750000000051 0.9906250000000013 1.0 1.0 1.0 0.8906249999999929 0.4093749999999884 0.09687499999999365 
0.0 0.024374999999997607 0.06562499999999333 0.4681249999999978 0.9768750000000024 1.0 1.0 1.0 1.0 1.0 1.0 1.0 1.0 1.0 1.0 0.9768749999999945 0.4681249999999896 0.06562499999999263 0.024374999999996875 0.0 
0.0 0.0 0.0 0.010624999999996438 0.024374999999991754 0.5368749999999989 1.0 1.0 1.0 1.0 1.0 1.0 0.6343749999999916 0.09812499999998622 0.024999999999991473 0.024374999999991546 0.010624999999996216 0.0 0.0 0.0 
