0.0 0.0 0.0 0.0 0.0 0.24375000000000077 0.7312500000000011 0.9749999999999996 0.9749999999999996 0.9749999999999996 0.9749999999999996 0.9749999999999996 0.9749999999999996 0.7312499999999972 0.24374999999999644 0.0 0.0 0.0 0.0 0.0 
0.0 0.0 0.0 0.23125000000000054 0.6937500000000006 0.9437499999999999 0.9812500000000001 1.0 1.0 1.0 1.0 1.0 1.0 0.9812499999999997 0.9437499999999995 0.6937499999999965 0.23124999999999665 0.0 0.0 0.0 
0.0 0.21875000000000014 0.6562500000000002 0.9062499999999999 0.96875 1.0 1.0 0.7812499999999986 0.3437499999999986 0.12500000000000022 0.12500000000000022 0.3437500000000025 0.7812500000000023 1.0 1.0 0.9687499999999996 0.9062499999999993 0.6562499999999968 0.21874999999999684 0.0 
0.0 0.2500000000000002 0.7500000000000004 1.0 1.0 0.7937499999999993 0.3812499999999991 0.1312499999999999 0.043749999999999754 0.0 0.0 0.04375000000000053 0.13125000000000067 0.3812500000000024 0.793750000000003 1.0 1.0 0.9562499999999994 0.8687499999999991 0.6187499999999969 
0.5812499999999999 0.8312499999999999 0.9437500000000001 0.8062499999999995 0.4187499999999994 0.16874999999999987 0.056249999999999724 0.0 0.0 0.0 0.0 0.0 0.0 0.05625000000000062 0.16875000000000087 0.41875000000000284 0.8062500000000028 1.0 1.0 0.7499999999999964 
0.75 1.0 1.0 0.7499999999999993 0.2499999999999991 0.0 0.0 0.0 0.0 0.0 0.0 0.0 0.0 0.0 0.0 0.25000000000000355 0.7500000000000036 1.0 1.0 0.7499999999999964 
0.75 1.0 1.0 0.7499999999999993 0.2499999999999991 0.0 0.0 0.0 0.0 0.0 0.0 0.0 0.0 0.0 0.0 0.25000000000000355 0.7500000000000036 1.0 1.0 0.7499999999999964 
0.75 1.0 1.0 0.7499999999999993 0.2499999999999991 0.0 0.0 0.0 0.0 0.0 0.0 0.0 0.0 0.0 0.0 0.25000000000000355 0.7500000000000036 1.0 1.0 0.7499999999999964 
0.31874999999999987 0.56875 0.8562500000000002 0.8937499999999998 0.6812499999999998 0.43124999999999963 0.14374999999999927 0.0 0.0 0.0 0.0 0.0 0.0 0.14375000000000157 0.4312500000000022 0.6812500000000017 0.8937500000000016 1.0 1.0 0.7499999999999964 
0.0 0.2500000000000002 0.7500000000000004 1.0 1.0 0.8812499999999996 0.6437499999999996 0.5250000000000004 0.5250000000000004 0.5250000000000004 0.5250000000000004 0.5250000000000004 0.5250000000000004 0.6437500000000015 0.8812500000000018 1.0 1.0 1.0 1.0 0.7499999999999964 
0.0 0.1312500000000002 0.3937500000000005 0.5250000000000004 0.5250000000000004 0.6437500000000007 0.8812500000000008 1.0 1.0 1.0 1.0 1.0 1.0 0.8812499999999988 0.6437499999999986 0.6437500000000019 0.8812500000000018 1.0 1.0 0.7499999999999964 
0.0 0.0 0.0 0.0 0.0 0.14375000000000032 0.43125000000000024 0.5749999999999993 0.5749999999999993 0.5749999999999993 0.5749999999999993 0.5749999999999993 0.5749999999999993 0.4312499999999979 0.14374999999999777 0.25000000000000355 0.7500000000000036 1.0 1.0 0.7499999999999964 
0.0 0.0 0.0 0.0 0.0 0.0 0.0 0.0 0.0 0.0 0.0 0.0 0.0 0.0 0.0 0.25000000000000355 0.7500000000000036 1.0 1.0 0.7499999999999964 
0.0 0.0 0.0 0.0 0.0 0.0 0.0 0.0 0.0 0.0 0.0 0.0 0.0 0.0 0.0 0.25000000000000355 0.7500000000000036 1.0 1.0 0.7499999999999964 
0.20625000000000027 0.27500000000000036 0.27500000000000036 0.20625000000000007 0.06874999999999984 0.0 0.0 0.0 0.0 0.0 0.0 0.0 0.0 0.0 0.0 0.25000000000000355 0.7500000000000036 1.0 1.0 0.7499999999999964 
0.5812499999999989 0.8312499999999989 0.9437499999999998 0.7499999999999993 0.2499999999999991 0.0 0.0 0.0 0.0 0.0 0.0 0.0 0.0 0.0 0.0 0.25000000000000355 0.7500000000000036 0.9437499999999989 0.8312499999999982 0.5812499999999962 
0.0 0.2500000000000002 0.7500000000000004 0.7937499999999996 0.3812499999999998 0.13125000000000037 0.04374999999999994 0.0 0.0 0.0 0.0 0.0 0.0 0.04375000000000064 0.13125000000000114 0.3812500000000035 0.7937500000000031 0.7499999999999964 0.24999999999999645 0.0 
0.0 0.2187500000000002 0.6562500000000004 0.9062500000000001 0.9687500000000001 0.7812499999999992 0.34374999999999883 0.125 0.125 0.125 0.125 0.125 0.125 0.34375000000000233 0.7812500000000031 0.9687499999999996 0.9062499999999996 0.6562499999999969 0.2187499999999969 0.0 
0.0 0.0 0.0 0.2312499999999999 0.6937499999999986 0.943749999999998 0.9812499999999994 1.0 1.0 1.0 1.0 1.0 1.0 0.9812499999999991 0.9437499999999976 0.6937499999999945 0.23124999999999601 0.0 0.0 0.0 
0.0 0.0 0.0 0.0 0.0 0.24375000000000122 0.7312500000000024 0.9750000000000014 0.9750000000000014 0.9750000000000014 0.9750000000000014 0.9750000000000014 0.9750000000000014 0.7312499999999985 0.24374999999999689 0.0 0.0 0.0 0.0 0.0 
