0.7125000000000012 0.9500000000000011 0.9500000000000011 0.9500000000000011 0.9500000000000011 0.9500000000000011 0.9500000000000011 0.9500000000000011 0.9500000000000011 0.9500000000000011 0.9500000000000011 0.9500000000000011 0.9500000000000011 0.9500000000000011 0.9500000000000011 0.7124999999999991 0.23749999999999857 0.0 0.0 0.0 
0.7500000000000004 1.0 1.0 1.0 1.0 1.0 1.0 1.0 1.0 1.0 1.0 1.0 1.0 1.0 1.0 0.9625 0.8875000000000006 0.6374999999999994 0.2124999999999988 0.0 
0.7500000000000004 1.0 1.0 0.812499999999999 0.43749999999999833 0.24999999999999867 0.24999999999999867 0.24999999999999867 0.24999999999999867 0.24999999999999867 0.24999999999999867 0.24999999999999867 0.24999999999999867 0.43750000000000033 0.812500000000001 1.0 1.0 0.9374999999999999 0.8125000000000006 0.5624999999999997 
0.7500000000000004 1.0 1.0 0.7499999999999991 0.2499999999999991 0.0 0.0 0.0 0.0 0.0 0.0 0.0 0.0 0.08750000000000031 0.2624999999999997 0.5125000000000002 0.8375000000000008 1.0 1.0 0.7499999999999982 
0.7500000000000004 1.0 1.0 0.7499999999999991 0.2499999999999991 0.0 0.0 0.0 0.0 0.0 0.0 0.0 0.0 0.0 0.0 0.2500000000000018 0.7500000000000018 1.0 1.0 0.7499999999999982 
0.7500000000000004 1.0 1.0 0.7499999999999991 0.2499999999999991 0.0 0.0 0.0 0.0 0.0 0.0 0.0 0.0 0.0 0.0 0.2500000000000018 0.7500000000000018 1.0 1.0 0.7499999999999982 
0.7500000000000004 1.0 1.0 0.7499999999999991 0.2499999999999991 0.0 0.0 0.0 0.0 0.0 0.0 0.0 0.0 0.0 0.0 0.2500000000000018 0.7500000000000018 1.0 1.0 0.7499999999999982 
0.7500000000000004 1.0 1.0 0.7499999999999991 0.2499999999999991 0.0 0.0 0.0 0.0 0.0 0.0 0.0 0.0 0.0 0.0 0.2500000000000018 0.7500000000000018 1.0 1.0 0.7499999999999982 
0.7500000000000004 1.0 1.0 0.7499999999999991 0.2499999999999991 0.0 0.0 0.0 0.0 0.0 0.0 0.0 0.0 0.0 0.0 0.2500000000000018 0.7500000000000018 1.0 1.0 0.7499999999999982 
0.7500000000000004 1.0 1.0 0.7499999999999991 0.2499999999999991 0.0 0.0 0.0 0.0 0.0 0.0 0.0 0.0 0.0 0.0 0.2500000000000018 0.7500000000000018 1.0 1.0 0.7499999999999982 
0.7500000000000004 1.0 1.0 0.7499999999999991 0.2499999999999991 0.0 0.0 0.0 0.0 0.0 0.0 0.0 0.0 0.0 0.0 0.2500000000000018 0.7500000000000018 1.0 1.0 0.7499999999999982 
0.7500000000000004 1.0 1.0 0.7499999999999991 0.2499999999999991 0.0 0.0 0.0 0.0 0.0 0.0 0.0 0.0 0.0 0.0 0.2500000000000018 0.7500000000000018 1.0 1.0 0.7499999999999982 
0.7500000000000004 1.0 1.0 0.7499999999999991 0.2499999999999991 0.0 0.0 0.0 0.0 0.0 0.0 0.0 0.0 0.0 0.0 0.2500000000000018 0.7500000000000018 1.0 1.0 0.7499999999999982 
0.7500000000000004 1.0 1.0 0.7499999999999991 0.2499999999999991 0.0 0.0 0.0 0.0 0.0 0.0 0.0 0.0 0.0 0.0 0.2500000000000018 0.7500000000000018 1.0 1.0 0.7499999999999982 
0.7500000000000004 1.0 1.0 0.7499999999999991 0.2499999999999991 0.0 0.0 0.0 0.0 0.0 0.0 0.0 0.0 0.0 0.0 0.2500000000000018 0.7500000000000018 1.0 1.0 0.7499999999999982 
0.7500000000000004 1.0 1.0 0.7499999999999991 0.2499999999999991 0.0 0.0 0.0 0.0 0.0 0.0 0.0 0.0 0.0 0.0 0.2500000000000018 0.7500000000000018 1.0 1.0 0.7499999999999982 
0.7500000000000004 1.0 1.0 0.7499999999999991 0.2499999999999991 0.0 0.0 0.0 0.0 0.0 0.0 0.0 0.0 0.0 0.0 0.2500000000000018 0.7500000000000018 0.9124999999999985 0.7374999999999969 0.48749999999999644 
0.7500000000000004 1.0 1.0 0.7499999999999991 0.2499999999999991 0.0 0.0 0.0 0.0 0.0 0.0 0.06250000000000133 0.1875000000000031 0.25000000000000355 0.25000000000000355 0.437500000000004 0.8125000000000022 0.7499999999999982 0.24999999999999822 0.0 
0.7500000000000004 1.0 1.0 0.7875000000000006 0.3625000000000035 0.15000000000000568 0.15000000000000568 0.15000000000000568 0.15000000000000568 0.15000000000000568 0.15000000000000568 0.36250000000000576 0.787500000000003 1.0 1.0 0.9624999999999984 0.8874999999999955 0.6374999999999942 0.21249999999999708 0.0 
0.7124999999999972 0.9499999999999957 0.9499999999999957 0.9499999999999957 0.9499999999999957 0.9499999999999957 0.9499999999999957 0.9499999999999957 0.9499999999999957 0.9499999999999957 0.9499999999999957 0.9499999999999957 0.9499999999999957 0.9499999999999957 0.9499999999999957 0.7124999999999951 0.23749999999999724 0.0 0.0 0.0 
