0.8500000000000014 1.0 1.0 1.0 1.0 1.0 1.0 1.0 1.0 1.0 1.0 1.0 1.0 1.0 1.0 1.0 1.0 1.0 1.0 0.8500000000000014 
0.403750000000003 0.47500000000000275 0.47500000000000275 0.47500000000000275 0.47500000000000275 0.47500000000000275 0.47500000000000275 0.47500000000000275 0.47500000000000275 0.47500000000000275 0.47500000000000275 0.47500000000000275 0.47500000000000275 0.47500000000000275 0.8162500000000001 1.0 1.0 1.0 1.0 0.8500000000000014 
0.0 0.0 0.0 0.0 0.0 0.0 0.0 0.0 0.0 0.0 0.0 0.0 0.0 0.0 0.6499999999999986 1.0 1.0 1.0 1.0 0.8500000000000014 
0.0 0.0 0.0 0.0 0.0 0.0 0.0 0.0 0.0 0.0 0.0 0.0 0.0 0.0 0.6499999999999986 1.0 1.0 1.0 0.5500000000000007 0.0 
0.0 0.0 0.0 0.0 0.0 0.0 0.0 0.0 0.0 0.0 0.0 0.0 0.14374999999999938 0.5462499999999972 0.8512499999999985 1.0 0.9712500000000007 0.5687500000000029 0.23375000000000168 0.0 
0.0 0.0 0.0 0.0 0.0 0.0 0.0 0.0 0.0 0.0 0.0 0.0 0.25 0.9499999999999993 1.0 1.0 0.9500000000000011 0.2500000000000018 0.0 0.0 
0.0 0.0 0.0 0.0 0.0 0.0 0.0 0.0 0.0 0.0 0.0 0.5499999999999998 1.0 1.0 1.0 0.6500000000000004 0.0 0.0 0.0 0.0 
0.0 0.0 0.0 0.0 0.0 0.0 0.0 0.0 0.0 0.09374999999999996 0.5312499999999982 0.8312499999999992 1.0 1.0 0.593750000000002 0.2437500000000013 0.0 0.0 0.0 0.0 
0.0 0.0 0.0 0.0 0.0 0.0 0.0 0.0 0.0 0.15000000000000036 0.8499999999999996 1.0 1.0 1.0 0.3500000000000014 0.0 0.0 0.0 0.0 0.0 
0.0 0.0 0.0 0.0 0.0 0.0 0.0 0.0 0.14624999999999894 0.42624999999999813 0.8987499999999994 1.0 0.75 0.05000000000000071 0.0 0.0 0.0 0.0 0.0 0.0 
0.0 0.0 0.0 0.0 0.0 0.0 0.0 0.0 0.4500000000000002 1.0 1.0 1.0 0.75 0.05000000000000071 0.0 0.0 0.0 0.0 0.0 0.0 
0.0 0.0 0.0 0.0 0.0 0.0 0.05000000000000071 0.75 1.0 1.0 1.0 0.4500000000000002 0.0 0.0 0.0 0.0 0.0 0.0 0.0 0.0 
0.0 0.0 0.0 0.0 0.0 0.1312500000000002 0.40625000000000044 0.84375 1.0 0.9437499999999999 0.6812500000000001 0.2812500000000001 0.0 0.0 0.0 0.0 0.0 0.0 0.0 0.0 
0.0 0.0 0.0 0.0 0.0 0.35000000000000053 1.0 1.0 1.0 0.8499999999999996 0.15000000000000036 0.0 0.0 0.0 0.0 0.0 0.0 0.0 0.0 0.0 
0.0 0.0 0.0 0.0 0.6500000000000008 1.0 1.0 1.0 0.5499999999999998 0.0 0.0 0.0 0.0 0.0 0.0 0.0 0.0 0.0 0.0 0.0 
0.0 0.0 0.0 0.0 0.6500000000000008 1.0 0.9787499999999998 0.6812500000000021 0.3162500000000015 0.0 0.0 0.0 0.0 0.0 0.0 0.0 0.0 0.0 0.0 0.0 
0.0 0.0 0.1937500000000005 0.7362499999999995 0.9212499999999997 1.0 0.9499999999999993 0.25 0.0 0.0 0.0 0.0 0.0 0.0 0.0 0.0 0.0 0.0 0.0 0.0 
0.0 0.06875000000000016 0.343750000000001 0.9562500000000009 1.0 0.9562499999999999 0.8312499999999994 0.21875 0.0 0.0 0.0 0.0 0.0 0.0 0.0 0.0 0.0 0.0 0.0 0.0 
0.0 0.5500000000000013 1.0 1.0 1.0 0.6499999999999995 0.0 0.0 0.0 0.0 0.0 0.0 0.0 0.0 0.0 0.0 0.0 0.0 0.0 0.0 
0.0 0.5500000000000013 1.0 1.0 0.46374999999999983 0.11375000000000036 0.0 0.0 0.0 0.0 0.0 0.0 0.0 0.0 0.0 0.0 0.0 0.0 0.0 0.0 
