0.0 0.0 0.0 0.0 0.4250000000000025 1.0 1.0 1.0 1.0 1.0 1.0 1.0 0.37499999999999645 0.0 0.0 0.0 0.0 0.0 0.0 0.0 
0.0 0.0 0.125000000000002 0.7750000000000021 1.0 1.0 1.0 1.0 1.0 1.0 1.0 1.0 1.0 1.0 1.0 1.0 0.774999999999995 0.12499999999999467 0.0 0.0 
0.0 0.47500000000000175 1.0 1.0 1.0 1.0 1.0 1.0 1.0 1.0 1.0 1.0 1.0 1.0 1.0 1.0 1.0 1.0 0.4749999999999943 0.0 
0.8250000000000015 1.0 1.0 1.0 1.0 0.9249999999999972 0.27499999999999725 0.0 0.0 0.0 0.0 0.0 0.0 0.2750000000000039 0.9250000000000043 1.0 1.0 1.0 1.0 0.824999999999994 
0.8250000000000015 1.0 1.0 1.0 0.5749999999999975 0.0 0.0 0.0 0.0 0.0 0.0 0.0 0.0 0.2750000000000039 0.9250000000000043 1.0 1.0 1.0 1.0 0.824999999999994 
0.8250000000000015 1.0 1.0 1.0 0.5749999999999975 0.0 0.0 0.0 0.0 0.0 0.0 0.0 0.0 0.0 0.0 0.5750000000000046 0.774999999999995 0.12499999999999467 0.0 0.0 
0.8250000000000015 1.0 1.0 1.0 0.5749999999999975 0.0 0.0 0.0 0.0 0.0 0.0 0.0 0.0 0.0 0.0 0.0 0.0 0.0 0.0 0.0 
0.8250000000000015 1.0 1.0 1.0 0.5749999999999975 0.0 0.0 0.0 0.0 0.0 0.0 0.0 0.0 0.0 0.0 0.0 0.0 0.0 0.0 0.0 
0.8250000000000015 1.0 1.0 1.0 1.0 1.0 1.0 1.0 1.0 1.0 1.0 1.0 1.0 1.0 1.0 1.0 0.774999999999995 0.12499999999999467 0.0 0.0 
0.8250000000000015 1.0 1.0 1.0 1.0 1.0 1.0 1.0 1.0 1.0 1.0 1.0 1.0 1.0 1.0 1.0 1.0 1.0 0.4749999999999943 0.0 
0.8250000000000015 1.0 1.0 1.0 1.0 0.9249999999999972 0.27499999999999725 0.0 0.0 0.0 0.0 0.0 0.6250000000000036 1.0 1.0 1.0 1.0 1.0 0.4749999999999943 0.0 
0.8250000000000015 1.0 1.0 1.0 1.0 0.9249999999999972 0.27499999999999725 0.0 0.0 0.0 0.0 0.0 0.0 0.2750000000000039 0.9250000000000043 1.0 1.0 1.0 1.0 0.824999999999994 
0.8250000000000015 1.0 1.0 1.0 0.5749999999999975 0.0 0.0 0.0 0.0 0.0 0.0 0.0 0.0 0.0 0.0 0.5750000000000046 1.0 1.0 1.0 0.824999999999994 
0.8250000000000015 1.0 1.0 1.0 0.5749999999999975 0.0 0.0 0.0 0.0 0.0 0.0 0.0 0.0 0.2750000000000039 0.9250000000000043 1.0 1.0 1.0 1.0 0.824999999999994 
0.8250000000000015 1.0 1.0 1.0 1.0 0.9249999999999972 0.27499999999999725 0.0 0.0 0.0 0.0 0.0 0.0 0.2750000000000039 0.9250000000000043 1.0 1.0 1.0 1.0 0.824999999999994 
0.8250000000000015 1.0 1.0 1.0 1.0 1.0 1.0 0.6249999999999964 0.0 0.0 0.0 0.0 0.0 0.2750000000000039 0.9250000000000043 1.0 1.0 1.0 0.4749999999999943 0.0 
0.0 0.47500000000000175 1.0 1.0 1.0 1.0 1.0 1.0 1.0 1.0 1.0 1.0 1.0 1.0 1.0 1.0 1.0 1.0 0.4749999999999943 0.0 
0.0 0.0 0.125000000000002 0.7750000000000021 1.0 1.0 1.0 1.0 1.0 1.0 1.0 1.0 1.0 1.0 1.0 1.0 0.774999999999995 0.12499999999999467 0.0 0.0 
0.0 0.0 0.0 0.0 0.0 0.0 0.0 0.37500000000000355 1.0 1.0 1.0 1.0 0.37499999999999645 0.0 0.0 0.0 0.0 0.0 0.0 0.0 
0.0 0.0 0.0 0.0 0.0 0.0 0.0 0.37500000000000355 1.0 1.0 1.0 1.0 0.37499999999999645 0.0 0.0 0.5750000000000046 1.0 1.0 0.4749999999999943 0.0 
