0.0 0.0 0.0 0.0 0.0 0.0 0.0 0.3656250000000029 0.9750000000000032 0.9750000000000032 0.9750000000000032 0.9750000000000032 0.9750000000000032 0.7068749999999985 0.07312499999999608 0.0 0.0 0.0 0.0 0.0 
0.0 0.0 0.11562500000000141 0.7168750000000035 0.925000000000003 0.925000000000003 0.925000000000003 0.953125000000002 1.0 1.0 1.0 1.0 1.0 0.9793750000000006 0.9306250000000025 0.925000000000003 0.7168749999999977 0.11562499999999545 0.0 0.0 
0.0 0.41562500000000213 0.8906250000000027 0.9718750000000008 1.0 1.0 1.0 1.0 1.0 1.0 1.0 1.0 1.0 1.0 1.0 1.0 0.971875 0.8906250000000019 0.4156249999999964 0.0 
0.0 0.47500000000000087 1.0 1.0 1.0 1.0 1.0 0.6906249999999975 0.17499999999999716 0.17499999999999716 0.17499999999999716 0.17499999999999716 0.17499999999999716 0.4018750000000012 0.9381250000000033 1.0 1.0 1.0 0.9081250000000005 0.6806249999999974 
0.0 0.47500000000000087 1.0 1.0 1.0 0.9418749999999982 0.43812499999999666 0.140624999999998 0.0 0.0 0.0 0.0 0.0 0.2750000000000039 0.9250000000000043 1.0 1.0 1.0 1.0 0.824999999999994 
0.0 0.47500000000000087 1.0 1.0 0.6918749999999978 0.25437499999999735 0.07562499999999885 0.0 0.0 0.0 0.0 0.0 0.0 0.2750000000000039 0.9250000000000043 1.0 1.0 1.0 1.0 0.824999999999994 
0.0 0.1543749999999991 0.3249999999999975 0.3249999999999975 0.18687499999999804 0.0 0.0 0.0 0.0 0.0 0.0 0.0 0.0 0.2750000000000039 0.9250000000000043 1.0 1.0 1.0 1.0 0.824999999999994 
0.0 0.0 0.0 0.0 0.0 0.0 0.0 0.0 0.0 0.0 0.0 0.0 0.39062500000000333 0.7281250000000028 0.9718750000000017 1.0 1.0 1.0 0.6718749999999956 0.3093749999999963 
0.0 0.0 0.0 0.0 0.0 0.0 0.0 0.21562500000000176 0.575000000000002 0.575000000000002 0.575000000000002 0.575000000000002 0.8406250000000022 1.0 1.0 1.0 0.8706249999999967 0.49687499999999524 0.20187499999999667 0.0 
0.0 0.0 0.0 0.0 0.0 0.0 0.0 0.3750000000000018 1.0 1.0 1.0 1.0 1.0 1.0 1.0 1.0 0.774999999999995 0.12499999999999467 0.0 0.0 
0.0 0.0 0.0 0.0 0.0 0.0 0.0 0.1968750000000004 0.5249999999999986 0.5249999999999986 0.5249999999999986 0.5249999999999986 0.8218750000000011 1.0 1.0 1.0 0.8818749999999977 0.5406249999999985 0.22562499999999797 0.0 
0.0 0.0 0.0 0.0 0.0 0.0 0.0 0.0 0.0 0.0 0.0 0.0 0.3593750000000016 0.5749999999999993 0.5749999999999993 0.8193750000000016 1.0 1.0 0.6981249999999971 0.350624999999998 
0.0 0.0 0.0 0.0 0.0 0.0 0.0 0.0 0.0 0.0 0.0 0.0 0.0 0.0 0.0 0.5750000000000046 1.0 1.0 1.0 0.824999999999994 
0.26812500000000106 0.32500000000000107 0.32500000000000107 0.32500000000000107 0.32500000000000107 0.30062500000000036 0.08937499999999969 0.0 0.0 0.0 0.0 0.0 0.0 0.0 0.0 0.5750000000000046 1.0 1.0 1.0 0.824999999999994 
0.8250000000000006 1.0 1.0 1.0 1.0 0.924999999999998 0.27499999999999813 0.0 0.0 0.0 0.0 0.0 0.0 0.07562500000000118 0.2543750000000015 0.6918750000000036 1.0 1.0 1.0 0.824999999999994 
0.6393749999999994 0.8818749999999994 1.0 1.0 1.0 0.9418749999999986 0.4381249999999996 0.1406250000000005 0.0 0.0 0.0 0.0 0.0 0.2750000000000039 0.9250000000000043 1.0 1.0 1.0 1.0 0.824999999999994 
0.0 0.47500000000000087 1.0 1.0 1.0 1.0 1.0 0.6906249999999988 0.1750000000000007 0.1750000000000007 0.1750000000000007 0.1750000000000007 0.1750000000000007 0.40187500000000376 0.9381250000000035 1.0 1.0 1.0 0.9081249999999986 0.6806249999999945 
0.0 0.41562500000000074 0.875 0.875 0.9281250000000002 1.0 1.0 1.0 1.0 1.0 1.0 1.0 1.0 1.0 1.0 0.9281249999999994 0.875 0.875 0.415624999999995 0.0 
0.0 0.0 0.0 0.0 0.3931250000000003 0.9249999999999972 0.9249999999999972 0.9531249999999983 1.0 1.0 1.0 1.0 0.953124999999998 0.9249999999999972 0.9249999999999972 0.3931249999999945 0.0 0.0 0.0 0.0 
0.0 0.0 0.0 0.0 0.0 0.0 0.0 0.36562500000000225 0.9750000000000014 0.9750000000000014 0.9750000000000014 0.9750000000000014 0.3656249999999971 0.0 0.0 0.0 0.0 0.0 0.0 0.0 
