0.0 0.0 0.0 0.0 0.0 0.10937499999999846 0.17499999999999716 0.17499999999999716 0.17499999999999716 0.17499999999999716 0.48437499999999895 0.8968749999999996 0.2781249999999975 0.17499999999999716 0.17499999999999716 0.1531249999999975 0.021874999999999645 0.0 0.0 0.0 
0.0 0.0 0.0 0.06562500000000043 0.45937499999999887 0.8218749999999999 1.0 1.0 1.0 1.0 1.0 1.0 1.0 1.0 1.0 0.9406249999999997 0.5843749999999982 0.19687499999999922 0.0 0.0 
0.0 0.0 0.32812500000000083 0.890624999999999 0.984375 1.0 1.0 0.8906249999999994 0.2343750000000004 0.12500000000000133 0.12500000000000133 0.12500000000000133 0.12500000000000133 0.6718750000000004 1.0 1.0 1.0 0.375 0.0 0.0 
0.19687500000000008 0.7093750000000012 1.0 1.0 1.0 0.37499999999999867 0.0 0.0 0.0 0.0 0.0 0.0 0.0 0.0 0.29062500000000013 0.8031250000000003 0.971875 0.5156249999999998 0.14062499999999978 0.0 
0.8750000000000018 1.0 1.0 0.9281249999999992 0.49687499999999907 0.15937499999999938 0.0 0.0 0.0 0.0 0.0 0.0 0.0 0.0 0.0 0.125 0.875 1.0 0.625 0.0 
0.8750000000000018 1.0 1.0 0.8749999999999987 0.12499999999999867 0.0 0.0 0.0 0.0 0.0 0.0 0.0 0.0 0.0 0.0 0.125 0.875 1.0 0.625 0.0 
0.8750000000000018 1.0 0.6249999999999984 0.0 0.0 0.0 0.0 0.0 0.0 0.0 0.0 0.0 0.0 0.0 0.0 0.125 0.875 1.0 0.625 0.0 
0.8750000000000018 1.0 0.6249999999999984 0.0 0.0 0.0 0.0 0.0 0.0 0.0 0.0 0.0 0.0 0.0 0.0 0.125 0.875 1.0 0.8593750000000007 0.5468750000000016 
0.8750000000000018 1.0 0.6249999999999984 0.0 0.0 0.0 0.0 0.0 0.0 0.0 0.0 0.0 0.0 0.0 0.0 0.125 0.875 1.0 1.0 0.875 
0.8750000000000018 1.0 0.6249999999999984 0.0 0.0 0.0 0.0 0.0 0.0 0.0 0.0 0.0 0.0 0.0 0.0 0.125 0.875 1.0 1.0 0.875 
0.8750000000000018 1.0 0.6249999999999984 0.0 0.0 0.0 0.0 0.0 0.0 0.0 0.0 0.0 0.0 0.0 0.0 0.125 0.875 1.0 1.0 0.875 
0.8750000000000018 1.0 0.6249999999999984 0.0 0.0 0.0 0.0 0.0 0.0 0.0 0.0 0.0 0.0 0.0 0.0 0.125 0.875 1.0 0.9906249999999979 0.853124999999995 
0.8750000000000018 1.0 0.6249999999999984 0.0 0.0 0.0 0.0 0.0 0.0 0.0 0.0 0.0 0.0 0.0 0.0 0.125 0.875 1.0 0.625 0.0 
0.8750000000000018 1.0 0.6249999999999984 0.0 0.0 0.0 0.0 0.0 0.0 0.0 0.0 0.0 0.0 0.0 0.0 0.125 0.875 1.0 0.625 0.0 
0.8750000000000018 1.0 0.653125000000001 0.0656250000000055 0.009375000000000699 0.0 0.0 0.0 0.0 0.0 0.0 0.0 0.0 0.0 0.0 0.125 0.875 1.0 0.625 0.0 
0.5031249999999942 0.8406249999999977 1.0 0.8749999999999987 0.12499999999999867 0.0 0.0 0.0 0.0 0.0 0.0 0.0 0.0 0.0 0.15937500000000293 0.49687500000000684 0.928125000000001 1.0 0.625 0.0 
0.0 0.6250000000000017 1.0 0.8749999999999987 0.12499999999999867 0.0 0.0 0.0 0.0 0.0 0.0 0.0 0.0 0.0 0.375 1.0 1.0 0.5156249999999942 0.14062499999999423 0.0 
0.0 0.0 0.37500000000000155 0.8906250000000002 0.23437500000000816 0.12500000000001066 0.12500000000001066 0.12500000000001066 0.12500000000001066 0.12500000000001066 0.12500000000001066 0.12500000000001066 0.12500000000001066 0.671875000000004 1.0 1.0 1.0 0.375 0.0 0.0 
0.0 0.0 0.19687499999999628 0.5843749999999901 0.9406249999999992 1.0 1.0 1.0 1.0 1.0 1.0 1.0 1.0 1.0 0.8218749999999955 0.5249999999999879 0.5249999999999879 0.19687499999999547 0.0 0.0 
0.0 0.0 0.0 0.02187499999999899 0.15312499999999152 0.6906249999999974 1.0 1.0 1.0 1.0 1.0 1.0 1.0 0.4843749999999938 0.10937499999999378 0.0 0.0 0.0 0.0 0.0 
