0.0 0.0 0.0 0.0 0.10999999999999949 0.1999999999999993 0.1999999999999993 0.39999999999999947 0.8799999999999996 0.1999999999999993 0.1999999999999993 0.1999999999999993 0.1999999999999993 0.1999999999999993 0.1999999999999993 0.10999999999999904 0.0 0.0 0.0 0.0 
0.0 0.0 0.4499999999999989 0.5999999999999994 0.8199999999999995 1.0 1.0 1.0 1.0 1.0 1.0 1.0 1.0 1.0 1.0 0.8199999999999986 0.3899999999999988 0.0 0.0 0.0 
0.0 0.0 0.7499999999999989 1.0 1.0 1.0 1.0 1.0 1.0 1.0 1.0 1.0 1.0 1.0 1.0 1.0 0.9999999999999999 0.7499999999999961 0.0 0.0 
0.0 0.8499999999999988 1.0 1.0 1.0 0.8200000000000005 0.6000000000000005 0.6000000000000005 0.6000000000000005 0.6000000000000005 0.6000000000000005 0.6000000000000005 0.6000000000000005 0.6000000000000005 0.8200000000000005 1.0 1.0 1.0 0.9099999999999986 0.3799999999999978 
0.7599999999999986 0.9699999999999998 1.0 1.0 1.0 0.5500000000000007 0.0 0.0 0.0 0.0 0.0 0.0 0.0 0.0 0.11000000000000024 0.5600000000000024 1.0 1.0 1.0 0.9499999999999957 
0.9499999999999984 1.0 1.0 1.0 0.4500000000000006 0.0 0.0 0.0 0.0 0.0 0.0 0.0 0.0 0.0 0.0 0.0 0.0 0.0 0.12000000000000167 0.7599999999999965 
0.37999999999999967 0.9099999999999993 1.0 1.0 0.4500000000000006 0.0 0.0 0.0 0.0 0.0 0.0 0.0 0.0 0.0 0.0 0.0 0.0 0.0 0.0 0.0 
0.0 0.8499999999999986 1.0 1.0 1.0 0.5500000000000007 0.0 0.0 0.0 0.0 0.0 0.0 0.0 0.0 0.0 0.0 0.0 0.0 0.0 0.0 
0.0 0.5099999999999989 0.8999999999999995 1.0 1.0 0.7300000000000006 0.40000000000000036 0.40000000000000036 0.34000000000000014 0.0 0.0 0.0 0.0 0.0 0.0 0.0 0.0 0.0 0.0 0.0 
0.0 0.0 0.14999999999999925 0.719999999999999 1.0 1.0 1.0 1.0 0.97 0.8000000000000007 0.8000000000000007 0.8000000000000007 0.8000000000000007 0.8000000000000007 0.8000000000000007 0.4399999999999981 0.0 0.0 0.0 0.0 
0.0 0.0 0.0 0.0 0.4399999999999989 0.7999999999999989 0.8699999999999992 1.0 1.0 1.0 1.0 1.0 1.0 1.0 1.0 1.0 0.7199999999999992 0.15000000000000008 0.0 0.0 
0.0 0.0 0.0 0.0 0.0 0.0 0.13999999999999935 0.3999999999999986 0.3999999999999986 0.3999999999999986 0.3999999999999986 0.3999999999999986 0.3999999999999986 0.7900000000000007 1.0 1.0 1.0 0.8999999999999989 0.5099999999999999 0.0 
0.0 0.0 0.0 0.0 0.0 0.0 0.0 0.0 0.0 0.0 0.0 0.0 0.0 0.0 0.5500000000000007 1.0 1.0 1.0 1.0 0.9499999999999957 
0.0 0.0 0.0 0.0 0.0 0.0 0.0 0.0 0.0 0.0 0.0 0.0 0.0 0.0 0.0 0.27000000000000074 0.7399999999999992 1.0 1.0 0.9499999999999957 
0.0 0.0 0.0 0.0 0.0 0.0 0.0 0.0 0.0 0.0 0.0 0.0 0.0 0.0 0.0 0.0 0.3500000000000014 1.0 1.0 0.9499999999999957 
0.0 0.8499999999999986 0.400000000000003 0.20000000000000284 0.20000000000000284 0.11000000000000171 0.0 0.0 0.0 0.0 0.0 0.0 0.0 0.0 0.0 0.09000000000000184 0.480000000000003 1.0 1.0 0.9499999999999957 
0.0 0.8499999999999985 1.0 1.0 1.0 0.820000000000001 0.3900000000000011 0.0 0.0 0.0 0.0 0.0 0.0 0.0 0.0 0.45000000000000284 1.0 1.0 1.0 0.9499999999999957 
0.0 0.0 0.7499999999999989 1.0 1.0 1.0 1.0 1.0 1.0 1.0 1.0 1.0 1.0 1.0 1.0 1.0 1.0 1.0 0.8499999999999979 0.0 
0.0 0.0 0.0 0.389999999999998 0.8199999999999987 1.0 1.0 1.0 1.0 1.0 1.0 1.0 1.0 1.0 1.0 1.0 1.0 0.899999999999998 0.5099999999999969 0.0 
0.0 0.0 0.0 0.0 0.10999999999999949 0.1999999999999993 0.1999999999999993 0.39999999999999947 1.0 1.0 1.0 1.0 1.0 1.0 1.0 0.6399999999999975 0.1999999999999993 0.14999999999999875 0.0 0.0 
