1.0 1.0 1.0 1.0 0.9999999999999964 0.0 0.0 0.0 0.0 0.0 0.0 0.0 0.0 0.0 3.552713678800425e-16 0.19999999999999574 0.19999999999999574 0.19999999999999574 0.19999999999999574 0.0 
0.40000000000000646 1.0 1.0 0.9999999999999981 0.4000000000000029 0.0 0.0 0.0 0.0 0.0 0.0 0.0 0.0 0.0 7.105427357601079e-16 0.4000000000000054 1.0 1.0 1.0 0.5999999999999956 
3.552713678800501e-15 1.0 1.0 0.9999999999999969 0.0 0.0 0.0 0.0 0.0 0.0 0.0 0.0 0.0 0.0 0.0 1.7763568394002505e-15 1.0 1.0 1.0 1.0 
3.552713678800501e-15 1.0 1.0 0.9999999999999969 0.0 0.0 0.0 0.0 0.0 0.0 0.0 0.0 0.0 0.0 0.0 1.7763568394002505e-15 1.0 1.0 1.0 0.600000000000005 
3.552713678800501e-15 1.0 1.0 0.9999999999999969 0.0 0.0 0.0 0.0 0.0 0.0 0.0 0.0 0.0 0.0 0.0 1.7763568394002505e-15 1.0 1.0 1.0 0.0 
3.552713678800501e-15 1.0 1.0 0.9999999999999969 0.0 0.0 0.0 0.0 0.0 0.0 0.0 0.0 0.0 0.0 0.0 1.7763568394002505e-15 1.0 1.0 1.0 0.0 
3.552713678800501e-15 1.0 1.0 0.9999999999999969 0.0 0.0 0.0 0.0 0.0 0.0 0.0 0.0 0.0 0.0 0.0 1.7763568394002505e-15 1.0 1.0 1.0 0.0 
3.552713678800501e-15 1.0 1.0 0.9999999999999969 0.0 0.0 0.0 0.0 0.0 0.0 0.0 0.0 0.0 0.0 0.0 1.7763568394002505e-15 1.0 1.0 1.0 0.0 
3.552713678800501e-15 1.0 1.0 0.9999999999999981 0.399999999999995 0.399999999999995 0.399999999999995 0.399999999999995 0.399999999999995 0.399999999999995 0.3999999999999943 0.0 0.0 0.0 7.1054273576009135e-16 0.3999999999999961 1.0 1.0 1.0 0.0 
3.552713678800501e-15 1.0 1.0 1.0 1.0 1.0 1.0 1.0 1.0 1.0 0.9999999999999997 0.7999999999999954 0.7999999999999954 0.7999999999999954 0.7999999999999957 1.0 1.0 1.0 1.0 0.0 
3.552713678800501e-15 1.0 1.0 1.0 1.0 1.0 1.0 1.0 1.0 1.0 1.0 1.0 1.0 1.0 1.0 1.0 1.0 1.0 1.0 0.0 
0.5999999999999958 1.0 1.0 0.9999999999999981 0.4000000000000057 0.4000000000000057 0.4000000000000057 0.4000000000000057 0.4000000000000057 0.4000000000000057 0.4000000000000057 0.4000000000000057 0.4000000000000057 0.4000000000000057 0.40000000000000674 1.0 1.0 1.0 1.0 0.0 
1.0658141036401478e-14 1.0 1.0 0.9999999999999969 0.0 0.0 0.0 0.0 0.0 0.0 0.0 0.0 0.0 0.0 1.7763568394002505e-15 1.0 1.0 1.0 1.0 0.0 
3.552713678800501e-15 1.0 1.0 0.9999999999999969 0.0 0.0 0.0 0.0 0.0 0.0 0.0 0.0 0.0 0.0 0.0 1.7763568394002505e-15 1.0 1.0 1.0 0.0 
0.7999999999999943 1.0 1.0 0.9999999999999969 0.0 0.0 0.0 0.0 0.0 0.0 0.0 0.0 0.0 0.0 1.421085471520189e-15 0.7999999999999939 1.0 1.0 1.0 0.0 
1.0 1.0 1.0 0.9999999999999969 0.0 0.0 0.0 0.0 0.0 0.0 0.0 0.0 0.0 0.0 1.7763568394002505e-15 1.0 1.0 1.0 1.0 0.0 
1.0 1.0 1.0 0.9999999999999969 0.0 0.0 0.0 0.0 0.0 0.0 0.0 0.0 0.0 0.0 1.7763568394002505e-15 1.0 1.0 1.0 1.0 0.0 
1.0 1.0 1.0 0.9999999999999969 0.0 0.0 0.0 0.0 0.0 0.0 0.0 0.0 0.0 0.0 1.7763568394002505e-15 1.0 1.0 1.0 1.0 0.0 
1.0 1.0 1.0 0.9999999999999969 0.0 0.0 0.0 0.0 0.0 0.0 0.0 0.0 0.0 0.0 1.7763568394002505e-15 1.0 1.0 1.0 1.0 0.0 
0.2000000000000064 0.2000000000000064 0.2000000000000064 0.20000000000000578 0.0 0.0 0.0 0.0 0.0 0.0 0.0 0.0 0.0 0.0 1.7763568394002505e-15 1.0 1.0 1.0 1.0 0.0 
