0.0 0.0 0.0 0.02500000000000089 0.17500000000000568 0.2000000000000064 0.2000000000000064 0.3000000000000063 0.9000000000000015 1.0 1.0 0.8999999999999994 0.30000000000000415 0.2000000000000064 0.12500000000000364 0.0 0.0 0.0 0.0 0.0 
0.0 0.0 0.22500000000000242 0.6500000000000055 0.950000000000001 1.0 1.0 1.0 1.0 1.0 1.0 1.0 1.0 1.0 0.8500000000000015 0.6000000000000061 0.6000000000000061 0.22500000000000123 0.0 0.0 
0.0 0.6250000000000001 1.0 1.0 1.0 1.0 1.0 1.0 1.0 1.0 1.0 1.0 1.0 1.0 1.0 1.0 1.0 1.0 0.6249999999999982 0.0 
0.350000000000005 0.7750000000000021 1.0 1.0 1.0 1.0 0.8499999999999975 0.5999999999999943 0.5999999999999943 0.5999999999999943 0.5999999999999943 0.5999999999999943 0.5999999999999943 0.8499999999999985 1.0 1.0 1.0 1.0 0.775000000000001 0.35000000000000425 
0.875 1.0 1.0 1.0 1.0 0.49999999999999645 0.1249999999999966 0.0 0.0 0.0 0.0 0.0 0.0 0.12499999999999714 0.4999999999999982 1.0 1.0 1.0 1.0 0.8749999999999982 
0.875 1.0 1.0 1.0 1.0 0.37499999999999956 0.0 0.0 0.0 0.0 0.0 0.0 0.0 0.0 0.3750000000000018 1.0 1.0 1.0 1.0 0.8749999999999982 
0.875 1.0 1.0 1.0 1.0 0.37499999999999956 0.0 0.0 0.0 0.0 0.0 0.0 0.0 0.0 0.3750000000000018 1.0 1.0 1.0 1.0 0.8749999999999982 
0.875 1.0 1.0 1.0 1.0 0.37499999999999956 0.0 0.0 0.0 0.0 0.0 0.0 0.0 0.0 0.3750000000000018 1.0 1.0 1.0 1.0 0.8749999999999982 
0.875 1.0 1.0 1.0 1.0 0.37499999999999956 0.0 0.0 0.0 0.0 0.0 0.0 0.0 0.0 0.3750000000000018 1.0 1.0 1.0 1.0 0.8749999999999982 
0.17499999999999627 0.6999999999999985 1.0 1.0 1.0 0.8750000000000026 0.500000000000002 0.0 0.0 0.0 0.0 0.0 0.0 0.5000000000000041 0.875000000000003 1.0 1.0 1.0 1.0 0.8749999999999982 
0.0 0.49999999999999833 0.8749999999999982 1.0 1.0 1.0 1.0 1.0 1.0 0.5000000000000011 0.5000000000000024 1.0 1.0 1.0 1.0 1.0 1.0 1.0 1.0 0.8749999999999982 
0.0 0.0 0.14999999999999888 0.4749999999999975 0.9249999999999998 1.0 1.0 1.0 1.0 1.0 1.0 1.0 1.0 1.0 1.0 1.0 1.0 1.0 1.0 0.8749999999999982 
0.0 0.0 0.0 0.0 0.0 0.0 0.37499999999999956 0.9999999999999964 0.9999999999999964 0.9999999999999964 0.9999999999999964 0.9999999999999964 0.9999999999999964 0.9999999999999964 0.9999999999999978 1.0 1.0 1.0 1.0 0.8749999999999982 
0.0 0.0 0.0 0.0 0.0 0.0 0.0 0.0 0.0 0.0 0.0 0.0 0.0 0.0 0.3750000000000018 1.0 1.0 1.0 1.0 0.8749999999999982 
0.0 0.0 0.0 0.0 0.0 0.0 0.0 0.0 0.0 0.0 0.0 0.0 0.0 0.0 0.3750000000000018 1.0 1.0 1.0 1.0 0.8749999999999982 
0.1750000000000025 0.20000000000000284 0.20000000000000284 0.20000000000000284 0.20000000000000284 0.07500000000000098 0.0 0.0 0.0 0.0 0.0 0.0 0.0 0.0 0.3750000000000018 1.0 1.0 1.0 1.0 0.8749999999999982 
0.34999999999999876 0.7749999999999995 1.0 1.0 1.0 0.7500000000000007 0.37500000000000033 0.0 0.0 0.0 0.0 0.0 0.0 0.37500000000000194 0.7500000000000016 1.0 1.0 1.0 1.0 0.8749999999999982 
0.0 0.6250000000000001 1.0 1.0 1.0 1.0 1.0 1.0 1.0 1.0 1.0 1.0 1.0 1.0 1.0 1.0 1.0 1.0 0.6249999999999982 0.0 
0.0 0.0 0.22499999999999934 0.6499999999999984 0.95 1.0 1.0 1.0 1.0 1.0 1.0 1.0 1.0 1.0 1.0 0.9499999999999991 0.6499999999999975 0.22499999999999815 0.0 0.0 
0.0 0.0 0.0 0.025 0.17499999999999946 0.1999999999999993 0.5000000000000002 1.0 1.0 1.0 1.0 1.0 1.0 1.0 0.6999999999999983 0.17499999999999902 0.024999999999999557 0.0 0.0 0.0 
