0.10624999999999844 0.12499999999999822 0.12499999999999822 0.12499999999999822 0.12499999999999822 0.4312499999999997 1.0 1.0 1.0 1.0 1.0 0.5187499999999968 0.3437500000000018 0.9562500000000024 1.0 1.0 1.0 1.0 1.0 0.8499999999999943 
0.8499999999999996 1.0 1.0 1.0 1.0 1.0 1.0 1.0 1.0 1.0 1.0 1.0 1.0 1.0 1.0 1.0 1.0 1.0 1.0 0.8499999999999943 
0.31875000000000137 0.3750000000000018 0.3750000000000018 0.3750000000000018 0.3750000000000018 0.3750000000000018 0.3750000000000018 0.3750000000000018 0.3750000000000018 0.3750000000000018 0.3750000000000018 0.3750000000000018 0.3750000000000018 0.3750000000000018 0.7812500000000031 1.0 1.0 1.0 1.0 0.8499999999999943 
0.0 0.0 0.0 0.0 0.0 0.0 0.0 0.0 0.0 0.0 0.0 0.0 0.0 0.0 0.6500000000000039 1.0 1.0 1.0 0.6062499999999967 0.1062500000000008 
0.0 0.0 0.0 0.0 0.0 0.0 0.0 0.0 0.0 0.0 0.0 0.0 0.03125 0.11874999999999866 0.6937500000000028 1.0 0.9937499999999996 0.9062500000000007 0.48124999999999696 0.0 
0.0 0.0 0.0 0.0 0.0 0.0 0.0 0.0 0.0 0.0 0.0 0.0 0.25000000000000355 0.9500000000000028 1.0 1.0 0.9499999999999957 0.24999999999999467 0.0 0.0 
0.0 0.0 0.0 0.0 0.0 0.0 0.0 0.0 0.0 0.0 0.0 0.34375000000000056 0.71875 0.981250000000001 1.0 0.7812499999999987 0.35625000000000007 0.09374999999999845 0.0 0.0 
0.0 0.0 0.0 0.0 0.0 0.0 0.0 0.0 0.0 0.0 0.0 0.5500000000000025 1.0 1.0 1.0 0.6499999999999968 0.0 0.0 0.0 0.0 
0.0 0.0 0.0 0.0 0.0 0.0 0.0 0.0 0.0 0.15000000000000213 0.8500000000000023 1.0 1.0 1.0 0.3499999999999961 0.0 0.0 0.0 0.0 0.0 
0.0 0.0 0.0 0.0 0.0 0.0 0.0 0.0 0.16874999999999993 0.46874999999999983 0.9062500000000012 1.0 0.9062499999999991 0.6437500000000006 0.21874999999999817 0.0 0.0 0.0 0.0 0.0 
0.0 0.0 0.0 0.0 0.0 0.0 0.0 0.0 0.45000000000000195 1.0 1.0 1.0 0.7499999999999964 0.04999999999999716 0.0 0.0 0.0 0.0 0.0 0.0 
0.0 0.0 0.0 0.0 0.0 0.0 0.04375000000000131 0.6562500000000002 0.9312499999999992 1.0 1.0 0.5187499999999988 0.09375000000000089 0.006249999999999733 0.0 0.0 0.0 0.0 0.0 0.0 
0.0 0.0 0.0 0.0 0.0 0.0437499999999995 0.1687499999999997 0.7812500000000011 1.0 0.98125 0.8937500000000013 0.3937499999999986 0.0 0.0 0.0 0.0 0.0 0.0 0.0 0.0 
0.0 0.0 0.0 0.0 0.0 0.350000000000001 1.0 1.0 1.0 0.8499999999999979 0.1499999999999977 0.0 0.0 0.0 0.0 0.0 0.0 0.0 0.0 0.0 
0.0 0.0 0.0 0.0 0.4062500000000005 0.7562500000000003 1.0 1.0 0.7187499999999988 0.3187499999999992 0.056249999999999134 0.0 0.0 0.0 0.0 0.0 0.0 0.0 0.0 0.0 
0.0 0.0 0.0 0.0 0.6500000000000008 1.0 1.0 1.0 0.549999999999998 0.0 0.0 0.0 0.0 0.0 0.0 0.0 0.0 0.0 0.0 0.0 
0.0 0.06874999999999999 0.3437500000000002 0.9562500000000005 1.0 0.9562499999999998 0.8312499999999986 0.21874999999999845 0.0 0.0 0.0 0.0 0.0 0.0 0.0 0.0 0.0 0.0 0.0 0.0 
0.0 0.5499999999999999 1.0 1.0 1.0 0.649999999999999 0.0 0.0 0.0 0.0 0.0 0.0 0.0 0.0 0.0 0.0 0.0 0.0 0.0 0.0 
0.0 0.5499999999999999 1.0 1.0 0.5937499999999996 0.24374999999999963 0.0 0.0 0.0 0.0 0.0 0.0 0.0 0.0 0.0 0.0 0.0 0.0 0.0 0.0 
0.7437499999999997 0.94375 1.0 1.0 0.3499999999999992 0.0 0.0 0.0 0.0 0.0 0.0 0.0 0.0 0.0 0.0 0.0 0.0 0.0 0.0 0.0 
