0.0 0.0 0.0 0.0 0.0 0.0 0.0 0.0 0.45000000000000195 1.0 1.0 1.0 1.0 1.0 0.3499999999999961 0.0 0.0 0.0 0.0 0.0 
0.0 0.0 0.0 0.0 0.0 0.0 0.0 0.0 0.45000000000000195 1.0 1.0 1.0 1.0 1.0 0.3499999999999961 0.0 0.0 0.0 0.0 0.0 
0.0 0.0 0.0 0.0 0.0 0.0 0.0 0.0 0.45000000000000195 1.0 1.0 1.0 1.0 1.0 0.3499999999999961 0.0 0.0 0.0 0.0 0.0 
0.0 0.0 0.0 0.0 0.0 0.0 0.04375000000000131 0.6562500000000002 0.9312499999999992 1.0 1.0 1.0 1.0 1.0 0.9187499999999984 0.5687499999999961 0.0 0.0 0.0 0.0 
0.0 0.0 0.0 0.0 0.0 0.0 0.0500000000000016 0.7500000000000018 1.0 1.0 1.0 1.0 1.0 1.0 1.0 0.6499999999999968 0.0 0.0 0.0 0.0 
0.0 0.0 0.0 0.0 0.0 0.0 0.0500000000000016 0.7500000000000018 1.0 1.0 1.0 1.0 1.0 1.0 1.0 0.6499999999999968 0.0 0.0 0.0 0.0 
0.0 0.0 0.0 0.0 0.0 0.21875 0.6437499999999989 0.9062500000000002 1.0 1.0 1.0 1.0 1.0 1.0 1.0 0.6499999999999968 0.0 0.0 0.0 0.0 
0.0 0.0 0.0 0.0 0.0 0.350000000000001 1.0 1.0 1.0 0.8687499999999984 0.2562499999999995 0.12500000000000178 0.34375000000000444 0.9562500000000026 1.0 0.9562499999999989 0.8312499999999946 0.2187499999999949 0.0 0.0 
0.0 0.0 0.0 0.0 0.08124999999999895 0.4312499999999997 1.0 1.0 0.549999999999998 0.0 0.0 0.0 0.25000000000000355 0.9500000000000028 1.0 1.0 0.9499999999999957 0.24999999999999467 0.0 0.0 
0.0 0.0 0.0 0.0 0.6500000000000008 1.0 1.0 1.0 0.549999999999998 0.0 0.0 0.0 0.25000000000000355 0.9500000000000028 1.0 1.0 0.9499999999999957 0.24999999999999467 0.0 0.0 
0.0 0.0 0.0 0.0 0.6500000000000008 1.0 0.9687499999999991 0.5312500000000002 0.20625000000000024 0.0 0.0 0.0 0.25000000000000355 0.9500000000000028 1.0 1.0 0.9499999999999957 0.24999999999999467 0.0 0.0 
0.0 0.0 0.0 0.0 0.6500000000000008 1.0 0.9499999999999984 0.24999999999999822 0.0 0.0 0.0 0.0 0.03125000000000089 0.11875000000000205 0.6937500000000041 1.0 0.9499999999999957 0.24999999999999467 0.0 0.0 
0.0 0.0 0.2500000000000002 0.9500000000000006 1.0 1.0 0.9499999999999984 0.24999999999999822 0.0 0.0 0.0 0.0 0.0 0.0 0.6500000000000039 1.0 1.0 1.0 0.5499999999999954 0.0 
0.0 0.0 0.2500000000000002 0.9500000000000006 1.0 1.0 0.9499999999999984 0.24999999999999822 0.0 0.0 0.0 0.0 0.0 0.0 0.6500000000000039 1.0 1.0 1.0 0.5499999999999954 0.0 
0.0 0.34374999999999994 0.7187500000000001 0.9812500000000002 1.0 1.0 0.9499999999999984 0.24999999999999822 0.0 0.0 0.0 0.0 0.0 0.0 0.6500000000000039 1.0 1.0 1.0 0.5499999999999954 0.0 
0.0 0.5499999999999999 1.0 1.0 1.0 1.0 0.9937499999999998 0.9062499999999998 0.875 0.875 0.875 0.875 0.875 0.875 0.9562500000000005 1.0 1.0 1.0 0.5499999999999954 0.0 
0.0 0.5499999999999999 1.0 1.0 1.0 1.0 1.0 1.0 0.9437499999999998 0.875 0.875 0.875 0.875 0.875 0.9562500000000005 1.0 1.0 1.0 1.0 0.8499999999999943 
0.31874999999999987 0.71875 1.0 1.0 0.7562499999999996 0.625 0.625 0.625 0.3437499999999988 0.0 0.0 0.0 0.0 0.0 0.40625000000000244 0.7562500000000012 1.0 1.0 1.0 0.8499999999999943 
0.8499999999999996 1.0 1.0 1.0 0.3499999999999992 0.0 0.0 0.0 0.0 0.0 0.0 0.0 0.0 0.0 0.0 0.3500000000000032 1.0 1.0 1.0 0.8499999999999943 
0.8499999999999996 1.0 0.7812499999999998 0.16874999999999946 0.0437499999999999 0.0 0.0 0.0 0.0 0.0 0.0 0.0 0.0 0.0 0.0 0.0437500000000004 0.125 0.125 0.125 0.10624999999999929 
