0.8499999999999996 1.0 1.0 1.0 1.0 1.0 1.0 1.0 1.0 1.0 1.0 1.0 1.0 1.0 1.0 1.0 1.0 1.0 1.0 0.8499999999999943 
0.8499999999999996 1.0 1.0 1.0 1.0 1.0 1.0 1.0 1.0 1.0 1.0 1.0 1.0 1.0 1.0 1.0 1.0 1.0 1.0 0.8499999999999943 
0.31875000000000137 0.3750000000000018 0.3750000000000018 0.3750000000000018 0.3750000000000018 0.3750000000000018 0.3750000000000018 0.3750000000000018 0.3750000000000018 0.3750000000000018 0.3750000000000018 0.3750000000000018 0.3750000000000018 0.3750000000000018 0.7812500000000031 1.0 1.0 1.0 0.7187499999999979 0.31874999999999937 
0.0 0.0 0.0 0.0 0.0 0.0 0.0 0.0 0.0 0.0 0.0 0.0 0.21875000000000266 0.8312500000000008 0.9562499999999998 1.0 1.0 1.0 0.5499999999999954 0.0 
0.0 0.0 0.0 0.0 0.0 0.0 0.0 0.0 0.0 0.0 0.0 0.06874999999999934 0.3437500000000018 0.9562500000000024 1.0 1.0 0.9499999999999957 0.24999999999999467 0.0 0.0 
0.0 0.0 0.0 0.0 0.0 0.0 0.0 0.0 0.0 0.0 0.0 0.5500000000000025 1.0 1.0 1.0 0.8687499999999995 0.593749999999999 0.1562499999999971 0.0 0.0 
0.0 0.0 0.0 0.0 0.0 0.0 0.0 0.0 0.0 0.09375000000000107 0.5312499999999999 0.8312500000000002 1.0 1.0 1.0 0.6499999999999968 0.0 0.0 0.0 0.0 
0.0 0.0 0.0 0.0 0.0 0.0 0.0 0.0 0.0 0.15000000000000213 0.8500000000000023 1.0 1.0 1.0 0.43124999999999775 0.08125000000000075 0.0 0.0 0.0 0.0 
0.0 0.0 0.0 0.0 0.0 0.0 0.0 0.0 0.45000000000000195 1.0 1.0 1.0 0.96875 0.8812500000000013 0.3062499999999972 0.0 0.0 0.0 0.0 0.0 
0.0 0.0 0.0 0.0 0.0 0.0 0.01875000000000051 0.28124999999999933 0.6562500000000002 1.0 1.0 1.0 0.7499999999999964 0.04999999999999716 0.0 0.0 0.0 0.0 0.0 0.0 
0.0 0.0 0.0 0.0 0.0 0.0 0.0500000000000016 0.7500000000000018 1.0 1.0 1.0 0.6562499999999994 0.28125 0.018749999999999024 0.0 0.0 0.0 0.0 0.0 0.0 
0.0 0.0 0.0 0.0 0.0 0.30625000000000024 0.8812499999999985 0.9687499999999998 1.0 1.0 1.0 0.4499999999999975 0.0 0.0 0.0 0.0 0.0 0.0 0.0 0.0 
0.0 0.0 0.0 0.0 0.08124999999999895 0.4312499999999997 1.0 1.0 1.0 0.8499999999999979 0.1499999999999977 0.0 0.0 0.0 0.0 0.0 0.0 0.0 0.0 0.0 
0.0 0.0 0.0 0.0 0.6500000000000008 1.0 1.0 1.0 0.8312499999999993 0.5312499999999987 0.09374999999999856 0.0 0.0 0.0 0.0 0.0 0.0 0.0 0.0 0.0 
0.0 0.0 0.15625000000000014 0.5937500000000004 0.8687500000000004 1.0 0.968749999999999 0.5312499999999989 0.20624999999999927 0.0 0.0 0.0 0.0 0.0 0.0 0.0 0.0 0.0 0.0 0.0 
0.0 0.0 0.2500000000000002 0.9500000000000006 1.0 1.0 0.9499999999999984 0.24999999999999822 0.0 0.0 0.0 0.0 0.0 0.0 0.0 0.0 0.0 0.0 0.0 0.0 
0.0 0.5499999999999999 1.0 1.0 1.0 0.9562499999999998 0.8312499999999986 0.21874999999999845 0.0 0.0 0.0 0.0 0.0 0.0 0.0 0.0 0.0 0.0 0.0 0.0 
0.31874999999999987 0.71875 1.0 1.0 1.0 0.7812499999999993 0.3562499999999994 0.09374999999999933 0.0 0.0 0.0 0.0 0.0 0.0 0.0 0.0 0.0 0.0 0.0 0.0 
0.8499999999999996 1.0 1.0 1.0 1.0 1.0 0.9812499999999994 0.7187499999999993 0.625 0.625 0.625 0.625 0.625 0.625 0.625 0.625 0.625 0.625 0.625 0.5312499999999964 
0.8499999999999996 1.0 1.0 1.0 1.0 1.0 1.0 1.0 1.0 1.0 1.0 1.0 1.0 1.0 1.0 1.0 1.0 1.0 1.0 0.8499999999999943 
