0.5500000000000002 0.6500000000000001 0.7500000000000001 0.8500000000000001 0.95 0.95 0.8500000000000001 0.7500000000000001 0.6500000000000001 0.5500000000000002 0.4500000000000002 0.3500000000000002 0.25000000000000033 0.15000000000000024 0.05000000000000038 0.0 0.0 0.0 0.0 0.0 
0.5500000000000002 0.6500000000000001 0.7500000000000001 0.8500000000000001 0.95 0.95 0.8500000000000001 0.7500000000000001 0.6500000000000001 0.5500000000000002 0.4500000000000002 0.3500000000000002 0.25000000000000033 0.15000000000000024 0.05000000000000038 0.0 0.0 0.0 0.0 0.0 
0.5500000000000002 0.6500000000000001 0.7500000000000001 0.8500000000000001 0.95 0.95 0.8500000000000001 0.7500000000000001 0.6500000000000001 0.5500000000000002 0.4500000000000002 0.3500000000000002 0.25000000000000033 0.15000000000000024 0.05000000000000038 0.0 0.0 0.0 0.0 0.0 
0.5500000000000002 0.6500000000000001 0.7500000000000001 0.8500000000000001 0.95 0.95 0.8500000000000001 0.7500000000000001 0.6500000000000001 0.5500000000000002 0.4500000000000002 0.3500000000000002 0.25000000000000033 0.15000000000000024 0.05000000000000038 0.0 0.0 0.0 0.0 0.0 
0.5500000000000002 0.6500000000000001 0.7500000000000001 0.8500000000000001 0.95 0.95 0.8500000000000001 0.7500000000000001 0.6500000000000001 0.5500000000000002 0.4500000000000002 0.3500000000000002 0.25000000000000033 0.15000000000000024 0.05000000000000038 0.0 0.0 0.0 0.0 0.0 
0.5500000000000002 0.6500000000000001 0.7500000000000001 0.8500000000000001 0.95 0.95 0.8500000000000001 0.7500000000000001 0.6500000000000001 0.5500000000000002 0.4500000000000002 0.3500000000000002 0.25000000000000033 0.15000000000000024 0.05000000000000038 0.0 0.0 0.0 0.0 0.0 
0.5500000000000002 0.6500000000000001 0.7500000000000001 0.8500000000000001 0.95 0.95 0.8500000000000001 0.7500000000000001 0.6500000000000001 0.5500000000000002 0.4500000000000002 0.3500000000000002 0.25000000000000033 0.15000000000000024 0.05000000000000038 0.0 0.0 0.0 0.0 0.0 
0.5500000000000002 0.6500000000000001 0.7500000000000001 0.8500000000000001 0.95 0.95 0.8500000000000001 0.7500000000000001 0.6500000000000001 0.5500000000000002 0.4500000000000002 0.3500000000000002 0.25000000000000033 0.15000000000000024 0.05000000000000038 0.0 0.0 0.0 0.0 0.0 
0.5500000000000002 0.6500000000000001 0.7500000000000001 0.8500000000000001 0.95 0.95 0.8500000000000001 0.7500000000000001 0.6500000000000001 0.5500000000000002 0.4500000000000002 0.3500000000000002 0.25000000000000033 0.15000000000000024 0.05000000000000038 0.0 0.0 0.0 0.0 0.0 
0.5500000000000002 0.6500000000000001 0.7500000000000001 0.8500000000000001 0.95 0.95 0.8500000000000001 0.7500000000000001 0.6500000000000001 0.5500000000000002 0.4500000000000002 0.3500000000000002 0.25000000000000033 0.15000000000000024 0.05000000000000038 0.0 0.0 0.0 0.0 0.0 
0.5500000000000002 0.6500000000000001 0.7500000000000001 0.8500000000000001 0.95 0.95 0.8500000000000001 0.7500000000000001 0.6500000000000001 0.5500000000000002 0.4500000000000002 0.3500000000000002 0.25000000000000033 0.15000000000000024 0.05000000000000038 0.0 0.0 0.0 0.0 0.0 
0.5500000000000002 0.6500000000000001 0.7500000000000001 0.8500000000000001 0.95 0.95 0.8500000000000001 0.7500000000000001 0.6500000000000001 0.5500000000000002 0.4500000000000002 0.3500000000000002 0.25000000000000033 0.15000000000000024 0.05000000000000038 0.0 0.0 0.0 0.0 0.0 
0.5500000000000002 0.6500000000000001 0.7500000000000001 0.8500000000000001 0.95 0.95 0.8500000000000001 0.7500000000000001 0.6500000000000001 0.5500000000000002 0.4500000000000002 0.3500000000000002 0.25000000000000033 0.15000000000000024 0.05000000000000038 0.0 0.0 0.0 0.0 0.0 
0.5500000000000002 0.6500000000000001 0.7500000000000001 0.8500000000000001 0.95 0.95 0.8500000000000001 0.7500000000000001 0.6500000000000001 0.5500000000000002 0.4500000000000002 0.3500000000000002 0.25000000000000033 0.15000000000000024 0.05000000000000038 0.0 0.0 0.0 0.0 0.0 
0.5500000000000002 0.6500000000000001 0.7500000000000001 0.8500000000000001 0.95 0.95 0.8500000000000001 0.7500000000000001 0.6500000000000001 0.5500000000000002 0.4500000000000002 0.3500000000000002 0.25000000000000033 0.15000000000000024 0.05000000000000038 0.0 0.0 0.0 0.0 0.0 
0.5500000000000002 0.6500000000000001 0.7500000000000001 0.8500000000000001 0.95 0.95 0.8500000000000001 0.7500000000000001 0.6500000000000001 0.5500000000000002 0.4500000000000002 0.3500000000000002 0.25000000000000033 0.15000000000000024 0.05000000000000038 0.0 0.0 0.0 0.0 0.0 
0.5500000000000002 0.6500000000000001 0.7500000000000001 0.8500000000000001 0.95 0.95 0.8500000000000001 0.7500000000000001 0.6500000000000001 0.5500000000000002 0.4500000000000002 0.3500000000000002 0.25000000000000033 0.15000000000000024 0.05000000000000038 0.0 0.0 0.0 0.0 0.0 
0.5500000000000002 0.6500000000000001 0.7500000000000001 0.8500000000000001 0.95 0.95 0.8500000000000001 0.7500000000000001 0.6500000000000001 0.5500000000000002 0.4500000000000002 0.3500000000000002 0.25000000000000033 0.15000000000000024 0.05000000000000038 0.0 0.0 0.0 0.0 0.0 
0.5500000000000002 0.6500000000000001 0.7500000000000001 0.8500000000000001 0.95 0.9700000000000001 0.9100000000000004 0.8500000000000005 0.7900000000000008 0.7300000000000011 0.6700000000000013 0.6100000000000015 0.5500000000000018 0.490000000000002 0.43000000000000227 0.3800000000000021 0.340000000000002 0.30000000000000177 0.2600000000000015 0.22000000000000144 
0.5500000000000002 0.6500000000000001 0.7500000000000001 0.8500000000000001 0.95 1.0 1.0 1.0 1.0 1.0 1.0 1.0 1.0 1.0 1.0 0.9500000000000002 0.8500000000000005 0.7500000000000004 0.6500000000000004 0.5500000000000007 
