0.0 0.0 0.0 0.021874999999999877 0.15312499999999774 0.17499999999999716 0.48437499999999895 1.0 1.0 1.0 1.0 1.0 1.0 0.4843749999999982 0.17499999999999716 0.1531249999999975 0.021874999999999645 0.0 0.0 0.0 
0.0 0.0 0.19687500000000002 0.5843749999999988 0.9406250000000004 1.0 1.0 0.9343749999999997 0.5406250000000014 0.4750000000000021 0.4750000000000021 0.4750000000000021 0.4750000000000021 0.8031250000000008 1.0 0.9406249999999997 0.5843749999999982 0.19687499999999922 0.0 0.0 
0.0 0.5468750000000007 0.9218749999999993 1.0 1.0 0.45312499999999967 0.12500000000000133 0.10937500000000105 0.015625000000000056 0.0 0.0 0.0 0.0 0.07812500000000083 0.45312500000000083 1.0 1.0 0.9218749999999991 0.5468749999999991 0.0 
0.19687500000000008 0.7093750000000012 1.0 0.9718749999999997 0.803125 0.2906249999999991 0.0 0.0 0.0 0.0 0.0 0.0 0.0 0.0 0.0 0.125 0.875 1.0 1.0 0.875 
0.8750000000000018 1.0 1.0 0.8749999999999987 0.12499999999999867 0.0 0.0 0.0 0.0 0.0 0.0 0.0 0.0 0.0 0.0 0.125 0.875 1.0 1.0 0.875 
0.8750000000000018 1.0 1.0 0.8749999999999987 0.12499999999999867 0.0 0.0 0.0 0.0 0.0 0.0 0.0 0.0 0.0 0.0 0.125 0.875 1.0 1.0 0.875 
0.8750000000000018 1.0 1.0 0.8749999999999987 0.12499999999999867 0.0 0.0 0.0 0.0 0.0 0.0 0.0 0.0 0.0 0.0 0.125 0.875 1.0 1.0 0.875 
0.8750000000000018 1.0 1.0 0.8749999999999987 0.12499999999999867 0.0 0.0 0.0 0.0 0.0 0.0 0.0 0.0 0.0 0.0 0.125 0.875 1.0 1.0 0.875 
0.021874999999997247 0.6343750000000005 1.0 0.9968750000000004 0.9781250000000028 0.3656249999999999 0.0 0.0 0.0 0.0 0.0 0.0 0.0 0.0 0.3656250000000012 0.9781250000000028 0.9968750000000004 1.0 1.0 0.875 
0.0 0.4218749999999982 0.7968749999999976 1.0 1.0 1.0 0.7468750000000011 0.3250000000000046 0.3250000000000046 0.3250000000000046 0.3250000000000046 0.3250000000000046 0.3250000000000046 0.7468750000000017 1.0 1.0 1.0 1.0 1.0 0.875 
0.0 0.0 0.1218749999999989 0.32499999999999574 0.32499999999999574 0.7468749999999993 1.0 1.0 1.0 1.0 1.0 1.0 1.0 0.5781249999999973 0.32499999999999574 0.40937499999999627 0.9156249999999995 1.0 1.0 0.875 
0.0 0.0 0.0 0.0 0.0 0.0 0.0 0.0 0.0 0.0 0.0 0.0 0.0 0.0 0.0 0.125 0.875 1.0 1.0 0.875 
0.0 0.0 0.0 0.0 0.0 0.0 0.0 0.0 0.0 0.0 0.0 0.0 0.0 0.0 0.0 0.125 0.875 1.0 1.0 0.875 
0.0 0.0 0.0 0.0 0.0 0.0 0.0 0.0 0.0 0.0 0.0 0.0 0.0 0.0 0.0 0.125 0.875 1.0 1.0 0.875 
0.06562500000000573 0.0750000000000064 0.0750000000000064 0.0656250000000055 0.009375000000000699 0.0 0.0 0.0 0.0 0.0 0.0 0.0 0.0 0.0 0.0 0.125 0.875 1.0 1.0 0.875 
0.8750000000000018 1.0 1.0 0.8749999999999987 0.12499999999999867 0.0 0.0 0.0 0.0 0.0 0.0 0.0 0.0 0.0 0.0 0.125 0.875 1.0 1.0 0.875 
0.1968749999999923 0.7093749999999979 1.0 0.9718750000000008 0.8031250000000077 0.2906250000000024 0.0 0.0 0.0 0.0 0.0 0.0 0.0 0.0 0.29062500000000346 0.8031250000000081 0.9718750000000012 1.0 0.7093749999999965 0.19687499999999192 
0.0 0.5468749999999948 0.9218749999999936 1.0 1.0 0.4531250000000055 0.12500000000001066 0.10937500000000921 0.01562500000000122 0.0 0.04687500000000411 0.12500000000001066 0.12500000000001066 0.12500000000001066 0.45312500000000666 1.0 1.0 0.375 0.0 0.0 
0.0 0.0 0.19687499999999628 0.5249999999999879 0.5249999999999879 0.8218749999999961 1.0 0.9343750000000011 0.5406250000000101 0.4750000000000121 0.671875000000008 1.0 1.0 1.0 0.8218749999999955 0.5249999999999879 0.5249999999999879 0.19687499999999547 0.0 0.0 
0.0 0.0 0.0 0.0 0.0 0.10937499999999402 0.17499999999999005 0.278124999999992 0.8968749999999995 1.0 1.0 0.8968749999999988 0.2781249999999913 0.17499999999999005 0.10937499999999378 0.0 0.0 0.0 0.0 0.0 
