0.0 0.0 0.03750000000000011 0.1424999999999992 0.14999999999999858 0.44750000000000256 1.0 1.0 1.0 1.0 1.0 1.0 1.0 1.0 1.0 0.7024999999999922 0.1424999999999975 0.03749999999999805 0.0 0.0 
0.0 0.24750000000000033 0.5875000000000006 0.9725000000000019 1.0 1.0 1.0 1.0 0.7974999999999982 0.5500000000000016 0.5500000000000016 0.7975000000000039 1.0 1.0 1.0 1.0 0.9724999999999956 0.5874999999999929 0.24749999999999464 0.0 
0.0 0.5500000000000027 1.0 1.0 1.0 0.7374999999999976 0.2500000000000018 0.2500000000000018 0.1374999999999996 0.0 0.0 0.1375000000000027 0.2500000000000018 0.2500000000000018 0.7375000000000076 1.0 1.0 1.0 0.54999999999999 0.0 
0.8500000000000023 1.0 1.0 1.0 0.3499999999999961 0.0 0.0 0.0 0.0 0.0 0.0 0.0 0.0 0.0 0.0 0.3500000000000085 1.0 1.0 1.0 0.8499999999999908 
0.8500000000000023 1.0 0.9124999999999994 0.6675000000000008 0.2274999999999982 0.0 0.0 0.0 0.0 0.0 0.0 0.0 0.0 0.0 0.0 0.22750000000000628 0.6675000000000048 0.9125000000000043 1.0 0.8499999999999908 
0.8500000000000023 1.0 0.7499999999999969 0.04999999999999627 0.0 0.0 0.0 0.0 0.0 0.0 0.0 0.0 0.0 0.0 0.0 0.0 0.050000000000007816 0.7500000000000107 1.0 0.8499999999999908 
0.8500000000000023 1.0 0.7499999999999969 0.04999999999999627 0.0 0.0 0.0 0.0 0.0 0.0 0.0 0.0 0.0 0.0 0.0 0.0 0.050000000000007816 0.7500000000000107 1.0 0.8499999999999908 
0.8500000000000023 1.0 1.0 1.0 0.3499999999999961 0.0 0.0 0.0 0.0 0.0 0.0 0.0 0.0 0.0 0.0 0.3500000000000085 1.0 1.0 1.0 0.8499999999999908 
0.38250000000000345 0.7525000000000028 1.0 1.0 0.7074999999999964 0.35749999999999593 0.0 0.0 0.0 0.0 0.0 0.0 0.0 0.0 0.35750000000000326 0.707500000000002 1.0 1.0 1.0 0.8499999999999908 
0.0 0.08250000000000157 0.36250000000000426 0.9575000000000032 1.0 0.9474999999999987 0.8499999999999979 0.8499999999999979 0.8499999999999979 0.8499999999999979 0.8499999999999979 0.8499999999999979 0.8499999999999979 0.8499999999999979 0.9475000000000007 1.0 1.0 1.0 1.0 0.8499999999999908 
0.0 0.0 0.0 0.0 0.5525000000000054 0.8500000000000032 0.8500000000000032 0.8500000000000032 0.8500000000000032 0.7224999999999979 0.1274999999999955 0.0 0.21250000000000685 0.8075000000000084 0.8500000000000032 0.8500000000000032 0.8575000000000043 0.9625000000000024 1.0 0.8499999999999908 
0.0 0.0 0.0 0.0 0.0 0.0 0.0 0.0 0.0 0.0 0.0 0.0 0.0 0.0 0.0 0.0 0.050000000000007816 0.7500000000000107 1.0 0.8499999999999908 
0.0 0.0 0.0 0.0 0.0 0.0 0.0 0.0 0.0 0.0 0.0 0.0 0.0 0.0 0.0 0.0 0.050000000000007816 0.7500000000000107 1.0 0.8499999999999908 
0.0 0.0 0.0 0.0 0.0 0.0 0.0 0.0 0.0 0.0 0.0 0.0 0.0 0.0 0.0 0.0 0.050000000000007816 0.7500000000000107 1.0 0.8499999999999908 
0.0 0.1924999999999978 0.2624999999999946 0.01749999999999841 0.0 0.0 0.0 0.0 0.0 0.0 0.0 0.0 0.0 0.0 0.0 0.0 0.050000000000007816 0.7500000000000107 1.0 0.8499999999999908 
0.0 0.5500000000000027 0.9124999999999976 0.667499999999994 0.2274999999999957 0.0 0.0 0.0 0.0 0.0 0.0 0.0 0.0 0.0 0.0 0.2275000000000038 0.667499999999998 0.9125000000000025 1.0 0.8499999999999908 
0.0 0.5500000000000027 1.0 1.0 0.3499999999999961 0.0 0.0 0.0 0.0 0.0 0.0 0.0 0.0 0.0 0.0 0.3500000000000085 1.0 1.0 1.0 0.8499999999999908 
0.0 0.412500000000004 0.8125000000000034 0.9875000000000012 1.0 0.7374999999999957 0.24999999999999645 0.24999999999999645 0.24999999999999645 0.24999999999999645 0.24999999999999645 0.24999999999999645 0.24999999999999645 0.24999999999999645 0.7375000000000057 1.0 0.9874999999999983 0.8125 0.4124999999999945 0.0 
0.0 0.0 0.2500000000000031 0.9500000000000037 1.0 1.0 1.0 1.0 1.0 1.0 1.0 1.0 1.0 1.0 1.0 1.0 0.9499999999999922 0.24999999999998934 0.0 0.0 
0.0 0.0 0.037500000000001886 0.14250000000000596 0.15000000000000568 0.44750000000000717 1.0 1.0 1.0 1.0 1.0 1.0 1.0 1.0 0.44749999999999585 0.15000000000000568 0.14250000000000423 0.037499999999999825 0.0 0.0 
