0.13124999999999876 0.14999999999999858 0.14999999999999858 0.14999999999999858 0.14999999999999858 0.14999999999999858 0.14999999999999858 0.14999999999999858 0.14999999999999858 0.14999999999999858 0.14999999999999858 0.14999999999999858 0.14999999999999858 0.681250000000004 0.6812499999999935 0.14999999999999858 0.14999999999999858 0.6812500000000055 0.6812499999999935 0.13124999999999742 
0.481250000000001 0.5500000000000012 0.5500000000000012 0.5500000000000012 0.5500000000000012 0.5500000000000012 0.5500000000000012 0.5500000000000012 0.5500000000000012 0.831250000000002 1.0 1.0 1.0 1.0 1.0 1.0 1.0 0.7187499999999976 0.7187500000000039 0.8749999999999911 
0.0 0.0 0.0 0.0 0.0 0.0 0.0 0.0 0.0 0.15625000000000144 0.5312500000000039 1.0 1.0 1.0 1.0 1.0 1.0 0.3749999999999929 0.09375000000000211 0.21874999999999856 
0.0 0.0 0.0 0.0 0.0 0.0 0.0 0.0 0.0 0.0 0.0 0.006250000000000133 0.04374999999999933 0.6437500000000047 1.0 1.0 1.0 0.9687500000000003 0.5937499999999939 0.0 
0.0 0.0 0.0 0.0 0.0 0.0 0.0 0.0 0.0 0.0 0.0 0.12500000000000533 0.8750000000000053 1.0 1.0 0.9562499999999976 0.6937499999999979 0.24374999999999553 0.0 0.0 
0.0 0.0 0.0 0.0 0.0 0.0 0.0 0.0 0.0 0.0 0.24375000000000302 0.6937500000000022 0.9562500000000019 1.0 0.7562499999999952 0.3062499999999972 0.04374999999999747 0.0 0.0 0.0 
0.0 0.0 0.0 0.0 0.0 0.0 0.0 0.0 0.0 0.0 0.37500000000000444 1.0 1.0 0.40624999999999484 0.031249999999999535 0.0 0.0 0.0 0.0 0.0 
0.0 0.0 0.0 0.0 0.0 0.0 0.0 0.0 0.0 0.1562500000000009 0.5312500000000033 0.9687499999999987 0.7812499999999987 0.281249999999996 0.0 0.0 0.0 0.0 0.0 0.0 
0.0 0.0 0.0 0.0 0.0 0.0 0.0 0.0 0.0 0.6250000000000036 1.0 0.8749999999999947 0.12499999999999467 0.0 0.0 0.0 0.0 0.0 0.0 0.0 
0.0 0.0 0.0 0.0 0.0 0.0 0.0 0.1062500000000032 0.7437500000000042 0.9437500000000011 0.6812499999999957 0.13124999999999795 0.018749999999999024 0.0 0.0 0.0 0.0 0.0 0.0 0.0 
0.0 0.0 0.0 0.0 0.0 0.0 0.0562500000000012 0.25625000000000486 0.8937500000000033 0.9062499999999981 0.5312499999999949 0.0 0.0 0.0 0.0 0.0 0.0 0.0 0.0 0.0 
0.0 0.0 0.0 0.0 0.0 0.0 0.37500000000000266 1.0 1.0 0.37499999999999645 0.0 0.0 0.0 0.0 0.0 0.0 0.0 0.0 0.0 0.0 
0.0 0.0 0.0 0.0 0.0 0.4687500000000028 0.8437500000000018 0.9062499999999971 0.3437499999999958 0.09374999999999845 0.0 0.0 0.0 0.0 0.0 0.0 0.0 0.0 0.0 0.0 
0.0 0.0 0.0 0.12500000000000133 0.8750000000000018 1.0 0.9812499999999996 0.831249999999996 0.11874999999999654 0.0 0.0 0.0 0.0 0.0 0.0 0.0 0.0 0.0 0.0 0.0 
0.0 0.0 0.0 0.12500000000000133 0.8750000000000018 1.0 0.6249999999999973 0.0 0.0 0.0 0.0 0.0 0.0 0.0 0.0 0.0 0.0 0.0 0.0 0.0 
0.0 0.0 0.0 0.12500000000000133 0.8750000000000018 0.5937499999999972 0.21874999999999772 0.0 0.0 0.0 0.0 0.0 0.0 0.0 0.0 0.0 0.0 0.0 0.0 0.0 
0.0 0.0 0.3562500000000019 0.9562500000000026 0.9937500000000005 0.3749999999999978 0.0 0.0 0.0 0.0 0.0 0.0 0.0 0.0 0.0 0.0 0.0 0.0 0.0 0.0 
0.0 0.6250000000000004 1.0 1.0 1.0 0.5312500000000006 0.15625000000000155 0.0 0.0 0.0 0.0 0.0 0.0 0.0 0.0 0.0 0.0 0.0 0.0 0.0 
0.48125000000000373 0.8312500000000018 1.0 1.0 1.0 1.0 0.8312500000000004 0.5500000000000043 0.5500000000000043 0.5500000000000043 0.5500000000000043 0.5500000000000043 0.5500000000000043 0.5500000000000043 0.5500000000000043 0.5500000000000043 0.5500000000000043 0.5500000000000043 0.3437499999999988 0.0 
0.13124999999999565 0.6812499999999985 1.0 1.0 1.0 1.0 1.0 1.0 1.0 1.0 1.0 1.0 1.0 1.0 1.0 1.0 1.0 1.0 0.6249999999999929 0.0 
