0.0 0.0 0.0 0.1999999999999994 0.39999999999999936 0.5999999999999993 0.7999999999999995 0.9999999999999994 1.0 1.0 1.0 1.0 1.0 1.0 1.0 1.0 1.0 1.0 0.8000000000000007 0.6000000000000005 
0.09000000000000144 0.12000000000000197 0.15000000000000246 0.32000000000000156 0.490000000000001 0.6600000000000005 0.8300000000000001 0.9999999999999996 1.0 1.0 1.0 1.0 1.0 1.0 1.0 1.0 1.0 1.0 0.8000000000000007 0.6000000000000005 
0.5999999999999993 0.7999999999999994 0.9999999999999993 1.0 1.0 1.0 1.0 1.0 1.0 1.0 1.0 1.0 1.0 1.0 1.0 1.0 1.0 1.0 0.8000000000000007 0.6000000000000005 
0.5999999999999993 0.7999999999999994 0.9999999999999993 1.0 1.0 1.0 1.0 1.0 1.0 1.0 1.0 1.0 1.0 1.0 1.0 1.0 1.0 1.0 0.8000000000000007 0.6000000000000005 
0.3299999999999979 0.4399999999999974 0.5499999999999968 0.5499999999999972 0.5499999999999972 0.5499999999999972 0.5499999999999972 0.5499999999999972 0.6399999999999975 0.7299999999999981 0.8199999999999985 0.9099999999999991 0.9999999999999998 1.0 1.0 1.0 1.0 1.0 0.8000000000000007 0.6000000000000005 
0.0 0.0 0.0 0.0 0.0 0.0 0.0 0.0 0.1999999999999993 0.39999999999999947 0.5999999999999992 0.7999999999999994 0.9999999999999996 1.0 1.0 1.0 1.0 1.0 0.8000000000000007 0.6000000000000005 
0.0 0.0 0.0 0.0 0.0 0.0 0.0 0.0 0.1999999999999993 0.39999999999999947 0.5999999999999992 0.7999999999999994 0.9999999999999996 1.0 1.0 1.0 1.0 1.0 0.8000000000000007 0.6000000000000005 
0.0 0.0 0.0 0.0 0.0 0.0 0.0 0.0 0.1999999999999993 0.39999999999999947 0.5999999999999992 0.7999999999999994 0.9999999999999996 1.0 1.0 1.0 1.0 1.0 0.8000000000000007 0.6000000000000005 
0.0 0.0 0.0 0.0 0.0 0.0 0.0 0.0 0.1999999999999993 0.39999999999999947 0.5999999999999992 0.7999999999999994 0.9999999999999996 1.0 1.0 1.0 1.0 1.0 0.8000000000000007 0.6000000000000005 
0.0 0.0 0.0 0.0 0.0 0.0 0.0 0.0 0.1999999999999993 0.39999999999999947 0.5999999999999992 0.7999999999999994 0.9999999999999996 1.0 1.0 1.0 1.0 1.0 0.8000000000000007 0.6000000000000005 
0.0 0.0 0.0 0.0 0.0 0.0 0.0 0.0 0.1999999999999993 0.39999999999999947 0.5999999999999992 0.7999999999999994 0.9999999999999996 1.0 1.0 1.0 1.0 1.0 0.8000000000000007 0.6000000000000005 
0.0 0.0 0.0 0.0 0.0 0.0 0.0 0.0 0.1999999999999993 0.39999999999999947 0.5999999999999992 0.7999999999999994 0.9999999999999996 1.0 1.0 1.0 1.0 1.0 0.8000000000000007 0.6000000000000005 
0.0 0.0 0.0 0.0 0.0 0.0 0.0 0.0 0.1999999999999993 0.39999999999999947 0.5999999999999992 0.7999999999999994 0.9999999999999996 1.0 1.0 1.0 1.0 1.0 0.8000000000000007 0.6000000000000005 
0.0 0.0 0.0 0.0 0.0 0.0 0.0 0.0 0.1999999999999993 0.39999999999999947 0.5999999999999992 0.7999999999999994 0.9999999999999996 1.0 1.0 1.0 1.0 1.0 0.8000000000000007 0.6000000000000005 
0.0 0.0 0.0 0.0 0.0 0.0 0.0 0.0 0.1999999999999993 0.39999999999999947 0.5999999999999992 0.7999999999999994 0.9999999999999996 1.0 1.0 1.0 1.0 1.0 0.8000000000000007 0.6000000000000005 
0.0 0.0 0.0 0.0 0.0 0.0 0.0 0.0 0.1999999999999993 0.39999999999999947 0.5999999999999992 0.7999999999999994 0.9999999999999996 1.0 1.0 1.0 1.0 1.0 0.8000000000000007 0.6000000000000005 
0.0 0.0 0.0 0.0 0.0 0.0 0.0 0.0 0.1999999999999993 0.39999999999999947 0.5999999999999992 0.7999999999999994 0.9999999999999996 1.0 1.0 1.0 1.0 1.0 0.8000000000000007 0.6000000000000005 
0.0 0.0 0.0 0.0 0.0 0.0 0.0 0.0 0.1999999999999993 0.39999999999999947 0.5999999999999992 0.7999999999999994 0.9999999999999996 1.0 1.0 1.0 1.0 1.0 0.8000000000000007 0.6000000000000005 
0.0 0.0 0.0 0.0 0.0 0.0 0.0 0.0 0.1999999999999993 0.39999999999999947 0.5999999999999992 0.7999999999999994 0.9999999999999996 1.0 1.0 1.0 1.0 1.0 0.8000000000000007 0.6000000000000005 
0.0 0.0 0.0 0.0 0.0 0.0 0.0 0.0 0.1999999999999993 0.39999999999999947 0.5999999999999992 0.7999999999999994 0.9999999999999996 1.0 1.0 1.0 1.0 1.0 0.8000000000000007 0.6000000000000005 
