0.5750000000000002 0.7250000000000001 0.875 0.9750000000000002 0.8250000000000003 0.6750000000000004 0.5250000000000006 0.37500000000000067 0.22500000000000075 0.07500000000000084 0.0 0.0 0.0 0.0 0.0 0.0 0.0 0.0 0.0 0.0 
0.5750000000000002 0.7250000000000001 0.875 0.9750000000000002 0.8250000000000003 0.6750000000000003 0.5250000000000006 0.37500000000000067 0.22500000000000075 0.07500000000000084 0.0 0.0 0.0 0.0 0.0 0.0 0.0 0.0 0.0 0.0 
0.5750000000000002 0.7250000000000001 0.875 0.9750000000000003 0.8250000000000003 0.6750000000000004 0.5250000000000006 0.37500000000000067 0.22500000000000075 0.07500000000000084 0.0 0.0 0.0 0.0 0.0 0.0 0.0 0.0 0.0 0.0 
0.5750000000000002 0.7250000000000001 0.875 0.9750000000000002 0.8250000000000003 0.6750000000000004 0.5250000000000006 0.37500000000000067 0.22500000000000075 0.07500000000000084 0.0 0.0 0.0 0.0 0.0 0.0 0.0 0.0 0.0 0.0 
0.5750000000000002 0.7250000000000001 0.875 0.9750000000000001 0.8250000000000003 0.6750000000000004 0.5250000000000006 0.37500000000000067 0.22500000000000075 0.07500000000000084 0.0 0.0 0.0 0.0 0.0 0.0 0.0 0.0 0.0 0.0 
0.5750000000000002 0.7250000000000001 0.875 0.9750000000000002 0.8250000000000003 0.6750000000000004 0.5250000000000006 0.37500000000000067 0.22500000000000075 0.07500000000000084 0.0 0.0 0.0 0.0 0.0 0.0 0.0 0.0 0.0 0.0 
0.5750000000000002 0.7250000000000001 0.875 0.9750000000000002 0.8250000000000003 0.6750000000000004 0.5250000000000006 0.37500000000000067 0.22500000000000075 0.07500000000000084 0.0 0.0 0.0 0.0 0.0 0.0 0.0 0.0 0.0 0.0 
0.5750000000000002 0.7250000000000001 0.875 0.9750000000000002 0.8250000000000003 0.6750000000000004 0.5250000000000006 0.37500000000000067 0.22500000000000075 0.07500000000000084 0.0 0.0 0.0 0.0 0.0 0.0 0.0 0.0 0.0 0.0 
0.5750000000000002 0.7250000000000001 0.875 0.9750000000000003 0.8250000000000003 0.6750000000000004 0.5250000000000006 0.37500000000000067 0.22500000000000075 0.07500000000000084 0.0 0.0 0.0 0.0 0.0 0.0 0.0 0.0 0.0 0.0 
0.5750000000000002 0.7250000000000001 0.875 0.9750000000000002 0.8250000000000003 0.6750000000000004 0.5250000000000006 0.37500000000000067 0.22500000000000075 0.07500000000000084 0.0 0.0 0.0 0.0 0.0 0.0 0.0 0.0 0.0 0.0 
0.5750000000000002 0.7250000000000001 0.875 0.9750000000000001 0.8250000000000003 0.6750000000000004 0.5250000000000006 0.37500000000000067 0.22500000000000075 0.07500000000000084 0.0 0.0 0.0 0.0 0.0 0.0 0.0 0.0 0.0 0.0 
0.5750000000000002 0.7250000000000001 0.875 0.9750000000000002 0.8250000000000003 0.6750000000000004 0.5250000000000006 0.37500000000000067 0.22500000000000075 0.07500000000000084 0.0 0.0 0.0 0.0 0.0 0.0 0.0 0.0 0.0 0.0 
0.5750000000000002 0.7250000000000001 0.875 0.9750000000000002 0.8250000000000003 0.6750000000000004 0.5250000000000006 0.37500000000000067 0.22500000000000075 0.07500000000000084 0.0 0.0 0.0 0.0 0.0 0.0 0.0 0.0 0.0 0.0 
0.5750000000000002 0.7250000000000001 0.875 0.9750000000000002 0.8250000000000003 0.6750000000000004 0.5250000000000006 0.37500000000000067 0.22500000000000075 0.07500000000000084 0.0 0.0 0.0 0.0 0.0 0.0 0.0 0.0 0.0 0.0 
0.5750000000000002 0.7250000000000001 0.875 0.9750000000000002 0.8250000000000003 0.6750000000000004 0.5250000000000006 0.37500000000000067 0.22500000000000075 0.07500000000000084 0.0 0.0 0.0 0.0 0.0 0.0 0.0 0.0 0.0 0.0 
0.5750000000000002 0.7250000000000001 0.875 0.9750000000000003 0.8250000000000004 0.6750000000000004 0.5250000000000006 0.37500000000000067 0.22500000000000075 0.07500000000000084 0.0 0.0 0.0 0.0 0.0 0.0 0.0 0.0 0.0 0.0 
0.5750000000000002 0.7250000000000001 0.875 0.9750000000000003 0.8250000000000003 0.6750000000000004 0.5250000000000006 0.37500000000000067 0.22500000000000075 0.07500000000000084 0.0 0.0 0.0 0.0 0.0 0.0 0.0 0.0 0.0 0.0 
0.5750000000000002 0.7250000000000001 0.875 0.9906250000000001 0.9343750000000002 0.8781250000000002 0.8218750000000002 0.7656250000000002 0.7093750000000003 0.6531250000000003 0.5781250000000006 0.48437500000000067 0.39062500000000083 0.2968750000000009 0.20312500000000094 0.109375000000001 0.015625000000001055 0.0 0.0 0.0 
0.5750000000000002 0.7250000000000001 0.875 1.0 1.0 1.0 1.0 1.0 1.0 1.0 0.9250000000000009 0.775000000000001 0.6250000000000013 0.4750000000000014 0.3250000000000015 0.1750000000000016 0.025000000000001688 0.0 0.0 0.0 
0.5750000000000002 0.7250000000000001 0.875 1.0 1.0 1.0 1.0 1.0 1.0 1.0 0.9943749999999999 0.9831249999999995 0.971874999999999 0.9606249999999986 0.9493749999999982 0.9381249999999978 0.9268749999999973 0.8093749999999992 0.6706249999999997 0.5318750000000002 
