0.8093750000000077 0.9718750000000025 1.0 1.0 1.0 1.0 1.0 1.0 1.0 1.0 1.0 1.0 1.0 1.0 1.0 1.0 1.0 1.0 1.0 0.8749999999999964 
0.0 0.6250000000000028 1.0 1.0 1.0 1.0 1.0 1.0 1.0 1.0 1.0 1.0 1.0 1.0 1.0 1.0 1.0 1.0 1.0 0.8749999999999964 
0.0 0.3906250000000056 0.6250000000000062 0.6250000000000062 0.6250000000000062 0.6250000000000062 0.6250000000000062 0.6250000000000062 0.6250000000000062 0.6250000000000062 0.6250000000000062 0.6250000000000062 0.6250000000000062 0.8593750000000037 1.0 1.0 1.0 1.0 0.859375000000001 0.5468750000000032 
0.0 0.0 0.0 0.0 0.0 0.0 0.0 0.0 0.0 0.0 0.0 0.06562500000000107 0.45937499999999637 0.8218749999999992 1.0 1.0 1.0 0.6718750000000021 0.2968750000000023 0.0 
0.0 0.0 0.0 0.0 0.0 0.0 0.0 0.0 0.0 0.0 0.0 0.12500000000000355 0.8750000000000036 1.0 1.0 1.0 1.0 0.37499999999999645 0.0 0.0 
0.0 0.0 0.0 0.0 0.0 0.0 0.0 0.0 0.0 0.0 0.3093750000000007 0.8468749999999954 0.9781249999999999 1.0 1.0 1.0 1.0 0.37499999999999645 0.0 0.0 
0.0 0.0 0.0 0.0 0.0 0.0 0.0 0.0 0.0 0.0 0.37500000000000355 1.0 1.0 1.0 1.0 0.8781249999999974 0.14687500000000228 0.009375000000002376 0.0 0.0 
0.0 0.0 0.0 0.0 0.0 0.0 0.0 0.0 0.0 0.6250000000000036 1.0 1.0 1.0 1.0 0.6249999999999964 0.0 0.0 0.0 0.0 0.0 
0.0 0.0 0.0 0.0 0.0 0.0 0.0 0.034375000000000135 0.24062499999999507 0.728125 1.0 1.0 1.0 0.8281250000000032 0.45312500000000167 0.0 0.0 0.0 0.0 0.0 
0.0 0.0 0.0 0.0 0.0 0.0 0.0 0.12500000000000355 0.8750000000000036 1.0 1.0 1.0 1.0 0.37499999999999645 0.0 0.0 0.0 0.0 0.0 0.0 
0.0 0.0 0.0 0.0 0.0 0.0 0.2156249999999998 0.6281249999999963 0.9468750000000008 1.0 1.0 0.9281249999999988 0.49687500000000323 0.15937500000000077 0.0 0.0 0.0 0.0 0.0 0.0 
0.0 0.0 0.0 0.0 0.0 0.0 0.37500000000000355 1.0 1.0 1.0 1.0 0.8749999999999964 0.12499999999999645 0.0 0.0 0.0 0.0 0.0 0.0 0.0 
0.0 0.0 0.0 0.0 0.0 0.5468749999999982 0.921874999999996 1.0 1.0 1.0 0.6718749999999996 0.10937500000000577 0.015625000000000444 0.0 0.0 0.0 0.0 0.0 0.0 0.0 
0.0 0.0 0.0 0.1250000000000031 0.8750000000000031 1.0 1.0 1.0 1.0 0.9843750000000041 0.6093750000000008 0.0 0.0 0.0 0.0 0.0 0.0 0.0 0.0 0.0 
0.0 0.0 0.06562499999999677 0.27812499999999385 0.8968750000000013 1.0 1.0 1.0 1.0 0.37499999999999645 0.0 0.0 0.0 0.0 0.0 0.0 0.0 0.0 0.0 0.0 
0.0 0.0 0.3750000000000029 1.0 1.0 1.0 1.0 0.9593749999999994 0.7156250000000026 0.2531249999999992 0.0 0.0 0.0 0.0 0.0 0.0 0.0 0.0 0.0 0.0 
0.0 0.2968749999999978 0.671874999999998 1.0 1.0 1.0 1.0 0.8749999999999964 0.12499999999999645 0.0 0.0 0.0 0.0 0.0 0.0 0.0 0.0 0.0 0.0 0.0 
0.0 0.6250000000000028 1.0 1.0 1.0 1.0 1.0 0.9531249999999978 0.6718749999999925 0.6249999999999929 0.6249999999999929 0.6249999999999929 0.6249999999999929 0.6249999999999929 0.6249999999999929 0.6249999999999929 0.6249999999999929 0.6249999999999929 0.39062499999999334 0.0 
0.0 0.6250000000000028 1.0 1.0 1.0 1.0 1.0 1.0 1.0 1.0 1.0 1.0 1.0 1.0 1.0 1.0 1.0 1.0 0.915624999999996 0.6781249999999898 
0.0 0.6250000000000028 1.0 1.0 1.0 1.0 1.0 1.0 1.0 1.0 1.0 1.0 1.0 1.0 1.0 1.0 1.0 1.0 1.0 0.8749999999999964 
