0.0 0.0 0.0 0.012500000000000355 0.08750000000000147 0.10000000000000142 0.10000000000000142 0.10000000000000142 0.10000000000000142 0.6625000000000053 1.0 0.8874999999999954 0.21249999999999486 0.10000000000000142 0.10000000000000142 0.08750000000000036 0.01249999999999929 0.0 0.0 0.0 
0.0 0.0 0.11250000000000093 0.3875000000000026 0.9125000000000018 1.0 1.0 1.0 1.0 1.0 1.0 1.0 1.0 1.0 1.0 0.912499999999994 0.3874999999999952 0.11249999999999793 0.0 0.0 
0.0 0.3125000000000014 0.6875000000000017 1.0 1.0 1.0 1.0 1.0 1.0 1.0 1.0 1.0 1.0 1.0 1.0 1.0 1.0 0.6874999999999967 0.3124999999999958 0.0 
0.0 0.6250000000000006 1.0 1.0 1.0 1.0 0.7374999999999967 0.29999999999999805 0.29999999999999805 0.29999999999999805 0.29999999999999805 0.29999999999999805 0.29999999999999805 0.7375000000000043 1.0 1.0 1.0 1.0 0.6249999999999893 0.0 
0.0 0.6250000000000007 1.0 1.0 1.0 1.0 0.6249999999999964 0.0 0.0 0.0 0.0 0.0 0.0 0.062499999999999375 0.43750000000000505 1.0 1.0 1.0 0.9624999999999997 0.7874999999999923 
0.08750000000000202 0.6625000000000013 1.0 1.0 1.0 0.37499999999999734 0.0 0.0 0.0 0.0 0.0 0.0 0.0 0.0 0.3750000000000071 1.0 1.0 1.0 1.0 0.8749999999999893 
0.875 1.0 1.0 1.0 1.0 0.37499999999999734 0.0 0.0 0.0 0.0 0.0 0.0 0.0 0.0 0.3750000000000071 1.0 1.0 1.0 1.0 0.8749999999999893 
0.4374999999999969 0.8124999999999989 1.0 1.0 1.0 0.6875000000000009 0.31250000000000044 0.0 0.0 0.0 0.0 0.0 0.0 0.0 0.3750000000000071 1.0 1.0 1.0 1.0 0.8749999999999893 
0.0 0.6250000000000006 1.0 1.0 1.0 1.0 0.6249999999999964 0.0 0.0 0.0 0.0 0.0 0.0 0.4375000000000068 0.8125000000000039 1.0 1.0 1.0 1.0 0.8749999999999893 
0.0 0.6250000000000007 1.0 1.0 1.0 1.0 0.9625000000000005 0.9000000000000021 0.9000000000000021 0.337499999999996 0.0 0.11250000000000507 0.7875000000000083 0.9625000000000015 1.0 1.0 1.0 1.0 1.0 0.8749999999999893 
0.0 0.0 0.3374999999999998 0.9124999999999974 0.9874999999999998 1.0 1.0 1.0 1.0 1.0 1.0 1.0 1.0 1.0 1.0 1.0 1.0 1.0 1.0 0.8749999999999893 
0.0 0.0 0.0 0.08750000000000072 0.6124999999999978 0.6999999999999957 0.6999999999999957 0.7374999999999974 0.9625000000000008 0.8124999999999958 0.6999999999999957 0.6999999999999957 0.6999999999999957 0.6999999999999957 0.8124999999999994 1.0 1.0 1.0 1.0 0.8749999999999893 
0.0 0.0 0.0 0.0 0.0 0.0 0.0 0.06250000000000133 0.4374999999999991 0.187499999999996 0.0 0.0 0.0 0.0 0.3750000000000071 1.0 1.0 1.0 1.0 0.8749999999999893 
0.0 0.0 0.0 0.0 0.0 0.0 0.0 0.0 0.0 0.0 0.0 0.0 0.0 0.0 0.3750000000000071 1.0 1.0 1.0 1.0 0.8749999999999893 
0.0 0.5625000000000041 0.9000000000000057 0.9000000000000057 0.9000000000000057 0.33749999999999974 0.0 0.0 0.0 0.0 0.0 0.0 0.0 0.0 0.3750000000000071 1.0 1.0 1.0 1.0 0.8749999999999893 
0.7874999999999956 0.9624999999999981 1.0 1.0 1.0 1.0 0.6249999999999964 0.0 0.0 0.0 0.0 0.0 0.0 0.06250000000000382 0.4375000000000095 1.0 1.0 1.0 0.962499999999997 0.7874999999999861 
0.0 0.6250000000000006 1.0 1.0 1.0 1.0 0.6249999999999964 0.0 0.0 0.0 0.0 0.0 0.0 0.6250000000000071 1.0 1.0 1.0 1.0 0.6249999999999893 0.0 
0.0 0.31249999999999806 0.6874999999999983 1.0 1.0 1.0 0.8124999999999996 0.5000000000000036 0.5000000000000036 0.5000000000000036 0.5000000000000036 0.5000000000000036 0.5000000000000036 0.8125000000000049 1.0 1.0 1.0 0.6874999999999933 0.31249999999999245 0.0 
0.0 0.0 0.3750000000000011 1.0 1.0 1.0 1.0 1.0 1.0 1.0 1.0 1.0 1.0 1.0 1.0 1.0 1.0 0.3749999999999911 0.0 0.0 
0.0 0.0 0.03749999999999798 0.09999999999999432 0.09999999999999432 0.6625000000000003 1.0 1.0 1.0 1.0 1.0 1.0 1.0 1.0 0.6624999999999914 0.09999999999999432 0.09999999999999432 0.03749999999999698 0.0 0.0 
