0.0 0.0 0.0 0.0 0.0 0.017499999999998808 0.12249999999999531 0.8875000000000036 1.0 1.0 1.0 1.0 1.0 1.0 0.2574999999999834 0.09999999999999076 0.047499999999994685 0.0 0.0 0.0 
0.0 0.0 0.0 0.14249999999999688 0.2999999999999914 0.4224999999999959 0.9924999999999988 0.7375000000000059 0.7000000000000086 0.7000000000000086 0.8275000000000072 1.0 1.0 1.0 1.0 1.0 0.47499999999999076 0.0 0.0 0.0 
0.0 0.0 0.31249999999999634 0.7374999999999974 1.0 0.9124999999999992 0.4875000000000054 0.062499999999998335 0.0 0.0 0.2125000000000073 0.500000000000008 0.5625000000000105 0.9875000000000045 1.0 1.0 0.7374999999999912 0.3124999999999897 0.0 0.0 
0.0 0.5424999999999958 0.8874999999999981 1.0 0.7724999999999997 0.2475000000000048 0.0 0.0 0.0 0.0 0.0 0.0 0.03750000000000305 0.29250000000000975 0.8775000000000083 1.0 1.0 0.8874999999999941 0.5424999999999859 0.0 
0.0 0.7750000000000021 1.0 1.0 0.6749999999999963 0.0 0.0 0.0 0.0 0.0 0.0 0.0 0.0 0.0 0.82500000000001 1.0 1.0 1.0 0.7749999999999879 0.0 
0.9250000000000016 1.0 1.0 0.5249999999999968 0.0 0.0 0.0 0.0 0.0 0.0 0.0 0.0 0.0 0.0 0.82500000000001 1.0 1.0 1.0 0.7749999999999879 0.0 
0.6475000000000062 0.9325000000000019 1.0 0.5249999999999968 0.0 0.0 0.0 0.0 0.0 0.0 0.0 0.0 0.0 0.0 0.82500000000001 1.0 1.0 1.0 0.7749999999999879 0.0 
0.0 0.7750000000000021 1.0 0.7624999999999958 0.3374999999999945 0.0 0.0 0.0 0.0 0.0 0.0 0.0 0.0 0.0 0.82500000000001 1.0 1.0 1.0 0.7749999999999879 0.0 
0.0 0.7750000000000021 1.0 1.0 0.6749999999999963 0.0 0.0 0.0 0.0 0.0 0.0 0.0 0.0 0.0 0.82500000000001 1.0 1.0 1.0 0.7749999999999879 0.0 
0.0 0.7750000000000021 1.0 1.0 0.6749999999999963 0.0 0.0 0.0 0.0 0.0 0.0 0.0 0.0 0.0 0.82500000000001 1.0 1.0 1.0 0.977499999999998 0.8324999999999881 
0.0 0.7750000000000021 1.0 1.0 0.6749999999999963 0.0 0.0 0.0 0.0 0.0 0.0 0.0 0.0 0.0 0.0 0.6750000000000078 1.0 1.0 0.9774999999999993 0.832499999999993 
0.0 0.5425000000000036 0.8875000000000018 1.0 0.6749999999999963 0.0 0.0 0.0 0.0 0.0 0.0 0.0 0.0 0.0 0.0 0.6750000000000078 1.0 1.0 0.7749999999999879 0.0 
0.0 0.0 0.6250000000000027 1.0 0.6749999999999963 0.0 0.0 0.0 0.0 0.0 0.0 0.0 0.0 0.0 0.41250000000000353 0.8375000000000034 1.0 1.0 0.7749999999999879 0.0 
0.0 0.0 0.18750000000000125 0.6325000000000026 0.6749999999999963 0.0 0.0 0.0 0.0 0.0 0.0 0.0 0.0 0.0 0.82500000000001 1.0 1.0 1.0 0.7749999999999879 0.0 
0.0 0.0 0.0 0.4750000000000032 0.6749999999999963 0.0 0.0 0.0 0.0 0.0 0.0 0.0 0.0 0.0 0.82500000000001 1.0 1.0 1.0 0.9774999999999985 0.8324999999999897 
0.0 0.0 0.6250000000000027 0.5249999999999968 0.0 0.0 0.0 0.0 0.0 0.0 0.0 0.0 0.012500000000000889 0.09750000000000224 0.8425000000000092 1.0 1.0 1.0 0.9774999999999985 0.8324999999999897 
0.0 0.0 0.6250000000000027 0.6674999999999981 0.20249999999999935 0.0 0.0 0.0 0.0 0.0 0.0 0.0825000000000019 0.3875000000000056 0.982500000000006 1.0 1.0 1.0 0.8874999999999965 0.542499999999991 0.0 
0.0 0.0 0.6250000000000027 1.0 0.8374999999999981 0.5 0.5 0.5 0.5 0.5 0.5 0.6375000000000028 1.0 1.0 1.0 1.0 1.0 0.6249999999999893 0.0 0.0 
0.0 0.0 0.18749999999999903 0.6325000000000007 1.0 1.0 1.0 1.0 1.0 1.0 1.0 1.0 1.0 1.0 1.0 0.5274999999999926 0.29999999999999716 0.18749999999999503 0.0 0.0 
0.0 0.0 0.0 0.04749999999999931 0.3925000000000019 1.0 1.0 1.0 1.0 1.0 1.0 1.0 0.8874999999999933 0.12249999999999026 0.09999999999999787 0.03249999999999852 0.0 0.0 0.0 0.0 
