0.6249999999999998 0.8749999999999999 1.0 1.0 1.0 1.0 0.9874999999999998 0.9624999999999994 0.937499999999999 0.9124999999999986 0.8999999999999986 0.8999999999999986 0.8999999999999986 0.8999999999999986 0.8999999999999986 0.8999999999999986 0.8999999999999986 0.8999999999999986 0.7874999999999972 0.5624999999999976 
0.6249999999999998 0.8749999999999999 1.0 1.0 1.0 1.0 0.8749999999999996 0.6249999999999993 0.37499999999999933 0.12499999999999933 0.0 0.0 0.0 0.0 0.0 0.0 0.0 0.0 0.0 0.0 
0.6249999999999998 0.8749999999999999 1.0 1.0 1.0 1.0 0.8749999999999996 0.6249999999999993 0.37499999999999933 0.12499999999999933 0.0 0.0 0.0 0.0 0.0 0.0 0.0 0.0 0.0 0.0 
0.6249999999999998 0.8749999999999999 0.9124999999999999 0.7374999999999997 0.5624999999999994 0.3874999999999993 0.26249999999999934 0.18749999999999942 0.11249999999999957 0.03749999999999972 0.0 0.0 0.0 0.0 0.0 0.0 0.0 0.0 0.0 0.0 
0.6249999999999998 0.8749999999999999 0.875 0.6249999999999999 0.3749999999999998 0.12499999999999978 0.0 0.0 0.0 0.0 0.0 0.0 0.0 0.0 0.0 0.0 0.0 0.0 0.0 0.0 
0.6249999999999998 0.8749999999999999 0.875 0.6249999999999999 0.3749999999999998 0.12499999999999978 0.0 0.0 0.0 0.0 0.0 0.0 0.0 0.0 0.0 0.0 0.0 0.0 0.0 0.0 
0.6249999999999998 0.8749999999999998 0.875 0.6249999999999999 0.3749999999999998 0.12499999999999978 0.0 0.0 0.0 0.0 0.0 0.0 0.0 0.0 0.0 0.0 0.0 0.0 0.0 0.0 
0.6249999999999998 0.8749999999999999 0.875 0.6249999999999999 0.3749999999999998 0.12499999999999978 0.0 0.0 0.0 0.0 0.0 0.0 0.0 0.0 0.0 0.0 0.0 0.0 0.0 0.0 
0.6249999999999998 0.8749999999999998 0.875 0.6249999999999999 0.3749999999999998 0.12499999999999978 0.0 0.0 0.0 0.0 0.0 0.0 0.0 0.0 0.0 0.0 0.0 0.0 0.0 0.0 
0.6249999999999998 0.8749999999999999 0.875 0.6249999999999999 0.3749999999999998 0.12499999999999978 0.0 0.0 0.0 0.0 0.0 0.0 0.0 0.0 0.0 0.0 0.0 0.0 0.0 0.0 
0.6249999999999998 0.8749999999999999 0.875 0.6249999999999999 0.3749999999999998 0.12499999999999978 0.0 0.0 0.0 0.0 0.0 0.0 0.0 0.0 0.0 0.0 0.0 0.0 0.0 0.0 
0.6249999999999998 0.8749999999999998 0.875 0.6249999999999999 0.3749999999999998 0.12499999999999978 0.0 0.0 0.0 0.0 0.0 0.0 0.0 0.0 0.0 0.0 0.0 0.0 0.0 0.0 
0.6249999999999998 0.8749999999999999 0.875 0.6249999999999999 0.3749999999999998 0.12499999999999978 0.0 0.0 0.0 0.0 0.0 0.0 0.0 0.0 0.0 0.0 0.0 0.0 0.0 0.0 
0.6249999999999998 0.8749999999999998 0.875 0.6249999999999999 0.3749999999999998 0.12499999999999978 0.0 0.0 0.0 0.0 0.0 0.0 0.0 0.0 0.0 0.0 0.0 0.0 0.0 0.0 
0.6249999999999998 0.8749999999999999 0.875 0.6249999999999999 0.3749999999999998 0.12499999999999978 0.0 0.0 0.0 0.0 0.0 0.0 0.0 0.0 0.0 0.0 0.0 0.0 0.0 0.0 
0.6249999999999998 0.8749999999999999 0.875 0.6249999999999999 0.3749999999999998 0.12499999999999978 0.0 0.0 0.0 0.0 0.0 0.0 0.0 0.0 0.0 0.0 0.0 0.0 0.0 0.0 
0.6249999999999998 0.8749999999999998 0.875 0.6249999999999999 0.3749999999999998 0.12499999999999978 0.0 0.0 0.0 0.0 0.0 0.0 0.0 0.0 0.0 0.0 0.0 0.0 0.0 0.0 
0.6249999999999998 0.8749999999999999 0.875 0.6249999999999999 0.3749999999999998 0.12499999999999978 0.0 0.0 0.0 0.0 0.0 0.0 0.0 0.0 0.0 0.0 0.0 0.0 0.0 0.0 
0.6249999999999998 0.8749999999999998 0.875 0.6249999999999999 0.3749999999999998 0.12499999999999978 0.0 0.0 0.0 0.0 0.0 0.0 0.0 0.0 0.0 0.0 0.0 0.0 0.0 0.0 
0.6249999999999998 0.8749999999999999 0.875 0.6249999999999999 0.3749999999999998 0.12499999999999978 0.0 0.0 0.0 0.0 0.0 0.0 0.0 0.0 0.0 0.0 0.0 0.0 0.0 0.0 
