0.0 0.0 0.0 0.0 0.0 0.0 0.04999999999999982 0.7500000000000009 1.0 1.0 1.0 0.4499999999999975 0.0 0.0 0.0 0.0 0.0 0.0 0.0 0.0 
0.0 0.0 0.0 0.0 0.0 0.0 0.04999999999999982 0.7500000000000009 1.0 1.0 1.0 0.9037499999999992 0.6187499999999966 0.04124999999999762 0.0 0.0 0.0 0.0 0.0 0.0 
0.0 0.0 0.0 0.0 0.0 0.34999999999999964 1.0 1.0 1.0 1.0 1.0 1.0 0.7499999999999964 0.04999999999999716 0.0 0.0 0.0 0.0 0.0 0.0 
0.0 0.0 0.0 0.0 0.0 0.34999999999999964 1.0 1.0 1.0 1.0 1.0 1.0 0.98125 0.9287500000000004 0.323749999999995 0.0 0.0 0.0 0.0 0.0 
0.0 0.0 0.0 0.0 0.0 0.34999999999999964 1.0 1.0 1.0 1.0 1.0 1.0 1.0 1.0 0.3499999999999943 0.0 0.0 0.0 0.0 0.0 
0.0 0.0 0.0 0.0 0.01625000000000136 0.366250000000001 1.0 1.0 1.0 1.0 1.0 1.0 1.0 1.0 0.3499999999999943 0.0 0.0 0.0 0.0 0.0 
0.0 0.0 0.0 0.0 0.649999999999999 1.0 1.0 1.0 1.0 1.0 1.0 1.0 1.0 1.0 0.3499999999999943 0.0 0.0 0.0 0.0 0.0 
0.0 0.0 0.0 0.0 0.649999999999999 1.0 1.0 1.0 1.0 1.0 1.0 1.0 1.0 1.0 1.0 0.649999999999995 0.0 0.0 0.0 0.0 
0.0 0.0 0.0 0.0 0.649999999999999 1.0 1.0 1.0 0.6962499999999974 0.32499999999999574 0.32499999999999574 0.6962499999999998 1.0 1.0 1.0 0.649999999999995 0.0 0.0 0.0 0.0 
0.0 0.0 0.05625000000000079 0.21375000000000435 0.728750000000001 1.0 0.9887499999999998 0.831249999999996 0.42624999999999647 0.0 0.0 0.4262499999999992 0.831249999999997 0.9887500000000004 1.0 0.649999999999995 0.0 0.0 0.0 0.0 
0.0 0.0 0.249999999999998 0.9499999999999984 1.0 1.0 0.9500000000000002 0.2499999999999991 0.0 0.0 0.0 0.0 0.25000000000000355 0.9500000000000028 1.0 0.9212500000000009 0.7362500000000021 0.19374999999999593 0.0 0.0 
0.0 0.0 0.249999999999998 0.9499999999999984 1.0 1.0 0.9500000000000002 0.2499999999999991 0.0 0.0 0.0 0.0 0.25000000000000355 0.9500000000000028 1.0 1.0 0.9499999999999957 0.2499999999999929 0.0 0.0 
0.0 0.48125000000000173 0.9062500000000051 0.9937500000000001 1.0 1.0 0.9500000000000002 0.2499999999999991 0.0 0.0 0.0 0.0 0.031249999999998668 0.11874999999999361 0.6937500000000025 1.0 0.9499999999999957 0.2499999999999929 0.0 0.0 
0.0 0.5499999999999975 1.0 1.0 1.0 0.798750000000003 0.4037500000000075 0.10625000000000158 0.0 0.0 0.0 0.0 0.0 0.0 0.6500000000000057 1.0 1.0 1.0 0.5499999999999936 0.0 
0.0 0.5499999999999975 1.0 1.0 1.0 1.0 0.9500000000000002 0.2499999999999991 0.0 0.0 0.0 0.0 0.2437500000000056 0.9262500000000109 0.9912500000000031 1.0 1.0 1.0 0.5499999999999936 0.0 
0.44625000000000625 0.786250000000003 1.0 1.0 1.0 1.0 1.0 1.0 0.7862500000000037 0.5250000000000092 0.5250000000000092 0.5250000000000092 0.6437500000000086 0.9762500000000018 1.0 1.0 1.0 1.0 0.5499999999999936 0.0 
0.849999999999997 1.0 1.0 1.0 1.0 1.0 0.9962499999999995 0.9437499999999924 0.92499999999999 0.9362499999999916 0.9887499999999987 1.0 1.0 1.0 1.0 1.0 1.0 1.0 0.5837499999999985 0.06375000000000802 
0.849999999999997 1.0 1.0 1.0 0.5937499999999937 0.37499999999998934 0.35624999999998996 0.093749999999997 0.0 0.05624999999999887 0.3187499999999918 0.37499999999998934 0.37499999999998934 0.37499999999998934 0.7812499999999998 1.0 1.0 1.0 1.0 0.8499999999999943 
0.7012499999999878 0.8249999999999886 0.8249999999999886 0.8249999999999886 0.28874999999999684 0.0 0.0 0.0 0.0 0.0 0.0 0.0 0.0 0.0 0.0 0.2887500000000001 0.83374999999999 0.9562499999999984 1.0 0.8499999999999943 
0.0 0.0 0.0 0.0 0.0 0.0 0.0 0.0 0.0 0.0 0.0 0.0 0.0 0.0 0.0 0.0 0.05000000000000426 0.7500000000000071 1.0 0.8499999999999943 
