0.7999999999999976 1.0 1.0 1.0 1.0 1.0 1.0 1.0 1.0 1.0 1.0 0.6600000000000036 0.15000000000000516 0.15000000000000213 0.12000000000000208 0.030000000000000852 0.0 0.0 0.0 0.0 
0.7999999999999976 1.0 1.0 1.0 1.0 1.0 1.0 1.0 1.0 1.0 1.0 1.0 1.0 1.0 0.8900000000000017 0.5600000000000029 0.27000000000000246 1.5987211554602316e-15 0.0 0.0 
0.7999999999999976 1.0 1.0 1.0 1.0 1.0 0.7000000000000015 0.25000000000000033 0.24999999999999867 0.3999999999999971 0.8499999999999976 1.0 1.0 1.0 1.0 1.0 0.9000000000000014 0.7500000000000022 0.3000000000000035 0.0 
0.7599999999999971 0.9699999999999994 0.9999999999999999 1.0 0.8000000000000025 0.2000000000000024 0.0 0.0 0.0 0.0 0.0 0.0 0.0 0.5699999999999975 0.9599999999999993 0.9899999999999998 1.0 1.0 0.43000000000000416 0.040000000000000695 
0.0 0.3999999999999976 0.9999999999999976 1.0 0.8000000000000025 0.2000000000000024 0.0 0.0 0.0 0.0 0.0 0.0 0.0 0.0 0.1999999999999975 0.7999999999999972 1.0 1.0 1.0 0.8000000000000025 
0.0 0.3999999999999976 0.9999999999999976 1.0 0.8000000000000025 0.2000000000000024 0.0 0.0 0.0 0.0 0.0 0.0 0.0 0.0 0.06999999999999906 0.2799999999999987 0.6099999999999977 0.9999999999999977 1.0 0.8000000000000025 
0.0 0.3999999999999976 0.9999999999999976 1.0 0.8000000000000025 0.2000000000000024 0.0 0.0 0.0 0.0 0.0 0.0 0.0 0.0 0.0 0.0 0.3999999999999968 0.9999999999999964 1.0 0.8000000000000025 
0.1999999999999994 0.5499999999999982 0.9999999999999982 1.0 0.8000000000000025 0.2000000000000024 0.0 0.0 0.0 0.0 0.0 0.0 0.0 0.0 0.1999999999999975 0.7999999999999972 1.0 1.0 1.0 0.8000000000000025 
0.35999999999999976 0.6699999999999993 0.9999999999999987 1.0 0.8000000000000025 0.2000000000000024 0.0 0.0 0.0 0.0 0.0 0.0 0.0 0.3299999999999982 0.639999999999998 0.9099999999999986 1.0 1.0 1.0 0.8000000000000025 
0.0 0.3999999999999976 0.9999999999999976 1.0 0.97 0.8799999999999987 0.8499999999999979 0.8499999999999979 0.8499999999999979 0.8499999999999979 0.8499999999999979 0.8499999999999979 0.8499999999999979 0.9399999999999988 1.0 1.0 1.0 1.0 0.4900000000000046 0.12000000000000208 
0.0 0.3999999999999976 0.9999999999999976 1.0 1.0 1.0 1.0 1.0 1.0 1.0 1.0 1.0 1.0 1.0 1.0 1.0 0.6000000000000032 3.552713678800501e-15 0.0 0.0 
0.0 0.3999999999999976 0.9999999999999976 1.0 0.9100000000000017 0.640000000000003 0.5500000000000025 0.5500000000000025 0.5500000000000025 0.5500000000000025 0.5500000000000025 0.7300000000000001 0.9999999999999984 1.0 1.0 1.0 0.7800000000000007 0.44999999999999946 0.18000000000000077 0.0 
0.0 0.3999999999999976 0.9999999999999976 1.0 0.8000000000000025 0.2000000000000024 0.0 0.0 0.0 0.0 0.0 0.10000000000000062 0.25000000000000266 0.25000000000000355 0.40000000000000097 0.8499999999999985 1.0 1.0 0.4000000000000039 0.0 
0.0 0.3999999999999976 0.9999999999999976 1.0 0.8000000000000025 0.2000000000000024 0.0 0.0 0.0 0.0 0.0 0.0 0.0 0.0 0.1899999999999982 0.7599999999999996 0.9700000000000015 0.9999999999999998 1.0 0.8000000000000025 
0.0 0.3999999999999976 0.9999999999999976 1.0 0.8000000000000025 0.2000000000000024 0.0 0.0 0.0 0.0 0.0 0.0 0.0 0.0 0.0 0.0 0.3999999999999968 0.9999999999999964 1.0 0.8000000000000025 
0.0 0.3999999999999976 0.9999999999999976 1.0 0.8000000000000025 0.2000000000000024 0.0 0.0 0.0 0.0 0.0 0.0 0.0 0.0 0.0 0.0 0.3999999999999968 0.9999999999999964 1.0 0.8000000000000025 
0.0 0.3999999999999976 0.9999999999999976 1.0 0.8000000000000025 0.2000000000000024 0.0 0.0 0.0 0.0 0.0 0.0 0.0 0.0 0.18999999999999678 0.7599999999999939 0.9699999999999973 0.9999999999999998 1.0 0.8000000000000025 
0.19999999999999657 0.549999999999996 0.9999999999999981 1.0 0.8500000000000012 0.39999999999999897 0.14999999999999855 5.551115123125704e-16 0.0 0.0 0.0 0.09999999999999779 0.24999999999999556 0.24999999999999645 0.3999999999999953 0.8499999999999972 1.0 1.0 0.8500000000000031 0.6000000000000048 
0.36000000000000404 0.6700000000000025 0.9999999999999987 1.0 1.0 1.0 0.8199999999999987 0.5499999999999946 0.5499999999999936 0.5499999999999936 0.5499999999999936 0.7299999999999948 0.9999999999999984 1.0 1.0 1.0 0.7800000000000042 0.45000000000000834 0.18000000000000432 0.0 
0.0 0.3999999999999976 0.9999999999999976 1.0 1.0 1.0 1.0 1.0 1.0 1.0 1.0 1.0 1.0 1.0 0.8300000000000033 0.32000000000000695 0.0900000000000039 5.329070518200953e-16 0.0 0.0 
