0.0 0.0 0.021874999999999544 0.13562500000000002 0.1750000000000007 0.23687499999999861 0.7731249999999981 1.0 1.0 1.0 1.0 1.0 1.0 0.7731250000000014 0.236875000000003 0.07437500000000043 0.0 0.0 0.0 0.0 
0.0 0.0 0.12499999999999689 0.774999999999997 1.0 1.0 1.0 1.0 1.0 1.0 1.0 1.0 1.0 1.0 1.0 0.7268750000000009 0.525000000000001 0.525000000000001 0.24937500000000123 0.0 
0.0 0.4156249999999978 0.8906250000000008 0.9718749999999999 1.0 1.0 1.0 1.0 0.978125000000002 0.4093750000000008 0.12499999999999867 0.12499999999999867 0.6718749999999979 1.0 1.0 1.0 1.0 1.0 0.4750000000000014 0.0 
0.8249999999999966 1.0 1.0 1.0 0.904375 0.7168750000000006 0.21312500000000162 0.0 0.0 0.0 0.0 0.0 0.0 0.0 0.0 0.5749999999999993 1.0 1.0 1.0 0.8249999999999993 
0.8249999999999966 1.0 1.0 1.0 0.5750000000000028 0.0 0.0 0.0 0.0 0.0 0.0 0.0 0.0 0.0 0.0 0.24437499999999857 0.5543749999999973 0.9281249999999998 1.0 0.8249999999999993 
0.8249999999999966 1.0 1.0 1.0 0.5750000000000028 0.0 0.0 0.0 0.0 0.0 0.0 0.0 0.0 0.0 0.0 0.0 0.01687499999999928 0.06562499999999782 0.07499999999999751 0.0618749999999979 
0.8249999999999966 1.0 1.0 1.0 0.5750000000000028 0.0 0.0 0.0 0.0 0.0 0.0 0.0 0.0 0.0 0.0 0.0 0.0 0.0 0.0 0.0 
0.8249999999999966 1.0 1.0 1.0 0.5750000000000028 0.0 0.0 0.0 0.0 0.0 0.0 0.0 0.0 0.0 0.0 0.0 0.0 0.0 0.0 0.0 
0.8249999999999966 1.0 1.0 1.0 0.5750000000000028 0.0 0.0 0.0 0.0 0.0 0.0 0.0 0.0 0.0 0.0 0.0 0.0 0.0 0.0 0.0 
0.8249999999999966 1.0 1.0 1.0 0.5750000000000028 0.0 0.0 0.0 0.0 0.0 0.0 0.0 0.0 0.0 0.0 0.0 0.0 0.0 0.0 0.0 
0.8249999999999966 1.0 1.0 1.0 0.5750000000000028 0.0 0.0 0.0 0.0 0.0 0.0 0.0 0.0 0.0 0.0 0.0 0.0 0.0 0.0 0.0 
0.8249999999999966 1.0 1.0 1.0 0.5750000000000028 0.0 0.0 0.0 0.0 0.0 0.0 0.0 0.0 0.0 0.0 0.0 0.0 0.0 0.0 0.0 
0.8249999999999966 1.0 1.0 1.0 0.5750000000000028 0.0 0.0 0.0 0.0 0.0 0.0 0.0 0.0 0.0 0.0 0.0 0.0 0.0 0.0 0.0 
0.22687499999999497 0.619374999999995 1.0 1.0 0.5750000000000028 0.0 0.0 0.0 0.0 0.0 0.23562500000000045 0.7068750000000033 0.725000000000005 0.725000000000005 0.725000000000005 0.725000000000005 0.725000000000005 0.725000000000005 0.725000000000005 0.5981250000000036 
0.8249999999999966 1.0 1.0 1.0 0.5750000000000028 0.0 0.0 0.0 0.0 0.0 0.3006249999999964 0.9018749999999918 0.9249999999999936 0.9456249999999953 0.9943749999999993 1.0 1.0 1.0 1.0 0.8249999999999993 
0.8249999999999966 1.0 1.0 1.0 0.5750000000000028 0.0 0.0 0.0 0.0 0.0 0.0 0.0 0.0 0.15812499999999802 0.5318749999999944 0.8193749999999979 1.0 1.0 1.0 0.8249999999999993 
0.18562499999999454 0.5931249999999946 1.0 1.0 0.5750000000000028 0.0 0.0 0.0 0.0 0.0 0.0 0.0 0.0 0.0 0.0 0.5749999999999993 1.0 1.0 1.0 0.8249999999999993 
0.0 0.4156249999999938 0.8906249999999933 0.971874999999998 1.0 0.9343750000000027 0.3656250000000074 0.1250000000000071 0.1250000000000071 0.1250000000000071 0.1250000000000071 0.1250000000000071 0.1250000000000071 0.3656250000000039 0.9343749999999981 1.0 1.0 1.0 0.9343749999999964 0.7218749999999935 
0.0 0.0 0.06562499999999774 0.4068749999999946 0.7268749999999958 1.0 1.0 1.0 1.0 1.0 1.0 1.0 1.0 1.0 1.0 1.0 0.893125 0.5843749999999956 0.24937499999999838 0.0 
0.0 0.0 0.0 0.0 0.07437499999999679 0.1749999999999936 0.1749999999999936 0.4843749999999938 1.0 1.0 1.0 1.0 1.0 1.0 1.0 0.5256249999999969 0.13562499999999542 0.0218749999999992 0.0 0.0 
