0.8500000000000014 1.0 1.0 1.0 1.0 1.0 1.0 1.0 1.0 1.0 1.0 1.0 0.7937499999999993 0.2162499999999979 0.17499999999999716 0.11374999999999821 0.0 0.0 0.0 0.0 
0.8500000000000014 1.0 1.0 1.0 1.0 1.0 1.0 1.0 1.0 1.0 1.0 1.0 1.0 1.0 1.0 0.6500000000000004 0.0 0.0 0.0 0.0 
0.8500000000000014 1.0 1.0 1.0 1.0 0.6937500000000004 0.12500000000000266 0.12500000000000266 0.12500000000000266 0.12500000000000266 0.12500000000000266 0.6062500000000011 1.0 1.0 1.0 0.9562499999999992 0.8749999999999973 0.8749999999999973 0.4812499999999992 0.0 
0.8500000000000014 1.0 1.0 1.0 0.3499999999999992 0.0 0.0 0.0 0.0 0.0 0.0 0.0 0.0 0.0 0.6499999999999986 1.0 1.0 1.0 0.5500000000000007 0.0 
0.8500000000000014 1.0 1.0 1.0 0.3499999999999992 0.0 0.0 0.0 0.0 0.0 0.0 0.0 0.0 0.0 0.276250000000001 0.6262500000000014 1.0 1.0 0.8087499999999992 0.4887499999999987 
0.8500000000000014 1.0 1.0 1.0 0.3499999999999992 0.0 0.0 0.0 0.0 0.0 0.0 0.0 0.0 0.0 0.0 0.34999999999999964 1.0 1.0 1.0 0.8500000000000014 
0.8500000000000014 1.0 1.0 1.0 0.3499999999999992 0.0 0.0 0.0 0.0 0.0 0.0 0.0 0.0 0.0 0.0 0.34999999999999964 1.0 1.0 1.0 0.8500000000000014 
0.8500000000000014 1.0 1.0 1.0 0.3499999999999992 0.0 0.0 0.0 0.0 0.0 0.0 0.0 0.0 0.0 0.0 0.34999999999999964 1.0 1.0 1.0 0.8500000000000014 
0.8500000000000014 1.0 1.0 1.0 0.3499999999999992 0.0 0.0 0.0 0.0 0.0 0.0 0.0 0.0 0.0 0.0 0.34999999999999964 1.0 1.0 1.0 0.8500000000000014 
0.8500000000000014 1.0 1.0 1.0 0.3499999999999992 0.0 0.0 0.0 0.0 0.0 0.0 0.0 0.0 0.0 0.0 0.34999999999999964 1.0 1.0 1.0 0.8500000000000014 
0.8500000000000014 1.0 1.0 1.0 0.3499999999999992 0.0 0.0 0.0 0.0 0.0 0.0 0.0 0.0 0.0 0.0 0.34999999999999964 1.0 1.0 1.0 0.8500000000000014 
0.8500000000000014 1.0 1.0 1.0 0.3499999999999992 0.0 0.0 0.0 0.0 0.0 0.0 0.0 0.0 0.0 0.0 0.34999999999999964 1.0 1.0 1.0 0.8500000000000014 
0.8500000000000014 1.0 1.0 1.0 0.3499999999999992 0.0 0.0 0.0 0.0 0.0 0.0 0.0 0.0 0.0 0.0 0.34999999999999964 1.0 1.0 1.0 0.8500000000000014 
0.8500000000000014 1.0 1.0 1.0 0.3499999999999992 0.0 0.0 0.0 0.0 0.0 0.0 0.0 0.0 0.0 0.0 0.34999999999999964 1.0 1.0 1.0 0.8500000000000014 
0.8500000000000014 1.0 1.0 1.0 0.3499999999999992 0.0 0.0 0.0 0.0 0.0 0.0 0.0 0.0 0.0 0.0 0.34999999999999964 1.0 1.0 1.0 0.8500000000000014 
0.8500000000000014 1.0 1.0 1.0 0.3499999999999992 0.0 0.0 0.0 0.0 0.0 0.0 0.0 0.0 0.0 0.0 0.34999999999999964 1.0 1.0 1.0 0.8500000000000014 
0.8500000000000014 1.0 1.0 1.0 0.3499999999999992 0.0 0.0 0.0 0.0 0.0 0.0 0.0 0.0 0.0 0.5037499999999979 0.853749999999999 1.0 1.0 0.6512500000000012 0.19125000000000153 
0.8500000000000014 1.0 1.0 1.0 0.4312499999999993 0.125 0.125 0.125 0.125 0.125 0.125 0.125 0.125 0.125 0.6937499999999988 1.0 1.0 1.0 0.5500000000000007 0.0 
0.8500000000000014 1.0 1.0 1.0 1.0 1.0 1.0 1.0 1.0 1.0 1.0 1.0 1.0 1.0 1.0 1.0 0.9762500000000006 0.6437500000000025 0.28875000000000156 0.0 
0.14875000000000085 0.6287500000000014 1.0 1.0 1.0 1.0 1.0 1.0 1.0 1.0 1.0 1.0 1.0 1.0 0.46375000000000166 0.1750000000000007 0.16625000000000087 0.04375000000000049 0.0 0.0 
