0.0 0.0 0.0 0.0 0.0 0.0 0.0 0.0 0.0 0.0 0.22499999999999964 0.6749999999999989 1.0 1.0 1.0 1.0 1.0 0.6531250000000004 0.23687500000000153 0.05437500000000088 
0.0 0.0 0.0 0.0 0.0 0.0 0.0 0.0 0.0 0.0 0.22499999999999964 0.6749999999999989 1.0 1.0 1.0 1.0 1.0 1.0 1.0 0.7250000000000014 
0.0 0.0 0.0 0.0 0.0 0.0 0.0 0.0 0.0 0.0 0.22499999999999964 0.6749999999999989 1.0 1.0 1.0 1.0 1.0 1.0 1.0 0.7250000000000014 
0.0 0.0 0.0 0.0 0.0 0.0 0.0 0.0 0.0 0.0 0.22499999999999964 0.6749999999999989 1.0 1.0 1.0 1.0 1.0 1.0 1.0 0.7250000000000014 
0.0 0.0 0.0 0.0 0.0 0.0 0.0 0.0 0.0 0.0 0.22499999999999964 0.6749999999999989 1.0 1.0 1.0 1.0 1.0 1.0 1.0 0.7250000000000014 
0.0 0.0 0.0 0.0 0.0 0.0 0.0 0.0 0.0 0.0 0.22499999999999964 0.6749999999999989 1.0 1.0 1.0 1.0 1.0 1.0 1.0 0.7250000000000014 
0.0 0.0 0.0 0.0 0.0 0.0 0.0 0.0 0.0 0.0 0.22499999999999964 0.6749999999999989 1.0 1.0 1.0 1.0 1.0 1.0 1.0 0.7250000000000014 
0.0 0.0 0.0 0.0 0.0 0.0 0.0 0.0 0.0 0.0 0.22499999999999964 0.6749999999999989 1.0 1.0 1.0 1.0 1.0 1.0 1.0 0.7250000000000014 
0.0 0.0 0.0 0.0 0.0 0.0 0.0 0.0 0.0 0.0 0.22499999999999964 0.6749999999999989 1.0 1.0 1.0 1.0 1.0 1.0 1.0 0.7250000000000014 
0.0 0.0 0.0 0.0 0.0 0.0 0.0 0.0 0.0 0.0 0.22499999999999964 0.6749999999999989 1.0 1.0 1.0 1.0 1.0 0.8406250000000004 0.6493750000000011 0.4168750000000016 
0.0 0.0 0.0 0.0 0.0 0.0 0.0 0.0 0.0 0.0 0.22499999999999964 0.6749999999999989 1.0 1.0 1.0 1.0 1.0 0.8406249999999991 0.6493749999999983 0.416874999999999 
0.0 0.0 0.0 0.0 0.0 0.0 0.0 0.0 0.0 0.0 0.22499999999999964 0.6749999999999989 1.0 1.0 1.0 1.0 1.0 1.0 1.0 0.7250000000000014 
0.0 0.0 0.0 0.0 0.0 0.0 0.0 0.0 0.0 0.0 0.028125000000000355 0.08437500000000106 0.234375 0.6281250000000002 1.0 1.0 1.0 0.6718750000000007 0.27812500000000207 0.09062500000000147 
0.0 0.0 0.0 0.0 0.0 0.0 0.0 0.0 0.0 0.0 0.0 0.0 0.12499999999999822 0.5749999999999993 1.0 1.0 1.0 0.625 0.1750000000000007 0.0 
0.0 0.0 0.0 0.0 0.0 0.0 0.0 0.0 0.0 0.0 0.0 0.0 0.12499999999999822 0.5749999999999993 1.0 1.0 1.0 0.625 0.1750000000000007 0.0 
0.0 0.0 0.0 0.0 0.0 0.0 0.0 0.0 0.0 0.0 0.0 0.0 0.12499999999999822 0.5749999999999993 1.0 1.0 1.0 0.625 0.1750000000000007 0.0 
0.0 0.0 0.0 0.0 0.0 0.0 0.0 0.0 0.0 0.0 0.10687499999999855 0.32062499999999566 0.5406249999999941 0.7768749999999972 1.0 1.0 1.0 0.625 0.1750000000000007 0.0 
0.0 0.0 0.0 0.0 0.0 0.0 0.0 0.0 0.20312499999999697 0.4843749999999939 0.7093749999999943 0.8781249999999973 1.0 1.0 1.0 1.0 1.0 0.625 0.1750000000000007 0.0 
0.0 0.0 0.0 0.0 0.0 0.0 0.32937499999999825 0.6781249999999978 0.8481249999999988 0.9493749999999994 1.0 1.0 1.0 1.0 0.9806250000000012 0.631875000000001 0.2831250000000021 0.1406250000000009 0.03937500000000041 0.0 
0.6706249999999964 0.9249999999999972 0.9249999999999972 0.9249999999999972 0.9249999999999972 0.9249999999999972 0.9568749999999983 0.9906249999999995 1.0 1.0 0.791875000000001 0.37562500000000293 0.07500000000000284 0.07500000000000284 0.07312500000000288 0.03937500000000152 0.005625000000000293 0.0 0.0 0.0 
