0.0 0.0 0.0 0.0 0.0 0.0 0.0 0.0218749999999998 0.15312499999999768 0.6906249999999997 1.0 1.0 1.0 1.0 0.625 0.0 0.0 0.0 0.0 0.0 
0.0 0.0 0.0 0.0 0.0 0.0 0.0 0.1250000000000009 0.8750000000000009 1.0 1.0 1.0 1.0 0.6718750000000013 0.29687500000000133 0.0 0.0 0.0 0.0 0.0 
0.0 0.0 0.0 0.0 0.0 0.0 0.3281250000000003 0.8906249999999989 0.984375 1.0 1.0 1.0 1.0 0.375 0.0 0.0 0.0 0.0 0.0 0.0 
0.0 0.0 0.0 0.0 0.0 0.0 0.3750000000000009 1.0 1.0 1.0 1.0 0.875 0.125 0.0 0.0 0.0 0.0 0.0 0.0 0.0 
0.0 0.0 0.0 0.0 0.0 0.3593750000000009 0.7343750000000004 1.0 1.0 1.0 0.7843749999999994 0.37187499999999984 0.05312499999999998 0.0 0.0 0.0 0.0 0.0 0.0 0.0 
0.0 0.0 0.0 0.0 0.0 0.6250000000000013 1.0 1.0 1.0 1.0 0.6249999999999991 0.0 0.0 0.0 0.0 0.0 0.0 0.0 0.0 0.0 
0.0 0.0 0.0 0.034375000000000634 0.24062500000000223 0.7281250000000017 1.0 1.0 1.0 0.8281249999999984 0.453124999999998 0.0 0.0 0.0 0.0 0.0 0.0 0.0 0.0 0.0 
0.0 0.0 0.0 0.12500000000000133 0.8750000000000013 1.0 1.0 1.0 1.0 0.3749999999999991 0.0 0.0 0.0 0.0 0.0 0.0 0.0 0.0 0.0 0.0 
0.0 0.0 0.3656250000000027 0.9781250000000028 0.9968750000000004 1.0 1.0 0.8781249999999987 0.14687499999999634 0.009374999999998778 0.0 0.0 0.0 0.0 0.0 0.0 0.0 0.0 0.0 0.0 
0.0 0.0 0.37500000000000155 1.0 1.0 1.0 1.0 0.8749999999999991 0.12499999999999911 0.0 0.0 0.0 0.0 0.0 0.0 0.0 0.0 0.0 0.0 0.0 
0.0 0.4218750000000038 0.7968750000000031 1.0 1.0 1.0 0.7468749999999977 0.284374999999996 0.040624999999999176 0.0 0.0 0.0 0.0 0.0 0.0 0.0 0.0 0.0 0.0 0.0 
0.02187500000000502 0.6343750000000038 1.0 1.0 1.0 0.9843749999999964 0.6093749999999956 0.0 0.0 0.0 0.009375000000002154 0.14687500000000497 0.8781250000000007 1.0 1.0 0.875 0.125 0.0 0.0 0.0 
0.8750000000000018 1.0 1.0 1.0 1.0 0.37499999999999867 0.0 0.0 0.0 0.0 0.3750000000000009 1.0 1.0 1.0 1.0 0.875 0.125 0.0 0.0 0.0 
0.8750000000000018 1.0 1.0 1.0 1.0 0.828125000000005 0.45312500000000466 0.0 0.0 0.453125000000006 0.8281250000000056 1.0 1.0 1.0 1.0 0.9656250000000011 0.7593750000000075 0.2718750000000032 0.0 0.0 
0.8750000000000018 1.0 1.0 1.0 1.0 1.0 1.0 1.0 1.0 1.0 1.0 1.0 1.0 1.0 1.0 1.0 1.0 1.0 1.0 0.875 
0.8750000000000018 1.0 1.0 1.0 1.0 1.0 1.0 1.0 1.0 1.0 1.0 1.0 1.0 1.0 1.0 1.0 1.0 1.0 1.0 0.875 
0.1968749999999923 0.22499999999999076 0.22499999999999076 0.22499999999999076 0.22499999999999076 0.22499999999999076 0.22499999999999076 0.22499999999999076 0.22499999999999076 0.7093749999999972 1.0 1.0 1.0 1.0 1.0 1.0 1.0 1.0 0.7093749999999965 0.19687499999999192 
0.0 0.0 0.0 0.0 0.0 0.0 0.0 0.0 0.0 0.0 0.3750000000000009 1.0 1.0 1.0 1.0 0.875 0.125 0.0 0.0 0.0 
0.0 0.0 0.0 0.0 0.0 0.0 0.0 0.0 0.0 0.0 0.3750000000000009 1.0 1.0 1.0 1.0 0.875 0.125 0.0 0.0 0.0 
0.0 0.0 0.0 0.0 0.0 0.0 0.0 0.0 0.0 0.0 0.3750000000000009 1.0 1.0 1.0 1.0 0.875 0.125 0.0 0.0 0.0 
