0.0 0.0 0.0 0.0 0.0 0.06999999999999959 0.23999999999999846 0.7999999999999984 1.0 1.0 1.0 1.0 1.0 1.0 0.48000000000000353 0.13000000000000067 0.0 0.0 0.0 0.0 
0.0 0.0 0.15000000000000052 0.5699999999999998 0.5999999999999994 0.7399999999999993 1.0 1.0 1.0 1.0 1.0 1.0 1.0 1.0 1.0 0.8600000000000021 0.5999999999999994 0.5999999999999994 0.33000000000000435 0.0 
0.0 0.5500000000000015 0.9999999999999997 1.0 1.0 1.0 1.0 1.0 1.0 1.0 1.0 1.0 1.0 1.0 1.0 1.0 1.0 1.0 0.9999999999999998 0.8500000000000082 
0.34000000000000047 0.7300000000000008 1.0 1.0 1.0 1.0 0.9800000000000004 0.7000000000000011 0.3300000000000018 0.0 0.0 0.0 0.149999999999998 0.569999999999998 0.8599999999999982 1.0 1.0 1.0 1.0 0.8500000000000085 
0.8500000000000023 1.0 1.0 1.0 1.0 0.7200000000000008 0.1900000000000004 0.0500000000000004 0.0 0.0 0.0 0.0 0.0 0.0 0.12999999999999912 0.47999999999999554 1.0 1.0 1.0 0.8500000000000085 
0.8500000000000023 1.0 1.0 1.0 1.0 0.6500000000000008 0.0 0.0 0.0 0.0 0.0 0.0 0.0 0.0 0.0 0.0 0.0 0.0 0.0 0.0 
0.8500000000000023 1.0 1.0 1.0 1.0 0.6500000000000008 0.0 0.0 0.0 0.0 0.0 0.0 0.0 0.0 0.0 0.0 0.0 0.0 0.0 0.0 
0.8500000000000023 1.0 1.0 1.0 1.0 0.6500000000000008 0.0 0.0 0.4499999999999975 0.8500000000000032 0.1500000000000039 0.0 0.0 0.0 0.0 0.0 0.0 0.0 0.0 0.0 
0.8500000000000023 1.0 1.0 1.0 1.0 1.0 1.0 1.0 1.0 1.0 1.0 1.0 1.0 1.0 1.0 0.7900000000000036 0.3800000000000029 0.10000000000000293 0.0 0.0 
0.8500000000000023 1.0 1.0 1.0 1.0 1.0 1.0 1.0 1.0 1.0 1.0 1.0 1.0 1.0 1.0 1.0 0.9900000000000013 0.850000000000002 0.44000000000000666 0.0 
0.8500000000000023 1.0 1.0 1.0 1.0 0.9299999999999998 0.7999999999999989 0.7999999999999989 0.4400000000000014 0.11999999999999728 0.6799999999999959 0.7999999999999989 0.7999999999999989 0.7999999999999989 0.9299999999999986 1.0 1.0 1.0 0.6400000000000068 0.17000000000000262 
0.8500000000000023 1.0 1.0 1.0 1.0 0.6500000000000008 0.0 0.0 0.0 0.0 0.0 0.0 0.0 0.0 0.649999999999995 1.0 1.0 1.0 1.0 0.8500000000000085 
0.8500000000000023 1.0 1.0 1.0 0.3500000000000001 0.0 0.0 0.0 0.0 0.0 0.0 0.0 0.0 0.0 0.0 0.3499999999999943 1.0 1.0 1.0 0.8500000000000085 
0.8500000000000023 1.0 1.0 1.0 0.3500000000000001 0.0 0.0 0.0 0.0 0.0 0.0 0.0 0.0 0.0 0.2599999999999994 0.609999999999998 1.0 1.0 1.0 0.8500000000000085 
0.8500000000000023 1.0 1.0 1.0 0.3500000000000001 0.0 0.0 0.0 0.0 0.0 0.0 0.0 0.0 0.0 0.12999999999999853 0.479999999999995 1.0 1.0 1.0 0.8500000000000085 
0.8500000000000023 1.0 1.0 1.0 0.4800000000000019 0.130000000000002 0.0 0.0 0.0 0.0 0.0 0.0 0.0 0.0 0.649999999999995 1.0 1.0 1.0 1.0 0.8500000000000085 
0.8500000000000023 1.0 1.0 1.0 1.0 0.8600000000000008 0.570000000000002 0.1500000000000014 0.0 0.0 0.0 0.0 0.14999999999999822 0.5699999999999988 0.8599999999999985 1.0 1.0 1.0 1.0 0.8500000000000085 
0.0 0.5500000000000017 1.0 1.0 1.0 1.0 1.0 1.0 1.0 1.0 1.0 1.0 1.0 1.0 1.0 1.0 1.0 1.0 0.5500000000000078 0.0 
0.0 0.0 0.15000000000000013 0.5699999999999984 0.8599999999999992 1.0 1.0 1.0 1.0 1.0 1.0 1.0 1.0 1.0 1.0 0.8600000000000015 0.5700000000000018 0.15000000000000374 0.0 0.0 
0.0 0.0 0.0 0.0 0.12999999999999953 0.1999999999999993 0.23999999999999846 0.7999999999999984 1.0 1.0 1.0 1.0 0.8000000000000027 0.24000000000000274 0.1999999999999993 0.13000000000000067 0.0 0.0 0.0 0.0 
