0.0 0.3249999999999973 0.8749999999999973 1.0 1.0 0.47500000000000275 0.0 0.0 0.0 0.0 0.0 0.0 0.0 0.0 0.0 0.0 0.0 0.0 0.0 0.0 
0.0 0.3249999999999973 0.8749999999999973 1.0 1.0 0.47500000000000275 0.0 0.0 0.0 0.0 0.0 0.0 0.0 0.0 0.0 0.0 0.0 0.0 0.0 0.0 
0.0 0.3249999999999973 0.8749999999999973 1.0 1.0 0.47500000000000275 0.0 0.0 0.0 0.0 0.0 0.0 0.0 0.0 0.0 0.0 0.0 0.0 0.0 0.0 
0.0 0.3249999999999973 0.8749999999999973 1.0 1.0 0.47500000000000275 0.0 0.0 0.0 0.0 0.0 0.0 0.0 0.0 0.0 0.0 0.0 0.0 0.0 0.0 
0.0 0.3249999999999973 0.8749999999999973 1.0 1.0 0.47500000000000275 0.0 0.0 0.0 0.0 0.0 0.0 0.0 0.0 0.0 0.0 0.0 0.0 0.0 0.0 
0.0 0.3249999999999973 0.8749999999999973 1.0 1.0 0.47500000000000275 0.0 0.0 0.0 0.0 0.0 0.0 0.0 0.0 0.0 0.0 0.0 0.0 0.0 0.0 
0.0 0.3249999999999973 0.8749999999999973 1.0 1.0 0.47500000000000275 0.0 0.0 0.0 0.0 0.0 0.0 0.0 0.0 0.0 0.0 0.0 0.0 0.0 0.0 
0.0 0.3249999999999973 0.8749999999999973 1.0 1.0 0.47500000000000275 0.0 0.0 0.0 0.0 0.0 0.0 0.0 0.0 0.0 0.0 0.0 0.0 0.0 0.0 
0.0 0.3249999999999973 0.8749999999999973 1.0 1.0 0.47500000000000275 0.0 0.0 0.0 0.0 0.0 0.0 0.0 0.0 0.0 0.0 0.0 0.0 0.0 0.0 
0.0 0.3249999999999973 0.8749999999999973 1.0 1.0 0.47500000000000275 0.0 0.0 0.0 0.0 0.0 0.0 0.0 0.0 0.0 0.0 0.0 0.0 0.0 0.0 
0.0 0.3249999999999973 0.8749999999999973 1.0 1.0 0.47500000000000275 0.0 0.0 0.0 0.0 0.0 0.0 0.0 0.0 0.0 0.0 0.0 0.0 0.0 0.0 
0.0 0.3249999999999973 0.8749999999999973 1.0 1.0 0.47500000000000275 0.0 0.0 0.0 0.0 0.0 0.0 0.0 0.0 0.0 0.0 0.0 0.0 0.0 0.0 
0.0 0.3249999999999973 0.8749999999999973 1.0 1.0 0.47500000000000275 0.0 0.0 0.0 0.0 0.0 0.0 0.0 0.0 0.0 0.0 0.0 0.0 0.0 0.0 
0.5425000000000003 0.7975000000000011 0.9624999999999996 1.0 1.0 0.47500000000000275 0.0 0.0 0.0 0.0 0.0 0.0 0.0 0.0 0.0 0.0 0.0 0.0 0.0 0.0 
0.7749999999999972 1.0 1.0 1.0 1.0 0.47500000000000275 0.0 0.0 0.0 0.0 0.0 0.0 0.0 0.0 0.0 0.0 0.0 0.0 0.0 0.0 
0.7749999999999972 1.0 1.0 1.0 1.0 0.47500000000000275 0.0 0.0 0.0 0.0 0.0 0.0 0.0 0.0 0.0 0.0 0.0 0.0 0.0 0.0 
0.7749999999999972 1.0 1.0 1.0 1.0 0.47500000000000275 0.0 0.0 0.0 0.0 0.0 0.0 0.0 0.0 0.0 0.0 0.0 0.0 0.0 0.0 
0.7749999999999972 1.0 1.0 1.0 1.0 0.7375000000000033 0.4625000000000045 0.18750000000000244 0.0 0.0 0.0 0.0 0.0 0.0 0.0 0.0 0.0 0.0 0.0 0.0 
0.7749999999999972 1.0 1.0 1.0 1.0 1.0 0.9775000000000011 0.8125000000000047 0.7000000000000064 0.7000000000000064 0.7000000000000064 0.7000000000000064 0.7000000000000064 0.7000000000000064 0.7000000000000064 0.7000000000000064 0.7000000000000064 0.7000000000000064 0.7000000000000064 0.5425000000000064 
0.7749999999999972 1.0 1.0 1.0 1.0 1.0 1.0 1.0 1.0 1.0 1.0 1.0 1.0 1.0 1.0 1.0 1.0 1.0 1.0 0.7750000000000021 
