0.849999999999997 1.0 1.0 1.0 1.0 1.0 1.0 1.0 1.0 1.0 1.0 1.0 1.0 1.0 1.0 1.0 1.0 1.0 1.0 0.8500000000000014 
0.5949999999999969 0.6999999999999988 0.6999999999999988 0.6999999999999988 0.6999999999999988 0.6999999999999988 0.6999999999999988 0.6999999999999988 0.6999999999999988 0.6999999999999988 0.6999999999999988 0.6999999999999988 0.6999999999999988 0.6999999999999988 0.8949999999999991 1.0 1.0 1.0 1.0 0.8500000000000014 
0.0 0.0 0.0 0.0 0.0 0.0 0.0 0.0 0.0 0.0 0.0 0.0 0.0 0.0 0.32499999999999873 0.6749999999999984 1.0 1.0 0.7749999999999999 0.42499999999999993 
0.0 0.0 0.0 0.0 0.0 0.0 0.0 0.0 0.0 0.0 0.0 0.0 0.0 0.0 0.0 0.34999999999999787 1.0 1.0 0.5500000000000007 0.0 
0.0 0.0 0.0 0.0 0.0 0.0 0.0 0.0 0.0 0.0 0.0 0.0 0.0 0.0 0.584999999999999 0.935 0.9550000000000025 0.32500000000000295 0.054999999999999875 0.0 
0.0 0.0 0.0 0.0 0.0 0.0 0.0 0.0 0.0 0.0 0.0 0.0 0.024999999999999557 0.09499999999999958 0.6849999999999986 0.9650000000000003 0.8550000000000029 0.22500000000000328 0.0 0.0 
0.0 0.0 0.0 0.0 0.0 0.0 0.0 0.0 0.0 0.0 0.0 0.0 0.24999999999999645 0.9499999999999993 1.0 0.6500000000000021 0.0 0.0 0.0 0.0 
0.0 0.0 0.0 0.0 0.0 0.0 0.0 0.0 0.0 0.0 0.0 0.274999999999999 0.6249999999999982 0.9749999999999996 0.6750000000000007 0.32500000000000107 0.0 0.0 0.0 0.0 
0.0 0.0 0.0 0.0 0.0 0.0 0.0 0.0 0.0 0.0 0.0 0.549999999999998 1.0 1.0 0.3500000000000014 0.0 0.0 0.0 0.0 0.0 
0.0 0.0 0.0 0.0 0.0 0.0 0.0 0.0 0.0 0.1349999999999977 0.7649999999999969 0.9549999999999992 0.7750000000000036 0.145000000000002 0.03500000000000064 0.0 0.0 0.0 0.0 0.0 
0.0 0.0 0.0 0.0 0.0 0.0 0.0 0.0 0.04499999999999879 0.2349999999999961 0.8649999999999978 0.9450000000000014 0.6750000000000048 0.04500000000000075 0.0 0.0 0.0 0.0 0.0 0.0 
0.0 0.0 0.0 0.0 0.0 0.0 0.014999999999999094 0.2249999999999984 0.6149999999999977 1.0 1.0 0.45000000000000195 0.0 0.0 0.0 0.0 0.0 0.0 0.0 0.0 
0.0 0.0 0.0 0.0 0.0 0.0 0.04999999999999716 0.7499999999999973 1.0 0.9250000000000014 0.5750000000000026 0.22500000000000178 0.0 0.0 0.0 0.0 0.0 0.0 0.0 0.0 
0.0 0.0 0.0 0.0 0.0 0.24499999999999733 0.7149999999999967 0.9249999999999986 1.0 0.8500000000000023 0.15000000000000213 0.0 0.0 0.0 0.0 0.0 0.0 0.0 0.0 0.0 
0.0 0.0 0.0 0.0 0.0 0.3499999999999974 1.0 1.0 0.5950000000000029 0.08500000000000144 0.015000000000000426 0.0 0.0 0.0 0.0 0.0 0.0 0.0 0.0 0.0 
0.0 0.0 0.0 0.0 0.6499999999999972 1.0 0.9500000000000028 0.25000000000000266 0.0 0.0 0.0 0.0 0.0 0.0 0.0 0.0 0.0 0.0 0.0 0.0 
0.0 0.0 0.07499999999999843 0.2849999999999964 0.754999999999997 1.0 0.9500000000000028 0.25000000000000266 0.0 0.0 0.0 0.0 0.0 0.0 0.0 0.0 0.0 0.0 0.0 0.0 
0.0 0.0 0.2499999999999971 0.9499999999999971 1.0 0.8250000000000025 0.4750000000000048 0.12500000000000222 0.0 0.0 0.0 0.0 0.0 0.0 0.0 0.0 0.0 0.0 0.0 0.0 
0.0 0.38499999999999557 0.7749999999999959 0.984999999999999 0.5450000000000047 0.19500000000000353 0.0 0.0 0.0 0.0 0.0 0.0 0.0 0.0 0.0 0.0 0.0 0.0 0.0 0.0 
0.764999999999993 0.9549999999999975 1.0 1.0 0.35000000000000275 0.0 0.0 0.0 0.0 0.0 0.0 0.0 0.0 0.0 0.0 0.0 0.0 0.0 0.0 0.0 
