0.0 0.0 0.0 0.01562500000000039 0.10937500000000311 0.12500000000000355 0.453125000000003 1.0 1.0 1.0 1.0 1.0 1.0 0.4531249999999991 0.12500000000000355 0.10937500000000244 0.015624999999999778 0.0 0.0 0.0 
0.0 0.0 0.14062500000000075 0.4531250000000022 0.9218750000000003 1.0 1.0 0.9531249999999989 0.6718749999999968 0.6249999999999971 0.7656249999999992 1.0 1.0 1.0 1.0 0.921874999999997 0.4531249999999992 0.14062499999999908 0.0 0.0 
0.0 0.39062500000000056 0.7656250000000011 0.921875 0.45312499999999806 0.3749999999999978 0.3749999999999978 0.3281249999999974 0.046874999999999056 0.0 0.14062500000000017 0.3749999999999978 0.3749999999999978 0.7656250000000013 1.0 1.0 1.0 0.37499999999999467 0.0 0.0 
0.765625 0.9531250000000004 0.6718750000000001 0.1093749999999985 0.015624999999999778 0.0 0.0 0.0 0.0 0.0 0.0 0.0 0.0 0.07812499999999933 0.45312500000000355 1.0 1.0 0.9218750000000004 0.5468749999999964 0.0 
0.8749999999999982 1.0 0.6250000000000009 0.0 0.0 0.0 0.0 0.0 0.0 0.0 0.0 0.0 0.0 0.0 0.0 0.10937500000000455 0.7656250000000039 0.8749999999999991 0.5468749999999948 0.0 
0.8749999999999982 1.0 0.6250000000000009 0.0 0.0 0.0 0.0 0.0 0.0 0.0 0.0 0.0 0.0 0.0 0.0 0.0 0.0 0.0 0.0 0.0 
0.8749999999999982 1.0 0.6250000000000009 0.0 0.0 0.0 0.0 0.0 0.0 0.0 0.0 0.0 0.0 0.0 0.0 0.0 0.0 0.0 0.0 0.0 
0.8749999999999982 1.0 0.6250000000000009 0.0 0.0 0.0 0.0 0.0 0.0 0.0 0.0 0.0 0.0 0.0 0.0 0.0 0.0 0.0 0.0 0.0 
0.8749999999999982 1.0 0.6250000000000009 0.0 0.0 0.0 0.0 0.0 0.0 0.0 0.04687499999999967 0.12499999999999822 0.12499999999999822 0.12499999999999822 0.12499999999999822 0.10937499999999778 0.015624999999999112 0.07812499999999956 0.07812499999999822 0.0 
0.8749999999999982 1.0 0.6250000000000009 0.0 0.0 0.0 0.0 0.0 0.0 0.0 0.37500000000000266 1.0 1.0 1.0 1.0 0.9218749999999964 0.4531249999999951 0.7656250000000027 0.6249999999999947 0.0 
0.8749999999999982 1.0 0.6250000000000009 0.0 0.0 0.0 0.0 0.0 0.0 0.0 0.14062500000000233 0.45312500000000533 0.9218750000000027 1.0 1.0 1.0 1.0 1.0 0.6249999999999947 0.0 
0.8749999999999982 1.0 0.6250000000000009 0.0 0.0 0.0 0.0 0.0 0.0 0.0 0.0 0.015625000000000888 0.10937500000000355 0.12500000000000355 0.12500000000000355 0.23437500000000777 0.8906250000000051 1.0 0.6249999999999947 0.0 
0.8749999999999982 1.0 0.6250000000000009 0.0 0.0 0.0 0.0 0.0 0.0 0.0 0.0 0.0 0.0 0.0 0.0 0.12500000000000533 0.8750000000000053 1.0 0.671874999999994 0.109374999999996 
0.8749999999999982 1.0 0.6250000000000009 0.0 0.0 0.0 0.0 0.0 0.0 0.0 0.0 0.0 0.0 0.0 0.0 0.12500000000000533 0.8750000000000053 1.0 1.0 0.8749999999999929 
0.8749999999999982 1.0 0.8593749999999977 0.546874999999994 0.07812499999999911 0.0 0.0 0.0 0.0 0.0 0.0 0.0 0.0 0.0 0.0 0.12500000000000533 0.8750000000000053 1.0 1.0 0.8749999999999929 
0.109375000000006 0.6718750000000016 1.0 0.8750000000000004 0.125 0.0 0.0 0.0 0.0 0.0 0.0 0.0 0.0 0.0 0.0 0.12500000000000533 0.8750000000000053 1.0 1.0 0.8749999999999929 
0.0 0.6249999999999987 1.0 0.8906249999999996 0.23437499999999378 0.04687499999999728 0.0 0.0 0.0 0.0 0.0 0.0 0.0 0.0 0.046874999999998 0.23437499999999845 0.8906250000000038 1.0 0.6249999999999947 0.0 
0.0 0.3906250000000036 0.7656250000000041 1.0 1.0 0.6093749999999953 0.3749999999999929 0.3281249999999931 0.046874999999998446 0.0 0.0 0.0 0.0 0.2343749999999969 0.6093749999999989 1.0 1.0 0.7656250000000024 0.3906250000000011 0.0 
0.0 0.0 0.14062500000000233 0.45312500000000594 0.9218750000000009 1.0 1.0 0.9531249999999984 0.6718749999999931 0.6249999999999929 0.6249999999999929 0.6249999999999929 0.6249999999999929 0.8593749999999987 1.0 0.9218749999999976 0.4531250000000029 0.14062500000000067 0.0 0.0 
0.0 0.0 0.0 0.015625000000001277 0.10937500000000933 0.12500000000001066 0.45312500000000744 1.0 1.0 1.0 1.0 1.0 1.0 0.45312500000000355 0.12500000000001066 0.10937500000000866 0.015625000000000666 0.0 0.0 0.0 
