0.08999999999999847 0.7300000000000029 1.0 1.0 1.0 1.0 1.0 1.0 1.0 1.0 1.0 1.0 1.0 1.0 1.0 1.0 1.0 0.9500000000000005 0.6299999999999977 0.0 
0.6300000000000044 0.700000000000002 0.700000000000002 0.700000000000002 0.700000000000002 0.700000000000002 0.700000000000002 0.700000000000002 0.700000000000002 0.700000000000002 0.700000000000002 0.700000000000002 0.700000000000002 0.7900000000000027 1.0 1.0 1.0 0.49999999999999467 0.0 0.0 
0.0 0.0 0.0 0.0 0.0 0.0 0.0 0.0 0.0 0.0 0.0 0.0 0.0 0.30000000000000426 1.0 1.0 1.0 0.49999999999999467 0.0 0.0 
0.0 0.0 0.0 0.0 0.0 0.0 0.0 0.0 0.0 0.0 0.0 0.0 0.0 0.30000000000000426 1.0 1.0 0.5099999999999979 0.1499999999999992 0.0 0.0 
0.0 0.0 0.0 0.0 0.0 0.0 0.0 0.0 0.0 0.0 0.0 0.0 0.45000000000000406 0.9299999999999994 1.0 1.0 0.2999999999999954 0.0 0.0 0.0 
0.0 0.0 0.0 0.0 0.0 0.0 0.0 0.0 0.0 0.0 0.0 0.06999999999999959 0.5500000000000042 1.0 0.899999999999995 0.09999999999999609 0.0 0.0 0.0 0.0 
0.0 0.0 0.0 0.0 0.0 0.0 0.0 0.0 0.0 0.0 0.0 0.7000000000000046 1.0 0.909999999999999 0.6299999999999975 0.06999999999999737 0.0 0.0 0.0 0.0 
0.0 0.0 0.0 0.0 0.0 0.0 0.0 0.0 0.0 0.05000000000000204 0.45000000000000195 0.8500000000000023 1.0 0.6999999999999957 0.0 0.0 0.0 0.0 0.0 0.0 
0.0 0.0 0.0 0.0 0.0 0.0 0.0 0.0 0.0 0.10000000000000409 0.9000000000000039 1.0 0.6499999999999966 0.20999999999999922 0.0 0.0 0.0 0.0 0.0 0.0 
0.0 0.0 0.0 0.0 0.0 0.0 0.0 0.0 0.2700000000000034 0.9099999999999991 0.9900000000000002 1.0 0.49999999999999467 0.0 0.0 0.0 0.0 0.0 0.0 0.0 
0.0 0.0 0.0 0.0 0.0 0.0 0.0 0.050000000000000266 0.3700000000000036 1.0 1.0 0.2999999999999954 0.0 0.0 0.0 0.0 0.0 0.0 0.0 0.0 
0.0 0.0 0.0 0.0 0.0 0.0 0.0 0.5000000000000044 1.0 0.9699999999999986 0.7299999999999982 0.20999999999999655 0.0 0.0 0.0 0.0 0.0 0.0 0.0 0.0 
0.0 0.0 0.0 0.0 0.0 0.0 0.3500000000000023 0.7500000000000022 1.0 0.8999999999999959 0.09999999999999609 0.0 0.0 0.0 0.0 0.0 0.0 0.0 0.0 0.0 
0.0 0.0 0.0 0.0 0.0 0.0 0.7000000000000046 1.0 0.7899999999999971 0.2699999999999994 0.0299999999999989 0.0 0.0 0.0 0.0 0.0 0.0 0.0 0.0 0.0 
0.0 0.0 0.0 0.0 0.0900000000000039 0.8100000000000054 0.9700000000000011 1.0 0.6999999999999957 0.0 0.0 0.0 0.0 0.0 0.0 0.0 0.0 0.0 0.0 0.0 
0.0 0.0 0.0 0.30000000000000426 1.0 1.0 1.0 0.49999999999999556 0.0 0.0 0.0 0.0 0.0 0.0 0.0 0.0 0.0 0.0 0.0 0.0 
0.0 0.0 0.15000000000000155 0.5100000000000035 1.0 1.0 0.7899999999999981 0.34999999999999654 0.0 0.0 0.0 0.0 0.0 0.0 0.0 0.0 0.0 0.0 0.0 0.0 
0.0 0.0 0.500000000000004 1.0 1.0 1.0 0.6499999999999977 0.24999999999999778 0.0 0.0 0.0 0.0 0.0 0.0 0.0 0.0 0.0 0.0 0.0 0.0 
0.0 0.0 0.500000000000004 1.0 1.0 1.0 1.0 0.8499999999999983 0.6999999999999993 0.6999999999999993 0.6999999999999993 0.6999999999999993 0.6999999999999993 0.6999999999999993 0.6999999999999993 0.6999999999999993 0.6999999999999993 0.6999999999999993 0.6999999999999993 0.6299999999999959 
0.0 0.0 0.500000000000004 1.0 1.0 1.0 1.0 1.0 1.0 1.0 1.0 1.0 1.0 1.0 1.0 1.0 1.0 1.0 1.0 0.899999999999995 
