0.0 0.0 0.012499999999999623 0.07749999999999825 0.4824999999999982 1.0 1.0 1.0 1.0 1.0 1.0 1.0 0.4374999999999979 0.07249999999999825 0.007499999999999769 0.0 0.0 0.0 0.0 0.0 
0.0 0.0 0.12499999999999889 0.774999999999999 1.0 1.0 1.0 1.0 1.0 1.0 1.0 1.0 1.0 0.7249999999999979 0.07499999999999929 0.0 0.0 0.0 0.0 0.0 
0.0 0.0 0.12499999999999889 0.774999999999999 1.0 1.0 1.0 1.0 1.0 1.0 1.0 1.0 1.0 0.7249999999999979 0.07499999999999929 0.0 0.0 0.0 0.0 0.0 
0.0 0.0 0.12499999999999889 0.774999999999999 1.0 1.0 1.0 1.0 1.0 1.0 1.0 1.0 1.0 0.7249999999999979 0.07499999999999929 0.0 0.0 0.0 0.0 0.0 
0.0 0.0 0.12499999999999889 0.774999999999999 1.0 1.0 1.0 1.0 1.0 1.0 1.0 1.0 1.0 0.9724999999999997 0.9074999999999994 0.38249999999999723 0.0 0.0 0.0 0.0 
0.0 0.047499999999999695 0.2124999999999987 0.797499999999999 1.0 1.0 1.0 1.0 1.0 1.0 1.0 1.0 1.0 1.0 1.0 0.42499999999999716 0.0 0.0 0.0 0.0 
0.0 0.47499999999999865 1.0 1.0 1.0 1.0 1.0 1.0 1.0 1.0 1.0 1.0 1.0 1.0 1.0 0.42499999999999716 0.0 0.0 0.0 0.0 
0.0 0.47499999999999865 1.0 1.0 1.0 1.0 1.0 1.0 1.0 1.0 1.0 1.0 1.0 1.0 1.0 0.42499999999999716 0.0 0.0 0.0 0.0 
0.0 0.47499999999999865 1.0 1.0 1.0 1.0 1.0 1.0 1.0 1.0 1.0 1.0 1.0 1.0 1.0 0.42499999999999716 0.0 0.0 0.0 0.0 
0.0 0.47499999999999865 1.0 1.0 1.0 1.0 1.0 1.0 1.0 1.0 1.0 1.0 1.0 1.0 1.0 0.9425000000000009 0.6975000000000003 0.11249999999999707 0.0 0.0 
0.0 0.47499999999999865 1.0 1.0 1.0 1.0 1.0 0.625 0.025000000000000355 0.6750000000000007 1.0 1.0 1.0 1.0 1.0 1.0 0.7749999999999986 0.12499999999999645 0.0 0.0 
0.0 0.47499999999999865 1.0 1.0 1.0 1.0 1.0 0.625 0.017500000000000186 0.4724999999999988 0.7974999999999987 0.9925000000000004 1.0 1.0 1.0 1.0 0.7749999999999986 0.12499999999999645 0.0 0.0 
0.0 0.47499999999999865 1.0 1.0 1.0 1.0 1.0 0.8125000000000013 0.48750000000000326 0.1625000000000008 0.32500000000000107 0.9750000000000014 1.0 1.0 1.0 1.0 0.7749999999999986 0.12499999999999645 0.0 0.0 
0.0 0.47499999999999865 1.0 1.0 1.0 1.0 1.0 1.0 0.9924999999999999 0.7975000000000017 0.7975000000000022 0.9925000000000005 1.0 1.0 1.0 1.0 0.9325000000000002 0.7375000000000014 0.33249999999999985 0.0 
0.7425000000000003 0.947500000000001 1.0 1.0 1.0 1.0 1.0 1.0 1.0 1.0 1.0 1.0 1.0 1.0 1.0 1.0 1.0 1.0 0.47499999999999787 0.0 
0.8249999999999984 1.0 1.0 1.0 1.0 1.0 1.0 1.0 1.0 1.0 1.0 1.0 1.0 1.0 1.0 1.0 1.0 1.0 0.47499999999999787 0.0 
0.8249999999999984 1.0 1.0 1.0 1.0 1.0 1.0 1.0 1.0 1.0 1.0 1.0 1.0 1.0 1.0 1.0 1.0 1.0 0.47499999999999787 0.0 
0.8249999999999984 1.0 1.0 1.0 1.0 0.9624999999999999 0.6374999999999976 0.49999999999999645 0.49999999999999645 0.49999999999999645 0.49999999999999645 0.49999999999999645 0.8124999999999991 1.0 1.0 1.0 1.0 1.0 0.7375000000000008 0.4125000000000008 
0.8249999999999984 1.0 1.0 1.0 1.0 0.9250000000000003 0.27500000000000036 0.0 0.0 0.0 0.0 0.0 0.18749999999999628 0.49249999999999683 0.9475 1.0 1.0 1.0 1.0 0.8249999999999957 
0.8249999999999984 1.0 1.0 1.0 1.0 0.9250000000000003 0.27500000000000036 0.0 0.0 0.0 0.0 0.0 0.0 0.02749999999999865 0.09249999999999481 0.6175000000000002 1.0 1.0 0.5274999999999951 0.08249999999999488 
