0.0 0.0 0.0 0.0 0.0 0.0 0.0 0.22499999999999748 0.22499999999999787 0.22499999999999787 0.22499999999999787 0.22499999999999787 0.9999999999999972 1.0 0.22500000000000062 0.22499999999999787 0.22499999999999787 7.993605777301051e-16 0.0 0.0 
0.0 0.0 0.0 0.0 0.0 0.674999999999997 0.6749999999999983 0.9999999999999994 1.0 1.0 1.0 1.0 1.0 1.0 1.0 1.0 1.0 0.6749999999999994 0.6749999999999983 2.398081733190332e-15 
0.0 0.0 0.0 0.1249999999999985 0.9999999999999988 1.0 1.0 1.0 1.0 1.0 0.8750000000000018 0.8750000000000013 0.8750000000000013 0.8750000000000013 0.8750000000000013 0.8750000000000013 0.9999999999999996 1.0 1.0 1.0 
0.0 0.0 0.5749999999999986 0.9999999999999994 1.0 1.0 1.0 1.0 0.4250000000000017 0.4250000000000007 1.5099033134902154e-15 0.0 0.0 0.0 0.0 0.0 0.4249999999999992 0.999999999999998 1.0 1.0 
0.0 0.024999999999999443 0.9999999999999989 1.0 1.0 1.0 0.9750000000000005 1.7319479184152451e-15 0.0 0.0 0.0 0.0 0.0 0.0 0.0 0.0 0.0 0.0 0.0 0.0 
0.0 0.9999999999999989 1.0 1.0 1.0 1.0 1.7763568394002505e-15 0.0 0.0 0.0 0.0 0.0 0.0 0.0 0.0 0.0 0.0 0.0 0.0 0.0 
0.0 0.999999999999999 1.0 1.0 1.0 0.07500000000000093 1.3322676295501752e-16 0.0 0.0 0.0 0.0 0.0 0.0 0.0 0.0 0.0 0.0 0.0 0.0 0.0 
0.37499999999999967 0.9999999999999993 1.0 1.0 0.6250000000000004 1.1102230246251565e-15 0.0 0.0 0.0 0.0 0.0 0.0 0.0 0.0 0.0 0.0 0.0 0.0 0.0 0.0 
0.9999999999999991 1.0 1.0 1.0 1.3322676295501878e-15 0.0 0.0 0.0 0.0 0.0 0.0 0.0 0.0 0.0 0.0 0.0 0.0 0.0 0.0 0.0 
0.9999999999999991 1.0 1.0 1.0 1.3322676295501878e-15 0.0 0.0 0.0 0.0 0.0 0.0 0.0 0.0 0.0 0.0 0.0 0.0 0.0 0.0 0.0 
0.9999999999999991 1.0 1.0 1.0 1.3322676295501878e-15 0.0 0.0 0.0 0.0 0.0 0.0 0.0 0.0 0.0 0.0 0.0 0.0 0.0 0.0 0.0 
0.9999999999999991 1.0 1.0 1.0 1.3322676295501878e-15 0.0 0.0 0.0 0.0 0.0 0.0 0.0 0.0 0.0 0.0 0.0 0.0 0.0 0.0 0.0 
0.3749999999999961 0.9999999999999993 1.0 1.0 1.3322676295501878e-15 0.0 0.0 0.0 0.0 0.0 0.0 0.0 0.0 0.0 0.0 0.0 0.0 0.0 0.0 0.0 
0.0 0.999999999999999 1.0 1.0 1.0 1.7763568394002505e-15 0.0 0.0 0.0 0.0 0.0 0.0 0.0 0.0 0.0 0.0 0.0 0.0 0.0 0.0 
0.0 0.47499999999999737 0.9999999999999994 1.0 1.0 1.7763568394002505e-15 0.0 0.0 0.0 0.0 0.0 0.0 0.0 0.0 0.0 0.0 0.0 0.0 0.0 0.0 
0.0 0.0 0.9999999999999989 1.0 1.0 0.975000000000005 1.731947918415253e-15 0.0 0.0 0.0 0.0 0.0 0.0 0.0 0.0 0.0 0.0 0.0 0.0 0.0 
0.0 0.0 0.5749999999999951 0.9999999999999994 1.0 1.0 0.42500000000000526 0.42500000000000426 7.54951656745114e-16 0.0 0.0 0.0 0.0 0.0 0.0 0.0 0.42500000000000276 0.999999999999998 1.0 0.4250000000000063 
0.0 0.0 0.0 0.12499999999999628 0.9999999999999988 1.0 1.0 1.0 0.8750000000000038 0.8750000000000036 3.108624468950451e-15 0.0 0.0 0.0 0.8750000000000004 0.8750000000000036 0.9999999999999996 1.0 1.0 1.0 
0.0 0.0 0.0 0.0 0.6749999999999927 0.6749999999999936 0.9999999999999994 1.0 1.0 1.0 1.0 1.0 1.0 1.0 1.0 1.0 1.0 1.0 0.6749999999999947 0.6749999999999936 
0.0 0.0 0.0 0.0 0.0 0.0 0.22499999999999393 0.22499999999999432 0.9999999999999987 1.0 1.0 1.0 1.0 1.0 1.0 1.0 0.22499999999999706 0.22499999999999432 7.993605777300925e-16 0.0 
