0.18000000000000227 0.20000000000000284 0.20000000000000284 0.20000000000000284 0.20000000000000284 0.20000000000000284 0.20000000000000284 0.20000000000000284 0.20000000000000284 0.20000000000000284 0.20000000000000284 0.20000000000000284 0.20000000000000284 0.20000000000000284 0.20000000000000284 0.20000000000000284 0.20000000000000284 0.20000000000000284 0.38000000000000583 0.7199999999999906 
0.8999999999999986 1.0 1.0 1.0 1.0 1.0 1.0 1.0 1.0 1.0 1.0 1.0 1.0 1.0 1.0 1.0 1.0 1.0 0.8799999999999977 0.5399999999999974 
0.0 0.0 0.0 0.0 0.0 0.0 0.0 0.0 0.0 0.0 0.0 0.7000000000000027 0.9999999999999987 1.0 1.0 1.0 1.0 1.0 0.6999999999999922 0.0 
0.0 0.0 0.0 0.0 0.0 0.0 0.0 0.0 0.0 0.0 0.0 0.28000000000000336 0.7000000000000032 1.0 1.0 1.0 1.0 0.799999999999996 0.4199999999999938 0.0 
0.0 0.0 0.0 0.0 0.0 0.0 0.0 0.0 0.0 0.0800000000000028 0.7200000000000054 0.9400000000000017 1.0 1.0 1.0 1.0 0.4399999999999932 0.09999999999999734 0.0 0.0 
0.0 0.0 0.0 0.0 0.0 0.0 0.0 0.0 0.3000000000000025 1.0 1.0 1.0 1.0 0.9399999999999983 0.7199999999999934 0.07999999999999517 0.0 0.0 0.0 0.0 
0.0 0.0 0.0 0.0 0.0 0.0 0.0 0.30000000000000177 0.720000000000002 1.0 1.0 1.0 1.0 0.6999999999999957 0.0 0.0 0.0 0.0 0.0 0.0 
0.0 0.0 0.0 0.0 0.0 0.0 0.0 0.5000000000000018 1.0 1.0 1.0 1.0 0.49999999999999734 1.2434497875801678e-15 0.0 0.0 0.0 0.0 0.0 0.0 
0.0 0.0 0.0 0.0 0.0 0.0 0.0 0.5000000000000018 1.0 1.0 1.0 1.0 1.0 0.8199999999999981 0.40000000000000213 0.40000000000000213 0.11999999999999808 0.0 0.0 0.0 
0.0 0.0 0.0 0.0 0.0 0.0 0.0 0.5000000000000018 1.0 1.0 1.0 1.0 1.0 1.0 1.0 1.0 0.8600000000000004 0.3999999999999956 0.0 0.0 
0.0 0.0 0.0 0.0 0.0 0.0 0.0 0.0 0.0 0.0 0.0 0.5600000000000017 0.7999999999999972 0.8599999999999989 1.0 1.0 1.0 1.0 0.6999999999999922 0.0 
0.0 0.0 0.0 0.0 0.0 0.0 0.0 0.0 0.0 0.0 0.0 0.0 0.0 0.12000000000000127 0.4600000000000017 0.9400000000000033 1.0 1.0 0.8799999999999972 0.5399999999999961 
0.0 0.0 0.0 0.0 0.0 0.0 0.0 0.0 0.0 0.0 0.0 0.0 0.0 0.0 0.0 0.0 0.7000000000000064 1.0 1.0 0.8999999999999915 
0.0 0.0 0.0 0.0 0.0 0.0 0.0 0.0 0.0 0.0 0.0 0.0 0.0 0.0 0.06000000000000277 0.5400000000000015 0.8800000000000019 1.0 1.0 0.8999999999999915 
0.0 0.0 0.0 0.0 0.0 0.0 0.0 0.0 0.0 0.0 0.0 0.0 0.0 0.0 0.08000000000000405 0.7200000000000052 0.9400000000000015 1.0 1.0 0.8999999999999915 
0.0 0.0 0.10000000000000134 0.140000000000002 0.0 0.0 0.0 0.0 0.0 0.0 0.0 0.0 0.0 0.0 0.10000000000000497 0.9000000000000057 1.0 1.0 1.0 0.8999999999999915 
0.5400000000000005 0.6000000000000014 0.8000000000000005 0.8800000000000006 0.5400000000000009 0.059999999999999394 0.0 0.0 0.0 0.0 0.0 0.0 0.0 0.180000000000003 0.6400000000000032 0.9600000000000024 1.0 1.0 1.0 0.8999999999999915 
0.0 0.6999999999999991 1.0 1.0 1.0 1.0 0.29999999999999893 0.0 0.0 0.0 0.0 0.0 0.5000000000000036 1.0 1.0 1.0 1.0 1.0 0.6999999999999922 0.0 
0.0 0.0 0.49999999999999956 1.0 1.0 1.0 1.0 1.0 1.0 1.0 1.0 1.0 1.0 1.0 1.0 1.0 0.719999999999996 0.5999999999999979 0.4199999999999938 0.0 
0.0 0.0 0.09999999999999956 0.1999999999999993 0.2799999999999998 0.9200000000000009 1.0 1.0 1.0 1.0 1.0 1.0 1.0 1.0 0.9199999999999959 0.2799999999999948 0.059999999999998506 0.0 0.0 0.0 
