0.1999999999999993 0.1999999999999993 0.1999999999999993 0.1999999999999993 0.1999999999999993 0.1999999999999993 0.1999999999999993 0.1999999999999993 0.1999999999999993 0.1999999999999993 1.0 1.0 1.0 1.0 1.0 1.0 1.0 1.0 1.0 1.0 
1.0 1.0 1.0 1.0 1.0 1.0 1.0 1.0 1.0 1.0 1.0 1.0 1.0 1.0 1.0 1.0 1.0 1.0 1.0 1.0 
0.049999999999998046 1.0 1.0 1.0 1.0 1.0 1.0 1.0 1.0 1.0 1.0 1.0 1.0 1.0 1.0 1.0 1.0 0.2499999999999929 0.0 0.0 
0.0 0.0 0.0 0.0 0.0 0.0 0.0 0.0 0.8500000000000014 1.0 1.0 0.9399999999999991 0.4499999999999976 0.0 0.0 0.0 0.0 0.0 0.0 0.0 
0.0 0.0 0.0 0.0 0.0 0.0 0.0 0.0 0.8500000000000014 1.0 1.0 0.8499999999999979 0.0 0.0 0.0 0.0 0.0 0.0 0.0 0.0 
0.0 0.0 0.0 0.0 0.0 0.0 0.0 0.0 0.8500000000000014 1.0 1.0 0.8499999999999979 0.0 0.0 0.0 0.0 0.0 0.0 0.0 0.0 
0.0 0.0 0.0 0.0 0.0 0.0 0.0 0.0 0.8500000000000014 1.0 1.0 0.8499999999999979 0.0 0.0 0.0 0.0 0.0 0.0 0.0 0.0 
0.0 0.0 0.0 0.0 0.0 0.0 0.0 0.0 0.8500000000000014 1.0 1.0 0.8499999999999979 0.0 0.0 0.0 0.0 0.0 0.0 0.0 0.0 
0.0 0.0 0.0 0.0 0.0 0.0 0.0 0.3000000000000023 0.9100000000000011 1.0 1.0 0.8499999999999979 0.0 0.0 0.0 0.0 0.0 0.0 0.0 0.0 
0.0 0.0 0.0 0.0 0.0 0.0 0.0 0.7500000000000018 1.0 1.0 1.0 0.8499999999999979 0.0 0.0 0.0 0.0 0.0 0.0 0.0 0.0 
0.0 0.0 0.0 0.0 0.0 0.11000000000000171 0.20000000000000284 0.8000000000000022 1.0 1.0 1.0 0.8499999999999979 0.0 0.0 0.0 0.0 0.0 0.0 0.0 0.0 
0.0 0.0 0.0 0.0 0.0 0.5500000000000007 1.0 1.0 1.0 1.0 1.0 0.8499999999999979 0.0 0.0 0.0 0.0 0.0 0.0 0.0 0.0 
0.0 0.0 0.0 0.0 0.0 0.5499999999999987 0.9999999999999964 0.9999999999999991 1.0 1.0 1.0 0.8499999999999979 0.0 0.0 0.0 0.0 0.0 0.0 0.0 0.0 
0.0 0.0 0.0 0.0 0.0 0.0 0.0 0.44999999999999946 0.9400000000000002 1.0 1.0 0.8499999999999979 0.0 0.0 0.0 0.0 0.0 0.0 0.0 0.0 
0.0 0.0 0.0 0.0 0.0 0.0 0.0 0.0 0.8500000000000014 1.0 1.0 0.8499999999999979 0.0 0.0 0.0 0.0 0.0 0.0 0.0 0.0 
0.0 0.0 0.0 0.0 0.0 0.0 0.0 0.0 0.8500000000000014 1.0 1.0 0.8499999999999979 0.0 0.0 0.0 0.0 0.0 0.0 0.0 0.0 
0.0 0.0 0.0 0.0 0.0 0.0 0.0 0.0 0.8500000000000014 1.0 1.0 0.8499999999999979 0.0 0.0 0.0 0.0 0.0 0.0 0.0 0.0 
0.0 0.0 0.0 0.0 0.0 0.0 0.0 0.0 0.8500000000000014 1.0 1.0 0.8499999999999979 0.0 0.0 0.0 0.0 0.0 0.0 0.0 0.0 
0.0 0.0 0.0 0.0 0.0 0.0 0.0 0.0 0.8500000000000014 1.0 1.0 0.8499999999999979 0.0 0.0 0.0 0.0 0.0 0.0 0.0 0.0 
0.0 0.0 0.0 0.0 0.0 0.0 0.0 0.0 0.8500000000000014 1.0 1.0 0.8499999999999979 0.0 0.0 0.0 0.0 0.0 0.0 0.0 0.0 
