0.0 0.0 0.0 0.0 0.0 0.0 0.0 0.0 0.724999999999997 1.0 1.0 1.0 1.0 1.0 0.8349999999999982 0.26000000000000134 0.0 0.0 0.0 0.0 
0.0 0.0 0.0 0.0 0.0 0.0 0.01499999999999815 0.5250000000000008 0.8899999999999996 1.0 1.0 1.0 0.9250000000000018 0.41499999999999965 0.0700000000000005 0.0 0.0 0.0 0.0 0.0 
0.0 0.0 0.0 0.0 0.0 0.17499999999999716 1.0 1.0 1.0 1.0 1.0 0.7250000000000032 0.0 0.0 0.0 0.0 0.0 0.0 0.0 0.0 
0.0 0.0 0.0 0.0 0.12999999999999953 0.5050000000000001 1.0 1.0 1.0 1.0 0.8300000000000003 0.4350000000000004 0.0 0.0 0.0 0.0 0.0 0.0 0.0 0.0 
0.0 0.0 0.0 0.0 0.32499999999999707 1.0 1.0 1.0 1.0 0.5400000000000013 0.11499999999999914 0.0 0.0 0.0 0.0 0.0 0.0 0.0 0.0 0.0 
0.0 0.0 0.0 0.474999999999997 1.0 1.0 1.0 1.0 0.8549999999999985 0.34000000000000147 0.0 0.0 0.0 0.0 0.0 0.0 0.0 0.0 0.0 0.0 
0.0 0.0 0.37499999999999917 0.7899999999999996 1.0 1.0 1.0 1.0 0.275000000000003 0.0 0.0 0.0 0.0 0.0 0.0 0.0 0.0 0.0 0.0 0.0 
0.0 1.376676550535189e-15 0.6249999999999978 1.0 1.0 1.0 0.9750000000000032 0.12500000000000266 0.0 0.0 0.0 0.0 0.0 0.0 0.0 0.0 0.0 0.0 0.0 0.0 
0.0 0.7749999999999971 1.0 1.0 1.0 1.0 0.9750000000000032 0.12500000000000266 0.0 0.0 0.0 0.0 0.0 0.0 0.0 0.0 0.0 0.0 0.0 0.0 
0.0 0.7749999999999971 1.0 1.0 1.0 1.0 0.9950000000000007 0.8250000000000027 0.8000000000000025 0.8000000000000025 0.8000000000000025 0.8000000000000025 0.8000000000000025 0.8000000000000025 0.14000000000000243 0.0 0.0 0.0 0.0 0.0 
0.18500000000000205 0.8199999999999984 1.0 1.0 1.0 1.0 1.0 1.0 1.0 1.0 1.0 1.0 1.0 1.0 1.0 1.0 0.5800000000000041 0.1250000000000025 0.0 0.0 
0.9249999999999972 1.0 1.0 1.0 1.0 1.0 1.0 1.0 0.5650000000000008 0.3999999999999986 0.3999999999999986 0.3999999999999986 0.47499999999999665 0.9849999999999977 1.0 1.0 1.0 0.850000000000002 0.46500000000000347 0.0 
0.9249999999999972 1.0 1.0 1.0 1.0 0.8250000000000028 0.0 0.0 0.0 0.0 0.0 0.0 0.0 0.0 0.8249999999999975 1.0 1.0 1.0 0.7750000000000039 0.0 
0.9249999999999972 1.0 1.0 1.0 0.8700000000000006 0.49499999999999994 0.0 0.0 0.0 0.0 0.0 0.0 0.0 0.0 0.4949999999999968 0.8699999999999981 1.0 1.0 0.8650000000000029 0.37000000000000366 
0.9249999999999972 1.0 1.0 1.0 0.6750000000000029 0.0 0.0 0.0 0.0 0.0 0.0 0.0 0.0 0.0 0.0 0.6749999999999972 1.0 1.0 1.0 0.9250000000000043 
0.9249999999999972 1.0 1.0 1.0 0.6750000000000029 0.0 0.0 0.0 0.0 0.0 0.0 0.0 0.0 0.0 0.8249999999999975 1.0 1.0 1.0 0.9550000000000002 0.7400000000000008 
0.36999999999999755 0.864999999999998 1.0 1.0 0.8700000000000017 0.4950000000000029 0.0 0.0 0.0 0.0 0.0 0.0 0.07499999999999804 0.5849999999999991 0.9299999999999993 1.0 1.0 1.0 0.7750000000000039 0.0 
0.0 0.7749999999999971 1.0 1.0 1.0 1.0 1.0 1.0 0.275000000000003 0.0 0.42499999999999716 1.0 1.0 1.0 1.0 1.0 1.0 0.6250000000000036 0.0 0.0 
0.0 0.0 0.37499999999999695 0.7899999999999977 1.0 1.0 1.0 1.0 1.0 1.0 1.0 1.0 1.0 1.0 1.0 1.0 0.7900000000000001 0.3750000000000008 0.0 0.0 
0.0 0.0 0.0 0.09499999999999906 0.1999999999999993 0.1999999999999993 0.21999999999999675 0.8999999999999978 1.0 1.0 1.0 1.0 0.9000000000000028 0.22000000000000244 0.1999999999999993 0.1999999999999993 0.0950000000000003 0.0 0.0 0.0 
