0.0 0.02249999999999931 0.30000000000000426 0.42250000000000215 1.0 1.0 1.0 1.0 1.0 1.0 1.0 1.0 1.0 1.0 1.0 1.0 1.0 1.0 1.0 0.024999999999991473 
0.0 0.07499999999999662 1.0 1.0 1.0 1.0 1.0 1.0 1.0 1.0 1.0 1.0 1.0 1.0 1.0 1.0 1.0 1.0 1.0 0.9025000000000036 
0.0 0.07499999999999662 1.0 1.0 1.0 1.0 1.0 1.0 1.0 1.0 1.0 1.0 1.0 1.0 1.0 1.0 1.0 1.0 1.0 0.512499999999991 
0.0 0.0 0.0 0.0 0.0 0.0 0.0 0.0 0.0 0.0 0.0 0.0 0.0 0.0 0.725000000000005 1.0 1.0 1.0 1.0 0.024999999999991473 
0.0 0.0 0.0 0.0 0.0 0.0 0.0 0.0 0.0 0.0 0.0 0.0 0.0 0.4725000000000067 0.917500000000003 1.0 1.0 1.0 1.0 0.024999999999991473 
0.0 0.0 0.0 0.0 0.0 0.0 0.0 0.0 0.0 0.0 0.0 0.17250000000000432 0.7375000000000047 1.0 1.0 1.0 1.0 0.7374999999999926 0.05249999999999408 0.0 
0.0 0.0 0.0 0.0 0.0 0.0 0.0 0.0 0.0 0.0 0.4725000000000049 0.9575000000000027 1.0 1.0 1.0 1.0 0.2574999999999895 0.012499999999998578 0.0 0.0 
0.0 0.0 0.0 0.0 0.0 0.0 0.0 0.0 0.4250000000000007 1.0 1.0 1.0 1.0 1.0 0.6374999999999924 0.11249999999999556 0.0 0.0 0.0 0.0 
0.0 0.0 0.0 0.0 0.0 0.0 0.3250000000000002 1.0 1.0 1.0 1.0 1.0 1.0 0.32499999999999574 0.0 0.0 0.0 0.0 0.0 0.0 
0.0 0.0 0.0 0.0 0.0 0.1925000000000014 0.7975000000000043 1.0 1.0 1.0 1.0 1.0 1.0 0.797500000000003 0.7000000000000064 0.7000000000000064 0.12249999999999664 0.0 0.0 0.0 
0.0 0.0 0.0 0.0 0.0 0.19249999999999748 0.7974999999999948 1.0 1.0 1.0 1.0 1.0 1.0 1.0 1.0 1.0 1.0 1.0 0.07499999999999218 0.0 
0.0 0.0 0.0 0.0 0.0 0.0 0.03249999999999702 0.09999999999999076 0.09999999999999076 0.09999999999999076 0.09999999999999076 0.09999999999999076 0.09999999999999076 0.7075000000000008 1.0 1.0 1.0 1.0 0.9075000000000077 0.022499999999992557 
0.0 0.0 0.0 0.0 0.0 0.0 0.0 0.0 0.0 0.0 0.0 0.0 0.0 0.6750000000000043 1.0 1.0 1.0 1.0 1.0 0.024999999999991473 
0.0 0.0 0.0 0.0 0.0 0.0 0.0 0.0 0.0 0.0 0.0 0.0 0.0 0.0 0.725000000000005 1.0 1.0 1.0 1.0 0.024999999999991473 
0.70000000000001 0.70000000000001 0.70000000000001 0.70000000000001 0.5425000000000085 0.0 0.0 0.0 0.0 0.0 0.0 0.0 0.0 0.4725000000000097 0.9175000000000042 1.0 1.0 1.0 1.0 0.024999999999991473 
1.0 1.0 1.0 1.0 0.8425000000000026 0.21750000000000583 0.0 0.0 0.0 0.0 0.0 0.0 0.0 0.6750000000000043 1.0 1.0 1.0 1.0 0.7224999999999904 0.017499999999993836 
1.0 1.0 1.0 1.0 1.0 0.7250000000000005 0.0 0.0 0.0 0.0 0.0 0.0 0.0 0.6750000000000043 1.0 1.0 1.0 1.0 0.07499999999999218 0.0 
0.5124999999999875 1.0 1.0 1.0 1.0 1.0 1.0 0.8125000000000036 0.5000000000000107 0.5000000000000107 0.5000000000000107 0.787500000000006 1.0 1.0 1.0 1.0 1.0 0.5624999999999871 0.037499999999995294 0.0 
0.02249999999999611 0.9074999999999918 1.0 1.0 1.0 1.0 1.0 1.0 1.0 1.0 1.0 1.0 1.0 1.0 1.0 0.9224999999999928 0.15749999999999276 0.0 0.0 0.0 
0.0 0.02249999999999824 0.29999999999999005 0.42249999999999044 1.0 1.0 1.0 1.0 1.0 1.0 1.0 1.0 1.0 0.5274999999999903 0.29999999999999005 0.06749999999999606 0.0 0.0 0.0 0.0 
