1.0 1.0 1.0 1.0 1.0 1.0 1.0 1.0 1.0 1.0 1.0 1.0 1.0 0.754999999999998 0.29999999999999716 0.1349999999999985 0.0 0.0 0.0 0.0 
1.0 1.0 1.0 1.0 1.0 1.0 1.0 1.0 1.0 1.0 1.0 1.0 1.0 1.0 1.0 0.9449999999999985 0.8999999999999975 0.22499999999999618 0.0 0.0 
1.0 1.0 1.0 1.0 1.0 0.7250000000000022 0.5000000000000022 0.5000000000000022 0.5000000000000022 0.5000000000000022 0.5250000000000025 1.0 1.0 1.0 1.0 1.0 1.0 0.6249999999999966 0.07499999999999896 0.0 
1.0 1.0 1.0 1.0 0.5500000000000025 0.0 0.0 0.0 0.0 0.0 0.0 0.13499999999999904 0.9250000000000016 1.0 1.0 1.0 1.0 1.0 0.14999999999999858 0.0 
1.0 1.0 1.0 1.0 0.865 0.31500000000000067 0.0 0.0 0.0 0.0 0.0 0.0 0.25 1.0 1.0 1.0 1.0 1.0 0.14999999999999858 0.0 
1.0 1.0 1.0 1.0 0.6850000000000013 0.13500000000000012 0.0 0.0 0.0 0.0 0.0 0.0 0.25 1.0 1.0 1.0 1.0 1.0 0.14999999999999858 0.0 
1.0 1.0 1.0 1.0 0.5950000000000029 0.04500000000000084 0.0 0.0 0.0 0.0 0.0 0.0 0.25 1.0 1.0 1.0 1.0 0.32499999999999785 0.01500000000000007 0.0 
1.0 1.0 1.0 1.0 0.7750000000000012 0.22500000000000098 0.0 0.0 0.0 0.0 0.025000000000000355 0.5 0.625 1.0 1.0 1.0 0.6749999999999989 0.12499999999999822 0.0 0.0 
1.0 1.0 1.0 1.0 1.0 1.0 1.0 1.0 1.0 1.0 1.0 1.0 1.0 1.0 1.0 0.4499999999999993 0.0 0.0 0.0 0.0 
1.0 1.0 1.0 1.0 1.0 1.0 1.0 1.0 1.0 1.0 1.0 1.0 1.0 1.0 1.0 0.8349999999999994 0.24499999999999825 0.0 0.0 0.0 
1.0 1.0 1.0 1.0 1.0 0.8350000000000002 0.6999999999999993 0.6999999999999993 0.10500000000000138 0.6649999999999988 0.6999999999999993 0.6999999999999993 0.7749999999999995 1.0 1.0 1.0 1.0 0.47499999999999803 0.04499999999999968 0.0 
1.0 1.0 1.0 1.0 1.0 0.45000000000000195 0.0 0.0 0.0 0.0 0.0 0.0 0.024999999999999467 0.41499999999999987 1.0 1.0 1.0 1.0 0.9150000000000017 0.04499999999999755 
1.0 1.0 1.0 1.0 1.0 0.45000000000000195 0.0 0.0 0.0 0.0 0.0 0.0 0.0 0.0 0.4499999999999993 1.0 1.0 1.0 1.0 0.5249999999999986 
1.0 1.0 1.0 1.0 1.0 0.45000000000000195 0.0 0.0 0.0 0.0 0.0 0.0 0.0 0.0 0.4499999999999993 1.0 1.0 1.0 1.0 1.0 
1.0 1.0 1.0 1.0 1.0 0.45000000000000195 0.0 0.0 0.0 0.0 0.0 0.0 0.0 0.0 0.4499999999999993 1.0 1.0 1.0 1.0 1.0 
1.0 1.0 1.0 1.0 0.5500000000000025 0.0 0.0 0.0 0.0 0.0 0.0 0.0 0.0 0.10500000000000068 0.6149999999999999 1.0 1.0 1.0 1.0 0.04999999999999716 
1.0 1.0 1.0 1.0 0.5500000000000025 0.0 0.0 0.0 0.0 0.0 0.0 0.0 0.22500000000000053 0.9350000000000015 1.0 1.0 1.0 1.0 0.2349999999999969 0.004999999999999609 
1.0 1.0 1.0 1.0 1.0 1.0 1.0 1.0 1.0 1.0 1.0 1.0 1.0 1.0 1.0 1.0 1.0 0.6249999999999956 0.07499999999999876 0.0 
1.0 1.0 1.0 1.0 1.0 1.0 1.0 1.0 1.0 1.0 1.0 1.0 1.0 1.0 0.9549999999999994 0.8999999999999986 0.31499999999999756 0.0 0.0 0.0 
0.3349999999999947 1.0 1.0 1.0 1.0 1.0 1.0 1.0 1.0 1.0 1.0 0.8950000000000006 0.29999999999999716 0.29999999999999716 0.16499999999999865 0.0 0.0 0.0 0.0 0.0 
