0.0 0.0 0.0 0.0 0.0 0.0 0.27624999999999683 0.4250000000000007 0.4250000000000007 0.9712499999999945 0.4250000000000007 0.4250000000000007 0.4250000000000007 0.2762500000000059 0.0 0.0 0.0 0.0 0.0 0.0 
0.0 0.0 0.0 0.09624999999999832 0.6012499999999952 1.0 1.0 1.0 1.0 1.0 1.0 1.0 1.0 1.0 1.0 0.6012500000000074 0.09625000000000443 0.0 0.0 0.0 
0.0 0.01874999999999935 0.34374999999999495 1.0 1.0 1.0 1.0 1.0 1.0 1.0 1.0 1.0 1.0 1.0 1.0 1.0 1.0 0.34375000000001243 0.0187500000000016 0.0 
0.048749999999995526 0.9787500000000003 1.0 1.0 1.0 1.0 1.0 1.0 0.17125000000000856 0.024999999999999467 1.0 1.0 1.0 1.0 1.0 1.0 1.0 1.0 0.9787500000000008 0.048750000000018036 
0.04999999999999538 1.0 1.0 1.0 1.0 1.0 0.46375000000000693 0.04375000000000151 0.0 0.0 0.0 0.0 0.04374999999999778 0.46374999999998934 1.0 1.0 1.0 1.0 1.0 0.050000000000018474 
1.0 1.0 1.0 1.0 1.0 0.4500000000000073 0.0 0.0 0.0 0.0 0.0 0.0 0.0 0.0 0.44999999999998685 1.0 1.0 1.0 1.0 1.0 
1.0 1.0 1.0 1.0 1.0 0.4500000000000073 0.0 0.0 0.0 0.0 0.0 0.0 0.0 0.0 0.44999999999998685 1.0 1.0 1.0 1.0 1.0 
1.0 1.0 1.0 1.0 1.0 0.4500000000000073 0.0 0.0 0.0 0.0 0.0 0.0 0.0 0.0 0.44999999999998685 1.0 1.0 1.0 1.0 1.0 
1.0 1.0 1.0 1.0 1.0 0.4500000000000073 0.0 0.0 0.0 0.0 0.0 0.0 0.0 0.0 0.44999999999998685 1.0 1.0 1.0 1.0 1.0 
0.04999999999999538 1.0 1.0 1.0 1.0 0.4500000000000073 0.0 0.0 0.0 0.0 0.0 0.0 0.0 0.0 0.44999999999998685 1.0 1.0 1.0 1.0 1.0 
0.04999999999999538 1.0 1.0 1.0 1.0 0.4500000000000073 0.0 0.0 0.0 0.0 0.0 0.0 0.0 0.0 0.44999999999998685 1.0 1.0 1.0 1.0 1.0 
0.04999999999999538 1.0 1.0 1.0 1.0 0.4500000000000073 0.0 0.0 0.0 0.0 0.0 0.0 0.0 0.0 0.44999999999998685 1.0 1.0 1.0 1.0 1.0 
0.04999999999999538 1.0 1.0 1.0 1.0 0.4500000000000073 0.0 0.0 0.0 0.0 0.0 0.0 0.0 0.0 0.44999999999998685 1.0 1.0 1.0 1.0 1.0 
0.5012499999999955 1.0 1.0 1.0 1.0 0.4500000000000073 0.0 0.0 0.0 0.0 0.0 0.0 0.0 0.0 0.44999999999998685 1.0 1.0 1.0 1.0 1.0 
0.04999999999999538 1.0 1.0 1.0 1.0 0.4500000000000073 0.0 0.0 0.0 0.0 0.0 0.0 0.0 0.0 0.44999999999998685 1.0 1.0 1.0 1.0 1.0 
0.04999999999999538 1.0 1.0 1.0 1.0 0.5462500000000045 0.0612500000000005 0.0 0.0 0.0 0.0 0.0 0.0 0.0 0.44999999999998685 1.0 1.0 1.0 1.0 0.833750000000006 
0.04874999999999557 0.9787500000000011 1.0 1.0 1.0 1.0 1.0 0.2687500000000076 0.02499999999999858 0.0012500000000001687 0.0 0.0037499999999995293 0.02499999999999858 0.3662499999999866 1.0 1.0 1.0 1.0 1.0 0.050000000000018474 
0.0 0.01874999999999935 0.34374999999999495 1.0 1.0 1.0 1.0 1.0 1.0 0.8812500000000012 0.875 0.8937499999999987 1.0 1.0 1.0 1.0 1.0 1.0 0.2562500000000112 0.006250000000002309 
0.0 0.0 0.06874999999999984 0.5287499999999989 1.0 1.0 1.0 1.0 1.0 1.0 1.0 1.0 1.0 1.0 1.0 1.0 0.528750000000015 0.06875000000000533 0.0 0.0 
0.0 0.0 0.0 0.0 0.0 0.23374999999999535 0.42499999999999716 0.8562499999999942 1.0 1.0 1.0 1.0 1.0 0.7987500000000063 0.42499999999999716 0.19125000000000295 0.0 0.0 0.0 0.0 
