0.0 0.0 0.0 0.0 0.0 0.0 0.0750000000000055 0.6250000000000058 1.0 1.0 1.0 1.0 1.0 1.0 1.0 1.0 1.0 1.0 1.0 0.7749999999999879 
0.0 0.0 0.0 0.11687500000000013 0.268124999999999 0.6556250000000027 1.0 1.0 1.0 1.0 1.0 1.0 1.0 1.0 1.0 1.0 1.0 1.0 1.0 0.7749999999999879 
0.7750000000000026 1.0 1.0 1.0 1.0 1.0 1.0 1.0 1.0 1.0 1.0 1.0 1.0 1.0 1.0 1.0 1.0 1.0 1.0 0.7749999999999879 
0.7750000000000026 1.0 1.0 1.0 1.0 1.0 1.0 1.0 1.0 1.0 1.0 1.0 1.0 1.0 1.0 1.0 1.0 1.0 1.0 0.7749999999999879 
0.7750000000000026 1.0 1.0 1.0 1.0 1.0 1.0 1.0 1.0 1.0 1.0 1.0 1.0 1.0 1.0 1.0 1.0 1.0 1.0 0.7749999999999879 
0.7750000000000026 1.0 1.0 1.0 1.0 0.47499999999999476 0.0 0.0 0.17500000000000604 0.7250000000000068 1.0 1.0 1.0 1.0 1.0 1.0 1.0 1.0 1.0 0.7749999999999879 
0.0 0.0 0.0 0.0 0.0 0.0 0.0 0.0 0.17500000000000604 0.7250000000000068 1.0 1.0 1.0 1.0 1.0 1.0 1.0 1.0 1.0 0.7749999999999879 
0.0 0.0 0.0 0.0 0.0 0.0 0.0 0.0 0.17500000000000604 0.7250000000000068 1.0 1.0 1.0 1.0 1.0 1.0 1.0 1.0 1.0 0.7749999999999879 
0.0 0.0 0.0 0.0 0.0 0.0 0.0 0.0 0.17500000000000604 0.7250000000000068 1.0 1.0 1.0 1.0 1.0 1.0 1.0 1.0 1.0 0.7749999999999879 
0.0 0.0 0.0 0.0 0.0 0.0 0.0 0.0 0.17500000000000604 0.7250000000000068 1.0 1.0 1.0 1.0 1.0 1.0 1.0 1.0 1.0 0.7749999999999879 
0.0 0.0 0.0 0.0 0.0 0.0 0.0 0.0 0.17500000000000604 0.7250000000000068 1.0 1.0 1.0 1.0 1.0 1.0 1.0 1.0 1.0 0.7749999999999879 
0.0 0.0 0.0 0.0 0.0 0.0 0.0 0.0 0.17500000000000604 0.7250000000000068 1.0 1.0 1.0 1.0 1.0 1.0 1.0 1.0 1.0 0.7749999999999879 
0.0 0.0 0.0 0.0 0.0 0.0 0.0 0.0 0.17500000000000604 0.7250000000000068 1.0 1.0 1.0 1.0 1.0 1.0 1.0 1.0 1.0 0.7749999999999879 
0.0 0.0 0.0 0.0 0.0 0.0 0.0 0.0 0.17500000000000604 0.7250000000000068 1.0 1.0 1.0 1.0 1.0 1.0 1.0 1.0 1.0 0.7749999999999879 
0.0 0.0 0.0 0.0 0.0 0.0 0.0 0.0 0.17500000000000604 0.7250000000000068 1.0 1.0 1.0 1.0 1.0 1.0 1.0 1.0 1.0 0.7749999999999879 
0.0 0.0 0.0 0.0 0.0 0.0 0.0 0.0 0.17500000000000604 0.7250000000000068 1.0 1.0 1.0 1.0 1.0 1.0 1.0 1.0 1.0 0.7749999999999879 
0.0 0.0 0.0 0.0 0.0 0.0 0.0 0.0 0.17500000000000604 0.7250000000000068 1.0 1.0 1.0 1.0 1.0 1.0 1.0 1.0 1.0 0.7749999999999879 
0.0 0.0 0.0 0.0 0.0 0.0 0.0 0.0 0.02187499999999889 0.09062499999999311 0.3656249999999988 0.8468750000000053 1.0 1.0 1.0 1.0 1.0 1.0 1.0 0.7749999999999879 
0.0 0.0 0.0 0.0 0.0 0.0 0.0 0.0 0.12687500000000587 0.5256250000000111 0.8006250000000082 0.9518750000000038 1.0 1.0 1.0 1.0 1.0 1.0 1.0 0.7749999999999879 
0.0 0.0 0.0 0.0 0.0 0.0 0.0 0.0 0.0 0.0 0.27500000000000746 0.8250000000000082 1.0 1.0 1.0 1.0 1.0 1.0 1.0 0.7749999999999879 
