0.0 0.0 0.0 0.0 0.0 0.0 0.0 0.0 0.07437500000000206 0.3081250000000008 0.42499999999999716 0.42499999999999716 0.6406250000000033 0.9568750000000052 1.0 1.0 1.0 1.0 1.0 0.7749999999999879 
0.0 0.0 0.0 0.0 0.0 0.14437500000000023 0.32937500000000186 0.7281250000000032 1.0 1.0 1.0 1.0 1.0 1.0 1.0 1.0 1.0 1.0 1.0 0.7749999999999879 
0.0 0.04062499999999981 0.10937499999999889 0.4968750000000025 0.9781250000000039 1.0 1.0 1.0 1.0 1.0 1.0 1.0 1.0 1.0 1.0 1.0 1.0 1.0 1.0 0.7749999999999879 
0.7556250000000022 0.9831249999999998 0.9968750000000001 1.0 1.0 1.0 1.0 1.0 1.0 1.0 1.0 1.0 1.0 1.0 1.0 1.0 1.0 1.0 1.0 0.7749999999999879 
0.7750000000000026 1.0 1.0 1.0 1.0 1.0 1.0 1.0 1.0 1.0 1.0 1.0 1.0 1.0 1.0 1.0 1.0 1.0 1.0 0.7749999999999879 
0.7750000000000026 1.0 1.0 1.0 1.0 0.6456249999999961 0.3249999999999993 0.3249999999999993 0.4431250000000035 0.8143750000000043 1.0 1.0 1.0 1.0 1.0 1.0 1.0 1.0 1.0 0.7749999999999879 
0.3681249999999996 0.47499999999999787 0.47499999999999787 0.27312499999999684 0.011874999999997795 0.0 0.0 0.0 0.17500000000000604 0.7250000000000068 1.0 1.0 1.0 1.0 1.0 1.0 1.0 1.0 1.0 0.7749999999999879 
0.0 0.0 0.0 0.0 0.0 0.0 0.0 0.0 0.17500000000000604 0.7250000000000068 1.0 1.0 1.0 1.0 1.0 1.0 1.0 1.0 1.0 0.7749999999999879 
0.0 0.0 0.0 0.0 0.0 0.0 0.0 0.0 0.17500000000000604 0.7250000000000068 1.0 1.0 1.0 1.0 1.0 1.0 1.0 1.0 1.0 0.7749999999999879 
0.0 0.0 0.0 0.0 0.0 0.0 0.0 0.0 0.17500000000000604 0.7250000000000068 1.0 1.0 1.0 1.0 1.0 1.0 1.0 1.0 1.0 0.7749999999999879 
0.0 0.0 0.0 0.0 0.0 0.0 0.0 0.0 0.17500000000000604 0.7250000000000068 1.0 1.0 1.0 1.0 1.0 1.0 1.0 1.0 1.0 0.7749999999999879 
0.0 0.0 0.0 0.0 0.0 0.0 0.0 0.0 0.17500000000000604 0.7250000000000068 1.0 1.0 1.0 1.0 1.0 1.0 1.0 1.0 1.0 0.7749999999999879 
0.0 0.0 0.0 0.0 0.0 0.0 0.0 0.0 0.17500000000000604 0.7250000000000068 1.0 1.0 1.0 1.0 1.0 1.0 1.0 1.0 1.0 0.7749999999999879 
0.0 0.0 0.0 0.0 0.0 0.0 0.0 0.0 0.17500000000000604 0.7250000000000068 1.0 1.0 1.0 1.0 1.0 1.0 1.0 1.0 1.0 0.7749999999999879 
0.0 0.0 0.0 0.0 0.0 0.0 0.0 0.0 0.17500000000000604 0.7250000000000068 1.0 1.0 1.0 1.0 1.0 1.0 1.0 1.0 1.0 0.7749999999999879 
0.0 0.0 0.0 0.0 0.0 0.0 0.0 0.0 0.17500000000000604 0.7250000000000068 1.0 1.0 1.0 1.0 1.0 1.0 1.0 1.0 1.0 0.7749999999999879 
0.0 0.0 0.0 0.0 0.0 0.0 0.0 0.0 0.17500000000000604 0.7250000000000068 1.0 1.0 1.0 1.0 1.0 1.0 1.0 0.8749999999999893 0.32499999999998863 0.0 
0.0 0.0 0.0 0.0 0.0 0.0 0.0 0.0 0.17500000000000604 0.7250000000000068 1.0 1.0 1.0 1.0 1.0 1.0 1.0 0.8749999999999893 0.32499999999998863 0.0 
0.0 0.0 0.0 0.0 0.0 0.0 0.0 0.0 0.17500000000000604 0.7250000000000068 1.0 1.0 1.0 1.0 1.0 1.0 1.0 0.8749999999999893 0.32499999999998863 0.0 
0.0 0.0 0.0 0.0 0.0 0.0 0.0 0.0 0.17500000000000604 0.7250000000000068 1.0 1.0 1.0 1.0 1.0 1.0 1.0 0.8749999999999893 0.32499999999998863 0.0 
