0.0 0.0 0.0 0.0 0.0 0.10312500000000047 0.375 0.6093750000000006 1.0 1.0 1.0 1.0 0.609375 0.375 0.375 0.08437500000000053 0.0 0.0 0.0 0.0 
0.0 0.0 0.015625000000000222 0.125 0.32187500000000124 1.0 1.0 1.0 1.0 1.0 1.0 1.0 1.0 1.0 1.0 1.0 1.0 0.125 0.0 0.0 
0.0 0.06562500000000174 0.8906250000000007 1.0 1.0 1.0 0.715624999999999 0.12499999999999956 0.12499999999999956 0.12499999999999956 0.12499999999999956 0.12499999999999956 0.12499999999999956 0.7156250000000005 1.0 1.0 1.0 0.8906250000000004 0.0656249999999994 0.0 
0.015625000000001353 0.6531250000000015 1.0 1.0 0.8593749999999989 0.27187499999999887 0.0 0.0 0.0 0.0 0.0 0.0 0.0 0.0 0.2718749999999992 0.8593749999999989 1.0 1.0 0.4218749999999987 0.009375000000000777 
0.3906250000000022 1.0 1.0 1.0 0.7749999999999986 0.0 0.0 0.0 0.0 0.0 0.0 0.0 0.0 0.0 0.0 0.7749999999999986 1.0 1.0 1.0 0.6343749999999999 
1.0 1.0 1.0 1.0 0.7749999999999986 0.0 0.0 0.0 0.0 0.0 0.0 0.0 0.0 0.0 0.0 0.0 0.0 0.0 0.0 0.0 
1.0 1.0 1.0 1.0 0.7749999999999986 0.0 0.0 0.0 0.0 0.0 0.0 0.0 0.0 0.0 0.0 0.0 0.0 0.0 0.0 0.0 
1.0 1.0 1.0 1.0 0.7749999999999986 0.0 0.0 0.0 0.0 0.0 0.0 0.0 0.0 0.0 0.0 0.0 0.0 0.0 0.0 0.0 
1.0 1.0 1.0 1.0 0.7749999999999986 0.0 0.0 0.140625000000001 0.3750000000000018 0.3750000000000018 0.3750000000000018 0.3750000000000018 0.3750000000000018 0.3750000000000018 0.10312500000000062 0.0 0.0 0.0 0.0 0.0 
1.0 1.0 1.0 1.0 1.0 1.0 1.0 1.0 1.0 1.0 1.0 1.0 1.0 1.0 1.0 0.32187500000000124 0.125 0.015625 0.0 0.0 
1.0 1.0 1.0 1.0 1.0 1.0 1.0 0.6718749999999979 0.12499999999999645 0.12499999999999645 0.12499999999999645 0.12499999999999645 0.6718749999999987 1.0 1.0 1.0 1.0 0.125 0.0 0.0 
1.0 1.0 1.0 1.0 0.8593749999999983 0.271874999999997 0.0 0.0 0.0 0.0 0.0 0.0 0.0 0.2531249999999979 0.8281249999999988 1.0 1.0 1.0 0.6531250000000031 0.015625000000001422 
1.0 1.0 1.0 0.9343749999999988 0.48437499999999634 0.0 0.0 0.0 0.0 0.0 0.0 0.0 0.0 0.0 0.0 0.7749999999999986 1.0 1.0 1.0 0.02500000000000213 
1.0 1.0 1.0 0.8249999999999984 0.0 0.0 0.0 0.0 0.0 0.0 0.0 0.0 0.0 0.0 0.0 0.7749999999999986 1.0 1.0 1.0 0.02500000000000213 
1.0 1.0 1.0 0.8249999999999984 0.0 0.0 0.0 0.0 0.0 0.0 0.0 0.0 0.0 0.0 0.0 0.7749999999999986 1.0 1.0 1.0 0.02500000000000213 
0.3906249999999979 1.0 1.0 0.8249999999999984 0.0 0.0 0.0 0.0 0.0 0.0 0.0 0.0 0.0 0.0 0.0 0.7749999999999986 1.0 1.0 1.0 0.02500000000000213 
0.015625000000001242 0.6531249999999974 1.0 0.8906249999999997 0.29062500000000224 0.0 0.0 0.0 0.0 0.0 0.0 0.0 0.0 0.0 0.2718750000000024 0.8593749999999999 1.0 1.0 0.07499999999999929 0.0 
0.0 0.07500000000000195 1.0 1.0 1.0 0.7593749999999999 0.12500000000000355 0.12500000000000355 0.07187500000000195 0.0 0.0656250000000019 0.12500000000000355 0.6718750000000013 1.0 1.0 1.0 0.8968749999999972 0.10937499999999956 0.0 0.0 
0.0 0.009374999999999977 0.12499999999999645 0.27812499999999846 1.0 1.0 1.0 1.0 0.9468750000000015 0.8750000000000036 0.9406250000000017 1.0 1.0 1.0 1.0 0.32187499999999847 0.021874999999999468 0.0 0.0 0.0 
0.0 0.0 0.0 0.0 0.08437499999999894 0.3749999999999929 0.3749999999999929 0.6093749999999961 1.0 1.0 0.671874999999996 0.3749999999999929 0.3749999999999929 0.12187499999999743 0.0 0.0 0.0 0.0 0.0 0.0 
