0.0 0.05250000000000013 0.3499999999999943 0.3499999999999943 0.3499999999999943 0.3499999999999943 0.3499999999999943 0.8375000000000015 1.0 1.0 0.9674999999999958 0.44749999999999884 1.0 0.7724999999999936 0.3499999999999943 0.3499999999999943 0.3499999999999943 0.0874999999999961 0.0 0.0 
0.0 0.1500000000000028 1.0 1.0 1.0 1.0 1.0 1.0 1.0 1.0 1.0 1.0 1.0 1.0 1.0 1.0 1.0 1.0 0.192499999999988 0.002499999999999272 
0.0 0.1500000000000028 1.0 1.0 1.0 0.587499999999999 0.250000000000004 0.250000000000004 0.250000000000004 0.250000000000004 0.250000000000004 0.250000000000004 0.250000000000004 0.250000000000004 0.587500000000007 1.0 1.0 1.0 1.0 0.04999999999999005 
0.0 0.1500000000000028 1.0 1.0 1.0 0.44999999999999574 0.0 0.0 0.0 0.0 0.0 0.0 0.0 0.0 0.0 0.5500000000000043 1.0 1.0 1.0 0.4774999999999913 
0.0 0.1500000000000028 1.0 1.0 1.0 0.44999999999999574 0.0 0.0 0.0 0.0 0.0 0.0 0.0 0.0 0.0 0.5500000000000043 1.0 1.0 1.0 0.04999999999999005 
0.0 0.1500000000000028 1.0 1.0 0.6174999999999977 0.06750000000000032 0.0 0.0 0.0 0.0 0.0 0.0 0.0 0.0 0.0 0.5500000000000043 1.0 1.0 1.0 0.04999999999999005 
0.027500000000001315 0.6175000000000004 1.0 1.0 0.5499999999999963 0.0 0.0 0.0 0.0 0.0 0.0 0.0 0.0 0.0 0.0 0.5500000000000043 1.0 1.0 1.0 0.04999999999999005 
0.05000000000000249 1.0 1.0 1.0 0.5499999999999963 0.0 0.0 0.0 0.0 0.0 0.0 0.0 0.0 0.0 0.0 0.5500000000000043 1.0 1.0 1.0 0.04999999999999005 
0.05000000000000249 1.0 1.0 1.0 0.5499999999999963 0.0 0.0 0.0 0.0 0.0 0.0 0.0 0.0 0.0 0.42750000000000654 0.9775000000000007 1.0 1.0 0.19249999999999098 0.0024999999999994493 
0.05000000000000249 1.0 1.0 1.0 1.0 1.0 0.7725 0.9125000000000021 1.0 1.0 1.0 1.0 1.0 1.0 1.0 1.0 1.0 0.2499999999999929 0.0 0.0 
0.05000000000000249 1.0 1.0 1.0 1.0 1.0 0.7724999999999977 0.6499999999999986 0.6499999999999986 0.9825000000000015 1.0 1.0 1.0 1.0 1.0 1.0 1.0 0.2499999999999929 0.0 0.0 
0.05000000000000249 1.0 1.0 1.0 0.5499999999999963 0.0 0.0 0.0 0.0 0.0 0.0 0.0 0.0 0.3325000000000049 0.9724999999999979 1.0 1.0 1.0 0.14999999999999147 0.0 
0.05000000000000249 1.0 1.0 1.0 0.5499999999999963 0.0 0.0 0.0 0.0 0.0 0.0 0.0 0.0 0.0 0.4500000000000064 1.0 1.0 1.0 0.14999999999999147 0.0 
0.05000000000000249 1.0 1.0 1.0 0.5499999999999963 0.0 0.0 0.0 0.0 0.0 0.0 0.0 0.0 0.0 0.4500000000000064 1.0 1.0 1.0 0.14999999999999147 0.0 
0.05000000000000249 1.0 1.0 0.6499999999999968 0.0 0.0 0.0 0.0 0.0 0.0 0.0 0.0 0.0 0.0 0.4500000000000064 1.0 1.0 1.0 0.14999999999999147 0.0 
0.8575000000000085 1.0 1.0 0.6499999999999968 0.0 0.0 0.0 0.0 0.0 0.0 0.0 0.0 0.0 0.0 0.4500000000000064 1.0 1.0 1.0 0.14999999999999147 0.0 
1.0 1.0 1.0 0.6499999999999968 0.0 0.0 0.0 0.0 0.0 0.0 0.0 0.0 0.0 0.0 0.4500000000000064 1.0 1.0 0.5874999999999903 0.067499999999995 0.0 
1.0 1.0 1.0 0.7375 0.13750000000000298 0.0 0.0 0.0 0.0 0.0 0.012500000000001866 0.2500000000000071 0.2500000000000071 0.5125000000000097 1.0 1.0 0.8374999999999939 0.1874999999999929 0.0 0.0 
1.0 1.0 1.0 1.0 0.9775000000000043 0.95000000000001 0.95000000000001 0.95000000000001 0.95000000000001 0.95000000000001 0.9525000000000098 1.0 1.0 1.0 1.0 0.4774999999999905 0.017499999999996234 0.0 0.0 0.0 
1.0 1.0 1.0 1.0 1.0 1.0 1.0 1.0 1.0 1.0 1.0 1.0 0.8374999999999934 0.3499999999999872 0.19249999999999073 0.0 0.0 0.0 0.0 0.0 
