0.0 0.0 0.0 0.0 0.0 0.17187499999999653 0.274999999999995 0.36562499999999437 0.909374999999998 0.5468749999999982 0.274999999999995 0.274999999999995 0.274999999999995 0.274999999999995 0.17187499999999786 0.0 0.0 0.0 0.0 0.0 
0.0 0.0 0.3093749999999975 0.8249999999999957 0.8249999999999957 0.9343749999999982 1.0 1.0 1.0 1.0 1.0 1.0 1.0 1.0 0.9343749999999991 0.7218749999999992 0.1031250000000024 0.0 0.0 0.0 
0.0 0.624999999999999 1.0 1.0 1.0 1.0 0.859375000000002 0.5468750000000042 0.07812500000000155 0.0 0.23437500000000022 0.6250000000000036 0.6250000000000036 0.859375 1.0 1.0 1.0 0.609375 0.2343749999999991 0.0 
0.8093749999999967 0.9718749999999988 1.0 1.0 1.0 0.421875000000003 0.04687500000000191 0.0 0.0 0.0 0.0 0.0 0.0 0.04687500000000151 0.4218749999999985 1.0 1.0 1.0 0.9718749999999992 0.8093750000000008 
0.8749999999999991 1.0 1.0 0.8750000000000013 0.12500000000000133 0.0 0.0 0.0 0.0 0.0 0.0 0.0 0.0 0.0 0.0 0.12499999999999645 0.8749999999999964 1.0 1.0 0.8750000000000036 
0.8749999999999991 1.0 1.0 0.8750000000000013 0.12500000000000133 0.0 0.0 0.0 0.0 0.0 0.0 0.0 0.0 0.0 0.0 0.0 0.0 0.6093749999999974 0.9750000000000014 0.8531250000000047 
0.8749999999999991 1.0 1.0 0.8750000000000013 0.12500000000000133 0.0 0.0 0.0 0.0 0.0 0.0 0.0 0.0 0.0 0.0 0.0 0.0 0.0 0.0 0.0 
0.8749999999999991 1.0 1.0 0.8750000000000013 0.12500000000000133 0.0 0.0 0.0 0.0 0.0 0.0 0.0 0.0 0.0 0.0 0.0 0.0 0.0 0.0 0.0 
0.8749999999999991 1.0 1.0 0.8750000000000013 0.12500000000000133 0.0 0.0 0.0 0.0 0.0 0.0 0.0 0.0 0.0 0.0 0.0 0.0 0.0 0.0 0.0 
0.8749999999999991 1.0 1.0 0.8750000000000013 0.12500000000000133 0.0 0.0 0.0 0.0 0.0 0.3749999999999982 1.0 1.0 0.5156250000000037 0.22500000000000142 0.22500000000000142 0.22500000000000142 0.22500000000000142 0.22500000000000142 0.19687500000000205 
0.8749999999999991 1.0 1.0 0.8750000000000013 0.12500000000000133 0.0 0.0 0.0 0.0 0.0 0.3749999999999982 1.0 1.0 1.0 1.0 1.0 1.0 1.0 1.0 0.8750000000000036 
0.8749999999999991 1.0 1.0 0.8750000000000013 0.12500000000000133 0.0 0.0 0.0 0.0 0.0 0.0 0.0 0.0 0.0 0.25312499999999655 0.7156249999999964 0.9593749999999985 1.0 1.0 0.8750000000000036 
0.8749999999999991 1.0 1.0 0.8750000000000013 0.12500000000000133 0.0 0.0 0.0 0.0 0.0 0.0 0.0 0.0 0.0 0.0 0.12499999999999645 0.8749999999999964 1.0 1.0 0.8750000000000036 
0.8749999999999991 1.0 1.0 0.8750000000000013 0.12500000000000133 0.0 0.0 0.0 0.0 0.0 0.0 0.0 0.0 0.0 0.0 0.12499999999999645 0.8749999999999964 1.0 1.0 0.8750000000000036 
0.8749999999999991 1.0 1.0 0.8750000000000013 0.12500000000000133 0.0 0.0 0.0 0.0 0.0 0.0 0.0 0.0 0.0 0.0 0.12499999999999645 0.8749999999999964 1.0 1.0 0.8750000000000036 
0.8749999999999991 1.0 1.0 0.8750000000000013 0.12500000000000133 0.0 0.0 0.0 0.0 0.0 0.0 0.0 0.0 0.0 0.0 0.12499999999999645 0.8749999999999964 1.0 1.0 0.8750000000000036 
0.8093749999999936 0.9718749999999975 1.0 0.884375000000002 0.19062500000000682 0.0281250000000025 0.0 0.0 0.0 0.0 0.0 0.0 0.0 0.0 0.02812500000000213 0.19062500000000232 0.8843749999999975 1.0 1.0 0.8750000000000036 
0.0 0.624999999999999 1.0 1.0 1.0 0.7656250000000049 0.39062500000000555 0.0 0.0 0.0 0.0 0.0 0.0 0.3906250000000022 0.7656250000000031 1.0 1.0 1.0 0.7656249999999996 0.3281249999999951 
0.0 0.0 0.3093749999999962 0.8468749999999929 0.9781249999999988 1.0 1.0 1.0 1.0 0.48437500000000633 0.48437500000000344 1.0 1.0 1.0 1.0 1.0 1.0 0.37500000000000355 0.0 0.0 
0.0 0.0 0.0 0.034374999999998566 0.24062499999999218 0.7281249999999959 1.0 1.0 1.0 1.0 1.0 1.0 1.0 1.0 0.7281249999999994 0.2749999999999915 0.2749999999999915 0.10312499999999777 0.0 0.0 
