0.0 0.0 0.0 0.0 0.0 0.0 0.13812500000000794 0.4250000000000149 0.4250000000000149 0.4250000000000149 0.7268750000000124 1.0 0.6406250000000042 0.4250000000000149 0.4250000000000149 0.09562499999999943 0.0 0.0 0.0 0.0 
0.0 0.0 0.0 0.04812500000000433 0.4381250000000162 1.0 1.0 1.0 1.0 1.0 1.0 1.0 1.0 1.0 1.0 1.0 1.0 0.12499999999998934 0.0 0.0 
0.0 0.009375000000001809 0.23437500000001787 1.0 1.0 1.0 1.0 1.0 0.946874999999993 0.8749999999999858 0.8749999999999858 0.8749999999999858 0.9531249999999958 1.0 1.0 1.0 1.0 1.0 0.1906250000000032 0.0031249999999988453 
0.0 0.07500000000000595 1.0 1.0 1.0 1.0 1.0 0.6343749999999883 0.014374999999992349 0.0 0.0 0.0 0.015624999999992117 0.6831250000000051 1.0 1.0 1.0 1.0 1.0 0.02499999999998792 
0.025000000000005684 1.0 1.0 1.0 1.0 0.7731249999999904 0.11812499999999021 0.0 0.0 0.0 0.0 0.0 0.0 0.0 0.7250000000000085 1.0 1.0 1.0 1.0 0.8293750000000102 
0.025000000000005684 1.0 1.0 0.8818749999999936 0.4768749999999957 0.7249999999999925 0.0 0.0 0.0 0.0 0.0 0.0 0.0 0.0 0.0 0.7750000000000092 1.0 1.0 1.0 1.0 
0.0 0.0 0.0 0.0 0.0 0.0 0.0 0.0 0.0 0.0 0.0 0.0 0.0 0.0 0.3806250000000125 0.8931250000000068 1.0 1.0 1.0 0.02499999999998792 
0.0 0.0 0.0 0.0 0.0 0.0 0.0 0.0 0.0 0.0 0.0 0.0 0.0 0.2531250000000108 0.8281250000000082 1.0 1.0 1.0 0.6531249999999859 0.015624999999992183 
0.0 0.0 0.0 0.0 0.0 0.0 0.0 0.0 0.0 0.10687500000000681 0.2250000000000103 0.6706250000000107 1.0 1.0 1.0 1.0 1.0 0.8031249999999885 0.058124999999990414 0.0 
0.0 0.0 0.0 0.0 0.0 0.0 0.0 0.0 0.0 0.4750000000000085 1.0 1.0 1.0 1.0 1.0 1.0 1.0 0.19062499999999885 0.005624999999999893 0.0 
0.0 0.0 0.0 0.0 0.0 0.0 0.0 0.0 0.0 0.4750000000000085 1.0 1.0 1.0 1.0 1.0 1.0 1.0 1.0 0.07499999999998863 0.0 
0.0 0.0 0.0 0.0 0.0 0.0 0.0 0.0 0.0 0.0 0.0 0.12937499999999652 0.22499999999999076 0.7481250000000045 1.0 1.0 1.0 1.0 1.0 0.02499999999998792 
0.0 0.0 0.0 0.0 0.0 0.0 0.0 0.0 0.0 0.0 0.0 0.0 0.0 0.0 0.27187499999999803 0.8593750000000042 1.0 1.0 1.0 0.02499999999998792 
0.0 0.0 0.0 0.0 0.0 0.0 0.0 0.0 0.0 0.0 0.0 0.0 0.0 0.0 0.0 0.7750000000000092 1.0 1.0 1.0 1.0 
0.3250000000000064 0.3250000000000064 0.3250000000000064 0.3250000000000064 0.25187500000000274 0.0 0.0 0.0 0.0 0.0 0.0 0.0 0.0 0.0 0.0 0.7750000000000092 1.0 1.0 1.0 1.0 
1.0 1.0 1.0 1.0 0.8143749999999962 0.12687500000000437 0.0 0.0 0.0 0.0 0.0 0.0 0.0 0.0 0.12687500000000715 0.8143750000000094 1.0 1.0 1.0 0.8293749999999903 
0.025000000000005684 1.0 1.0 1.0 1.0 0.7318749999999943 0.016875000000003654 0.0 0.0 0.0 0.0 0.0 0.0 0.016875000000004078 0.7318750000000098 1.0 1.0 1.0 0.9768749999999945 0.02437499999998808 
0.025000000000005684 1.0 1.0 1.0 1.0 1.0 0.9593750000000002 0.8750000000000036 0.5031249999999952 0.0 0.0 0.5031250000000091 0.8750000000000036 0.9593750000000023 1.0 1.0 1.0 1.0 0.07499999999998863 0.0 
0.0 0.020625000000000997 0.36562499999999704 1.0 1.0 1.0 1.0 1.0 1.0 1.0 1.0 1.0 1.0 1.0 1.0 1.0 0.40187499999998577 0.034374999999996006 0.0 0.0 
0.0 0.0 0.0 0.07437500000000226 0.42499999999999716 0.5831250000000022 1.0 1.0 1.0 1.0 1.0 1.0 1.0 0.6118749999999926 0.42499999999999716 0.09562499999999544 0.0 0.0 0.0 0.0 
