0.0 0.0 0.0 0.0 0.0 0.11687500000000728 0.4250000000000149 0.6406250000000134 1.0 1.0 1.0 1.0 0.6406250000000042 0.4250000000000149 0.4250000000000149 0.09562499999999943 0.0 0.0 0.0 0.0 
0.0 0.0 0.03437500000000353 0.40187500000001675 1.0 1.0 1.0 1.0 1.0 1.0 1.0 1.0 1.0 1.0 1.0 1.0 0.4018750000000048 0.03437499999999889 0.0 0.0 
0.0031250000000010657 0.19062500000001836 1.0 1.0 1.0 1.0 1.0 0.9531249999999938 0.8749999999999858 0.8749999999999858 0.8749999999999858 0.8749999999999858 0.9531249999999958 1.0 1.0 1.0 1.0 1.0 0.1906250000000032 0.0031249999999988453 
0.025000000000005684 1.0 1.0 1.0 1.0 1.0 0.6831249999999887 0.015624999999991718 0.0 0.0 0.0 0.0 0.015624999999992117 0.6831250000000051 1.0 1.0 1.0 1.0 1.0 0.02499999999998792 
0.025000000000005684 1.0 1.0 1.0 1.0 0.7249999999999925 0.0 0.0 0.0 0.0 0.0 0.0 0.0 0.0 0.7250000000000085 1.0 1.0 1.0 1.0 0.8293750000000102 
0.008125000000001563 0.32499999999998863 0.32499999999998863 0.32499999999998863 0.32499999999998863 0.23562499999998934 0.0 0.0 0.0 0.0 0.0 0.0 0.0 0.0 0.7250000000000085 1.0 1.0 1.0 1.0 0.02499999999998792 
0.0 0.0 0.0 0.0 0.0 0.0 0.0 0.0 0.0 0.0 0.0 0.0 0.0 0.0 0.7250000000000085 1.0 1.0 1.0 1.0 0.02499999999998792 
0.0 0.0 0.0 0.0 0.0 0.0 0.0 0.0 0.0 0.0 0.0 0.0 0.0 0.6750000000000096 1.0 1.0 1.0 1.0 1.0 0.02499999999998792 
0.0 0.0 0.0 0.0 0.0 0.0 0.0 0.0 0.0 0.4750000000000085 1.0 1.0 1.0 1.0 1.0 1.0 1.0 0.8031249999999885 0.058124999999990414 0.0 
0.0 0.0 0.0 0.0 0.0 0.0 0.0 0.0 0.4250000000000078 1.0 1.0 1.0 1.0 1.0 1.0 1.0 1.0 0.19062499999999885 0.005624999999999893 0.0 
0.0 0.0 0.0 0.0 0.0 0.0 0.0 0.0 0.03187499999999727 0.5143750000000038 1.0 1.0 1.0 1.0 1.0 1.0 1.0 1.0 0.07499999999998863 0.0 
0.0 0.0 0.0 0.0 0.0 0.0 0.0 0.0 0.0 0.0 0.0 0.0 0.14062499999999623 0.7481250000000045 1.0 1.0 1.0 1.0 1.0 0.02499999999998792 
0.0 0.0 0.0 0.0 0.0 0.0 0.0 0.0 0.0 0.0 0.0 0.0 0.0 0.0 0.27187499999999803 0.8593750000000042 1.0 1.0 1.0 0.6343750000000024 
0.0 0.0 0.0 0.0 0.0 0.0 0.0 0.0 0.0 0.0 0.0 0.0 0.0 0.0 0.0 0.7750000000000092 1.0 1.0 1.0 1.0 
0.025000000000005684 1.0 1.0 1.0 0.7749999999999932 0.0 0.0 0.0 0.0 0.0 0.0 0.0 0.0 0.0 0.0 0.7750000000000092 1.0 1.0 1.0 1.0 
0.8293749999999934 1.0 1.0 1.0 0.8143749999999962 0.12687500000000437 0.0 0.0 0.0 0.0 0.0 0.0 0.0 0.0 0.12687500000000715 0.8143750000000094 1.0 1.0 1.0 0.8293749999999903 
0.025000000000005684 1.0 1.0 1.0 1.0 0.7318749999999943 0.025000000000005684 0.015625000000003376 0.0 0.0 0.0 0.0 0.0 0.016875000000004078 0.7318750000000098 1.0 1.0 1.0 1.0 0.02499999999998792 
0.0031250000000006216 0.19062500000000193 1.0 1.0 1.0 1.0 1.0 0.9531250000000004 0.8750000000000036 0.8750000000000036 0.8750000000000036 0.8750000000000036 0.8750000000000036 0.9593750000000023 1.0 1.0 1.0 1.0 0.19062499999998678 0.003124999999998401 
0.0 0.020625000000000997 0.36562499999999704 1.0 1.0 1.0 1.0 1.0 1.0 1.0 1.0 1.0 1.0 1.0 1.0 1.0 0.40187499999998577 0.2749999999999915 0.020624999999996233 0.0 
0.0 0.0 0.0 0.07437500000000226 0.42499999999999716 0.5831250000000022 1.0 1.0 1.0 1.0 1.0 1.0 1.0 0.6118749999999926 0.42499999999999716 0.09562499999999544 0.0 0.0 0.0 0.0 
