0.8750000000000018 1.0 1.0 0.8749999999999987 0.12499999999999867 0.0 0.0 0.0 0.0 0.0 0.0 0.0 0.0 0.0 0.0 0.125 0.875 1.0 1.0 0.875 
0.8750000000000018 1.0 1.0 0.8749999999999987 0.12499999999999867 0.0 0.0 0.0 0.0 0.0 0.0 0.0 0.0 0.0 0.0 0.125 0.875 1.0 1.0 0.875 
0.8750000000000018 1.0 1.0 0.8749999999999987 0.12499999999999867 0.0 0.0 0.0 0.0 0.0 0.0 0.0 0.0 0.0 0.3281249999999995 0.8906249999999989 0.9843749999999998 1.0 1.0 0.875 
0.6781250000000016 0.9156250000000005 1.0 1.0 1.0 0.37499999999999867 0.0 0.0 0.0 0.0 0.0 0.0 0.0 0.0 0.375 1.0 1.0 1.0 0.625 0.0 
0.0 0.6250000000000017 1.0 1.0 1.0 0.37499999999999867 0.0 0.0 0.0 0.0 0.0 0.0 0.0 0.0 0.375 1.0 1.0 1.0 0.625 0.0 
0.0 0.6250000000000017 1.0 1.0 1.0 0.37499999999999867 0.0 0.0 0.0 0.0 0.0 0.0 0.0 0.5781250000000004 0.9531250000000004 1.0 1.0 0.42187499999999956 0.046874999999999556 0.0 
0.0 0.6250000000000017 1.0 1.0 1.0 0.5468750000000004 0.17187500000000108 0.0 0.0 0.0 0.0 0.0 0.0 0.625 1.0 1.0 1.0 0.375 0.0 0.0 
0.0 0.2343749999999995 0.6093749999999999 1.0 1.0 1.0 0.6249999999999991 0.0 0.0 0.0 0.0 0.0 0.0 0.625 1.0 1.0 1.0 0.375 0.0 0.0 
0.0 0.0 0.37500000000000155 1.0 1.0 1.0 0.6249999999999991 0.0 0.0 0.0 0.0 0.1218750000000004 0.8531250000000028 0.9906250000000012 1.0 0.8781249999999996 0.1468749999999972 0.009374999999998801 0.0 0.0 
0.0 0.0 0.37500000000000155 1.0 1.0 1.0 0.6249999999999991 0.0 0.0 0.0 0.0 0.125 0.875 1.0 1.0 0.875 0.125 0.0 0.0 0.0 
0.0 0.0 0.37500000000000155 1.0 1.0 1.0 0.6249999999999991 0.0 0.0 0.0 0.0 0.125 0.875 1.0 1.0 0.875 0.125 0.0 0.0 0.0 
0.0 0.0 0.0 0.12500000000000133 0.8750000000000013 1.0 1.0 0.8749999999999991 0.12499999999999911 0.0 0.3750000000000009 1.0 1.0 1.0 0.625 0.0 0.0 0.0 0.0 0.0 
0.0 0.0 0.0 0.12500000000000133 0.8750000000000013 1.0 1.0 0.8749999999999991 0.12499999999999911 0.0 0.3750000000000009 1.0 1.0 1.0 0.625 0.0 0.0 0.0 0.0 0.0 
0.0 0.0 0.0 0.0343749999999993 0.2406249999999929 0.7281249999999977 1.0 0.8749999999999991 0.12499999999999911 0.453125000000006 0.8281250000000056 1.0 1.0 1.0 0.625 0.0 0.0 0.0 0.0 0.0 
0.0 0.0 0.0 0.0 0.0 0.6250000000000013 1.0 1.0 1.0 1.0 1.0 1.0 1.0 0.375 0.0 0.0 0.0 0.0 0.0 0.0 
0.0 0.0 0.0 0.0 0.0 0.6250000000000013 1.0 1.0 1.0 1.0 1.0 1.0 1.0 0.375 0.0 0.0 0.0 0.0 0.0 0.0 
0.0 0.0 0.0 0.0 0.0 0.6250000000000013 1.0 1.0 1.0 1.0 1.0 1.0 1.0 0.375 0.0 0.0 0.0 0.0 0.0 0.0 
0.0 0.0 0.0 0.0 0.0 0.0 0.3750000000000009 1.0 1.0 1.0 1.0 0.875 0.125 0.0 0.0 0.0 0.0 0.0 0.0 0.0 
0.0 0.0 0.0 0.0 0.0 0.0 0.3750000000000009 1.0 1.0 1.0 1.0 0.875 0.125 0.0 0.0 0.0 0.0 0.0 0.0 0.0 
0.0 0.0 0.0 0.0 0.0 0.0 0.3750000000000009 1.0 1.0 1.0 1.0 0.875 0.125 0.0 0.0 0.0 0.0 0.0 0.0 0.0 
