0.0 0.0 0.0 0.0 0.0 0.0 0.06562499999999909 0.17499999999999716 0.17499999999999716 0.6906249999999997 1.0 1.0 1.0 0.4843749999999982 0.17499999999999716 0.1531249999999975 0.021874999999999645 0.0 0.0 0.0 
0.0 0.0 0.0 0.06562500000000043 0.45937499999999887 0.5249999999999979 0.7031249999999991 0.9343749999999997 0.5406250000000014 0.4750000000000021 0.4750000000000021 0.4750000000000021 0.4750000000000021 0.8031250000000008 1.0 0.9406249999999997 0.5843749999999982 0.5249999999999979 0.32812499999999867 0.0 
0.0 0.0 0.32812500000000083 0.890624999999999 0.984375 1.0 0.6718749999999998 0.10937500000000105 0.015625000000000056 0.0 0.0 0.0 0.0 0.07812500000000083 0.12500000000000133 0.23437500000000117 0.8906250000000002 1.0 0.625 0.0 
0.0 0.14062500000000014 0.515625000000001 1.0 1.0 0.37499999999999867 0.0 0.0 0.0 0.0 0.0 0.0 0.0 0.0 0.0 0.09687500000000004 0.6781250000000003 0.9156250000000001 1.0 0.875 
0.0 0.6250000000000017 1.0 1.0 1.0 0.37499999999999867 0.0 0.0 0.0 0.0 0.0 0.0 0.0 0.0 0.0 0.0 0.0 0.625 1.0 0.875 
0.0 0.04687499999999968 0.07499999999999929 0.07499999999999929 0.07499999999999929 0.028124999999999633 0.0 0.0 0.0 0.0 0.0 0.0 0.0 0.0 0.0 0.0 0.0 0.625 1.0 0.875 
0.0 0.0 0.0 0.0 0.0 0.0 0.0 0.0 0.0 0.0 0.0 0.0 0.0 0.0 0.0 0.0 0.0 0.625 1.0 0.875 
0.0 0.0 0.0 0.0 0.0 0.0 0.0 0.0 0.0 0.0 0.0 0.0 0.0 0.0 0.0 0.07812500000000022 0.5468750000000016 0.8593750000000007 0.7656249999999993 0.32812499999999845 
0.0 0.0 0.0 0.0 0.0 0.0 0.0 0.0 0.0 0.0 0.0 0.0 0.0 0.0 0.3656250000000012 0.9781250000000028 0.9968750000000004 0.390624999999998 0.015624999999998002 0.0 
0.0 0.0 0.0 0.0 0.0 0.0 0.0 0.04062500000000087 0.2843750000000043 0.3250000000000046 0.5781250000000036 1.0 1.0 1.0 1.0 0.875 0.125 0.0 0.0 0.0 
0.0 0.0 0.0 0.0 0.0 0.0 0.0 0.04062499999999976 0.28437499999999655 0.32499999999999574 0.32499999999999574 0.32499999999999574 0.32499999999999574 0.7468749999999984 1.0 0.875 0.125 0.0 0.0 0.0 
0.0 0.0 0.0 0.0 0.0 0.0 0.0 0.0 0.0 0.0 0.0 0.0 0.0 0.0 0.36562499999999787 0.978124999999995 0.9968749999999993 1.0 0.6343750000000021 0.021875000000004974 
0.0 0.0 0.0 0.0 0.0 0.0 0.0 0.0 0.0 0.0 0.0 0.0 0.0 0.0 0.0 0.07812499999999911 0.5468749999999938 0.8593749999999973 1.0 0.875 
0.0 0.0 0.0 0.0 0.0 0.0 0.0 0.0 0.0 0.0 0.0 0.0 0.0 0.0 0.0 0.0 0.0 0.625 1.0 0.875 
0.06562500000000573 0.0750000000000064 0.0750000000000064 0.0656250000000055 0.009375000000000699 0.0 0.0 0.0 0.0 0.0 0.0 0.0 0.0 0.0 0.0 0.0 0.0 0.625 1.0 0.875 
0.8750000000000018 1.0 1.0 0.8749999999999987 0.12499999999999867 0.0 0.0 0.0 0.0 0.0 0.0 0.0 0.0 0.0 0.0 0.0 0.0 0.625 1.0 0.875 
0.1968749999999923 0.7093749999999979 1.0 0.8749999999999987 0.12499999999999867 0.0 0.0 0.0 0.0 0.0 0.0 0.0 0.0 0.0 0.0 0.09687500000000115 0.6781250000000081 0.9156250000000035 1.0 0.875 
0.0 0.5468749999999948 0.9218749999999936 1.0 1.0 0.4531250000000055 0.07812500000000655 0.0 0.0 0.0 0.0 0.0 0.0 0.0 0.046875000000004 0.23437500000000933 0.8906250000000013 1.0 0.625 0.0 
0.0 0.0 0.19687499999999628 0.5843749999999901 0.9406249999999992 1.0 0.8031250000000041 0.4750000000000121 0.4750000000000121 0.1781250000000041 0.17812500000000495 0.4750000000000121 0.4750000000000121 0.4750000000000121 0.6718750000000075 0.9406249999999985 0.5843749999999894 0.5249999999999879 0.32812499999999245 0.0 
0.0 0.0 0.0 0.02187499999999899 0.15312499999999152 0.17499999999999005 0.4843749999999945 1.0 1.0 0.8906250000000061 0.8906250000000063 1.0 1.0 1.0 0.6906249999999963 0.1531249999999913 0.021874999999998757 0.0 0.0 0.0 
