0.0 0.0 0.0 0.021874999999999877 0.15312499999999774 0.17499999999999716 0.48437499999999895 1.0 1.0 1.0 1.0 0.8968749999999996 0.2781249999999975 0.17499999999999716 0.10937499999999822 0.0 0.0 0.0 0.0 0.0 
0.0 0.32812499999999956 0.5249999999999979 0.5843749999999988 0.9406250000000004 1.0 0.8031250000000003 0.4750000000000021 0.4750000000000021 0.4750000000000021 0.4750000000000021 0.5406250000000018 0.9343750000000003 1.0 0.8218749999999992 0.4593749999999982 0.06562499999999974 0.0 0.0 0.0 
0.7656250000000003 0.9531249999999997 1.0 0.890624999999999 0.234375 0.12500000000000133 0.07812500000000072 0.0 0.0 0.0 0.0 0.015625000000000167 0.10937500000000117 0.12500000000000133 0.45312500000000083 0.9843749999999998 0.8906249999999989 0.3281249999999995 0.0 0.0 
0.8750000000000018 1.0 0.9156249999999998 0.6781249999999993 0.09687499999999902 0.0 0.0 0.0 0.0 0.0 0.0 0.0 0.0 0.0 0.29062500000000013 0.8031250000000003 0.971875 1.0 0.625 0.0 
0.8750000000000018 1.0 0.6249999999999984 0.0 0.0 0.0 0.0 0.0 0.0 0.0 0.0 0.0 0.0 0.0 0.0 0.125 0.875 1.0 0.625 0.0 
0.8750000000000018 1.0 0.6249999999999984 0.0 0.0 0.0 0.0 0.0 0.0 0.0 0.0 0.0 0.0 0.0 0.0 0.009374999999999911 0.06562499999999938 0.07499999999999929 0.046874999999999556 0.0 
0.8750000000000018 1.0 0.6249999999999984 0.0 0.0 0.0 0.0 0.0 0.0 0.0 0.0 0.0 0.0 0.0 0.0 0.0 0.0 0.0 0.0 0.0 
0.8750000000000018 1.0 0.6249999999999984 0.0 0.0 0.0 0.0 0.0 0.0 0.0 0.0 0.0 0.0 0.0 0.0 0.0 0.0 0.0 0.0 0.0 
0.8750000000000018 1.0 0.6249999999999984 0.0 0.0 0.0 0.0 0.0 0.0 0.0 0.0 0.0 0.0 0.0 0.0 0.0 0.0 0.0 0.0 0.0 
0.8750000000000018 1.0 0.6249999999999984 0.0 0.0 0.0 0.0 0.0 0.0 0.0 0.12187500000000202 0.3250000000000046 0.3250000000000046 0.3250000000000046 0.3250000000000046 0.3250000000000046 0.3250000000000046 0.3250000000000046 0.3250000000000046 0.28437500000000404 
0.8750000000000018 1.0 0.6249999999999984 0.0 0.0 0.0 0.0 0.0 0.0 0.0 0.12187499999999869 0.32499999999999574 0.32499999999999574 0.32499999999999574 0.5781249999999973 1.0 1.0 1.0 1.0 0.875 
0.8750000000000018 1.0 0.6249999999999984 0.0 0.0 0.0 0.0 0.0 0.0 0.0 0.0 0.0 0.0 0.0 0.0 0.125 0.875 1.0 1.0 0.875 
0.8750000000000018 1.0 0.6249999999999984 0.0 0.0 0.0 0.0 0.0 0.0 0.0 0.0 0.0 0.0 0.0 0.0 0.125 0.875 1.0 1.0 0.875 
0.8750000000000018 1.0 0.6249999999999984 0.0 0.0 0.0 0.0 0.0 0.0 0.0 0.0 0.0 0.0 0.0 0.0 0.034374999999998934 0.24062499999999254 0.7281249999999968 1.0 0.875 
0.8750000000000018 1.0 0.6249999999999984 0.0 0.0 0.0 0.0 0.0 0.0 0.0 0.0 0.0 0.0 0.0 0.0 0.0 0.0 0.625 1.0 0.875 
0.8750000000000018 1.0 0.6249999999999984 0.0 0.0 0.0 0.0 0.0 0.0 0.0 0.0 0.0 0.0 0.0 0.0 0.05312500000000098 0.37187500000000684 0.7843750000000029 1.0 0.875 
0.1968749999999923 0.7093749999999979 0.9156250000000031 0.6781250000000071 0.09687500000000013 0.0 0.0 0.0 0.0 0.0 0.0 0.0 0.0 0.0 0.0 0.125 0.875 1.0 1.0 0.875 
0.0 0.5468749999999948 0.9218749999999936 0.8906250000000002 0.23437500000000816 0.04687500000000383 0.0 0.0 0.0 0.0 0.0 0.0 0.0 0.0 0.046875000000004 0.23437500000000933 0.8906250000000013 0.9218749999999933 0.5468749999999933 0.0 
0.0 0.0 0.19687499999999628 0.5843749999999901 0.9406249999999992 0.6718750000000069 0.4750000000000121 0.4750000000000121 0.4750000000000121 0.4750000000000121 0.4750000000000121 0.4750000000000121 0.4750000000000121 0.4750000000000121 0.6718750000000075 0.9406249999999985 0.5843749999999894 0.19687499999999547 0.0 0.0 
0.0 0.0 0.0 0.02187499999999899 0.15312499999999152 0.17499999999999005 0.4843749999999945 1.0 1.0 1.0 1.0 1.0 1.0 1.0 0.6906249999999963 0.1531249999999913 0.021874999999998757 0.0 0.0 0.0 
