0.0 0.0 0.0 0.021874999999999877 0.15312499999999774 0.17499999999999716 0.48437499999999895 1.0 1.0 1.0 1.0 1.0 1.0 0.4843749999999982 0.17499999999999716 0.1531249999999975 0.021874999999999645 0.0 0.0 0.0 
0.0 0.0 0.19687500000000002 0.5843749999999988 0.9406250000000004 1.0 0.8031250000000003 0.4750000000000021 0.4750000000000021 0.4750000000000021 0.4750000000000021 0.4750000000000021 0.4750000000000021 0.8031250000000008 1.0 0.9406249999999997 0.5843749999999982 0.19687499999999922 0.0 0.0 
0.0 0.5468750000000007 0.9218749999999993 1.0 1.0 0.45312499999999967 0.07812500000000072 0.0 0.0 0.0 0.0 0.0 0.0 0.07812500000000083 0.45312500000000083 1.0 1.0 0.9218749999999991 0.5468749999999991 0.0 
0.8750000000000018 1.0 1.0 0.8749999999999987 0.12499999999999867 0.0 0.0 0.0 0.0 0.0 0.0 0.0 0.0 0.0 0.0 0.125 0.875 1.0 1.0 0.875 
0.8750000000000018 1.0 1.0 0.8749999999999987 0.12499999999999867 0.0 0.0 0.0 0.0 0.0 0.0 0.0 0.0 0.0 0.0 0.05312499999999998 0.37187499999999984 0.7843749999999999 1.0 0.875 
0.8750000000000018 1.0 0.6531249999999983 0.06562499999999928 0.00937499999999981 0.0 0.0 0.0 0.0 0.0 0.0 0.0 0.0 0.0 0.0 0.0 0.0 0.625 1.0 0.875 
0.8750000000000018 1.0 0.7281249999999997 0.2406250000000015 0.0343749999999999 0.0 0.0 0.0 0.0 0.0 0.0 0.0 0.0 0.0 0.0 0.0 0.0 0.625 1.0 0.875 
0.8750000000000018 1.0 0.7656249999999983 0.32812499999999795 0.04687499999999928 0.0 0.0 0.0 0.0 0.0 0.0 0.0 0.0 0.0 0.0 0.0 0.0 0.625 1.0 0.875 
0.8750000000000018 1.0 0.9906250000000012 0.8531250000000015 0.1218749999999991 0.0 0.0 0.0 0.0 0.0 0.0 0.0 0.0 0.0 0.0 0.0 0.0 0.625 1.0 0.875 
0.8750000000000018 1.0 1.0 0.8749999999999987 0.12499999999999867 0.0 0.0 0.0 0.0 0.0 0.0 0.0 0.0 0.0 0.0 0.0 0.0 0.625 1.0 0.875 
0.8750000000000018 1.0 1.0 0.8749999999999987 0.12499999999999867 0.0 0.0 0.0 0.0 0.0 0.0 0.0 0.0 0.0 0.0 0.0 0.0 0.625 1.0 0.875 
0.8750000000000018 1.0 1.0 0.8749999999999987 0.12499999999999867 0.0 0.0 0.0 0.0 0.0 0.0 0.0 0.0 0.0 0.0 0.0 0.0 0.625 1.0 0.875 
0.8750000000000018 1.0 1.0 0.8749999999999987 0.12499999999999867 0.0 0.0 0.0 0.0 0.0 0.0 0.0 0.0 0.0 0.0 0.0 0.0 0.625 1.0 0.875 
0.8750000000000018 1.0 1.0 0.8749999999999987 0.12499999999999867 0.0 0.0 0.0 0.0 0.0 0.0 0.0 0.0 0.0 0.0 0.0 0.0 0.625 1.0 0.875 
0.8750000000000018 1.0 1.0 0.8749999999999987 0.12499999999999867 0.0 0.0 0.0 0.0 0.0 0.0 0.0 0.0 0.0 0.0 0.0 0.0 0.625 1.0 0.875 
0.8750000000000018 1.0 1.0 0.8749999999999987 0.12499999999999867 0.0 0.0 0.0 0.0 0.0 0.0 0.0 0.0 0.0 0.0 0.0 0.0 0.625 1.0 0.875 
0.1968749999999923 0.7093749999999979 1.0 0.8749999999999987 0.12499999999999867 0.0 0.0 0.0 0.0 0.0 0.0 0.0 0.0 0.0 0.0 0.09687500000000115 0.6781250000000081 0.9156250000000035 1.0 0.875 
0.0 0.5468749999999948 0.9218749999999936 1.0 1.0 0.4531250000000055 0.07812500000000655 0.0 0.0 0.0 0.0 0.0 0.0 0.07812500000000666 0.45312500000000666 1.0 1.0 1.0 0.625 0.0 
0.0 0.0 0.19687499999999628 0.5843749999999901 0.9406249999999992 1.0 0.8031250000000041 0.4750000000000121 0.4750000000000121 0.4750000000000121 0.4750000000000121 0.4750000000000121 0.4750000000000121 0.8031250000000045 1.0 0.9406249999999985 0.5843749999999894 0.5249999999999879 0.32812499999999245 0.0 
0.0 0.0 0.0 0.02187499999999899 0.15312499999999152 0.17499999999999005 0.4843749999999945 1.0 1.0 1.0 1.0 1.0 1.0 0.4843749999999938 0.17499999999999005 0.1531249999999913 0.021874999999998757 0.0 0.0 0.0 
