0.9000000000000012 1.0 1.0 1.0 1.0 1.0 1.0 1.0 1.0 1.0 1.0 1.0 1.0 1.0 1.0 1.0 1.0 1.0 0.6999999999999957 0.0 
0.49499999999999855 0.5499999999999976 0.5499999999999976 0.5499999999999976 0.5499999999999976 0.5499999999999976 0.5499999999999976 0.5499999999999976 0.5499999999999976 0.5499999999999976 0.5499999999999976 0.5499999999999976 0.5499999999999976 0.6850000000000003 1.0 1.0 1.0 0.7749999999999972 0.38499999999999596 0.0 
0.0 0.0 0.0 0.0 0.0 0.0 0.0 0.0 0.0 0.0 0.0 0.0 0.0 0.30000000000000426 1.0 1.0 1.0 0.49999999999999645 0.0 0.0 
0.0 0.0 0.0 0.0 0.0 0.0 0.0 0.0 0.0 0.0 0.0 0.0 0.02500000000000142 0.3350000000000058 1.0 1.0 0.29999999999999716 0.0 0.0 0.0 
0.0 0.0 0.0 0.0 0.0 0.0 0.0 0.0 0.0 0.0 0.0 0.0 0.5000000000000036 1.0 0.9649999999999979 0.6849999999999964 0.1949999999999972 0.0 0.0 0.0 
0.0 0.0 0.0 0.0 0.0 0.0 0.0 0.0 0.0 0.0 0.0 0.45500000000000457 0.8250000000000032 1.0 0.899999999999995 0.09999999999999787 0.0 0.0 0.0 0.0 
0.0 0.0 0.0 0.0 0.0 0.0 0.0 0.0 0.0 0.0 0.0 0.7000000000000028 1.0 0.7149999999999949 0.0449999999999964 0.0049999999999995205 0.0 0.0 0.0 0.0 
0.0 0.0 0.0 0.0 0.0 0.0 0.0 0.0 0.0 0.10000000000000231 0.900000000000003 1.0 0.8749999999999973 0.5249999999999944 0.0 0.0 0.0 0.0 0.0 0.0 
0.0 0.0 0.0 0.0 0.0 0.0 0.0 0.0 0.16500000000000264 0.5950000000000049 0.9550000000000018 1.0 0.49999999999999645 0.0 0.0 0.0 0.0 0.0 0.0 0.0 
0.0 0.0 0.0 0.0 0.0 0.0 0.0 0.0 0.3000000000000025 1.0 1.0 0.4049999999999941 0.07499999999999699 0.0 0.0 0.0 0.0 0.0 0.0 0.0 
0.0 0.0 0.0 0.0 0.0 0.0 0.0 0.5000000000000027 1.0 0.9849999999999991 0.8649999999999944 0.2549999999999959 0.0 0.0 0.0 0.0 0.0 0.0 0.0 0.0 
0.0 0.0 0.0 0.0 0.0 0.0 0.3150000000000041 0.7250000000000038 1.0 0.8999999999999977 0.09999999999999698 0.0 0.0 0.0 0.0 0.0 0.0 0.0 0.0 0.0 
0.0 0.0 0.0 0.0 0.0 0.0 0.700000000000002 1.0 0.7749999999999966 0.22499999999999462 0.02499999999999871 0.0 0.0 0.0 0.0 0.0 0.0 0.0 0.0 0.0 
0.0 0.0 0.0 0.0 0.10000000000000187 0.9000000000000021 1.0 0.9749999999999978 0.6649999999999947 0.0 0.0 0.0 0.0 0.0 0.0 0.0 0.0 0.0 0.0 0.0 
0.0 0.0 0.0 0.10500000000000205 0.4150000000000057 0.9350000000000018 1.0 0.49999999999999734 0.0 0.0 0.0 0.0 0.0 0.0 0.0 0.0 0.0 0.0 0.0 0.0 
0.0 0.0 0.0 0.3000000000000016 1.0 1.0 0.5449999999999947 0.17499999999999621 0.0 0.0 0.0 0.0 0.0 0.0 0.0 0.0 0.0 0.0 0.0 0.0 
0.0 0.0 0.4750000000000047 0.9650000000000045 1.0 1.0 0.29999999999999805 0.0 0.0 0.0 0.0 0.0 0.0 0.0 0.0 0.0 0.0 0.0 0.0 0.0 
0.0 0.7000000000000013 1.0 1.0 0.9249999999999993 0.3250000000000048 0.07500000000000165 0.0 0.0 0.0 0.0 0.0 0.0 0.0 0.0 0.0 0.0 0.0 0.0 0.0 
0.0 0.7000000000000014 1.0 1.0 1.0 1.0 0.6850000000000046 0.5500000000000078 0.5500000000000078 0.5500000000000078 0.5500000000000078 0.5500000000000078 0.5500000000000078 0.5500000000000078 0.5500000000000078 0.5500000000000078 0.5500000000000078 0.5500000000000078 0.5500000000000078 0.4950000000000043 
0.0 0.7000000000000014 1.0 1.0 1.0 1.0 1.0 1.0 1.0 1.0 1.0 1.0 1.0 1.0 1.0 1.0 1.0 1.0 1.0 0.899999999999995 
