0.0 0.0 0.0 0.0 0.0 0.20625000000000085 0.7812499999999978 1.0 1.0 1.0 1.0 1.0 1.0 1.0 0.7187500000000081 0.3750000000000071 0.1312500000000057 0.0 0.0 0.0 
0.0 0.0 0.03125000000000083 0.4312499999999981 1.0 1.0 1.0 1.0 1.0 1.0 1.0 1.0 1.0 1.0 1.0 1.0 1.0 0.34375000000001155 0.01875000000000222 0.0 
0.0 0.13124999999999457 0.9062500000000044 1.0 1.0 1.0 1.0 1.0 1.0 1.0 1.0 1.0 1.0 1.0 1.0 1.0 1.0 1.0 0.8937500000000071 0.04375000000000719 
0.031249999999995802 0.6812500000000032 1.0 1.0 1.0 1.0 1.0 0.5312499999999997 0.056250000000002395 0.0 0.0 0.0 0.09374999999999556 0.5937499999999896 1.0 1.0 1.0 1.0 1.0 0.050000000000007816 
0.04999999999999272 1.0 1.0 1.0 1.0 1.0 0.35000000000000764 0.0 0.0 0.0 0.0 0.0 0.0 0.0 0.4499999999999922 1.0 1.0 1.0 1.0 0.40625000000001166 
0.0 0.13124999999999246 0.6562500000000012 0.306249999999991 0.8749999999999929 0.39375000000000393 0.0 0.0 0.0 0.0 0.0 0.0 0.0 0.0 0.4499999999999922 1.0 1.0 1.0 1.0 0.050000000000007816 
0.0 0.0 0.0 0.0 0.0 0.0 0.0 0.0 0.0 0.0 0.0 0.0 0.0 0.3062499999999944 0.9312500000000029 1.0 1.0 1.0 1.0 0.050000000000007816 
0.0 0.0 0.0 0.0 0.0 0.0 0.0 0.0 0.0 0.0 0.0 0.09374999999999574 0.6250000000000071 0.7562500000000012 1.0 1.0 1.0 1.0 1.0 0.050000000000007816 
0.0 0.0 0.0 0.0 0.0 0.0 0.0 0.0 0.8499999999999908 1.0 1.0 1.0 1.0 1.0 1.0 1.0 1.0 0.7187499999999973 0.0937500000000047 0.0 
0.0 0.0 0.0 0.0 0.0 0.0 0.0 0.0 0.8499999999999908 1.0 1.0 1.0 1.0 1.0 1.0 1.0 1.0 0.2500000000000071 0.0 0.0 
0.0 0.0 0.0 0.0 0.0 0.0 0.0 0.0 0.8499999999999908 1.0 1.0 1.0 1.0 1.0 1.0 1.0 1.0 0.9062500000000062 0.13125000000000914 0.0 
0.0 0.0 0.0 0.0 0.0 0.0 0.0 0.0 0.0 0.0 0.0 0.056249999999995734 0.5312499999999902 1.0 1.0 1.0 1.0 1.0 0.6812500000000095 0.03125000000000524 
0.0 0.0 0.0 0.0 0.0 0.0 0.0 0.0 0.0 0.0 0.0 0.0 0.0 0.34999999999999076 1.0 1.0 1.0 1.0 1.0 0.050000000000007816 
0.9562500000000067 0.1250000000000071 0.1250000000000071 0.1250000000000071 0.06875000000000489 0.0 0.0 0.0 0.0 0.0 0.0 0.0 0.0 0.34999999999999076 1.0 1.0 1.0 1.0 1.0 0.050000000000007816 
1.0 1.0 1.0 1.0 0.5500000000000078 0.0 0.0 0.0 0.0 0.0 0.0 0.0 0.0 0.34999999999999076 1.0 1.0 1.0 1.0 1.0 0.050000000000007816 
1.0 1.0 1.0 1.0 1.0 0.45000000000000817 0.0 0.0 0.0 0.0 0.0 0.0 0.0 0.34999999999999076 1.0 1.0 1.0 1.0 0.4687499999999997 0.018750000000002577 
0.6437499999999905 1.0 1.0 1.0 1.0 1.0 0.5937500000000093 0.3750000000000071 0.05625000000000453 0.0 0.018749999999996624 0.3750000000000071 0.5312500000000009 1.0 1.0 1.0 1.0 1.0 0.15000000000000924 0.0 
0.0 0.14999999999999258 1.0 1.0 1.0 1.0 1.0 1.0 1.0 1.0 1.0 1.0 1.0 1.0 1.0 1.0 0.9187499999999964 0.21875000000000444 0.0 0.0 
0.0 0.018749999999998008 0.1249999999999929 0.43124999999998886 1.0 1.0 1.0 1.0 1.0 1.0 1.0 1.0 1.0 1.0 1.0 0.5187500000000048 0.04374999999999858 0.0 0.0 0.0 
0.0 0.0 0.0 0.0 0.16874999999999388 0.3749999999999929 0.3749999999999929 0.3749999999999929 0.3749999999999929 0.9687499999999948 0.3749999999999929 0.3749999999999929 0.3749999999999929 0.24374999999999886 0.0 0.0 0.0 0.0 0.0 0.0 
