0.0 0.0 0.0 0.025000000000000744 0.17500000000000104 0.3250000000000014 0.47500000000000164 0.6250000000000019 0.7750000000000022 0.9250000000000026 1.0 1.0 1.0 1.0 1.0 1.0 1.0 0.8749999999999951 0.7249999999999948 0.5749999999999944 
0.0 0.0 0.0 0.025000000000000744 0.17500000000000104 0.3250000000000014 0.47500000000000164 0.6250000000000019 0.7750000000000022 0.9250000000000027 1.0 1.0 1.0 1.0 1.0 1.0 1.0 0.8749999999999951 0.7249999999999948 0.5749999999999944 
0.0718750000000056 0.09062500000000709 0.1093750000000086 0.1468750000000102 0.27812500000000895 0.4093750000000078 0.5406250000000066 0.6718750000000053 0.8031250000000042 0.934375000000003 1.0 1.0 1.0 1.0 1.0 1.0 1.0 0.8749999999999951 0.7249999999999948 0.5749999999999944 
0.0 0.0 0.0 0.025000000000000744 0.17500000000000104 0.3250000000000014 0.47500000000000164 0.6250000000000019 0.7750000000000022 0.9250000000000026 1.0 1.0 1.0 1.0 1.0 1.0 1.0 0.8749999999999951 0.7249999999999948 0.5749999999999944 
0.0 0.0 0.0 0.025000000000000744 0.17500000000000104 0.3250000000000014 0.47500000000000164 0.6250000000000019 0.7750000000000021 0.9250000000000026 1.0 1.0 1.0 1.0 1.0 1.0 1.0 0.8749999999999951 0.7249999999999948 0.5749999999999944 
0.0 0.0 0.0 0.025000000000000744 0.17500000000000104 0.3250000000000014 0.47500000000000164 0.6250000000000019 0.7750000000000024 0.9250000000000026 1.0 1.0 1.0 1.0 1.0 1.0 1.0 0.8749999999999951 0.7249999999999948 0.5749999999999944 
0.0 0.0 0.0 0.025000000000000744 0.17500000000000104 0.3250000000000014 0.47500000000000164 0.6250000000000019 0.7750000000000022 0.9250000000000026 1.0 1.0 1.0 1.0 1.0 1.0 1.0 0.8749999999999951 0.7249999999999948 0.5749999999999944 
0.0 0.0 0.0 0.009375000000000413 0.06562500000000132 0.12187500000000226 0.17812500000000314 0.23437500000000405 0.29062500000000496 0.34687500000000593 0.4218750000000067 0.5156250000000061 0.6093750000000056 0.703125000000005 0.7968750000000041 0.8906250000000036 0.984375000000003 0.8749999999999951 0.7249999999999948 0.5749999999999944 
0.0 0.0 0.0 0.0 0.0 0.0 0.0 0.0 0.0 0.0 0.07500000000000284 0.2250000000000032 0.37500000000000355 0.5250000000000039 0.6750000000000038 0.8250000000000042 0.9750000000000045 0.8749999999999951 0.7249999999999948 0.5749999999999944 
0.0 0.0 0.0 0.0 0.0 0.0 0.0 0.0 0.0 0.0 0.07500000000000284 0.2250000000000032 0.37500000000000355 0.5250000000000039 0.6750000000000038 0.8250000000000042 0.9750000000000045 0.8749999999999951 0.7249999999999948 0.5749999999999944 
0.0 0.0 0.0 0.0 0.0 0.0 0.0 0.0 0.0 0.0 0.07500000000000284 0.2250000000000032 0.37500000000000355 0.5250000000000039 0.6750000000000038 0.8250000000000042 0.9750000000000045 0.8749999999999951 0.7249999999999948 0.5749999999999944 
0.0 0.0 0.0 0.0 0.0 0.0 0.0 0.0 0.0 0.0 0.07500000000000284 0.2250000000000032 0.37500000000000355 0.5250000000000039 0.6750000000000038 0.8250000000000042 0.9750000000000045 0.8749999999999951 0.7249999999999948 0.5749999999999944 
0.0 0.0 0.0 0.0 0.0 0.0 0.0 0.0 0.0 0.0 0.07500000000000284 0.2250000000000032 0.37500000000000355 0.5250000000000039 0.6750000000000038 0.8250000000000042 0.9750000000000045 0.8749999999999951 0.7249999999999948 0.5749999999999944 
0.0 0.0 0.0 0.0 0.0 0.0 0.0 0.0 0.0 0.0 0.07500000000000284 0.2250000000000032 0.37500000000000355 0.5250000000000039 0.6750000000000038 0.8250000000000042 0.9750000000000045 0.8749999999999951 0.7249999999999948 0.5749999999999944 
0.0 0.0 0.0 0.0 0.0 0.0 0.0 0.0 0.0 0.0 0.07500000000000284 0.2250000000000032 0.37500000000000355 0.5250000000000039 0.6750000000000038 0.8250000000000042 0.9750000000000045 0.8749999999999951 0.7249999999999948 0.5749999999999944 
0.0 0.0 0.0 0.0 0.0 0.0 0.0 0.0 0.0 0.0 0.07500000000000284 0.2250000000000032 0.37500000000000355 0.5250000000000039 0.6750000000000038 0.8250000000000042 0.9750000000000045 0.8749999999999951 0.7249999999999948 0.5749999999999944 
0.0 0.0 0.0 0.0 0.0 0.0 0.0 0.0 0.0 0.0 0.07500000000000284 0.2250000000000032 0.37500000000000355 0.5250000000000039 0.6750000000000038 0.8250000000000042 0.9750000000000045 0.8749999999999951 0.7249999999999948 0.5749999999999944 
0.0 0.0 0.0 0.0 0.0 0.0 0.0 0.0 0.0 0.0 0.07500000000000284 0.2250000000000032 0.37500000000000355 0.5250000000000039 0.6750000000000038 0.8250000000000042 0.9750000000000045 0.8749999999999951 0.7249999999999948 0.5749999999999944 
0.0 0.0 0.0 0.0 0.0 0.0 0.0 0.0 0.0 0.0 0.07500000000000284 0.2250000000000032 0.37500000000000355 0.5250000000000039 0.6750000000000038 0.8250000000000042 0.9750000000000045 0.8749999999999951 0.7249999999999948 0.5749999999999944 
0.0 0.0 0.0 0.0 0.0 0.0 0.0 0.0 0.0 0.0 0.07500000000000284 0.2250000000000032 0.37500000000000355 0.5250000000000039 0.6750000000000038 0.8250000000000042 0.9750000000000045 0.8749999999999951 0.7249999999999948 0.5749999999999944 
