0.025000000000005684 1.0 1.0 1.0 1.0 1.0 1.0 1.0 1.0 1.0 1.0 1.0 1.0 1.0 1.0 1.0 1.0 1.0 1.0 1.0 
0.025000000000005684 1.0 1.0 1.0 1.0 1.0 1.0 1.0 1.0 1.0 1.0 1.0 1.0 1.0 1.0 1.0 1.0 1.0 1.0 1.0 
0.025000000000005684 1.0 1.0 1.0 1.0 0.7249999999999925 0.0 0.0 0.0 0.0 0.0 0.0 0.0 0.0 0.0 0.0 0.0 0.0 0.0 0.0 
0.025000000000005684 1.0 1.0 1.0 1.0 0.7249999999999925 0.0 0.0 0.0 0.0 0.0 0.0 0.0 0.0 0.0 0.0 0.0 0.0 0.0 0.0 
0.025000000000005684 1.0 1.0 1.0 1.0 0.7249999999999925 0.0 0.0 0.0 0.0 0.0 0.0 0.0 0.0 0.0 0.0 0.0 0.0 0.0 0.0 
0.025000000000005684 1.0 1.0 1.0 1.0 0.7249999999999925 0.0 0.0 0.0 0.0 0.0 0.0 0.0 0.0 0.0 0.0 0.0 0.0 0.0 0.0 
0.025000000000005684 1.0 1.0 1.0 1.0 0.8693749999999996 0.525000000000011 0.525000000000011 0.525000000000011 0.525000000000011 0.525000000000011 0.525000000000011 0.525000000000011 0.525000000000011 0.525000000000011 0.11812499999999763 0.0 0.0 0.0 0.0 
0.025000000000005684 1.0 1.0 1.0 1.0 1.0 1.0 1.0 1.0 1.0 1.0 1.0 1.0 1.0 1.0 1.0 0.48437500000000255 0.046874999999997335 0.0 0.0 
0.025000000000005684 1.0 1.0 1.0 1.0 1.0 0.926874999999995 0.7749999999999897 0.445624999999988 0.0 0.0 0.0 0.0 0.5231250000000005 0.9381249999999991 1.0 1.0 1.0 0.28312500000000074 0.00562499999999754 
0.02312500000000501 0.92499999999999 0.92499999999999 0.92499999999999 0.92499999999999 0.6706249999999859 0.0 0.0 0.0 0.0 0.0 0.0 0.0 0.0 0.0 0.7168750000000008 0.9868749999999991 1.0 1.0 0.09812499999999852 
0.0 0.0 0.0 0.0 0.0 0.0 0.0 0.0 0.0 0.0 0.0 0.0 0.0 0.0 0.0 0.0 0.82500000000001 1.0 1.0 1.0 
0.0 0.0 0.0 0.0 0.0 0.0 0.0 0.0 0.0 0.0 0.0 0.0 0.0 0.0 0.0 0.0 0.82500000000001 1.0 1.0 1.0 
0.0 0.0 0.0 0.0 0.0 0.0 0.0 0.0 0.0 0.0 0.0 0.0 0.0 0.0 0.0 0.0 0.82500000000001 1.0 1.0 1.0 
0.0 0.0 0.0 0.0 0.0 0.0 0.0 0.0 0.0 0.0 0.0 0.0 0.0 0.0 0.0 0.0 0.82500000000001 1.0 1.0 1.0 
0.3250000000000064 0.3250000000000064 0.3250000000000064 0.3250000000000064 0.25187500000000274 0.0 0.0 0.0 0.0 0.0 0.0 0.0 0.0 0.0 0.0 0.0 0.82500000000001 1.0 1.0 1.0 
0.025000000000005684 1.0 1.0 1.0 0.7749999999999932 0.0 0.0 0.0 0.0 0.0 0.0 0.0 0.0 0.0 0.0 0.13562500000000768 0.8556250000000096 1.0 1.0 1.0 
0.025000000000005684 1.0 1.0 1.0 0.7806249999999947 0.018125000000003933 0.0 0.0 0.0 0.0 0.0 0.0 0.0 0.0 0.018125000000004336 0.7806250000000103 1.0 1.0 1.0 0.02499999999998792 
0.0031250000000006216 0.19062500000000193 1.0 1.0 1.0 0.9656250000000001 0.5906249999999961 0.0 0.0 0.0 0.0 0.0 0.0 0.5906250000000108 0.9656250000000021 1.0 1.0 1.0 0.19062499999998678 0.003124999999998401 
0.0 0.0 0.03437500000000064 0.40187499999999765 1.0 1.0 1.0 1.0 1.0 1.0 1.0 1.0 1.0 1.0 1.0 1.0 1.0 0.3656249999999848 0.020624999999996233 0.0 
0.0 0.0 0.0 0.0 0.09562500000000224 0.42499999999999716 0.6118750000000023 1.0 1.0 1.0 1.0 1.0 1.0 0.6118749999999926 0.42499999999999716 0.09562499999999544 0.0 0.0 0.0 0.0 
