0.21999999999999054 1.0 1.0 1.0 1.0 1.0 1.0 1.0 1.0 1.0 1.0 1.0 1.0 1.0 1.0 1.0 1.0 1.0 1.0 0.024999999999995026 
1.0 1.0 1.0 1.0 1.0 1.0 1.0 1.0 1.0 1.0 1.0 1.0 1.0 1.0 1.0 1.0 1.0 1.0 1.0 0.024999999999995026 
1.0 1.0 1.0 1.0 1.0 1.0 1.0 1.0 1.0 1.0 1.0 1.0 1.0 1.0 1.0 1.0 1.0 1.0 1.0 0.024999999999995026 
0.0 0.0 0.0 0.0 0.0 0.0 0.0 0.0 0.0 0.0 0.0 0.0 0.625 1.0 1.0 1.0 1.0 1.0 0.07499999999999574 0.0 
0.0 0.0 0.0 0.0 0.0 0.0 0.0 0.0 0.0 0.0 0.0 0.45999999999999625 0.9249999999999979 1.0 1.0 1.0 1.0 0.300000000000002 0.01499999999999956 0.0 
0.0 0.0 0.0 0.0 0.0 0.0 0.0 0.0 0.0 0.0 0.5250000000000021 1.0 1.0 1.0 1.0 0.8450000000000035 0.13999999999999863 0.0 0.0 0.0 
0.0 0.0 0.0 0.0 0.0 0.0 0.0 0.0 0.0 0.284999999999999 0.8099999999999989 1.0 1.0 1.0 1.0 0.22499999999999787 0.0 0.0 0.0 0.0 
0.0 0.0 0.0 0.0 0.0 0.0 0.0 0.0 0.4249999999999992 0.9999999999999981 1.0 1.0 1.0 1.0 1.0 0.22499999999999787 0.0 0.0 0.0 0.0 
0.0 0.0 0.0 0.0 0.0 0.0 0.0 0.14999999999999844 0.6549999999999986 1.0 1.0 1.0 1.0 0.7300000000000019 0.16500000000000004 0.0 0.0 0.0 0.0 0.0 
0.0 0.0 0.0 0.0 0.0 0.0 0.0 0.3749999999999991 1.0 1.0 1.0 1.0 1.0 0.3249999999999993 0.0 0.0 0.0 0.0 0.0 0.0 
0.0 0.0 0.0 0.0 0.0 0.0 0.3249999999999993 1.0 1.0 1.0 1.0 1.0 0.375 0.0 0.0 0.0 0.0 0.0 0.0 0.0 
0.0 0.0 0.0 0.0 0.0 0.1649999999999991 0.7299999999999983 1.0 1.0 1.0 1.0 0.6550000000000016 0.1500000000000008 0.0 0.0 0.0 0.0 0.0 0.0 0.0 
0.0 0.0 0.0 0.0 0.22499999999999876 1.0 1.0 1.0 1.0 1.0 0.47499999999999787 0.0 0.0 0.0 0.0 0.0 0.0 0.0 0.0 0.0 
0.0 0.0 0.0 0.1749999999999985 1.0 1.0 1.0 1.0 1.0 0.81 0.2849999999999994 0.0 0.0 0.0 0.0 0.0 0.0 0.0 0.0 0.0 
0.019999999999998172 0.7400000000000023 0.09999999999999867 0.8350000000000003 1.0 1.0 1.0 1.0 1.0 0.5249999999999986 0.0 0.0 0.0 0.0 0.0 0.0 0.0 0.0 0.0 0.0 
0.21999999999999748 1.0 1.0 1.0 1.0 1.0 1.0 1.0 0.5749999999999993 0.0 0.0 0.0 0.0 0.0 0.0 0.0 0.0 0.0 0.0 0.0 
1.0 1.0 1.0 1.0 1.0 1.0 1.0 0.775 0.2299999999999989 0.0 0.0 0.0 0.0 0.0 0.0 0.0 0.0 0.0 0.0 0.0 
0.9999999999999966 1.0 1.0 1.0 1.0 1.0 1.0 1.0 1.0 1.0 1.0 1.0 1.0 1.0 1.0 0.22500000000000062 3.552713678800501e-15 3.552713678800501e-15 3.552713678800501e-15 8.881784196999485e-17 
0.014999999999998561 0.6299999999999972 1.0 1.0 1.0 1.0 1.0 1.0 1.0 1.0 1.0 1.0 1.0 1.0 1.0 1.0 1.0 1.0 1.0 0.4149999999999991 
0.0 0.01499999999999927 0.19999999999999574 0.19999999999999574 0.19999999999999574 0.19999999999999574 0.19999999999999574 0.19999999999999574 0.19999999999999574 0.19999999999999574 0.19999999999999574 0.6599999999999977 1.0 1.0 1.0 1.0 1.0 1.0 1.0 1.0 
