0.0 0.0 0.0 0.0 0.10000000000000053 0.9000000000000012 1.0 1.0 0.7599999999999989 0.28000000000000513 0.9200000000000034 1.0 1.0 0.6999999999999957 0.0 0.0 0.0 0.0 0.0 0.0 
0.5400000000000016 0.6000000000000028 0.6000000000000028 0.6000000000000028 0.6400000000000027 0.9600000000000009 1.0 1.0 1.0 1.0 1.0 1.0 1.0 0.8799999999999991 0.6000000000000028 0.6000000000000028 0.6000000000000028 0.6000000000000028 0.41999999999999726 0.0 
0.8999999999999961 0.9999999999999973 0.9999999999999973 0.9999999999999973 0.9999999999999973 0.9999999999999973 0.9999999999999973 0.9999999999999973 0.9999999999999973 0.9999999999999973 0.9999999999999973 0.9999999999999973 0.9999999999999973 0.9999999999999981 1.0 1.0 1.0 1.0 0.6999999999999922 0.0 
0.0 0.0 0.0 0.0 0.0 0.0 0.0 0.0 0.0 0.0 0.0 0.0 0.0 0.1800000000000019 0.6400000000000001 0.9600000000000021 1.0 1.0 0.6999999999999922 0.0 
0.0 0.0 0.0 0.0 0.0 0.0 0.0 0.0 0.0 0.0 0.0 0.0 0.0 0.24000000000000415 0.8200000000000033 0.9800000000000014 1.0 0.5999999999999931 0.13999999999999668 0.0 
0.0 0.0 0.0 0.0 0.0 0.0 0.0 0.0 0.0 0.0 0.0 0.0 0.10000000000000213 0.4400000000000054 1.0 1.0 0.8599999999999968 0.3999999999999929 0.0 0.0 
0.0 0.0 0.0 0.0 0.0 0.0 0.0 0.0 0.0 0.0 0.0 0.0 0.5000000000000036 1.0 1.0 1.0 0.2999999999999936 0.0 0.0 0.0 
0.0 0.0 0.0 0.0 0.0 0.0 0.0 0.0 0.0 0.0 0.0 0.7000000000000046 1.0 0.9999999999999994 0.8999999999999935 0.09999999999999414 0.0 0.0 0.0 0.0 
0.0 0.0 0.0 0.0 0.0 0.0 0.0 0.0 0.0 0.04000000000000149 0.3600000000000035 0.8200000000000034 1.0 0.6999999999999957 0.0 0.0 0.0 0.0 0.0 0.0 
0.0 0.0 0.0 0.0 0.0 0.0 0.0 0.0 0.0 0.1000000000000032 0.9000000000000039 1.0 0.5999999999999959 0.1399999999999974 0.0 0.0 0.0 0.0 0.0 0.0 
0.0 0.0 0.0 0.0 0.0 0.0 0.0 0.10000000000000178 0.44000000000000394 1.0 1.0 0.8599999999999971 0.39999999999999575 0.0 0.0 0.0 0.0 0.0 0.0 0.0 
0.0 0.0 0.0 0.0 0.0 0.0 0.0 0.5000000000000018 1.0 1.0 1.0 0.2999999999999954 0.0 0.0 0.0 0.0 0.0 0.0 0.0 0.0 
0.0 0.0 0.0 0.0 0.0 0.0 0.7000000000000011 1.0 1.0 0.8999999999999968 0.09999999999999609 0.0 0.0 0.0 0.0 0.0 0.0 0.0 0.0 0.0 
0.0 0.0 0.0 0.0 0.040000000000000424 0.36000000000000243 0.8200000000000013 1.0 0.8799999999999983 0.5399999999999961 0.059999999999997444 0.0 0.0 0.0 0.0 0.0 0.0 0.0 0.0 0.0 
0.0 0.0 0.0 0.0 0.10000000000000053 0.9000000000000012 1.0 0.5999999999999982 0.13999999999999901 0.0 0.0 0.0 0.0 0.0 0.0 0.0 0.0 0.0 0.0 0.0 
0.0 0.0 0.0 0.2999999999999998 1.0 1.0 0.8599999999999978 0.39999999999999714 0.0 0.0 0.0 0.0 0.0 0.0 0.0 0.0 0.0 0.0 0.0 0.0 
0.0 0.0 0.30000000000000043 0.7200000000000009 1.0 1.0 0.29999999999999893 0.0 0.0 0.0 0.0 0.0 0.0 0.0 0.0 0.0 0.0 0.0 0.0 0.0 
0.0 0.6999999999999991 1.0 1.0 0.8999999999999995 0.09999999999999876 0.0 0.0 0.0 0.0 0.0 0.0 0.0 0.0 0.0 0.0 0.0 0.0 0.0 0.0 
0.0 0.6999999999999991 1.0 1.0 0.94 0.4600000000000012 0.12000000000000022 0.0 0.0 0.0 0.0 0.0 0.0 0.0 0.0 0.0 0.0 0.0 0.0 0.0 
0.0 0.6999999999999991 1.0 1.0 1.0 1.0 0.8600000000000003 0.8000000000000007 0.8000000000000007 0.8000000000000007 0.8000000000000007 0.8000000000000007 0.8000000000000007 0.8000000000000007 0.8000000000000007 0.8000000000000007 0.8000000000000007 0.8000000000000007 0.8000000000000007 0.7199999999999939 
