0.9000000000000021 1.0 0.5874999999999986 0.12250000000000007 0.0 0.0 0.0 0.0 0.0 0.0 0.0 0.0 0.0 0.0 0.0 0.0 0.122500000000001 0.1750000000000007 0.1750000000000007 0.15750000000000008 
0.9000000000000021 1.0 1.0 0.6999999999999975 0.0 0.0 0.0 0.0 0.0 0.0 0.0 0.0 0.0 0.0 0.0 0.0 0.7000000000000028 1.0 1.0 0.8999999999999968 
0.9000000000000021 1.0 1.0 0.6999999999999975 0.0 0.0 0.0 0.0 0.0 0.0 0.0 0.0 0.0 0.0 0.08750000000000294 0.7875000000000031 0.9625000000000008 1.0 0.7374999999999974 0.1124999999999984 
0.0 0.7000000000000022 1.0 0.7674999999999985 0.20250000000000076 0.022499999999999663 0.0 0.0 0.0 0.0 0.0 0.0 0.0 0.0 0.1000000000000032 0.9000000000000021 1.0 1.0 0.6999999999999975 0.0 
0.0 0.7000000000000022 1.0 1.0 0.8999999999999977 0.09999999999999787 0.0 0.0 0.0 0.0 0.0 0.0 0.0 0.0 0.1000000000000032 0.9000000000000021 1.0 1.0 0.6999999999999975 0.0 
0.0 0.7000000000000022 1.0 1.0 0.8999999999999977 0.09999999999999787 0.0 0.0 0.0 0.0 0.0 0.0 0.0 0.0 0.1000000000000032 0.9000000000000021 1.0 1.0 0.6999999999999975 0.0 
0.0 0.0 0.5000000000000022 1.0 1.0 1.0 0.29999999999999716 0.0 0.0 0.0 0.0 0.0 0.0 0.08250000000000132 0.34750000000000425 0.9275000000000018 1.0 0.49999999999999645 0.0 0.0 
0.0 0.0 0.5000000000000022 1.0 1.0 1.0 0.29999999999999716 0.0 0.0 0.0 0.0 0.0 0.0 0.3000000000000025 1.0 1.0 1.0 0.49999999999999645 0.0 0.0 
0.0 0.0 0.012499999999998457 0.31750000000000017 1.0 1.0 0.29999999999999716 0.0 0.0 0.0 0.0 0.0 0.0 0.3000000000000025 1.0 1.0 1.0 0.49999999999999645 0.0 0.0 
0.0 0.0 0.0 0.3000000000000025 1.0 1.0 1.0 0.49999999999999734 0.0 0.0 0.0 0.0 0.0 0.3000000000000025 1.0 1.0 0.7724999999999971 0.3374999999999962 0.0 0.0 
0.0 0.0 0.0 0.09749999999999953 0.39249999999999774 0.932500000000001 1.0 0.49999999999999734 0.0 0.0 0.0 0.0 0.3375000000000045 0.7725000000000037 1.0 1.0 0.29999999999999716 0.0 0.0 0.0 
0.0 0.0 0.0 0.0 0.10000000000000231 0.9000000000000021 1.0 1.0 0.6999999999999975 0.0 0.0 0.0 0.5000000000000036 1.0 1.0 1.0 0.29999999999999716 0.0 0.0 0.0 
0.0 0.0 0.0 0.0 0.10000000000000231 0.9000000000000021 1.0 1.0 0.6999999999999975 0.0 0.0 0.0 0.5000000000000036 1.0 0.9624999999999985 0.662499999999996 0.18749999999999717 0.0 0.0 0.0 
0.0 0.0 0.0 0.0 0.02750000000000014 0.2474999999999961 0.7825000000000005 1.0 0.9175000000000009 0.6525000000000029 0.07249999999999895 0.5075000000000055 0.8625000000000035 1.0 0.8999999999999968 0.09999999999999787 0.0 0.0 0.0 0.0 
0.0 0.0 0.0 0.0 0.0 0.0 0.7000000000000028 1.0 1.0 1.0 1.0 1.0 1.0 1.0 0.8999999999999968 0.09999999999999787 0.0 0.0 0.0 0.0 
0.0 0.0 0.0 0.0 0.0 0.0 0.40249999999999864 0.787499999999999 1.0 1.0 1.0 1.0 1.0 1.0 0.8999999999999968 0.09999999999999787 0.0 0.0 0.0 0.0 
0.0 0.0 0.0 0.0 0.0 0.0 0.0 0.5000000000000027 1.0 1.0 1.0 1.0 1.0 1.0 0.8999999999999968 0.09999999999999787 0.0 0.0 0.0 0.0 
0.0 0.0 0.0 0.0 0.0 0.0 0.0 0.5000000000000027 1.0 1.0 1.0 1.0 1.0 0.6999999999999975 0.0 0.0 0.0 0.0 0.0 0.0 
0.0 0.0 0.0 0.0 0.0 0.0 0.0 0.2624999999999989 0.6674999999999978 1.0 1.0 1.0 1.0 0.6999999999999975 0.0 0.0 0.0 0.0 0.0 0.0 
0.0 0.0 0.0 0.0 0.0 0.0 0.0 0.0 0.05249999999999852 0.2574999999999962 0.9175000000000011 1.0 1.0 0.6999999999999975 0.0 0.0 0.0 0.0 0.0 0.0 
