0.9249999999999989 1.0 1.0 1.0 1.0 1.0 1.0 1.0 1.0 1.0 1.0 1.0 1.0 1.0 1.0 1.0 1.0 1.0 1.0 0.92499999999999 
0.4393749999999986 0.474999999999999 0.474999999999999 0.474999999999999 0.474999999999999 0.474999999999999 0.474999999999999 0.474999999999999 0.474999999999999 0.474999999999999 0.474999999999999 0.474999999999999 0.474999999999999 0.474999999999999 0.9081250000000032 1.0 1.0 1.0 1.0 0.92499999999999 
0.0 0.0 0.0 0.0 0.0 0.0 0.0 0.0 0.0 0.0 0.0 0.0 0.0 0.0 0.8250000000000064 1.0 1.0 1.0 0.8031249999999922 0.11562499999999752 
0.0 0.0 0.0 0.0 0.0 0.0 0.0 0.0 0.0 0.0 0.0 0.0 0.0 0.0 0.8250000000000064 1.0 1.0 0.9156249999999975 0.6006249999999923 0.0 
0.0 0.0 0.0 0.0 0.0 0.0 0.0 0.0 0.0 0.0 0.0 0.0 0.0 0.0 0.8250000000000064 1.0 1.0 0.6249999999999911 0.0 0.0 
0.0 0.0 0.0 0.0 0.0 0.0 0.0 0.0 0.0 0.0 0.0 0.0 0.11562500000000524 0.9018750000000086 0.986875000000001 1.0 0.5143749999999918 0.04687499999999778 0.0 0.0 
0.0 0.0 0.0 0.0 0.0 0.0 0.0 0.0 0.0 0.0 0.0 0.07562500000000166 0.36562500000000575 0.9818750000000049 1.0 0.814374999999997 0.3443749999999936 0.0 0.0 0.0 
0.0 0.0 0.0 0.0 0.0 0.0 0.0 0.0 0.0 0.0 0.0 0.2750000000000039 1.0 1.0 1.0 0.32499999999999396 0.0 0.0 0.0 0.0 
0.0 0.0 0.0 0.0 0.0 0.0 0.0 0.0 0.0 0.0 0.4143750000000055 0.9818750000000024 1.0 1.0 0.19562499999999114 0.00812499999999881 0.0 0.0 0.0 0.0 
0.0 0.0 0.0 0.0 0.0 0.0 0.0 0.0 0.0 0.18687500000000284 0.6118750000000045 1.0 0.9593749999999979 0.683124999999995 0.11812499999999519 0.0 0.0 0.0 0.0 0.0 
0.0 0.0 0.0 0.0 0.0 0.0 0.0 0.0 0.0 0.5750000000000037 1.0 1.0 0.8749999999999947 0.02499999999999325 0.0 0.0 0.0 0.0 0.0 0.0 
0.0 0.0 0.0 0.0 0.0 0.0 0.0 0.0 0.7250000000000032 1.0 1.0 0.7249999999999961 0.0 0.0 0.0 0.0 0.0 0.0 0.0 0.0 
0.0 0.0 0.0 0.0 0.0 0.0 0.009375000000000888 0.3281250000000041 0.828125000000003 1.0 0.8406249999999968 0.453124999999995 0.0 0.0 0.0 0.0 0.0 0.0 0.0 0.0 
0.0 0.0 0.0 0.0 0.0 0.0 0.02500000000000213 0.8750000000000027 1.0 1.0 0.5749999999999957 0.0 0.0 0.0 0.0 0.0 0.0 0.0 0.0 0.0 
0.0 0.0 0.0 0.0 0.0 0.1750000000000016 1.0 1.0 1.0 0.42499999999999627 0.0 0.0 0.0 0.0 0.0 0.0 0.0 0.0 0.0 0.0 
0.0 0.0 0.0 0.0 0.13812500000000183 0.5256250000000044 1.0 1.0 0.6918749999999956 0.24437499999999604 0.0 0.0 0.0 0.0 0.0 0.0 0.0 0.0 0.0 0.0 
0.0 0.0 0.0 0.0 0.32500000000000107 1.0 1.0 1.0 0.2749999999999968 0.0 0.0 0.0 0.0 0.0 0.0 0.0 0.0 0.0 0.0 0.0 
0.0 0.0 0.0 0.47500000000000053 1.0 1.0 0.9749999999999979 0.12499999999999734 0.0 0.0 0.0 0.0 0.0 0.0 0.0 0.0 0.0 0.0 0.0 0.0 
0.0 0.0 0.2968750000000031 0.7243750000000029 1.0 0.9168749999999983 0.5118749999999941 0.06562499999999798 0.0 0.0 0.0 0.0 0.0 0.0 0.0 0.0 0.0 0.0 0.0 0.0 
0.0 0.0 0.625 1.0 0.7318749999999971 0.14437499999999445 0.0 0.0 0.0 0.0 0.0 0.0 0.0 0.0 0.0 0.0 0.0 0.0 0.0 0.0 
