0.18000000000000227 0.7600000000000001 0.6000000000000018 0.44000000000000183 1.0 1.0 1.0 1.0 1.0 1.0 1.0 1.0 1.0 1.0 1.0 1.0 1.0 1.0 1.0 0.8999999999999915 
0.8999999999999986 1.0 1.0 1.0 1.0 1.0 0.5799999999999974 0.6999999999999997 1.0 1.0 1.0 1.0 1.0 1.0 1.0 1.0 1.0 1.0 0.8199999999999945 0.3599999999999941 
0.8999999999999986 1.0 1.0 0.9999999999999992 0.899999999999997 0.09999999999999849 0.0 0.0 0.0 0.0 0.0 0.0 0.0 0.0 0.0 0.0 0.0 0.0 0.0 0.0 
0.8999999999999986 1.0 1.0 0.7000000000000002 0.0 0.0 0.0 0.0 0.0 0.0 0.0 0.0 0.0 0.0 0.0 0.0 0.0 0.0 0.0 0.0 
0.8999999999999986 1.0 1.0 0.7000000000000002 0.0 0.0 0.0 0.0 0.0 0.0 0.0 0.0 0.0 0.0 0.0 0.0 0.0 0.0 0.0 0.0 
0.8999999999999986 1.0 1.0 0.7000000000000002 0.0 0.0 0.0 0.0 0.0 0.0 0.0 0.0 0.0 0.0 0.0 0.0 0.0 0.0 0.0 0.0 
0.35999999999999815 0.819999999999999 1.0 0.8800000000000006 0.5400000000000009 0.059999999999999394 0.0 0.0 0.0 0.0 0.0 0.0 0.0 0.0 0.0 0.0 0.0 0.0 0.0 0.0 
0.8999999999999986 1.0 1.0 1.0 1.0 1.0 1.0 0.9999999999999991 0.9999999999999982 0.9999999999999982 0.9999999999999982 0.9999999999999982 0.9999999999999991 1.0 1.0 1.0 0.2999999999999948 8.881784197001126e-16 0.0 0.0 
0.5399999999999973 0.879999999999999 1.0 1.0 0.9599999999999995 0.6399999999999976 0.5999999999999979 0.2999999999999979 0.0 0.0 0.0 0.0 0.30000000000000104 0.7200000000000002 1.0 1.0 1.0 0.6999999999999968 0.27999999999999836 0.0 
0.0 0.6999999999999991 0.5999999999999991 0.1999999999999975 0.17999999999999766 0.019999999999999504 0.0 0.0 0.0 0.0 0.0 0.0 0.0 0.06000000000000011 0.28000000000000175 0.9200000000000043 1.0 1.0 0.6999999999999922 0.0 
0.0 0.0 0.0 0.0 0.0 0.0 0.0 0.0 0.0 0.0 0.0 0.0 0.0 0.0 0.0 0.0 0.7000000000000064 1.0 1.0 0.8999999999999915 
0.0 0.0 0.0 0.0 0.0 0.0 0.0 0.0 0.0 0.0 0.0 0.0 0.0 0.0 0.0 0.0 0.7000000000000064 1.0 1.0 0.8999999999999915 
0.0 0.0 0.0 0.0 0.0 0.0 0.0 0.0 0.0 0.0 0.0 0.0 0.0 0.0 0.0 0.0 0.7000000000000064 1.0 1.0 0.8999999999999915 
0.0 0.0 0.0 0.0 0.0 0.0 0.0 0.0 0.0 0.0 0.0 0.0 0.0 0.0 0.0 0.0 0.7000000000000064 1.0 1.0 0.8999999999999915 
0.0 0.0 0.0 0.0 0.0 0.0 0.0 0.0 0.0 0.0 0.0 0.0 0.0 0.0 0.0 0.0 0.7000000000000064 1.0 1.0 0.8999999999999915 
0.8999999999999986 1.0 1.0 0.7000000000000002 0.0 0.0 0.0 0.0 0.0 0.0 0.0 0.0 0.0 0.0 0.0 0.0 0.7000000000000064 1.0 0.9399999999999976 0.7199999999999906 
0.8999999999999986 1.0 1.0 0.7000000000000002 0.0 0.0 0.0 0.0 0.0 0.0 0.0 0.0 0.0 0.0 0.0 0.0 0.7000000000000064 1.0 0.6999999999999922 0.0 
0.0 0.6999999999999991 1.0 1.0 0.8999999999999995 0.09999999999999876 0.0 0.0 0.0 0.0 0.0 0.0 0.0 0.0 0.10000000000000497 0.9000000000000057 1.0 1.0 0.6999999999999922 0.0 
0.0 0.41999999999999793 0.5999999999999979 0.7199999999999984 1.0 1.0 0.5800000000000008 0.40000000000000213 0.40000000000000213 0.40000000000000213 0.40000000000000213 0.40000000000000213 0.40000000000000213 0.5800000000000041 1.0 1.0 0.719999999999996 0.29999999999999466 0.0 0.0 
0.0 0.0 0.0 0.05999999999999975 0.2799999999999998 0.9200000000000009 1.0 1.0 1.0 1.0 1.0 1.0 1.0 0.7599999999999963 0.1999999999999993 0.1999999999999993 0.059999999999998506 0.0 0.0 0.0 
