0.0 0.0 0.0 0.0 0.02249999999999981 0.20249999999999807 0.7674999999999995 1.0 1.0 1.0 1.0 1.0 0.6124999999999989 0.22499999999999787 0.20249999999999815 0.022500000000000107 0.0 0.0 0.0 0.0 
0.0 0.0 0.3374999999999993 0.6749999999999983 0.7074999999999985 0.9674999999999998 1.0 1.0 1.0 1.0 1.0 1.0 1.0 1.0 0.9674999999999999 0.7074999999999989 0.20249999999999996 0.0 0.0 0.0 
0.11249999999999885 0.7374999999999998 1.0 1.0 1.0 1.0 1.0 0.9375000000000007 0.8750000000000013 0.8750000000000013 0.8750000000000013 0.9625000000000004 1.0 1.0 1.0 1.0 1.0 0.5624999999999993 0.0874999999999992 0.0 
0.9000000000000004 1.0 1.0 1.0 1.0 1.0 0.5975000000000004 0.21250000000000036 0.0 0.0 0.0 0.2975000000000002 0.4250000000000007 0.5974999999999999 1.0 1.0 1.0 1.0 0.7000000000000011 0.0 
0.9000000000000004 1.0 1.0 1.0 0.8999999999999999 0.10000000000000009 0.0 0.0 0.0 0.0 0.0 0.0 0.0 0.2924999999999991 0.9775000000000005 0.9975 1.0 1.0 1.0 0.9000000000000004 
0.9000000000000004 1.0 1.0 1.0 0.8999999999999999 0.10000000000000009 0.0 0.0 0.0 0.0 0.0 0.0 0.0 0.0 0.09999999999999964 0.8999999999999986 1.0 1.0 1.0 0.9000000000000004 
0.9000000000000004 1.0 1.0 1.0 0.8999999999999999 0.10000000000000009 0.0 0.0 0.0 0.0 0.0 0.0 0.0 0.27749999999999925 0.9325000000000007 0.9924999999999999 1.0 1.0 1.0 0.9000000000000004 
0.0 0.43750000000000017 0.625 0.43749999999999983 0.0 0.0 0.0 0.0 0.0 0.0 0.0 0.0 0.1875 0.5624999999999993 1.0 1.0 1.0 1.0 0.7000000000000011 0.0 
0.0 0.0 0.0 0.0 0.0 0.0 0.0 0.0 0.0 0.0 0.0 0.5775000000000001 0.9125000000000005 1.0 1.0 1.0 1.0 0.5874999999999995 0.12249999999999944 0.0 
0.0 0.0 0.0 0.0 0.0 0.0 0.0 0.0 0.0 0.027500000000000115 0.24750000000000177 0.7825000000000001 1.0 1.0 1.0 1.0 0.3000000000000007 0.0 0.0 0.0 
0.0 0.0 0.0 0.0 0.0 0.0 0.0 0.0 0.2175000000000003 0.7525000000000012 0.9725 1.0 1.0 1.0 0.9275000000000001 0.34749999999999975 0.08249999999999977 0.0 0.0 0.0 
0.0 0.0 0.0 0.0 0.0 0.0 0.0 0.08750000000000213 0.4225000000000029 1.0 1.0 1.0 1.0 0.7000000000000011 0.0 0.0 0.0 0.0 0.0 0.0 
0.0 0.0 0.0 0.0 0.0 0.0 0.4375000000000026 0.8125000000000018 1.0 1.0 1.0 1.0 0.6874999999999982 0.2624999999999979 0.0 0.0 0.0 0.0 0.0 0.0 
0.0 0.0 0.0 0.0 0.007500000000000291 0.06750000000000256 0.722500000000001 1.0 1.0 1.0 1.0 0.3000000000000007 0.0 0.0 0.0 0.0 0.0 0.0 0.0 0.0 
0.0 0.0 0.0 0.15750000000000078 0.572500000000002 0.9525000000000001 1.0 1.0 1.0 0.9475 0.5274999999999983 0.1424999999999997 0.0 0.0 0.0 0.0 0.0 0.0 0.0 0.0 
0.0 0.0 0.0 0.30000000000000027 1.0 1.0 1.0 1.0 0.7074999999999987 0.022499999999995534 0.002499999999999516 0.0 0.0 0.0 0.0 0.0 0.0 0.0 0.0 0.0 
0.0 0.2975000000000031 0.7125000000000022 1.0 1.0 1.0 1.0 1.0 0.7000000000000002 0.0 0.0 0.0 0.0 0.0 0.0 0.0 0.0 0.0 0.0 0.0 
0.0 0.7000000000000003 1.0 1.0 1.0 1.0 1.0 1.0 0.9625000000000011 0.8750000000000036 0.8750000000000036 0.8750000000000036 0.8750000000000036 0.8750000000000036 0.8750000000000036 0.8750000000000036 0.8750000000000036 0.8750000000000036 0.6125000000000034 0.0 
0.9000000000000004 1.0 1.0 1.0 1.0 1.0 1.0 1.0 1.0 1.0 1.0 1.0 1.0 1.0 1.0 1.0 1.0 1.0 1.0 0.9000000000000004 
0.9000000000000004 1.0 1.0 1.0 1.0 1.0 1.0 1.0 1.0 1.0 1.0 1.0 1.0 1.0 1.0 1.0 1.0 1.0 0.7674999999999991 0.20249999999999496 
