0.0 0.0 0.0 0.0 0.0 0.0 0.031249999999999167 0.09374999999999739 0.15624999999999561 0.21874999999999384 0.3437499999999938 0.5312499999999956 0.7187499999999973 0.9062499999999991 1.0 1.0 1.0 1.0 0.875 0.625 
0.0 0.0 0.09374999999999933 0.28124999999999767 0.468749999999996 0.6562499999999943 0.7812499999999942 0.8437499999999959 0.9062499999999976 0.9687499999999992 1.0 1.0 1.0 1.0 1.0 1.0 1.0 1.0 0.875 0.625 
0.15624999999999617 0.21874999999999462 0.3437499999999947 0.5312499999999962 0.7187499999999978 0.9062499999999994 1.0 1.0 1.0 1.0 1.0 1.0 1.0 1.0 1.0 1.0 1.0 1.0 0.875 0.625 
0.6250000000000002 0.8750000000000002 1.0 1.0 1.0 1.0 1.0 1.0 1.0 1.0 1.0 1.0 1.0 1.0 1.0 1.0 1.0 1.0 0.875 0.625 
0.4687500000000035 0.6562500000000049 0.7500000000000053 0.7500000000000053 0.7500000000000053 0.7500000000000053 0.7812500000000047 0.8437500000000033 0.906250000000002 0.9687500000000007 1.0 1.0 1.0 1.0 1.0 1.0 1.0 1.0 0.875 0.625 
0.0 0.0 0.0 0.0 0.0 0.0 0.12500000000000022 0.3750000000000002 0.6250000000000002 0.8750000000000002 1.0 1.0 1.0 1.0 1.0 1.0 1.0 1.0 0.875 0.625 
0.0 0.0 0.0 0.0 0.0 0.0 0.12500000000000022 0.3750000000000002 0.6250000000000002 0.8750000000000002 1.0 1.0 1.0 1.0 1.0 1.0 1.0 1.0 0.875 0.625 
0.0 0.0 0.0 0.0 0.0 0.0 0.12500000000000022 0.3750000000000002 0.6250000000000002 0.8750000000000002 1.0 1.0 1.0 1.0 1.0 1.0 1.0 1.0 0.875 0.625 
0.0 0.0 0.0 0.0 0.0 0.0 0.12500000000000022 0.3750000000000002 0.6250000000000002 0.8750000000000002 1.0 1.0 1.0 1.0 1.0 1.0 1.0 1.0 0.875 0.625 
0.0 0.0 0.0 0.0 0.0 0.0 0.12500000000000022 0.3750000000000002 0.6250000000000002 0.8750000000000002 1.0 1.0 1.0 1.0 1.0 1.0 1.0 1.0 0.875 0.625 
0.0 0.0 0.0 0.0 0.0 0.0 0.12500000000000022 0.3750000000000002 0.6250000000000002 0.8750000000000002 1.0 1.0 1.0 1.0 1.0 1.0 1.0 1.0 0.875 0.625 
0.0 0.0 0.0 0.0 0.0 0.0 0.12500000000000022 0.3750000000000002 0.6250000000000002 0.8750000000000002 1.0 1.0 1.0 1.0 1.0 1.0 1.0 1.0 0.875 0.625 
0.0 0.0 0.0 0.0 0.0 0.0 0.12500000000000022 0.3750000000000002 0.6250000000000002 0.8750000000000002 1.0 1.0 1.0 1.0 1.0 1.0 1.0 1.0 0.875 0.625 
0.0 0.0 0.0 0.0 0.0 0.0 0.12500000000000022 0.3750000000000002 0.6250000000000002 0.8750000000000002 1.0 1.0 1.0 1.0 0.90625 0.71875 0.53125 0.34375 0.21875 0.15625 
0.0 0.0 0.0 0.0 0.0 0.0 0.12500000000000022 0.3750000000000002 0.6250000000000002 0.8750000000000002 1.0 1.0 1.0 1.0 0.875 0.625 0.375 0.125 0.0 0.0 
0.0 0.0 0.0 0.0 0.0 0.0 0.12500000000000022 0.3750000000000002 0.6250000000000002 0.8750000000000002 1.0 1.0 1.0 1.0 0.875 0.625 0.375 0.125 0.0 0.0 
0.0 0.0 0.031250000000000056 0.09375000000000006 0.15625000000000006 0.21875000000000006 0.34375000000000017 0.5312500000000002 0.7187500000000002 0.9062500000000002 1.0 1.0 1.0 1.0 0.875 0.625 0.375 0.125 0.0 0.0 
0.0 0.0 0.12500000000000022 0.3750000000000002 0.6250000000000002 0.8750000000000002 1.0 1.0 1.0 1.0 1.0 1.0 1.0 1.0 0.875 0.625 0.375 0.125 0.0 0.0 
0.0 0.0 0.12500000000000022 0.3750000000000002 0.6250000000000002 0.8750000000000002 1.0 1.0 1.0 1.0 1.0 1.0 1.0 1.0 0.875 0.625 0.375 0.125 0.0 0.0 
0.0 0.0 0.12500000000000022 0.3750000000000002 0.6250000000000002 0.8750000000000002 1.0 1.0 1.0 1.0 1.0 1.0 1.0 1.0 0.875 0.625 0.375 0.125 0.0 0.0 
