5.32907051820089e-16 0.3000000000000092 1.0 1.0 1.0 1.0 1.0 1.0 1.0 1.0 1.0 1.0 1.0 1.0 0.9999999999999962 0.3000000000000078 0.3000000000000057 0.0 0.0 0.0 
1.7763568394002505e-15 1.0 1.0 1.0 1.0 1.0 1.0 1.0 1.0 1.0 1.0 1.0 1.0 1.0 1.0 1.0 0.9999999999999993 0.900000000000001 0.0 0.0 
1.7763568394002505e-15 1.0 1.0 1.0 1.0 0.9999999999999987 0.4999999999999929 0.4999999999999929 0.4999999999999929 0.4999999999999929 0.4999999999999929 0.4999999999999929 0.49999999999999556 1.0 1.0 1.0 1.0 1.0 0.9999999999999929 0.0 
1.7763568394002505e-15 1.0 1.0 1.0 0.9999999999999973 0.0 0.0 0.0 0.0 0.0 0.0 0.0 0.0 0.0 5.329070518200751e-15 1.0 1.0 1.0 1.0 0.9999999999999929 
1.7763568394002505e-15 1.0 1.0 1.0 0.9999999999999973 0.0 0.0 0.0 0.0 0.0 0.0 0.0 0.0 0.0 5.329070518200751e-15 1.0 1.0 1.0 1.0 0.9999999999999929 
1.7763568394002505e-15 1.0 1.0 1.0 0.9999999999999973 0.0 0.0 0.0 0.0 0.0 0.0 0.0 0.0 0.0 5.329070518200751e-15 1.0 1.0 1.0 1.0 0.9999999999999929 
1.7763568394002505e-15 1.0 1.0 1.0 0.9999999999999973 0.0 0.0 0.0 0.0 0.0 0.0 0.0 0.0 0.0 5.329070518200751e-15 1.0 1.0 1.0 1.0 0.9999999999999929 
1.7763568394002505e-15 1.0 1.0 1.0 0.9999999999999973 0.0 0.0 0.0 0.0 0.0 0.0 0.0 0.0 0.0 5.329070518200751e-15 1.0 1.0 1.0 1.0 0.9999999999999929 
1.7763568394002505e-15 1.0 1.0 1.0 0.9999999999999973 0.0 0.0 0.0 0.0 0.0 0.0 0.0 0.0 0.0 5.329070518200751e-15 1.0 1.0 1.0 0.9999999999999929 0.0 
1.7763568394002505e-15 1.0 1.0 1.0 0.9999999999999973 0.0 0.0 0.0 0.0 0.0 0.0 0.0 0.0 0.0 5.329070518200751e-15 1.0 1.0 1.0 0.9999999999999929 0.0 
1.7763568394002505e-15 1.0 1.0 1.0 0.9999999999999973 0.0 0.0 0.0 0.0 0.0 0.0 0.0 0.0 0.0 5.329070518200751e-15 1.0 1.0 1.0 0.9999999999999929 0.0 
1.7763568394002505e-15 1.0 1.0 1.0 0.9999999999999973 0.0 0.0 0.0 0.0 0.0 0.0 0.0 0.0 0.0 5.329070518200751e-15 1.0 1.0 1.0 0.9999999999999929 0.0 
1.7763568394002505e-15 1.0 1.0 1.0 0.9999999999999973 0.0 0.0 0.0 0.0 0.0 0.0 0.0 0.0 0.0 5.329070518200751e-15 1.0 1.0 1.0 0.9999999999999929 0.0 
1.7763568394002505e-15 1.0 1.0 1.0 0.9999999999999973 0.0 0.0 0.0 0.0 0.0 0.0 0.0 0.0 0.0 5.329070518200751e-15 1.0 1.0 1.0 0.9999999999999929 0.0 
1.7763568394002505e-15 1.0 1.0 1.0 0.9999999999999973 0.0 0.0 0.0 0.0 0.0 0.0 0.0 0.0 0.0 5.329070518200751e-15 1.0 1.0 1.0 0.9999999999999929 0.0 
1.7763568394002505e-15 1.0 1.0 1.0 0.9999999999999973 0.0 0.0 0.0 0.0 0.0 0.0 0.0 0.0 0.0 5.329070518200751e-15 1.0 1.0 1.0 0.9999999999999929 0.0 
1.7763568394002505e-15 1.0 1.0 1.0 0.9999999999999973 0.0 0.0 0.0 0.0 0.0 0.0 0.0 0.0 4.796163466380688e-15 0.9000000000000027 1.0 1.0 1.0 0.9999999999999929 0.0 
1.7763568394002505e-15 1.0 1.0 1.0 0.9999999999999987 0.5000000000000036 0.5000000000000036 0.5000000000000036 0.5000000000000036 0.5000000000000036 0.5000000000000036 0.5000000000000036 0.5000000000000062 1.0 1.0 1.0 1.0 0.9999999999999964 0.4999999999999929 0.0 
0.10000000000000302 1.0 1.0 1.0 1.0 1.0 1.0 1.0 1.0 1.0 1.0 1.0 1.0 1.0 0.9999999999999994 0.8999999999999986 0.8999999999999921 0.0 0.0 0.0 
0.30000000000000193 1.0 1.0 1.0 0.9999999999999981 0.3000000000000007 0.3000000000000007 0.3000000000000007 0.3000000000000032 0.9999999999999976 0.3000000000000007 0.3000000000000007 0.3000000000000007 0.3000000000000007 0.2999999999999991 0.0 0.0 0.0 0.0 0.0 
