0.11562500000000009 0.028124999999999914 0.0 0.0 0.3250000000000006 1.0 1.0 1.0 1.0 1.0 1.0 1.0 1.0 1.0 1.0 1.0 1.0 1.0 0.8031250000000003 0.11562500000000009 
0.5781250000000007 0.1406249999999996 0.0 0.0 0.3250000000000006 1.0 1.0 1.0 1.0 1.0 1.0 1.0 1.0 1.0 1.0 1.0 1.0 1.0 1.0 0.9250000000000007 
0.0 0.0 0.3906250000000001 0.6249999999999996 0.746875 1.0 1.0 1.0 1.0 1.0 1.0 1.0 1.0 1.0 1.0 1.0 1.0 1.0 0.8593750000000003 0.34687500000000066 
0.0 0.0 0.6250000000000007 1.0 1.0 1.0 1.0 1.0 1.0 1.0 1.0 1.0 1.0 1.0 1.0 1.0 1.0 0.6718750000000003 0.09687500000000074 0.0 
0.8093750000000014 0.1968749999999996 0.0 0.47500000000000053 1.0 1.0 1.0 1.0 1.0 0.4249999999999998 0.0 0.0 0.0 0.0 0.0 0.0 0.0 0.0 0.0 0.0 
0.0 0.0 0.2343749999999997 0.6718749999999999 1.0 1.0 1.0 1.0 1.0 0.4249999999999998 0.0 0.0 0.0 0.0 0.0 0.0 0.0 0.0 0.0 0.0 
0.0 0.0 0.6250000000000007 1.0 1.0 1.0 1.0 1.0 1.0 0.7843749999999989 0.6249999999999982 0.6249999999999982 0.6249999999999982 0.6249999999999982 0.10937499999999903 0.0 0.0 0.0 0.0 0.0 
0.0 0.0 0.6250000000000007 1.0 1.0 1.0 1.0 1.0 1.0 1.0 1.0 1.0 1.0 1.0 0.8968749999999984 0.8749999999999982 0.41562499999999886 0.0 0.0 0.0 
0.0 0.7750000000000007 1.0 1.0 1.0 1.0 1.0 1.0 1.0 1.0 1.0 1.0 1.0 1.0 1.0 1.0 0.5406249999999988 0.07812499999999889 0.0 0.0 
0.0 0.7750000000000007 1.0 1.0 1.0 1.0 1.0 1.0 0.7281250000000011 0.6250000000000018 0.7843750000000013 1.0 1.0 1.0 1.0 1.0 1.0 0.625 0.0 0.0 
0.5781249999999988 0.9156249999999999 1.0 1.0 1.0 1.0 0.9843749999999998 0.453125000000001 0.10312500000000029 0.0 0.4250000000000007 1.0 1.0 1.0 1.0 1.0 1.0 0.8593749999999993 0.48437499999999883 0.0 
0.11562500000000173 0.803125000000001 1.0 1.0 1.0 0.8468749999999997 0.12187500000000169 0.01562500000000011 0.0 0.0 0.053125000000000845 0.12500000000000178 0.23437500000000155 0.9781249999999997 1.0 1.0 1.0 1.0 0.7750000000000004 0.0 
0.0 0.0 0.0 0.0 0.0 0.0 0.0 0.0 0.0 0.0 0.0 0.0 0.125 0.9749999999999996 1.0 1.0 1.0 0.9531250000000013 0.6781250000000031 0.0 
0.0 0.0 0.0 0.0 0.0 0.0 0.0 0.0 0.0 0.0 0.0 0.10312499999999916 0.4531249999999969 0.9843749999999997 1.0 1.0 1.0 0.625 0.0 0.0 
0.5781249999999971 0.6249999999999964 0.6249999999999964 0.6249999999999964 0.4218749999999972 0.0 0.0 0.0 0.0 0.0 0.0 0.27500000000000036 1.0 1.0 1.0 1.0 1.0 0.625 0.0 0.0 
0.9250000000000007 1.0 1.0 1.0 0.6749999999999994 0.0 0.0 0.0 0.0 0.0 0.0 0.27500000000000036 1.0 1.0 1.0 1.0 0.5406250000000016 0.07812500000000222 0.0 0.0 
0.9250000000000007 1.0 1.0 1.0 1.0 0.8468749999999987 0.12499999999999645 0.12499999999999645 0.12499999999999645 0.12499999999999645 0.49687499999999857 1.0 1.0 1.0 1.0 0.9156250000000024 0.41562500000000135 0.0 0.0 0.0 
0.9250000000000007 1.0 1.0 1.0 1.0 1.0 1.0 1.0 1.0 1.0 1.0 1.0 1.0 1.0 0.6906250000000025 0.20312500000000072 0.0 0.0 0.0 0.0 
0.34687500000000354 0.8593750000000012 1.0 1.0 1.0 1.0 1.0 1.0 1.0 1.0 1.0 1.0 0.9218750000000004 0.39062500000000366 0.06562500000000022 0.0 0.0 0.0 0.0 0.0 
0.0 0.09687500000000283 0.12500000000000355 0.5406250000000024 1.0 1.0 1.0 1.0 1.0 1.0 0.6281250000000009 0.12500000000000355 0.10937500000000311 0.0031250000000001333 0.0 0.0 0.0 0.0 0.0 0.0 
