0.0 0.0 0.9999999999999973 1.0 1.0 1.0 1.0 1.0 1.0 1.0 1.0 1.0 1.0 1.0 1.0 1.0 1.0 1.0 1.0 1.0 
0.0 0.0 0.8749999999999946 0.8749999999999969 0.8749999999999969 0.9999999999999997 1.0 1.0 1.0 1.0 1.0 1.0 1.0 1.0 1.0 1.0 1.0 1.0 1.0 1.0 
0.0 0.0 0.0 0.0 0.0 0.124999999999997 0.12499999999999734 0.12499999999999734 0.12499999999999734 0.12499999999999734 0.12499999999999734 0.12499999999999734 0.12499999999999734 0.12499999999999734 0.12499999999999734 0.9999999999999969 1.0 1.0 1.0 0.12500000000000044 
0.0 0.0 0.0 0.0 0.0 0.0 0.0 0.0 0.0 0.0 0.0 0.0 0.0 0.0 0.6249999999999996 0.9999999999999987 1.0 1.0 0.37500000000000044 1.3322676295501815e-15 
0.0 0.0 0.0 0.0 0.0 0.0 0.0 0.0 0.0 0.0 0.0 0.0 0.0 0.37500000000000044 0.9999999999999978 1.0 1.0 0.6249999999999996 2.2204460492503068e-15 0.0 
0.0 0.0 0.0 0.0 0.0 0.0 0.0 0.0 0.0 0.0 0.0 0.0 0.9999999999999964 1.0 1.0 1.0 0.8749999999999987 3.108624468950432e-15 0.0 0.0 
0.0 0.0 0.0 0.0 0.0 0.0 0.0 0.0 0.0 0.0 0.0 0.8749999999999969 0.9999999999999996 1.0 1.0 1.0 3.552713678800501e-15 0.0 0.0 0.0 
0.0 0.0 0.0 0.0 0.0 0.0 0.0 0.0 0.0 0.0 0.6249999999999978 0.9999999999999987 1.0 1.0 0.3750000000000022 1.3322676295501878e-15 0.0 0.0 0.0 0.0 
0.0 0.0 0.0 0.0 0.0 0.0 0.0 0.0 0.0 0.9999999999999964 1.0 1.0 1.0 0.6250000000000013 2.220446049250313e-15 0.0 0.0 0.0 0.0 0.0 
0.0 0.0 0.0 0.0 0.0 0.0 0.0 0.0 0.9999999999999973 1.0 1.0 1.0 0.8750000000000004 3.1086244689504383e-15 0.0 0.0 0.0 0.0 0.0 0.0 
0.0 0.0 0.0 0.0 0.0 0.0 0.0 0.8749999999999977 0.9999999999999997 1.0 1.0 0.1250000000000031 4.440892098500626e-16 0.0 0.0 0.0 0.0 0.0 0.0 0.0 
0.0 0.0 0.0 0.0 0.0 0.0 0.6249999999999983 0.999999999999999 1.0 1.0 0.3750000000000022 1.3322676295501878e-15 0.0 0.0 0.0 0.0 0.0 0.0 0.0 0.0 
0.0 0.0 0.0 0.0 0.0 0.37499999999999545 0.9999999999999983 1.0 1.0 0.6250000000000049 2.2204460492503257e-15 0.0 0.0 0.0 0.0 0.0 0.0 0.0 0.0 0.0 
0.0 0.0 0.0 0.0 0.9999999999999973 1.0 1.0 1.0 2.6645352591003757e-15 0.0 0.0 0.0 0.0 0.0 0.0 0.0 0.0 0.0 0.0 0.0 
0.0 0.0 0.0 0.8749999999999941 0.9999999999999997 1.0 1.0 0.12500000000000588 3.3306690738755643e-16 0.0 0.0 0.0 0.0 0.0 0.0 0.0 0.0 0.0 0.0 0.0 
0.0 0.0 0.6249999999999948 0.999999999999999 1.0 1.0 0.3750000000000052 9.992007221626504e-16 0.0 0.0 0.0 0.0 0.0 0.0 0.0 0.0 0.0 0.0 0.0 0.0 
0.0 0.9999999999999973 1.0 1.0 1.0 0.6250000000000046 1.6653345369377443e-15 0.0 0.0 0.0 0.0 0.0 0.0 0.0 0.0 0.0 0.0 0.0 0.0 0.0 
0.9999999999999973 1.0 1.0 1.0 1.0 1.0 0.12499999999999878 0.12499999999999645 0.12499999999999645 0.12499999999999645 0.12499999999999645 0.12499999999999645 0.12499999999999645 0.12499999999999645 0.12499999999999645 0.12499999999999645 0.12499999999999645 4.4408920985005e-16 0.0 0.0 
0.9999999999999973 1.0 1.0 1.0 1.0 1.0 1.0 1.0 1.0 1.0 1.0 1.0 1.0 1.0 1.0 1.0 1.0 3.552713678800501e-15 0.0 0.0 
0.9999999999999973 0.37500000000000167 0.9999999999999983 1.0 1.0 1.0 0.37500000000000167 0.375 0.375 0.375 0.375 0.375 0.375 0.375 0.375 0.375 0.375 1.3322676295501878e-15 0.0 0.0 
