0.0 0.0 0.0 0.0 0.0 0.0 0.0 0.08749999999999894 0.4474999999999947 1.0 1.0 1.0 1.0 1.0 1.0 0.7074999999999917 0.34999999999999076 0.2624999999999906 0.0 0.0 
0.0 0.0 0.0 0.0 0.0 0.022499999999996464 0.38249999999999773 1.0 1.0 1.0 1.0 1.0 1.0 1.0 1.0 1.0 1.0 1.0 0.8499999999999943 0.0 
0.0 0.0 0.0 0.0 0.41249999999999803 0.8624999999999966 1.0 1.0 0.8874999999999982 0.25000000000000755 0.25000000000000755 0.25000000000000755 0.25000000000000755 0.25000000000000755 0.25000000000000755 0.587500000000009 1.0 1.0 0.9624999999999975 0.7124999999999869 
0.0 0.0 0.0 0.6500000000000026 1.0 1.0 0.8425000000000009 0.41250000000000325 0.0 0.0 0.0 0.0 0.0 0.0 0.0 0.0 0.350000000000005 1.0 1.0 0.9499999999999922 
0.0 0.0 0.11249999999999596 0.7025000000000001 1.0 1.0 0.6499999999999968 0.0 0.0 0.0 0.0 0.0 0.0 0.0 0.0 0.0 0.350000000000005 1.0 1.0 0.9499999999999922 
0.0 0.0 0.11250000000000462 0.15000000000000568 0.15000000000000568 0.15000000000000568 0.09750000000000321 0.0 0.0 0.0 0.0 0.0 0.0 0.0 0.0 0.0 0.350000000000005 1.0 1.0 0.9499999999999922 
0.0 0.0 0.0 0.0 0.0 0.0 0.0 0.0 0.0 0.0 0.0 0.0 0.0 0.0 0.0 0.24750000000000144 0.7074999999999992 1.0 0.9174999999999975 0.4275000000000009 
0.0 0.0 0.0 0.0 0.0 0.0 0.0 0.0 0.0 0.0 0.0 0.0 0.0 0.0 0.5500000000000043 1.0 1.0 0.9374999999999991 0.6374999999999987 0.0 
0.0 0.0 0.0 0.0 0.0 0.0 0.0 0.0 0.0 0.0 0.0 0.0 0.0 0.6175000000000038 0.9774999999999991 1.0 1.0 0.7499999999999929 0.0 0.0 
0.0 0.0 0.0 0.0 0.0 0.0 0.0 0.0 0.0 0.0 0.0 0.552500000000002 0.9125000000000009 1.0 1.0 0.7074999999999965 0.22749999999999918 0.0 0.0 0.0 
0.0 0.0 0.0 0.0 0.0 0.0 0.0 0.0 0.0 0.017500000000001386 0.33249999999999896 0.902500000000003 1.0 1.0 0.44999999999999574 0.0 0.0 0.0 0.0 0.0 
0.0 0.0 0.0 0.0 0.0 0.0 0.0 0.0 0.1500000000000039 1.0 1.0 1.0 0.9624999999999992 0.33249999999999436 0.0 0.0 0.0 0.0 0.0 0.0 
0.0 0.0 0.0 0.0 0.0 0.0 0.0 0.18750000000000266 0.787500000000001 1.0 1.0 1.0 0.24999999999999645 0.0 0.0 0.0 0.0 0.0 0.0 0.0 
0.0 0.0 0.0 0.0 0.0 0.20250000000000257 0.6425000000000036 1.0 1.0 0.9774999999999979 0.572499999999996 0.08249999999999684 0.0 0.0 0.0 0.0 0.0 0.0 0.0 0.0 
0.0 0.0 0.0 0.0 0.08250000000000161 0.5325000000000035 1.0 1.0 0.8499999999999961 0.0 0.0 0.0 0.0 0.0 0.0 0.0 0.0 0.0 0.0 0.0 
0.0 0.0 0.0 0.5525000000000054 0.9325000000000027 1.0 1.0 0.7874999999999958 0.12749999999999517 0.0 0.0 0.0 0.0 0.0 0.0 0.0 0.0 0.0 0.0 0.0 
0.0 0.0 0.7500000000000024 1.0 1.0 1.0 0.6499999999999968 0.0 0.0 0.0 0.0 0.0 0.0 0.0 0.0 0.0 0.0 0.0 0.0 0.0 
0.23750000000000387 0.8875000000000022 1.0 1.0 1.0 1.0 0.7374999999999988 0.25000000000000355 0.25000000000000355 0.25000000000000355 0.25000000000000355 0.25000000000000355 0.25000000000000355 0.25000000000000355 0.25000000000000355 0.25000000000000355 0.25000000000000355 0.1875000000000009 0.0 0.0 
0.950000000000002 1.0 1.0 1.0 1.0 1.0 1.0 1.0 1.0 1.0 1.0 1.0 1.0 1.0 1.0 1.0 1.0 0.7499999999999929 0.0 0.0 
0.950000000000002 1.0 1.0 1.0 1.0 1.0 1.0 1.0 1.0 1.0 1.0 1.0 1.0 1.0 1.0 1.0 1.0 0.7499999999999929 0.0 0.0 
