0.0 0.0 0.0 0.0 0.025000000000000244 0.2250000000000002 0.25 0.6250000000000007 1.0 1.0 1.0 1.0 0.625 0.25 0.22499999999999964 0.025000000000000355 0.0 0.0 0.0 0.0 
0.0 0.0 0.0 0.2250000000000008 0.775 0.9750000000000002 1.0 1.0 1.0 1.0 1.0 1.0 1.0 1.0 0.9749999999999996 0.7750000000000001 0.7499999999999998 0.3749999999999999 0.0 0.0 
0.0 0.175 0.6250000000000007 1.0 1.0 1.0 1.0 0.875 0.7500000000000004 0.7500000000000004 0.7500000000000004 0.7500000000000004 0.8750000000000002 1.0 1.0 1.0 1.0 0.6249999999999998 0.17499999999999952 0.0 
0.0 0.7000000000000012 1.0 1.0 1.0 1.0 0.4749999999999998 0.12500000000000022 0.0 0.0 0.0 0.0 0.12500000000000044 0.47500000000000114 1.0 1.0 1.0 1.0 0.6999999999999993 0.0 
0.0 0.7000000000000012 1.0 1.0 1.0 1.0 0.29999999999999893 0.0 0.0 0.0 0.0 0.0 0.0 0.0 0.10000000000000142 0.8999999999999986 1.0 1.0 1.0 0.8999999999999986 
0.0 0.7000000000000012 1.0 1.0 0.9249999999999994 0.3250000000000002 0.075 0.0 0.0 0.0 0.0 0.0 0.0 0.0 0.10000000000000142 0.8999999999999986 1.0 1.0 1.0 0.8999999999999986 
0.0 0.0 0.0 0.0 0.0 0.0 0.0 0.0 0.0 0.0 0.0 0.0 0.0 0.07499999999999965 0.32499999999999946 0.9249999999999987 1.0 1.0 0.9250000000000004 0.6750000000000005 
0.0 0.0 0.0 0.0 0.0 0.0 0.0 0.0 0.0 0.0 0.0 0.0 0.0 0.3000000000000007 1.0 1.0 1.0 1.0 0.6999999999999993 0.0 
0.0 0.0 0.0 0.0 0.0 0.0 0.0 0.12499999999999933 0.24999999999999822 0.24999999999999822 0.24999999999999822 0.7749999999999989 1.0 1.0 1.0 1.0 1.0 0.5 0.0 0.0 
0.0 0.0 0.0 0.0 0.0 0.0 0.0 0.5000000000000009 1.0 1.0 1.0 1.0 1.0 1.0 1.0 1.0 1.0 0.5 0.0 0.0 
0.0 0.0 0.0 0.0 0.0 0.0 0.0 0.37500000000000155 0.7500000000000018 0.7500000000000018 0.7500000000000018 0.9250000000000004 1.0 1.0 1.0 1.0 1.0 0.6249999999999991 0.17499999999999857 0.0 
0.0 0.0 0.0 0.0 0.0 0.0 0.0 0.0 0.0 0.0 0.0 0.17500000000000232 0.25000000000000355 0.47500000000000303 1.0 1.0 1.0 1.0 0.6999999999999993 0.0 
0.0 0.1749999999999978 0.24999999999999645 0.24999999999999645 0.22499999999999656 0.024999999999999446 0.0 0.0 0.0 0.0 0.0 0.0 0.0 0.0 0.10000000000000142 0.8999999999999986 1.0 1.0 1.0 0.8999999999999986 
0.6749999999999977 0.9249999999999993 1.0 1.0 0.899999999999999 0.0999999999999992 0.0 0.0 0.0 0.0 0.0 0.0 0.0 0.0 0.10000000000000142 0.8999999999999986 1.0 1.0 1.0 0.8999999999999986 
0.9000000000000012 1.0 1.0 1.0 0.899999999999999 0.0999999999999992 0.0 0.0 0.0 0.0 0.0 0.0 0.0 0.0 0.10000000000000142 0.8999999999999986 1.0 1.0 1.0 0.8999999999999986 
0.9000000000000012 1.0 1.0 1.0 0.9749999999999994 0.7749999999999966 0.22499999999999815 0.0 0.0 0.0 0.0 0.0 0.0 0.22499999999999948 0.7749999999999971 0.9749999999999993 1.0 1.0 1.0 0.8999999999999986 
0.0 0.7000000000000012 1.0 1.0 1.0 1.0 0.4749999999999967 0.24999999999999645 0.17499999999999732 0.0 0.0 0.17499999999999732 0.24999999999999645 0.47499999999999803 1.0 1.0 1.0 1.0 0.6999999999999993 0.0 
0.0 0.1750000000000028 0.6250000000000027 1.0 1.0 1.0 1.0 1.0 0.9249999999999987 0.7499999999999964 0.7499999999999964 0.9249999999999987 1.0 1.0 1.0 1.0 1.0 0.6250000000000018 0.17500000000000232 0.0 
0.0 0.0 0.0 0.22500000000000192 0.7750000000000035 0.9750000000000005 1.0 1.0 1.0 1.0 1.0 1.0 1.0 1.0 0.975 0.7750000000000036 0.2250000000000016 0.0 0.0 0.0 
0.0 0.0 0.0 0.0 0.025000000000000598 0.2250000000000034 0.25000000000000355 0.25000000000000355 0.47500000000000303 1.0 1.0 0.47500000000000303 0.25000000000000355 0.25000000000000355 0.22500000000000284 0.02500000000000071 0.0 0.0 0.0 0.0 
