0.0 0.0 0.0 0.0 0.0 0.0 0.0 0.0 0.0 0.0 0.0 0.0 0.25 0.9500000000000028 1.0 1.0 1.0 1.0 0.5499999999999972 0.0 
0.0 0.0 0.0 0.0 0.0 0.0 0.0 0.0 0.0 0.0 0.0 0.0 0.25 0.9500000000000028 1.0 1.0 1.0 1.0 0.5499999999999972 0.0 
0.0 0.0 0.0 0.0 0.0 0.0 0.0 0.0 0.0 0.0 0.0 0.5500000000000007 1.0 1.0 1.0 1.0 1.0 1.0 0.5499999999999972 0.0 
0.0 0.0 0.0 0.0 0.0 0.0 0.0 0.0 0.0 0.015000000000000159 0.08500000000000126 0.5950000000000013 1.0 1.0 1.0 1.0 1.0 1.0 0.5499999999999972 0.0 
0.0 0.0 0.0 0.0 0.0 0.0 0.0 0.0 0.0 0.14999999999999947 0.8500000000000005 1.0 1.0 1.0 1.0 1.0 1.0 1.0 0.5499999999999972 0.0 
0.0 0.0 0.0 0.0 0.0 0.0 0.0 0.0 0.13500000000000012 0.40500000000000025 0.8950000000000005 1.0 1.0 1.0 1.0 1.0 1.0 1.0 0.5499999999999972 0.0 
0.0 0.0 0.0 0.0 0.0 0.0 0.0 0.0 0.4499999999999993 1.0 1.0 1.0 1.0 1.0 1.0 1.0 1.0 1.0 0.5499999999999972 0.0 
0.0 0.0 0.0 0.0 0.0 0.0 0.0 0.0 0.4499999999999993 1.0 1.0 0.7249999999999986 0.37499999999999867 0.02499999999999849 0.6500000000000021 1.0 1.0 1.0 0.5499999999999972 0.0 
0.0 0.0 0.0 0.0 0.0 0.0 0.049999999999998046 0.7499999999999991 1.0 1.0 1.0 0.4499999999999993 0.0 0.0 0.6500000000000021 1.0 1.0 1.0 0.5499999999999972 0.0 
0.0 0.0 0.0 0.0 0.0 0.0 0.049999999999998046 0.7499999999999991 1.0 0.8950000000000002 0.4049999999999987 0.13499999999999931 0.0 0.0 0.6500000000000021 1.0 1.0 1.0 0.5499999999999972 0.0 
0.0 0.0 0.0 0.0 0.0 0.34999999999999787 1.0 1.0 1.0 0.8500000000000005 0.14999999999999947 0.0 0.0 0.0 0.0 0.3500000000000014 1.0 1.0 0.5499999999999972 0.0 
0.0 0.0 0.0 0.0 0.0 0.34999999999999787 1.0 1.0 0.5949999999999998 0.08499999999999824 0.014999999999999626 0.0 0.0 0.0 0.0 0.3500000000000014 1.0 1.0 0.9550000000000006 0.7649999999999967 
0.0 0.0 0.0 0.0 0.6499999999999972 1.0 1.0 1.0 0.5500000000000007 0.0 0.0 0.0 0.0 0.0 0.0 0.3500000000000014 1.0 1.0 1.0 0.8499999999999943 
0.0 0.0 0.024999999999999977 0.09500000000000101 0.684999999999998 1.0 0.950000000000002 0.2500000000000009 0.0 0.0 0.0 0.0 0.0 0.0 0.0 0.3500000000000014 1.0 1.0 1.0 0.8499999999999943 
0.0 0.0 0.24999999999999623 0.9499999999999966 1.0 1.0 0.950000000000002 0.2500000000000009 0.0 0.0 0.0 0.0 0.0 0.0 0.0 0.3500000000000014 1.0 1.0 1.0 0.8499999999999943 
0.0 0.1649999999999991 0.47499999999999787 0.9649999999999976 1.0 1.0 0.9650000000000014 0.47500000000000114 0.3000000000000007 0.3000000000000007 0.3000000000000007 0.3000000000000007 0.3000000000000007 0.3000000000000007 0.7550000000000017 1.0 1.0 1.0 1.0 0.8499999999999943 
0.0 0.5499999999999957 1.0 1.0 1.0 1.0 1.0 1.0 1.0 1.0 1.0 1.0 1.0 1.0 1.0 1.0 1.0 1.0 1.0 0.8499999999999943 
0.4250000000000006 0.7749999999999995 1.0 1.0 0.674999999999999 0.49999999999999645 0.49999999999999645 0.49999999999999645 0.49999999999999645 0.49999999999999645 0.49999999999999645 0.49999999999999645 0.49999999999999645 0.49999999999999645 0.49999999999999645 0.6749999999999984 1.0 1.0 1.0 0.8499999999999943 
0.8499999999999952 1.0 1.0 1.0 0.35000000000000275 0.0 0.0 0.0 0.0 0.0 0.0 0.0 0.0 0.0 0.0 0.3150000000000008 0.904999999999999 0.975 1.0 0.8499999999999943 
0.8499999999999952 1.0 0.825000000000002 0.33499999999999963 0.10499999999999983 0.0 0.0 0.0 0.0 0.0 0.0 0.0 0.0 0.0 0.0 0.0 0.05000000000000426 0.7500000000000036 1.0 0.8499999999999943 
