0.0 0.0 0.0 0.0 0.09562500000000623 0.4250000000000149 0.6118750000000143 1.0 1.0 0.7268750000000022 0.4250000000000149 0.4250000000000149 0.4250000000000149 0.13812500000000077 0.0 0.0 0.0 0.0 0.0 0.0 
0.0 0.020625000000002728 0.36562500000001724 1.0 1.0 1.0 1.0 1.0 1.0 1.0 1.0 1.0 1.0 1.0 0.4743750000000044 0.061875000000000735 0.0 0.0 0.0 0.0 
0.025000000000005684 1.0 1.0 1.0 1.0 1.0 0.9593749999999944 0.8749999999999858 0.8749999999999858 0.8749999999999858 0.8749999999999858 0.946874999999995 1.0 1.0 1.0 1.0 0.278125000000003 0.015625000000000444 0.0 0.0 
0.9756250000000127 1.0 1.0 1.0 1.0 0.7318749999999892 0.016874999999991064 0.0 0.0 0.0 0.0 0.014374999999992748 0.024999999999987033 0.6831250000000051 1.0 1.0 1.0 0.9781250000000111 0.07312499999998989 0.0 
1.0 1.0 1.0 1.0 0.7749999999999932 0.0 0.0 0.0 0.0 0.0 0.0 0.0 0.0 0.11812499999999317 0.7731250000000036 1.0 1.0 1.0 0.07499999999998863 0.0 
1.0 1.0 1.0 1.0 0.7749999999999932 0.0 0.0 0.0 0.0 0.0 0.0 0.0 0.0 0.0 0.7250000000000085 1.0 1.0 1.0 0.6993750000000069 0.016874999999992132 
1.0 1.0 1.0 1.0 0.7749999999999932 0.0 0.0 0.0 0.0 0.0 0.0 0.0 0.0 0.0 0.7250000000000085 1.0 1.0 1.0 1.0 0.02499999999998792 
1.0 1.0 1.0 1.0 0.7749999999999932 0.0 0.0 0.0 0.0 0.0 0.0 0.0 0.0 0.0 0.7250000000000085 1.0 1.0 1.0 1.0 0.02499999999998792 
0.7806249999999912 1.0 1.0 1.0 0.7749999999999932 0.0 0.0 0.0 0.0 0.0 0.0 0.0 0.0 0.0 0.0 0.7750000000000092 1.0 1.0 1.0 0.02499999999998792 
0.025000000000005684 1.0 1.0 1.0 0.7749999999999932 0.0 0.0 0.0 0.0 0.0 0.0 0.0 0.0 0.0 0.0 0.7750000000000092 1.0 1.0 1.0 0.02499999999998792 
0.025000000000005684 1.0 1.0 1.0 0.7749999999999932 0.0 0.0 0.0 0.0 0.0 0.0 0.0 0.0 0.0 0.0 0.7750000000000092 1.0 1.0 1.0 0.02499999999998792 
0.025000000000005684 1.0 1.0 1.0 0.9493750000000005 0.5618750000000009 0.0 0.0 0.0 0.0 0.0 0.0 0.0 0.0 0.0 0.7750000000000092 1.0 1.0 1.0 0.02499999999998792 
0.025000000000005684 1.0 1.0 1.0 1.0 0.7249999999999925 0.0 0.0 0.0 0.0 0.0 0.0 0.0 0.0 0.0 0.7750000000000092 1.0 1.0 1.0 1.0 
0.025000000000005684 1.0 1.0 1.0 1.0 0.7249999999999925 0.0 0.0 0.0 0.0 0.0 0.0 0.0 0.0 0.0 0.7750000000000092 1.0 1.0 1.0 1.0 
0.01687500000000368 0.699374999999996 1.0 1.0 1.0 0.7249999999999925 0.0 0.0 0.0 0.0 0.0 0.0 0.0 0.0 0.0 0.7750000000000092 1.0 1.0 1.0 1.0 
0.0 0.07500000000000595 1.0 1.0 1.0 0.773124999999996 0.118125000000004 0.0 0.0 0.0 0.0 0.0 0.0 0.0 0.0 0.7750000000000092 1.0 1.0 1.0 1.0 
0.0 0.07312500000000538 0.9781249999999951 1.0 1.0 1.0 0.6831249999999948 0.015625000000003376 0.0 0.0 0.0 0.0 0.0 0.0 0.018125000000004336 0.7806250000000103 1.0 1.0 1.0 0.9756249999999942 
0.0 0.0 0.015625000000000333 0.27812500000000273 1.0 1.0 1.0 0.9531250000000004 0.8750000000000036 0.4593749999999944 0.0 0.0 0.54687500000001 0.8750000000000036 0.9656250000000021 1.0 1.0 1.0 1.0 0.02499999999998792 
0.0 0.0 0.0 0.0 0.06187499999999994 0.4743749999999992 1.0 1.0 1.0 1.0 1.0 1.0 1.0 1.0 1.0 1.0 1.0 0.3656249999999848 0.020624999999996233 0.0 
0.0 0.0 0.0 0.0 0.0 0.0 0.13812500000000216 0.42499999999999716 0.42499999999999716 0.6981250000000034 1.0 1.0 1.0 0.6118749999999926 0.42499999999999716 0.42499999999999716 0.07437499999999528 0.0 0.0 0.0 
