0.4250000000000149 0.4250000000000149 0.4968750000000166 0.8249999999999935 0.0 0.0 0.0 0.0 0.0 0.0 0.0 0.0 0.0 0.0 0.0 0.3293750000000155 0.4250000000000149 0.4250000000000149 0.4250000000000149 0.9856250000000073 
1.0 1.0 1.0 1.0 0.7749999999999932 0.0 0.0 0.0 0.0 0.0 0.0 0.0 0.0 0.0 0.0 0.7750000000000092 1.0 1.0 1.0 1.0 
0.8781249999999868 1.0 1.0 1.0 0.8031249999999973 0.09062500000000936 0.0 0.0 0.0 0.0 0.0 0.0 0.0 0.0 0.0 0.7750000000000092 1.0 1.0 1.0 1.0 
0.025000000000005684 1.0 1.0 1.0 1.0 0.7249999999999925 0.0 0.0 0.0 0.0 0.0 0.0 0.0 0.0 0.7068750000000177 0.9943750000000031 1.0 1.0 1.0 0.04937499999997558 
0.025000000000005684 1.0 1.0 1.0 1.0 0.7249999999999925 0.0 0.0 0.0 0.0 0.0 0.0 0.0 0.0 0.7250000000000085 1.0 1.0 1.0 1.0 0.02499999999998792 
0.0 0.07500000000000595 1.0 1.0 1.0 0.9106250000000007 0.4556250000000028 0.0 0.0 0.0 0.0 0.0 0.0 0.0 0.7250000000000085 1.0 1.0 1.0 1.0 0.02499999999998792 
0.0 0.035625000000002 0.5406249999999936 1.0 1.0 1.0 0.6749999999999927 0.0 0.0 0.0 0.0 0.0 0.0 0.3543750000000125 0.8693750000000071 1.0 1.0 1.0 0.07499999999998863 0.0 
0.0 0.0 0.12500000000000622 1.0 1.0 1.0 1.0 0.6249999999999929 0.0 0.0 0.0 0.0 0.0 0.6750000000000096 1.0 1.0 1.0 1.0 0.07499999999998863 0.0 
0.0 0.0 0.09687500000000353 0.814374999999993 1.0 1.0 1.0 0.7093749999999983 0.12937500000000415 0.0 0.0 0.0 0.0 0.6750000000000096 1.0 1.0 1.0 1.0 0.07499999999998863 0.0 
0.0 0.0 0.0 0.17500000000000648 1.0 1.0 1.0 1.0 0.5749999999999922 0.0 0.0 0.0 0.6250000000000089 1.0 1.0 1.0 1.0 0.12499999999998934 0.0 0.0 
0.0 0.0 0.0 0.013124999999999118 0.2831250000000002 1.0 1.0 1.0 0.5749999999999922 0.0 0.0 0.0 0.6250000000000089 1.0 1.0 1.0 1.0 0.12499999999998934 0.0 0.0 
0.0 0.0 0.0 0.0 0.22500000000000675 1.0 1.0 1.0 1.0 0.5249999999999915 0.0 0.0 0.6250000000000089 1.0 1.0 1.0 1.0 0.12499999999998934 0.0 0.0 
0.0 0.0 0.0 0.0 0.08437500000000094 0.5468749999999996 1.0 1.0 1.0 0.8218750000000001 0.2968749999999976 0.3593750000000092 0.859375000000006 1.0 1.0 1.0 0.17499999999999005 0.0 0.0 0.0 
0.0 0.0 0.0 0.0 0.0 0.27500000000000746 1.0 1.0 1.0 1.0 1.0 1.0 1.0 1.0 1.0 1.0 0.17499999999999005 0.0 0.0 0.0 
0.0 0.0 0.0 0.0 0.0 0.0 0.3250000000000073 1.0 1.0 1.0 1.0 1.0 1.0 1.0 1.0 1.0 0.17499999999999005 0.0 0.0 0.0 
0.0 0.0 0.0 0.0 0.0 0.0 0.3250000000000073 1.0 1.0 1.0 1.0 1.0 1.0 1.0 1.0 0.22499999999999076 0.0 0.0 0.0 0.0 
0.0 0.0 0.0 0.0 0.0 0.0 0.0 0.3750000000000071 1.0 1.0 1.0 1.0 1.0 1.0 1.0 0.22499999999999076 0.0 0.0 0.0 0.0 
0.0 0.0 0.0 0.0 0.0 0.0 0.0 0.3750000000000071 1.0 1.0 1.0 1.0 1.0 1.0 1.0 0.22499999999999076 0.0 0.0 0.0 0.0 
0.0 0.0 0.0 0.0 0.0 0.0 0.0 0.10312499999999876 0.5831250000000008 1.0 1.0 1.0 1.0 1.0 0.2749999999999915 0.0 0.0 0.0 0.0 0.0 
0.0 0.0 0.0 0.0 0.0 0.0 0.0 0.0 0.4250000000000078 1.0 1.0 1.0 1.0 1.0 0.2749999999999915 0.0 0.0 0.0 0.0 0.0 
