0.0 0.0 0.0 0.0 0.02249999999999981 0.20249999999999807 0.22499999999999787 0.6124999999999989 1.0 1.0 1.0 1.0 0.6124999999999989 0.22499999999999787 0.20249999999999815 0.022500000000000107 0.0 0.0 0.0 0.0 
0.0 0.0 0.0 0.20249999999999965 0.7074999999999985 0.9674999999999998 1.0 1.0 1.0 1.0 1.0 1.0 1.0 1.0 0.9674999999999999 0.7074999999999989 0.6749999999999983 0.33749999999999913 0.0 0.0 
0.0 0.0874999999999991 0.5624999999999996 1.0 1.0 1.0 1.0 0.9375000000000007 0.8750000000000013 0.8750000000000013 0.8750000000000013 0.8750000000000013 0.9375000000000007 1.0 1.0 1.0 1.0 0.5624999999999993 0.0874999999999992 0.0 
0.0 0.7000000000000003 1.0 1.0 1.0 1.0 0.5975000000000004 0.21250000000000036 0.0 0.0 0.0 0.0 0.21250000000000036 0.5974999999999999 1.0 1.0 1.0 1.0 0.7000000000000011 0.0 
0.02249999999999953 0.7075000000000001 1.0 1.0 0.9975 0.9775000000000005 0.2925 0.0 0.0 0.0 0.0 0.0 0.0 0.29999999999999893 1.0 1.0 1.0 1.0 0.7000000000000011 0.0 
0.47250000000000053 0.8575000000000003 1.0 1.0 0.8999999999999999 0.10000000000000009 0.0 0.0 0.0 0.0 0.0 0.0 0.0 0.29999999999999893 1.0 1.0 1.0 1.0 0.7000000000000011 0.0 
0.0 0.052499999999999526 0.07499999999999929 0.07499999999999929 0.06749999999999935 0.0074999999999999355 0.0 0.0 0.0 0.0 0.0 0.0 0.0 0.022499999999999708 0.16749999999999904 0.9074999999999986 1.0 1.0 0.7000000000000011 0.0 
0.0 0.0 0.0 0.0 0.0 0.0 0.0 0.0 0.0 0.0 0.0 0.0 0.1875 0.5624999999999993 1.0 1.0 1.0 1.0 0.7000000000000011 0.0 
0.0 0.0 0.0 0.0 0.0 0.0 0.0 0.0 0.0 0.08249999999999981 0.7425000000000005 0.8250000000000011 0.9125000000000005 1.0 1.0 1.0 1.0 0.5874999999999995 0.12249999999999944 0.0 
0.0 0.0 0.0 0.0 0.0 0.0 0.0 0.5 1.0 1.0 1.0 1.0 1.0 1.0 1.0 1.0 1.0 0.5 0.0 0.0 
0.0 0.0 0.0 0.0 0.0 0.0 0.0 0.5 1.0 1.0 1.0 1.0 1.0 1.0 1.0 1.0 1.0 0.5 0.0 0.0 
0.0 0.0 0.0 0.0 0.0 0.0 0.0 0.0 0.0 0.0 0.0 0.5774999999999965 0.8249999999999957 0.8774999999999968 1.0 1.0 1.0 1.0 0.7000000000000011 0.0 
0.0 0.0 0.0 0.0 0.0 0.0 0.0 0.0 0.0 0.0 0.0 0.0 0.0 0.29999999999999893 1.0 1.0 1.0 1.0 0.7000000000000011 0.0 
0.06750000000000259 0.7225000000000011 1.0 0.7225000000000006 0.06750000000000256 0.007500000000000291 0.0 0.0 0.0 0.0 0.0 0.0 0.0 0.0 0.09999999999999964 0.8999999999999986 1.0 1.0 1.0 0.9000000000000004 
0.9000000000000004 1.0 1.0 1.0 0.8999999999999999 0.10000000000000009 0.0 0.0 0.0 0.0 0.0 0.0 0.0 0.0 0.09999999999999964 0.8999999999999986 1.0 1.0 1.0 0.9000000000000004 
0.9000000000000004 1.0 1.0 1.0 0.8999999999999999 0.10000000000000009 0.0 0.0 0.0 0.0 0.0 0.0 0.0 0.0 0.09999999999999964 0.8999999999999986 1.0 1.0 1.0 0.9000000000000004 
0.5174999999999964 0.8724999999999988 1.0 1.0 0.9425000000000003 0.48250000000000387 0.1275000000000012 0.0 0.0 0.0 0.0 0.0 0.21250000000000213 0.5975000000000024 1.0 1.0 1.0 1.0 0.7000000000000011 0.0 
0.0 0.7000000000000003 1.0 1.0 1.0 1.0 0.9125000000000024 0.8750000000000036 0.6125000000000026 0.0 0.0 0.6125000000000018 0.9375000000000018 1.0 1.0 1.0 1.0 1.0 0.7000000000000011 0.0 
0.0 0.0 0.33749999999999697 0.7724999999999956 1.0 1.0 1.0 1.0 1.0 1.0 1.0 1.0 1.0 1.0 1.0 1.0 0.7724999999999957 0.3374999999999968 0.0 0.0 
0.0 0.0 0.0 0.06749999999999835 0.30249999999999494 0.9224999999999993 1.0 1.0 1.0 1.0 1.0 1.0 1.0 0.7674999999999991 0.22499999999999432 0.22499999999999432 0.06749999999999845 0.0 0.0 0.0 
