0.0 0.0 0.0 0.0 0.02249999999999981 0.20249999999999807 0.7674999999999995 1.0 1.0 1.0 1.0 1.0 0.6124999999999989 0.22499999999999787 0.20249999999999815 0.022500000000000107 0.0 0.0 0.0 0.0 
0.0 0.0 0.0 0.20249999999999965 0.7074999999999985 0.9674999999999998 1.0 1.0 1.0 1.0 1.0 1.0 1.0 1.0 0.9674999999999999 0.7074999999999989 0.20249999999999996 0.0 0.0 0.0 
0.0 0.0874999999999991 0.5624999999999996 1.0 1.0 1.0 0.9125000000000009 0.8750000000000013 0.8750000000000013 0.8750000000000013 0.8750000000000013 0.8750000000000013 0.9375000000000007 1.0 1.0 1.0 1.0 0.5624999999999993 0.0874999999999992 0.0 
0.0 0.7000000000000003 1.0 1.0 0.9425 0.4825000000000007 0.12750000000000014 0.0 0.0 0.0 0.0 0.0 0.21250000000000036 0.5974999999999999 1.0 1.0 1.0 1.0 0.7000000000000011 0.0 
0.9000000000000004 1.0 1.0 1.0 0.8999999999999999 0.10000000000000009 0.0 0.0 0.0 0.0 0.0 0.0 0.0 0.0 0.09999999999999964 0.8999999999999986 1.0 1.0 0.7000000000000011 0.0 
0.9000000000000004 1.0 1.0 1.0 0.8999999999999999 0.10000000000000009 0.0 0.0 0.0 0.0 0.0 0.0 0.0 0.0 0.09999999999999964 0.8999999999999986 1.0 1.0 0.7000000000000011 0.0 
0.9000000000000004 1.0 1.0 1.0 0.8999999999999999 0.10000000000000009 0.0 0.0 0.0 0.0 0.0 0.0 0.0 0.0 0.09999999999999964 0.8999999999999986 1.0 1.0 0.7000000000000011 0.0 
0.9000000000000004 1.0 1.0 1.0 0.8999999999999999 0.10000000000000009 0.0 0.0 0.0 0.0 0.0 0.0 0.0 0.0 0.09999999999999964 0.8999999999999986 1.0 1.0 0.7000000000000011 0.0 
0.9000000000000004 1.0 1.0 1.0 0.8999999999999999 0.10000000000000009 0.0 0.0 0.0 0.0 0.0 0.0 0.0 0.0 0.09999999999999964 0.8999999999999986 1.0 1.0 0.7000000000000011 0.0 
0.9000000000000004 1.0 1.0 1.0 0.8999999999999999 0.10000000000000009 0.0 0.0 0.0 0.0 0.0 0.0 0.0 0.0 0.09999999999999964 0.8999999999999986 1.0 1.0 0.7000000000000011 0.0 
0.9000000000000004 1.0 1.0 1.0 0.8999999999999999 0.10000000000000009 0.0 0.0 0.0 0.0 0.0 0.0 0.0 0.0 0.09999999999999964 0.8999999999999986 1.0 1.0 0.7000000000000011 0.0 
0.9000000000000004 1.0 1.0 1.0 0.8999999999999999 0.10000000000000009 0.0 0.0 0.0 0.0 0.0 0.0 0.0 0.0 0.09999999999999964 0.8999999999999986 1.0 1.0 0.7000000000000011 0.0 
0.9000000000000004 1.0 1.0 1.0 0.8999999999999999 0.10000000000000009 0.0 0.0 0.0 0.0 0.0 0.0 0.0 0.0 0.09999999999999964 0.8999999999999986 1.0 1.0 0.7000000000000011 0.0 
0.9000000000000004 1.0 1.0 1.0 0.8999999999999999 0.10000000000000009 0.0 0.0 0.0 0.0 0.0 0.0 0.0 0.0 0.09999999999999964 0.8999999999999986 1.0 1.0 0.7225000000000018 0.06750000000000259 
0.42749999999999827 0.8424999999999996 1.0 1.0 0.8999999999999999 0.10000000000000009 0.0 0.0 0.0 0.0 0.0 0.0 0.0 0.0 0.09999999999999964 0.8999999999999986 1.0 1.0 1.0 0.9000000000000004 
0.0 0.7000000000000003 1.0 1.0 0.8999999999999999 0.10000000000000009 0.0 0.0 0.0 0.0 0.0 0.0 0.0 0.0 0.09999999999999964 0.8999999999999986 1.0 1.0 0.7074999999999996 0.022499999999995534 
0.0 0.7000000000000003 1.0 1.0 0.9425000000000003 0.48250000000000387 0.1275000000000012 0.0 0.0 0.0 0.0 0.0 0.0 0.0 0.09999999999999964 0.8999999999999986 1.0 1.0 0.7000000000000011 0.0 
0.0 0.08749999999999755 0.5624999999999984 1.0 1.0 1.0 0.9125000000000024 0.4375000000000018 0.0 0.0 0.0 0.0 0.0 0.2625000000000001 0.8875000000000032 0.9875000000000002 1.0 1.0 0.7000000000000011 0.0 
0.0 0.0 0.0 0.20249999999999826 0.7074999999999942 0.9674999999999994 1.0 1.0 1.0 1.0 1.0 1.0 1.0 1.0 1.0 1.0 0.7724999999999957 0.3374999999999968 0.0 0.0 
0.0 0.0 0.0 0.0 0.02249999999999945 0.20249999999999485 0.7674999999999984 1.0 1.0 1.0 1.0 1.0 1.0 1.0 0.9224999999999997 0.302499999999996 0.06749999999999845 0.0 0.0 0.0 
