0.0 0.0 0.0 0.0 0.02249999999999981 0.20249999999999807 0.7674999999999995 1.0 1.0 1.0 1.0 1.0 0.6124999999999989 0.22499999999999787 0.20249999999999815 0.022500000000000107 0.0 0.0 0.0 0.0 
0.0 0.0 0.0 0.20249999999999965 0.7074999999999985 0.9674999999999998 1.0 1.0 1.0 1.0 1.0 1.0 1.0 1.0 0.9674999999999999 0.7074999999999989 0.20249999999999996 0.0 0.0 0.0 
0.0 0.0874999999999991 0.5624999999999996 1.0 1.0 1.0 1.0 0.9375000000000007 0.8750000000000013 0.8750000000000013 0.8750000000000013 0.8750000000000013 0.9375000000000007 1.0 1.0 1.0 1.0 0.5624999999999993 0.0874999999999992 0.0 
0.0 0.7000000000000003 1.0 1.0 1.0 1.0 0.5975000000000004 0.21250000000000036 0.0 0.0 0.0 0.0 0.21250000000000036 0.5974999999999999 1.0 1.0 1.0 1.0 0.7000000000000011 0.0 
0.8775000000000008 0.9925000000000002 1.0 1.0 0.8999999999999999 0.10000000000000009 0.0 0.0 0.0 0.0 0.0 0.0 0.0 0.2924999999999991 0.9775000000000005 0.9975 1.0 1.0 0.7000000000000011 0.0 
0.0 0.3675000000000004 0.5250000000000004 0.5250000000000004 0.47250000000000025 0.05250000000000008 0.0 0.0 0.0 0.0 0.0 0.0 0.0 0.0 0.09999999999999964 0.8999999999999986 1.0 1.0 0.7000000000000011 0.0 
0.0 0.0 0.0 0.0 0.0 0.0 0.0 0.0 0.0 0.0 0.0 0.0 0.0 0.0 0.09999999999999964 0.8999999999999986 1.0 1.0 0.7000000000000011 0.0 
0.0 0.0 0.0 0.0 0.0 0.0 0.0 0.0 0.0 0.0 0.0 0.0 0.0 0.29999999999999893 1.0 1.0 1.0 1.0 0.7000000000000011 0.0 
0.0 0.0 0.0 0.0 0.0 0.0 0.0 0.0 0.0 0.0 0.0 0.0 0.41250000000000053 0.8775000000000006 1.0 1.0 1.0 0.5874999999999995 0.12249999999999944 0.0 
0.0 0.0 0.0 0.0 0.0 0.0 0.0 0.5 1.0 1.0 1.0 1.0 1.0 1.0 1.0 1.0 0.8074999999999987 0.36249999999999893 0.0 0.0 
0.0 0.0 0.0 0.0 0.0 0.0 0.0 0.5 1.0 1.0 1.0 1.0 1.0 1.0 1.0 1.0 0.3000000000000007 0.0 0.0 0.0 
0.0 0.0 0.0 0.0 0.0 0.0 0.0 0.0 0.0 0.0 0.0 0.0 0.41249999999999787 0.8774999999999968 1.0 1.0 1.0 0.5875000000000021 0.12250000000000318 0.0 
0.0 0.0 0.0 0.0 0.0 0.0 0.0 0.0 0.0 0.0 0.0 0.0 0.0 0.11249999999999853 0.43749999999999656 0.9374999999999988 1.0 1.0 0.7000000000000011 0.0 
0.0 0.0 0.0 0.0 0.0 0.0 0.0 0.0 0.0 0.0 0.0 0.0 0.0 0.0 0.09999999999999964 0.8999999999999986 1.0 1.0 1.0 0.9000000000000004 
0.4725000000000021 0.5250000000000021 0.5250000000000021 0.5250000000000021 0.47250000000000186 0.05250000000000026 0.0 0.0 0.0 0.0 0.0 0.0 0.0 0.0 0.09999999999999964 0.8999999999999986 1.0 1.0 1.0 0.9000000000000004 
0.9000000000000004 1.0 1.0 1.0 0.8999999999999999 0.10000000000000009 0.0 0.0 0.0 0.0 0.0 0.0 0.0 0.0 0.09999999999999964 0.8999999999999986 1.0 1.0 1.0 0.9000000000000004 
0.5174999999999964 0.8724999999999988 1.0 1.0 0.9425000000000003 0.48250000000000387 0.1275000000000012 0.0 0.0 0.0 0.0 0.0 0.0 0.0 0.09999999999999964 0.8999999999999986 1.0 1.0 0.8724999999999992 0.5174999999999964 
0.0 0.7000000000000003 1.0 1.0 1.0 1.0 0.2999999999999998 0.0 0.0 0.0 0.0 0.0 0.0 0.2625000000000001 0.8875000000000032 0.9875000000000002 1.0 1.0 0.7000000000000011 0.0 
0.0 0.0 0.33749999999999697 0.7724999999999956 1.0 1.0 1.0 1.0 1.0 0.9325000000000009 0.3925000000000061 0.7975000000000014 1.0 1.0 1.0 1.0 0.7724999999999957 0.3374999999999968 0.0 0.0 
0.0 0.0 0.0 0.06749999999999835 0.30249999999999494 0.9224999999999993 1.0 1.0 1.0 1.0 1.0 1.0 1.0 1.0 0.9224999999999997 0.302499999999996 0.06749999999999845 0.0 0.0 0.0 
