0.0 0.0 0.0 0.0 0.0 0.0 0.2531250000000023 0.37500000000000355 0.37500000000000355 0.703125000000003 1.0 1.0 0.7656249999999991 0.37500000000000355 0.37500000000000355 0.2906250000000009 0.0 0.0 0.0 0.0 
0.0 0.0 0.0 0.10312500000000273 0.12500000000000355 0.7593750000000007 1.0 1.0 1.0 1.0 1.0 1.0 1.0 1.0 1.0 1.0 0.8468749999999969 0.10937500000000222 0.0 0.0 
0.0 0.0 0.765625000000001 0.9781250000000004 1.0 1.0 1.0 1.0 0.4968749999999973 0.12499999999999689 0.12499999999999689 0.12499999999999689 0.45312500000000117 1.0 1.0 1.0 1.0 0.9843749999999996 0.8093749999999973 0.0 
0.0 0.5781250000000009 0.9531249999999996 1.0 1.0 1.0 0.5781249999999983 0.14062499999999867 0.0 0.0 0.0 0.0 0.0 0.0 0.1031250000000014 0.5156250000000011 1.0 1.0 1.0 0.9749999999999908 
0.0 0.9249999999999976 1.0 1.0 1.0 0.27500000000000036 0.0 0.0 0.0 0.0 0.0 0.0 0.0 0.0 0.0 0.22500000000000497 1.0 1.0 1.0 0.9749999999999908 
0.0 0.9249999999999975 1.0 1.0 1.0 0.27500000000000036 0.0 0.0 0.0 0.0 0.0 0.0 0.0 0.0 0.0 0.22500000000000497 1.0 1.0 1.0 0.9749999999999908 
0.0 0.9249999999999975 1.0 1.0 1.0 0.27500000000000036 0.0 0.0 0.0 0.0 0.0 0.0 0.0 0.0 0.0 0.22500000000000497 1.0 1.0 1.0 0.9749999999999908 
0.974999999999997 1.0 1.0 1.0 1.0 0.27500000000000036 0.0 0.0 0.0 0.0 0.0 0.0 0.0 0.0 0.0 0.22500000000000497 1.0 1.0 1.0 0.9749999999999908 
0.974999999999997 1.0 1.0 1.0 0.22500000000000098 0.0 0.0 0.0 0.0 0.0 0.0 0.0 0.0 0.0 0.0 0.22500000000000497 1.0 1.0 1.0 0.9749999999999908 
0.974999999999997 1.0 1.0 1.0 0.22500000000000098 0.0 0.0 0.0 0.0 0.0 0.0 0.0 0.0 0.0 0.0 0.22500000000000497 1.0 1.0 1.0 0.9749999999999908 
0.974999999999997 1.0 1.0 1.0 0.22500000000000098 0.0 0.0 0.0 0.0 0.0 0.0 0.0 0.0 0.0 0.0 0.22500000000000497 1.0 1.0 1.0 0.9749999999999908 
0.974999999999997 1.0 1.0 1.0 0.22500000000000098 0.0 0.0 0.0 0.0 0.0 0.0 0.0 0.0 0.0 0.0 0.22500000000000497 1.0 1.0 1.0 0.9749999999999908 
0.974999999999997 1.0 1.0 1.0 0.22500000000000098 0.0 0.0 0.0 0.0 0.0 0.0 0.0 0.0 0.0 0.0 0.22500000000000497 1.0 1.0 1.0 0.9749999999999908 
0.974999999999997 1.0 1.0 1.0 0.22500000000000098 0.0 0.0 0.0 0.0 0.0 0.0 0.0 0.0 0.0 0.0 0.22500000000000497 1.0 1.0 1.0 0.9749999999999908 
0.974999999999997 1.0 1.0 1.0 0.22500000000000098 0.0 0.0 0.0 0.0 0.0 0.0 0.0 0.0 0.0 0.0 0.22500000000000497 1.0 1.0 0.9343749999999944 0.12187499999999885 
0.974999999999997 1.0 1.0 1.0 0.22500000000000098 0.0 0.0 0.0 0.0 0.0 0.0 0.0 0.0 0.0 0.2750000000000057 1.0 1.0 1.0 0.9249999999999936 0.0 
0.974999999999997 1.0 1.0 1.0 0.5156250000000007 0.10312500000000013 0.0 0.0 0.0 0.0 0.0 0.0 0.0 0.12187500000000107 0.5468750000000036 1.0 1.0 0.9531249999999973 0.578124999999996 0.0 
0.0 0.9249999999999975 1.0 1.0 1.0 0.3656250000000003 0.125 0.04687499999999989 0.0 0.0 0.05937500000000018 0.125 0.4531250000000031 1.0 1.0 1.0 0.9781249999999995 0.7656249999999938 0.0 0.0 
0.0 0.11562499999999969 0.8906249999999982 1.0 1.0 1.0 1.0 0.9218749999999999 0.875 0.875 0.9343750000000002 1.0 1.0 1.0 1.0 0.8031249999999956 0.10312499999999947 0.0 0.0 0.0 
0.0 0.0 0.0 0.0 0.29062499999999963 0.375 0.7968749999999999 1.0 1.0 1.0 1.0 0.7343749999999973 0.375 0.25312499999999893 0.0 0.0 0.0 0.0 0.0 0.0 
