0.0 4.884981308350689e-15 0.999999999999997 0.3250000000000064 0.3250000000000064 0.3250000000000064 0.32500000000000817 1.0 1.0 1.0 1.0 1.0 1.0 0.3250000000000064 0.3250000000000064 0.3250000000000064 0.3250000000000064 0.0 0.0 0.0 
0.0 4.884981308350689e-15 1.0 1.0 1.0 1.0 1.0 1.0 1.0 1.0 1.0 1.0 1.0 1.0 1.0 1.0 1.0 0.9750000000000063 0.0 0.0 
0.0 4.884981308350689e-15 1.0 1.0 1.0 0.9999999999999978 0.3749999999999938 0.3749999999999938 0.3749999999999938 0.3749999999999938 0.3749999999999931 0.0 0.3749999999999938 0.3749999999999938 0.3749999999999938 0.9999999999999989 1.0 1.0 1.0 0.0 
1.465494392505237e-15 0.27500000000000924 1.0 1.0 0.9999999999999964 0.0 0.0 0.0 0.0 0.0 0.0 0.0 0.0 0.0 0.0 0.724999999999993 0.9999999999999996 1.0 1.0 1.0 
5.329070518200751e-15 1.0 1.0 1.0 0.9999999999999964 0.0 0.0 0.0 0.0 0.0 0.0 0.0 0.0 0.0 0.0 0.0 0.9999999999999982 1.0 1.0 1.0 
5.329070518200751e-15 1.0 1.0 1.0 0.9999999999999964 0.0 0.0 0.0 0.0 0.0 0.0 0.0 0.0 0.0 0.0 0.0 0.9999999999999982 1.0 1.0 0.4249999999999936 
5.329070518200751e-15 1.0 1.0 1.0 0.9999999999999964 0.0 0.0 0.0 0.0 0.0 0.0 0.0 0.0 0.0 0.0 0.9999999999999982 1.0 1.0 1.0 0.0 
5.329070518200751e-15 1.0 1.0 1.0 0.9999999999999964 0.0 0.0 0.0 0.0 0.0 0.0 0.0 0.0 0.0 0.0 0.9999999999999982 1.0 1.0 1.0 0.0 
5.329070518200751e-15 1.0 1.0 1.0 0.9999999999999964 0.0 0.0 0.0 0.0 0.0 0.0 0.0 0.0 0.0 0.5250000000000048 0.9999999999999991 1.0 1.0 0.4749999999999943 0.0 
5.329070518200751e-15 1.0 1.0 1.0 1.0 1.0 1.0 1.0 0.9999999999999986 0.1750000000000075 1.0 1.0 1.0 1.0 1.0 1.0 1.0 0.0 0.0 0.0 
5.329070518200751e-15 1.0 1.0 1.0 1.0 1.0 1.0 1.0 1.0 1.0 1.0 1.0 1.0 1.0 1.0 1.0 1.0 0.0 0.0 0.0 
5.329070518200751e-15 1.0 1.0 0.9999999999999981 0.5249999999999931 0.0 0.0 0.0 0.0 0.0 0.0 0.0 0.0 0.524999999999995 0.9999999999999991 1.0 1.0 1.0 0.0 0.0 
5.329070518200751e-15 1.0 1.0 0.999999999999996 0.0 0.0 0.0 0.0 0.0 0.0 0.0 0.0 0.0 0.0 0.0 0.9999999999999982 1.0 1.0 0.0 0.0 
0.7750000000000069 1.0 1.0 0.999999999999996 0.0 0.0 0.0 0.0 0.0 0.0 0.0 0.0 0.0 0.0 0.0 0.9999999999999982 1.0 1.0 0.0 0.0 
1.0 1.0 1.0 0.999999999999996 0.0 0.0 0.0 0.0 0.0 0.0 0.0 0.0 0.0 0.0 0.4250000000000035 0.999999999999999 1.0 1.0 0.0 0.0 
1.0 1.0 1.0 0.999999999999996 0.0 0.0 0.0 0.0 0.0 0.0 0.0 0.0 0.0 0.0 0.9999999999999982 1.0 1.0 1.0 0.0 0.0 
1.0 1.0 1.0 0.999999999999996 0.0 0.0 0.0 0.0 0.0 0.0 0.0 0.0 0.0 0.0 0.9999999999999982 1.0 1.0 1.0 0.0 0.0 
1.0 1.0 1.0 0.999999999999996 0.0 0.0 0.0 0.0 0.0 0.0 0.0 0.0 0.0 1.0 1.0 1.0 1.0 0.0 0.0 0.0 
1.0 1.0 1.0 1.0 1.0 1.0 1.0 1.0 1.0 1.0 1.0 1.0 1.0 1.0 1.0 0.9749999999999943 1.7319479184152341e-15 0.0 0.0 0.0 
1.0 1.0 1.0 1.0 1.0 1.0 1.0 1.0 1.0 1.0 1.0 1.0 1.0 0.32499999999999574 0.32499999999999574 5.773159728050738e-16 0.0 0.0 0.0 0.0 
