0.0 0.0 0.0 0.0 0.0 0.0 0.0 0.0 0.0 0.0 0.0 0.0 0.0 0.23625000000000201 0.8212500000000098 1.0 1.0 1.0 1.0 0.3662499999999797 
0.0 0.0 0.0 0.0 0.0 0.0 0.0 0.0 0.0 0.0 0.0 0.0 0.031249999999997356 0.691250000000014 1.0 1.0 1.0 1.0 1.0 0.024999999999977263 
0.0 0.0 0.0 0.0 0.0 0.0 0.0 0.0 0.0 0.0 0.0 0.4312500000000073 0.9062500000000022 1.0 1.0 1.0 1.0 1.0 1.0 0.024999999999977263 
0.0 0.0 0.0 0.0 0.0 0.0 0.0 0.0 0.0 0.0 0.2362500000000035 0.7662500000000056 1.0 1.0 1.0 1.0 1.0 1.0 1.0 0.024999999999977263 
0.0 0.0 0.0 0.0 0.0 0.0 0.0 0.0 0.0 0.07124999999999987 0.5962500000000089 1.0 1.0 1.0 1.0 1.0 1.0 1.0 1.0 0.024999999999977263 
0.0 0.0 0.0 0.0 0.0 0.0 0.0 0.0 0.0 0.4750000000000121 1.0 1.0 1.0 1.0 1.0 1.0 1.0 1.0 1.0 0.024999999999977263 
0.0 0.0 0.0 0.0 0.0 0.0 0.0 0.2062500000000048 0.7412500000000035 1.0 1.0 1.0 0.374999999999984 0.0 0.0 0.7750000000000181 1.0 1.0 1.0 0.024999999999977263 
0.0 0.0 0.0 0.0 0.0 0.0 0.08125000000000134 0.5312500000000058 1.0 1.0 1.0 0.4249999999999865 0.0 0.0 0.0 0.7750000000000181 1.0 1.0 1.0 0.024999999999977263 
0.0 0.0 0.0 0.0 0.0 0.0 0.32500000000000995 1.0 1.0 1.0 0.5012499999999891 0.021250000000000383 0.0 0.0 0.0 0.7750000000000181 1.0 1.0 1.0 0.024999999999977263 
0.0 0.0 0.0 0.0 0.14625000000000465 0.7462500000000019 1.0 1.0 1.0 0.5249999999999879 0.0 0.0 0.0 0.0 0.0 0.7750000000000181 1.0 1.0 1.0 0.024999999999977263 
0.0 0.0 0.0 0.06125000000000205 0.4962500000000033 1.0 1.0 1.0 0.5749999999999886 0.0 0.0 0.0 0.0 0.0 0.0 0.7750000000000181 1.0 1.0 0.07499999999998153 0.0 
0.0 0.0 0.0062499999999999336 0.21625000000000424 1.0 1.0 0.9837500000000005 0.5937499999999917 0.0 0.0 0.0 0.0 0.0 0.0 0.0 0.7750000000000181 1.0 1.0 0.07499999999998153 0.0 
0.0 0.05625000000000363 0.7812500000000014 1.0 1.0 1.0 0.67499999999999 0.0 0.0 0.0 0.0 0.0 0.0 0.0 0.0 0.7750000000000181 1.0 1.0 0.07499999999998153 0.0 
0.011250000000001741 0.491250000000002 1.0 1.0 1.0 0.7249999999999917 0.0 0.0 0.0 0.0 0.0 0.0 0.0 0.0 0.7250000000000174 1.0 1.0 1.0 0.07499999999998153 0.0 
0.17125000000000193 1.0 1.0 1.0 1.0 0.7662499999999925 0.14999999999999858 0.14999999999999858 0.14999999999999858 0.14999999999999858 0.14999999999999858 0.14999999999999858 0.14999999999999858 0.14999999999999858 0.7662500000000144 1.0 1.0 1.0 1.0 0.024999999999977263 
1.0 1.0 1.0 1.0 1.0 1.0 1.0 1.0 1.0 1.0 1.0 1.0 1.0 1.0 1.0 1.0 1.0 1.0 1.0 0.024999999999977263 
0.46375000000000144 0.9587499999999973 0.4499999999999993 0.5462500000000032 0.8762499999999956 0.4499999999999993 0.4499999999999993 0.4499999999999993 0.4499999999999993 0.4499999999999993 0.4499999999999993 0.4499999999999993 0.4499999999999993 0.4499999999999993 0.8487500000000094 1.0 1.0 1.0 1.0 0.024999999999977263 
0.0 0.0 0.0 0.0 0.0 0.0 0.0 0.0 0.0 0.0 0.0 0.0 0.0 0.0 0.7250000000000174 1.0 1.0 1.0 0.07499999999998153 0.0 
0.0 0.0 0.0 0.0 0.0 0.0 0.0 0.0 0.0 0.0 0.0 0.0 0.0 0.0 0.7250000000000174 1.0 1.0 1.0 0.07499999999998153 0.0 
0.0 0.0 0.0 0.0 0.0 0.0 0.0 0.0 0.0 0.0 0.0 0.0 0.0 0.0 0.7250000000000174 1.0 1.0 0.43124999999998737 0.02624999999999364 0.0 
