0.0 0.0 0.0 0.0 0.02249999999999981 0.20249999999999807 0.22499999999999787 0.6124999999999989 1.0 1.0 1.0 1.0 1.0 1.0 0.9225000000000001 0.3024999999999992 0.06749999999999952 0.0 0.0 0.0 
0.0 0.0 0.0 0.20249999999999965 0.7074999999999985 0.9674999999999998 1.0 1.0 1.0 1.0 1.0 1.0 1.0 1.0 1.0 1.0 0.7724999999999991 0.33749999999999913 0.0 0.0 
0.0 0.0874999999999991 0.5624999999999996 1.0 1.0 1.0 1.0 0.9375000000000007 0.8750000000000013 0.7875000000000015 0.0875000000000006 0.6125000000000003 0.8750000000000013 0.9125000000000008 1.0 1.0 1.0 1.0 0.7375000000000005 0.11249999999999885 
0.0 0.7000000000000003 1.0 1.0 1.0 1.0 0.5975000000000004 0.21250000000000036 0.0 0.0 0.0 0.0 0.0 0.12749999999999975 0.48250000000000043 0.9424999999999992 1.0 1.0 1.0 0.9000000000000004 
0.0 0.7000000000000003 1.0 1.0 1.0 1.0 0.2999999999999998 0.0 0.0 0.0 0.0 0.0 0.0 0.0 0.09749999999999971 0.8774999999999991 0.9925000000000002 0.9875000000000003 0.9750000000000005 0.8775000000000008 
0.0 0.7000000000000003 1.0 1.0 1.0 1.0 0.2999999999999998 0.0 0.0 0.0 0.0 0.0 0.0 0.0 0.0 0.0 0.3674999999999999 0.2625000000000002 0.0 0.0 
0.0 0.7000000000000003 1.0 1.0 1.0 1.0 0.2999999999999998 0.0 0.0 0.0 0.0 0.0 0.0 0.0 0.0 0.0 0.0 0.0 0.0 0.0 
0.0 0.43750000000000017 0.8125000000000001 1.0 1.0 1.0 1.0 0.6875 0.375 0.33750000000000013 0.0375000000000002 0.0 0.0 0.0 0.0 0.0 0.0 0.0 0.0 0.0 
0.0 0.0 0.5000000000000002 1.0 1.0 1.0 1.0 1.0 1.0 0.9825000000000002 0.842500000000001 0.8250000000000011 0.8250000000000011 0.5775000000000017 0.0 0.0 0.0 0.0 0.0 0.0 
0.0 0.0 0.0 0.0 0.07249999999999986 0.652499999999998 0.7249999999999979 0.8624999999999989 1.0 1.0 1.0 1.0 1.0 1.0 1.0 1.0 0.49250000000000205 0.13750000000000107 0.0 0.0 
0.0 0.0 0.0 0.0 0.0 0.0 0.0 0.1374999999999993 0.2749999999999986 0.3474999999999985 0.9274999999999994 1.0 1.0 1.0 1.0 1.0 1.0 0.8625000000000007 0.5075000000000017 0.0 
0.0 0.0 0.0 0.0 0.0 0.0 0.0 0.0 0.0 0.0 0.0 0.0 0.41249999999999787 0.8774999999999968 1.0 1.0 1.0 1.0 0.7525000000000022 0.1575000000000039 
0.0 0.0 0.0 0.0 0.0 0.0 0.0 0.0 0.0 0.0 0.0 0.0 0.0 0.11249999999999853 0.43749999999999656 0.9374999999999988 1.0 1.0 1.0 0.9000000000000004 
0.0 0.0 0.0 0.0 0.0 0.0 0.0 0.0 0.0 0.0 0.0 0.0 0.0 0.0 0.09999999999999964 0.8999999999999986 1.0 1.0 1.0 0.9000000000000004 
0.0 0.36750000000000166 0.5250000000000021 0.5250000000000021 0.47250000000000186 0.05250000000000026 0.0 0.0 0.0 0.0 0.0 0.0 0.0 0.0 0.09999999999999964 0.8999999999999986 1.0 1.0 1.0 0.9000000000000004 
0.8775000000000048 0.9925000000000015 1.0 1.0 0.8999999999999999 0.10000000000000009 0.0 0.0 0.0 0.0 0.0 0.0 0.0 0.0 0.09999999999999964 0.8999999999999986 1.0 1.0 1.0 0.9000000000000004 
0.0 0.7000000000000003 1.0 1.0 1.0 1.0 0.5975000000000029 0.21250000000000213 0.0 0.0 0.0 0.0 0.21250000000000213 0.5975000000000024 1.0 1.0 1.0 1.0 0.7000000000000011 0.0 
0.0 0.08749999999999755 0.5624999999999984 1.0 1.0 1.0 1.0 0.9375000000000018 0.8750000000000036 0.8750000000000036 0.8750000000000036 0.8750000000000036 0.9375000000000018 1.0 1.0 1.0 1.0 0.5624999999999982 0.08749999999999765 0.0 
0.0 0.0 0.0 0.20249999999999826 0.7074999999999942 0.9674999999999994 1.0 1.0 1.0 1.0 1.0 1.0 1.0 1.0 0.9674999999999995 0.7074999999999947 0.20249999999999857 0.0 0.0 0.0 
0.0 0.0 0.0 0.0 0.02249999999999945 0.20249999999999485 0.22499999999999432 0.6124999999999972 1.0 1.0 1.0 1.0 0.6124999999999972 0.22499999999999432 0.20249999999999496 0.022499999999999753 0.0 0.0 0.0 0.0 
