0.0 0.0 0.0 0.14250000000000307 0.5275000000000039 1.0 1.0 1.0 1.0 1.0 1.0 1.0 1.0 1.0 0.4225000000000069 0.3000000000000078 0.14250000000000415 0.0 0.0 0.0 
0.0 0.0 0.5625000000000028 0.9475000000000036 1.0 1.0 1.0 1.0 1.0 1.0 1.0 1.0 1.0 1.0 1.0 1.0 0.9475000000000039 0.5625000000000078 0.0 0.0 
0.0 0.774999999999998 1.0 1.0 1.0 1.0 0.9875000000000009 0.5624999999999951 0.49999999999999334 0.49999999999999334 0.49999999999999334 0.49999999999999334 0.5624999999999925 0.9874999999999987 1.0 1.0 1.0 1.0 0.7750000000000021 0.0 
0.924999999999998 1.0 1.0 1.0 0.9674999999999983 0.7424999999999969 0.0 0.0 0.0 0.0 0.0 0.0 0.0 0.0 0.7424999999999945 0.9674999999999978 1.0 1.0 0.7975000000000032 0.09250000000000586 
0.924999999999998 1.0 1.0 1.0 0.675000000000002 0.0 0.0 0.0 0.0 0.0 0.0 0.0 0.0 0.0 0.0 0.6749999999999972 1.0 1.0 1.0 0.9250000000000043 
0.924999999999998 1.0 1.0 1.0 0.675000000000002 0.0 0.0 0.0 0.0 0.0 0.0 0.0 0.0 0.0 0.0 0.6749999999999972 1.0 1.0 1.0 0.9250000000000043 
0.924999999999998 1.0 1.0 1.0 0.675000000000002 0.0 0.0 0.0 0.0 0.0 0.0 0.0 0.0 0.0 0.0 0.6749999999999972 1.0 1.0 1.0 0.9250000000000043 
0.924999999999998 1.0 1.0 1.0 0.675000000000002 0.0 0.0 0.0 0.0 0.0 0.0 0.0 0.0 0.0 0.0 0.6749999999999972 1.0 1.0 1.0 0.9250000000000043 
0.924999999999998 1.0 1.0 1.0 0.675000000000002 0.0 0.0 0.0 0.0 0.0 0.0 0.0 0.0 0.0 0.0 0.6749999999999972 1.0 1.0 1.0 0.9250000000000043 
0.924999999999998 1.0 1.0 1.0 0.675000000000002 0.0 0.0 0.0 0.0 0.0 0.0 0.0 0.0 0.0 0.0 0.6749999999999972 1.0 1.0 1.0 0.9250000000000043 
0.924999999999998 1.0 1.0 1.0 0.675000000000002 0.0 0.0 0.0 0.0 0.0 0.0 0.0 0.0 0.0 0.0 0.6749999999999972 1.0 1.0 1.0 0.9250000000000043 
0.924999999999998 1.0 1.0 1.0 0.675000000000002 0.0 0.0 0.0 0.0 0.0 0.0 0.0 0.0 0.0 0.0 0.6749999999999972 1.0 1.0 1.0 0.9250000000000043 
0.924999999999998 1.0 1.0 1.0 0.675000000000002 0.0 0.0 0.0 0.0 0.0 0.0 0.0 0.0 0.0 0.0 0.6749999999999972 1.0 1.0 1.0 0.9250000000000043 
0.924999999999998 1.0 1.0 1.0 0.675000000000002 0.0 0.0 0.0 0.0 0.0 0.0 0.0 0.0 0.0 0.0 0.6749999999999972 1.0 1.0 1.0 0.9250000000000043 
0.924999999999998 1.0 1.0 1.0 0.675000000000002 0.0 0.0 0.0 0.0 0.0 0.0 0.0 0.0 0.0 0.0 0.6749999999999972 1.0 1.0 1.0 0.9250000000000043 
0.647499999999998 0.9324999999999992 1.0 1.0 0.7725000000000017 0.24750000000000116 0.0 0.0 0.0 0.0 0.0 0.0 0.0 0.0 0.0 0.6749999999999972 1.0 1.0 1.0 0.9250000000000043 
0.0 0.774999999999998 1.0 1.0 1.0 0.825000000000002 0.0 0.0 0.0 0.0 0.0 0.0 0.0 0.0 0.7424999999999982 0.9674999999999992 1.0 1.0 1.0 0.9250000000000043 
0.0 0.3875000000000018 0.8125000000000003 1.0 1.0 1.0 1.0 1.0 0.6374999999999985 0.49999999999999645 0.49999999999999645 0.49999999999999645 0.5624999999999951 0.9874999999999988 1.0 1.0 1.0 1.0 0.7750000000000021 0.0 
0.0 0.0 0.0 0.4274999999999991 0.9000000000000021 0.9175000000000015 1.0 1.0 1.0 1.0 1.0 1.0 1.0 1.0 1.0 0.9325000000000018 0.9000000000000021 0.5625000000000046 0.0 0.0 
0.0 0.0 0.0 0.0 0.0 0.05250000000000016 0.31750000000000256 0.9124999999999993 1.0 1.0 1.0 1.0 0.912500000000003 0.31750000000000567 0.30000000000000426 0.09750000000000224 0.0 0.0 0.0 0.0 
