0.0 0.0 0.0 0.0 0.16500000000000123 0.30000000000000426 0.545 1.0 1.0 1.0 1.0 1.0 1.0 0.5450000000000075 0.30000000000000426 0.1650000000000047 0.0 0.0 0.0 0.0 
0.0 0.0 0.0 0.585 0.9550000000000016 1.0 1.0 1.0 1.0 1.0 1.0 1.0 1.0 1.0 1.0 0.9550000000000027 0.5850000000000095 0.0 0.0 0.0 
0.0 0.0 0.7499999999999969 1.0 1.0 1.0 1.0 0.8750000000000011 0.49999999999999556 0.49999999999999556 0.49999999999999556 0.49999999999999556 0.8749999999999962 1.0 1.0 1.0 1.0 0.8750000000000047 0.42500000000000804 0.0 
0.0 0.8499999999999972 1.0 1.0 1.0 0.9549999999999982 0.5850000000000003 0.0 0.0 0.0 0.0 0.0 0.0 0.5849999999999906 0.9549999999999971 1.0 1.0 1.0 0.8500000000000085 0.0 
0.6650000000000027 0.9549999999999998 1.0 1.0 1.0 0.5500000000000043 0.0 0.0 0.0 0.0 0.0 0.0 0.0 0.0 0.5499999999999936 1.0 1.0 1.0 0.9550000000000032 0.6650000000000114 
0.0 0.8499999999999972 1.0 1.0 1.0 0.5500000000000043 0.0 0.0 0.0 0.0 0.0 0.0 0.0 0.0 0.0 0.3149999999999926 0.6999999999999957 0.6999999999999957 0.6999999999999957 0.6650000000000029 
0.0 0.8499999999999972 1.0 1.0 1.0 0.5500000000000043 0.0 0.0 0.0 0.0 0.0 0.0 0.0 0.0 0.0 0.0 0.0 0.0 0.0 0.0 
0.0 0.8499999999999972 1.0 1.0 1.0 0.5500000000000043 0.0 0.0 0.0 0.0 0.0 0.0 0.0 0.0 0.0 0.0 0.0 0.0 0.0 0.0 
0.0 0.8499999999999972 1.0 1.0 1.0 0.5500000000000043 0.0 0.0 0.0 0.004999999999999787 0.09500000000000412 0.10000000000000497 0.10000000000000497 0.10000000000000497 0.10000000000000497 0.10000000000000497 0.10000000000000497 0.10000000000000497 0.08500000000000509 0.0 
0.0 0.8499999999999972 1.0 1.0 1.0 0.5500000000000043 0.0 0.0 0.0 0.04999999999999538 0.949999999999994 1.0 1.0 1.0 1.0 1.0 1.0 1.0 0.9550000000000032 0.6650000000000114 
0.0 0.8499999999999972 1.0 1.0 1.0 0.5500000000000043 0.0 0.0 0.0 0.04999999999999538 0.949999999999994 1.0 1.0 1.0 1.0 1.0 1.0 1.0 1.0 0.95000000000001 
0.0 0.8499999999999972 1.0 1.0 1.0 0.5500000000000043 0.0 0.0 0.0 0.004999999999999254 0.09499999999999399 0.09999999999999432 0.09999999999999432 0.09999999999999432 0.09999999999999432 0.5049999999999899 1.0 1.0 1.0 0.95000000000001 
0.0 0.8499999999999972 1.0 1.0 1.0 0.5500000000000043 0.0 0.0 0.0 0.0 0.0 0.0 0.0 0.0 0.0 0.4499999999999922 1.0 1.0 1.0 0.95000000000001 
0.0 0.8499999999999972 1.0 1.0 1.0 0.5500000000000043 0.0 0.0 0.0 0.0 0.0 0.0 0.0 0.0 0.0 0.4499999999999922 1.0 1.0 1.0 0.95000000000001 
0.0 0.8499999999999972 1.0 1.0 1.0 0.5500000000000043 0.0 0.0 0.0 0.0 0.0 0.0 0.0 0.0 0.0 0.4499999999999922 1.0 1.0 1.0 0.95000000000001 
0.0 0.8499999999999972 1.0 1.0 1.0 0.5500000000000043 0.0 0.0 0.0 0.0 0.0 0.0 0.0 0.0 0.0 0.4499999999999922 1.0 1.0 1.0 0.95000000000001 
0.0 0.8499999999999972 1.0 1.0 1.0 0.955000000000003 0.5850000000000072 0.0 0.0 0.0 0.0 0.0 0.0 0.0 0.4949999999999974 0.9450000000000024 1.0 1.0 1.0 0.95000000000001 
0.0 0.0 0.3749999999999931 0.824999999999996 1.0 1.0 1.0 0.875000000000004 0.5000000000000071 0.5000000000000071 0.5000000000000071 0.5000000000000071 0.5000000000000071 0.5000000000000071 0.775 1.0 1.0 1.0 0.8500000000000085 0.0 
0.0 0.0 0.0 0.5849999999999939 0.9549999999999974 1.0 1.0 1.0 1.0 1.0 1.0 1.0 1.0 1.0 1.0 1.0 0.964999999999999 0.6750000000000027 0.0 0.0 
0.0 0.0 0.0 0.0 0.16499999999999537 0.2999999999999936 0.2999999999999936 0.4749999999999921 1.0 1.0 1.0 1.0 1.0 1.0 0.6150000000000009 0.2999999999999936 0.1949999999999981 0.0 0.0 0.0 
