0.0 0.0 0.0 0.0 0.16500000000000123 0.30000000000000426 0.545 1.0 1.0 1.0 1.0 1.0 1.0 1.0 0.6150000000000069 0.1650000000000047 0.0 0.0 0.0 0.0 
0.0 0.0 0.0 0.585 0.9550000000000016 1.0 1.0 1.0 1.0 1.0 1.0 1.0 1.0 1.0 1.0 0.9550000000000027 0.5850000000000095 0.0 0.0 0.0 
0.0 0.4250000000000024 0.8749999999999996 1.0 1.0 1.0 0.8250000000000004 0.49999999999999556 0.4249999999999987 0.0 0.0 0.4249999999999934 0.49999999999999556 0.8249999999999951 1.0 1.0 1.0 0.8750000000000047 0.42500000000000804 0.0 
0.0 0.8499999999999972 1.0 1.0 1.0 0.9549999999999982 0.5850000000000003 0.0 0.0 0.0 0.0 0.0 0.0 0.0 0.5499999999999936 1.0 1.0 1.0 0.8500000000000085 0.0 
0.6650000000000027 0.9549999999999998 1.0 1.0 0.615 0.16499999999999873 0.0 0.0 0.0 0.0 0.0 0.0 0.0 0.0 0.16499999999999554 0.614999999999992 1.0 1.0 0.9550000000000032 0.6650000000000114 
0.9499999999999975 1.0 1.0 1.0 0.45000000000000373 0.0 0.0 0.0 0.0 0.0 0.0 0.0 0.0 0.0 0.0 0.4499999999999922 1.0 1.0 1.0 0.95000000000001 
0.9499999999999975 1.0 1.0 1.0 0.45000000000000373 0.0 0.0 0.0 0.0 0.0 0.0 0.0 0.0 0.0 0.0 0.4499999999999922 1.0 1.0 1.0 0.95000000000001 
0.9499999999999975 1.0 1.0 1.0 0.45000000000000373 0.0 0.0 0.0 0.0 0.0 0.0 0.0 0.0 0.0 0.0 0.4499999999999922 1.0 1.0 1.0 0.95000000000001 
0.9499999999999975 1.0 1.0 1.0 0.45000000000000373 0.0 0.0 0.0 0.0 0.0 0.0 0.0 0.0 0.0 0.0 0.4499999999999922 1.0 1.0 1.0 0.95000000000001 
0.9499999999999975 1.0 1.0 1.0 0.45000000000000373 0.0 0.0 0.0 0.0 0.0 0.0 0.0 0.0 0.0 0.0 0.4499999999999922 1.0 1.0 1.0 0.95000000000001 
0.9499999999999975 1.0 1.0 1.0 0.45000000000000373 0.0 0.0 0.0 0.0 0.0 0.0 0.0 0.0 0.0 0.0 0.4499999999999922 1.0 1.0 1.0 0.95000000000001 
0.9499999999999975 1.0 1.0 1.0 0.45000000000000373 0.0 0.0 0.0 0.0 0.0 0.0 0.0 0.0 0.0 0.0 0.4499999999999922 1.0 1.0 1.0 0.95000000000001 
0.9499999999999975 1.0 1.0 1.0 0.45000000000000373 0.0 0.0 0.0 0.0 0.0 0.0 0.0 0.0 0.0 0.0 0.4499999999999922 1.0 1.0 1.0 0.95000000000001 
0.9499999999999975 1.0 1.0 1.0 0.45000000000000373 0.0 0.0 0.0 0.0 0.0 0.0 0.0 0.0 0.0 0.0 0.4499999999999922 1.0 1.0 1.0 0.95000000000001 
0.9499999999999975 1.0 1.0 1.0 0.45000000000000373 0.0 0.0 0.0 0.0 0.0 0.0 0.0 0.0 0.0 0.0 0.4499999999999922 1.0 1.0 1.0 0.95000000000001 
0.0 0.8499999999999972 1.0 1.0 0.6150000000000049 0.16500000000000362 0.0 0.0 0.0 0.0 0.0 0.0 0.0 0.0 0.16500000000000042 0.6149999999999969 1.0 1.0 0.9550000000000018 0.6650000000000029 
0.0 0.8499999999999972 1.0 1.0 1.0 0.5500000000000043 0.0 0.0 0.0 0.0 0.0 0.0 0.0 0.0 0.5499999999999936 1.0 1.0 1.0 0.8500000000000085 0.0 
0.0 0.42499999999999255 0.8749999999999967 1.0 1.0 1.0 0.8250000000000044 0.5000000000000071 0.5000000000000071 0.5000000000000071 0.5000000000000071 0.5000000000000071 0.5000000000000071 0.8249999999999991 1.0 1.0 1.0 0.8750000000000018 0.4249999999999982 0.0 
0.0 0.0 0.0 0.5849999999999939 0.9549999999999974 1.0 1.0 1.0 1.0 1.0 1.0 1.0 1.0 1.0 1.0 0.9549999999999985 0.5850000000000035 0.0 0.0 0.0 
0.0 0.0 0.0 0.0 0.16499999999999537 0.2999999999999936 0.544999999999993 1.0 1.0 1.0 1.0 1.0 1.0 0.5450000000000006 0.2999999999999936 0.16499999999999881 0.0 0.0 0.0 0.0 
