0.0 0.0 0.0 0.0 0.16500000000000123 0.30000000000000426 0.545 1.0 1.0 1.0 1.0 1.0 1.0 0.5450000000000075 0.30000000000000426 0.1650000000000047 0.0 0.0 0.0 0.0 
0.0 0.0 0.0 0.585 0.9550000000000016 1.0 1.0 1.0 1.0 1.0 1.0 1.0 1.0 1.0 1.0 0.9550000000000027 0.5850000000000095 0.0 0.0 0.0 
0.0 0.0 0.7499999999999969 1.0 1.0 1.0 1.0 0.8750000000000011 0.49999999999999556 0.49999999999999556 0.49999999999999556 0.49999999999999556 0.8749999999999962 1.0 1.0 1.0 1.0 0.8750000000000047 0.42500000000000804 0.0 
0.0 0.8499999999999972 1.0 1.0 1.0 0.9549999999999982 0.5850000000000003 0.0 0.0 0.0 0.0 0.0 0.0 0.0 0.5499999999999936 1.0 1.0 1.0 0.8650000000000084 0.09500000000000572 
0.0 0.8499999999999972 1.0 1.0 0.615 0.16499999999999873 0.0 0.0 0.0 0.0 0.0 0.0 0.0 0.0 0.16499999999999554 0.614999999999992 1.0 1.0 1.0 0.95000000000001 
0.2850000000000033 0.8949999999999987 1.0 1.0 0.45000000000000373 0.0 0.0 0.0 0.0 0.0 0.0 0.0 0.0 0.0 0.0 0.4499999999999922 1.0 1.0 1.0 0.95000000000001 
0.9499999999999975 1.0 1.0 1.0 0.45000000000000373 0.0 0.0 0.0 0.0 0.0 0.0 0.0 0.0 0.0 0.0 0.4499999999999922 1.0 1.0 1.0 0.95000000000001 
0.9499999999999975 1.0 1.0 1.0 0.45000000000000373 0.0 0.0 0.0 0.0 0.0 0.0 0.0 0.0 0.0 0.0 0.4499999999999922 1.0 1.0 1.0 0.95000000000001 
0.9499999999999975 1.0 1.0 1.0 0.45000000000000373 0.0 0.0 0.0 0.0 0.0 0.0 0.0 0.0 0.0 0.0 0.4499999999999922 1.0 1.0 1.0 0.95000000000001 
0.9499999999999975 1.0 1.0 1.0 0.45000000000000373 0.0 0.0 0.0 0.0 0.0 0.0 0.0 0.0 0.0 0.0 0.4499999999999922 1.0 1.0 1.0 0.95000000000001 
0.9499999999999975 1.0 1.0 1.0 0.45000000000000373 0.0 0.0 0.0 0.0 0.0 0.0 0.0 0.0 0.0 0.0 0.4499999999999922 1.0 1.0 1.0 0.95000000000001 
0.9499999999999975 1.0 1.0 1.0 0.45000000000000373 0.0 0.0 0.0 0.0 0.0 0.0 0.0 0.0 0.0 0.0 0.4499999999999922 1.0 1.0 1.0 0.95000000000001 
0.9499999999999975 1.0 1.0 1.0 0.45000000000000373 0.0 0.0 0.0 0.0 0.0 0.0 0.0 0.0 0.0 0.0 0.4499999999999922 1.0 1.0 1.0 0.95000000000001 
0.9499999999999975 1.0 1.0 1.0 0.45000000000000373 0.0 0.0 0.0 0.0 0.0 0.0 0.0 0.0 0.0 0.0 0.4499999999999922 1.0 1.0 1.0 0.95000000000001 
0.9499999999999975 1.0 1.0 1.0 0.45000000000000373 0.0 0.0 0.0 0.0 0.0 0.0 0.0 0.0 0.0 0.0 0.4499999999999922 1.0 1.0 1.0 0.95000000000001 
0.6649999999999943 0.9549999999999985 1.0 1.0 0.6150000000000049 0.16500000000000362 0.0 0.0 0.0 0.0 0.0 0.0 0.0 0.0 0.16500000000000042 0.6149999999999969 1.0 1.0 0.8500000000000085 0.0 
0.0 0.8499999999999972 1.0 1.0 1.0 0.5500000000000043 0.0 0.0 0.0 0.0 0.0 0.0 0.0 0.0 0.5499999999999936 1.0 1.0 1.0 0.8500000000000085 0.0 
0.0 0.42499999999999255 0.8749999999999967 1.0 1.0 1.0 0.8250000000000044 0.37500000000000755 0.0 0.0 0.0 0.4250000000000032 0.5000000000000071 0.8249999999999991 1.0 1.0 1.0 0.8750000000000018 0.4249999999999982 0.0 
0.0 0.0 0.6749999999999935 0.964999999999998 1.0 1.0 1.0 1.0 1.0 1.0 1.0 1.0 1.0 1.0 1.0 0.9549999999999985 0.5850000000000035 0.0 0.0 0.0 
0.0 0.0 0.0 0.19499999999999487 0.2999999999999936 0.6149999999999936 1.0 1.0 1.0 1.0 1.0 1.0 1.0 1.0 0.6150000000000009 0.16499999999999881 0.0 0.0 0.0 0.0 
