0.0 0.0 0.0 0.0 0.0 0.4249999999999893 0.42499999999999005 0.42499999999999005 0.42499999999999005 1.0 0.42499999999999005 0.42499999999999005 0.42499999999999005 0.42499999999999005 0.42499999999999005 0.0 0.0 0.0 0.0 0.0 
0.0 0.0 0.0 0.274999999999991 0.9999999999999987 1.0 1.0 1.0 1.0 1.0 1.0 1.0 1.0 1.0 1.0 1.0 0.2749999999999915 0.0 0.0 0.0 
0.0 0.0 0.9999999999999978 1.0 1.0 1.0 1.0 1.0 1.0 1.0 1.0 1.0 1.0 1.0 1.0 1.0 1.0 1.0 0.1249999999999929 0.0 
0.0 0.974999999999992 1.0 1.0 1.0 1.0 1.0 0.02500000000000655 0.025000000000005684 0.025000000000005684 0.025000000000005684 0.025000000000005684 0.025000000000005684 1.0 1.0 1.0 1.0 1.0 1.0 0.0 
0.8249999999999935 0.9999999999999996 1.0 1.0 1.0 1.0 0.17500000000000498 1.554312234475257e-16 0.0 0.0 0.0 0.0 0.0 0.0 0.17500000000000426 1.0 1.0 1.0 1.0 1.0 
0.9999999999999973 1.0 1.0 1.0 1.0 1.0 8.881784197001252e-16 0.0 0.0 0.0 0.0 0.0 0.0 0.0 0.0 1.0 1.0 1.0 1.0 1.0 
0.9999999999999973 1.0 1.0 1.0 1.0 1.7763568394002505e-15 0.0 0.0 0.0 0.0 0.0 0.0 0.0 0.0 0.0 0.0 0.0 0.0 0.0 0.0 
0.374999999999999 0.9999999999999984 1.0 1.0 1.0 1.7763568394002505e-15 0.0 0.0 0.0 0.0 0.0 0.0 0.0 0.0 0.0 0.0 0.0 0.0 0.0 0.0 
0.7749999999999965 0.9999999999999994 1.0 1.0 1.0 1.7763568394002505e-15 0.0 0.0 0.0 0.0 0.0 0.22500000000000142 0.22500000000000142 0.22500000000000142 0.22500000000000142 0.22500000000000142 0.22500000000000142 0.22500000000000142 0.22500000000000142 0.22500000000000142 
0.9999999999999973 1.0 1.0 1.0 1.0 1.7763568394002505e-15 0.0 0.0 0.0 0.0 1.0 1.0 1.0 1.0 1.0 1.0 1.0 1.0 1.0 1.0 
0.07499999999999554 0.9999999999999978 1.0 1.0 1.0 1.7763568394002505e-15 0.0 0.0 0.0 0.0 1.0 1.0 1.0 1.0 1.0 1.0 1.0 1.0 1.0 1.0 
0.0 0.9999999999999976 1.0 1.0 1.0 1.7763568394002505e-15 0.0 0.0 0.0 0.0 0.22499999999999432 0.22499999999999432 0.22499999999999432 0.22499999999999432 0.22499999999999432 1.0 1.0 1.0 1.0 1.0 
0.0 0.9999999999999976 1.0 1.0 1.0 1.7763568394002505e-15 0.0 0.0 0.0 0.0 0.0 0.0 0.0 0.0 0.0 1.0 1.0 1.0 1.0 1.0 
0.47500000000000725 0.9999999999999987 1.0 1.0 1.0 1.7763568394002505e-15 0.0 0.0 0.0 0.0 0.0 0.0 0.0 0.0 0.0 1.0 1.0 1.0 1.0 1.0 
0.6749999999999883 0.9999999999999992 1.0 1.0 1.0 1.0 8.881784197001252e-16 0.0 0.0 0.0 0.0 0.0 0.0 0.0 0.0 1.0 1.0 1.0 1.0 1.0 
0.0 0.9999999999999976 1.0 1.0 1.0 1.0 8.881784197001252e-16 0.0 0.0 0.0 0.0 0.0 0.0 0.0 0.0 1.0 1.0 1.0 1.0 1.0 
0.0 0.9999999999999976 1.0 1.0 1.0 1.0 1.0 0.025000000000013657 2.220446049251449e-17 0.0 0.0 0.0 0.0 0.02500000000001279 1.0 1.0 1.0 1.0 1.0 0.0 
0.0 0.12499999999998548 0.999999999999998 1.0 1.0 1.0 1.0 1.0 0.8750000000000143 0.8750000000000142 0.8750000000000142 0.8750000000000142 0.8750000000000142 1.0 1.0 1.0 1.0 1.0 1.0 0.0 
0.0 0.0 0.27499999999998376 0.27499999999998437 0.9999999999999987 1.0 1.0 1.0 1.0 1.0 1.0 1.0 1.0 1.0 1.0 1.0 1.0 0.27499999999998437 0.0 0.0 
0.0 0.0 0.0 0.0 0.0 0.42499999999998217 0.42499999999998295 0.42499999999998295 0.9999999999999994 1.0 1.0 1.0 1.0 0.42499999999998295 0.42499999999998295 0.0 0.0 0.0 0.0 0.0 
