0.0 0.0 0.0 0.0 0.0 0.0 0.0 0.6250000000000009 1.0 1.0 1.0 1.0 1.0 0.6749999999999972 0.0 0.0 0.0 0.0 0.0 0.0 
0.0 0.0 0.0 0.0 0.0 0.0 0.0 0.6250000000000009 1.0 1.0 1.0 1.0 1.0 0.7156249999999986 0.09062500000000187 0.0 0.0 0.0 0.0 0.0 
0.0 0.0 0.0 0.0 0.0 0.0 0.0 0.6250000000000009 1.0 1.0 1.0 1.0 1.0 1.0 0.7249999999999943 0.0 0.0 0.0 0.0 0.0 
0.0 0.0 0.0 0.0 0.0 0.0 0.6749999999999998 1.0 1.0 1.0 1.0 1.0 1.0 1.0 0.7249999999999943 0.0 0.0 0.0 0.0 0.0 
0.0 0.0 0.0 0.0 0.0 0.0 0.6749999999999998 1.0 1.0 1.0 1.0 1.0 1.0 1.0 0.8281249999999971 0.2906250000000002 0.0 0.0 0.0 0.0 
0.0 0.0 0.0 0.0 0.0 0.09062500000000125 0.7156250000000004 1.0 1.0 1.0 1.0 1.0 1.0 1.0 1.0 0.774999999999995 0.0 0.0 0.0 0.0 
0.0 0.0 0.0 0.0 0.0 0.7249999999999996 1.0 1.0 1.0 1.0 1.0 1.0 1.0 1.0 1.0 0.774999999999995 0.0 0.0 0.0 0.0 
0.0 0.0 0.0 0.0 0.0 0.7249999999999996 1.0 1.0 1.0 0.6718749999999978 0.3749999999999982 0.6406250000000017 1.0 1.0 1.0 0.774999999999995 0.0 0.0 0.0 0.0 
0.0 0.0 0.0 0.0 0.774999999999999 1.0 1.0 1.0 1.0 0.47499999999999787 0.0 0.42500000000000426 1.0 1.0 1.0 1.0 0.8249999999999957 0.0 0.0 0.0 
0.0 0.0 0.0 0.0 0.774999999999999 1.0 1.0 1.0 0.9281249999999999 0.41562499999999813 0.0 0.42500000000000426 1.0 1.0 1.0 1.0 0.8249999999999957 0.0 0.0 0.0 
0.0 0.0 0.0 0.7218749999999986 0.9718749999999998 1.0 1.0 1.0 0.42499999999999893 0.0 0.0 0.05312500000000053 0.4531250000000031 1.0 1.0 1.0 0.8249999999999957 0.0 0.0 0.0 
0.0 0.0 0.0 0.8249999999999984 1.0 1.0 1.0 1.0 0.42499999999999893 0.0 0.0 0.0 0.37500000000000355 1.0 1.0 1.0 1.0 0.8749999999999929 0.0 0.0 
0.0 0.0 0.3281249999999992 0.890624999999999 1.0 1.0 1.0 0.3749999999999991 0.0 0.0 0.0 0.0 0.37500000000000355 1.0 1.0 1.0 1.0 0.8749999999999929 0.0 0.0 
0.0 0.0 0.874999999999998 1.0 1.0 1.0 1.0 0.3749999999999991 0.0 0.0 0.0 0.0 0.3281250000000031 0.9156250000000004 1.0 1.0 1.0 1.0 0.9249999999999936 0.0 
0.0 0.0 0.874999999999998 1.0 1.0 1.0 1.0 0.3749999999999991 0.0 0.0 0.0 0.0 0.0 0.32500000000000284 1.0 1.0 1.0 1.0 0.9249999999999936 0.0 
0.0 0.9249999999999975 1.0 1.0 1.0 1.0 1.0 1.0 1.0 1.0 1.0 1.0 1.0 1.0 1.0 1.0 1.0 1.0 0.9249999999999936 0.0 
0.0 0.9249999999999975 1.0 1.0 1.0 1.0 1.0 1.0 1.0 1.0 1.0 1.0 1.0 1.0 1.0 1.0 1.0 1.0 1.0 0.9749999999999908 
0.974999999999997 1.0 1.0 1.0 1.0 0.909375 0.875 0.875 0.875 0.875 0.875 0.875 0.875 0.875 0.9093750000000007 1.0 1.0 1.0 1.0 0.9749999999999908 
0.974999999999997 1.0 1.0 1.0 1.0 0.27500000000000036 0.0 0.0 0.0 0.0 0.0 0.0 0.0 0.0 0.2750000000000057 1.0 1.0 1.0 1.0 0.9749999999999908 
0.974999999999997 1.0 1.0 1.0 0.5156250000000007 0.10312500000000013 0.0 0.0 0.0 0.0 0.0 0.0 0.0 0.0 0.0 0.22500000000000497 1.0 1.0 1.0 0.9749999999999908 
