0.0 0.0 0.0 9.325873406851353e-16 0.35000000000000314 1.0 1.0 1.0 1.0 1.0 1.0 1.0 0.9999999999999966 0.34999999999999953 0.0 0.0 0.0 0.0 0.0 0.0 
0.0 1.9984014443252818e-15 1.0 1.0 1.0 1.0 1.0 0.9999999999999998 0.9499999999999988 0.9499999999999988 0.9499999999999991 1.0 1.0 1.0 1.0 0.9999999999999949 0.0500000000000008 0.0 0.0 0.0 
1.3322676295501894e-15 0.7500000000000013 1.0 1.0 1.0 0.999999999999998 0.2499999999999991 0.24999999999999822 0.0 0.0 8.881784197001221e-16 0.2499999999999991 0.2500000000000031 1.0 1.0 1.0 0.9999999999999982 0.7499999999999956 0.0 0.0 
0.45000000000000207 1.0 1.0 1.0 0.9999999999999973 0.0 0.0 0.0 0.0 0.0 0.0 0.0 0.0 2.9309887850104076e-15 0.5500000000000014 1.0 1.0 0.9999999999999961 0.44999999999999785 0.0 
1.0 1.0 1.0 0.9999999999999973 0.0 0.0 0.0 0.0 0.0 0.0 0.0 0.0 0.0 0.0 4.529709940470637e-15 0.8500000000000004 1.0 1.0 0.9999999999999929 0.0 
1.0 1.0 1.0 0.9999999999999973 0.0 0.0 0.0 0.0 0.0 0.0 0.0 0.0 0.0 0.0 0.0 7.993605777301146e-16 0.15000000000000036 0.15000000000000036 0.1499999999999993 0.0 
1.0 1.0 1.0 0.9999999999999973 0.0 0.0 0.0 0.0 0.0 0.0 0.0 0.0 0.0 0.0 0.0 0.0 0.0 0.0 0.0 0.0 
1.0 1.0 1.0 0.9999999999999973 0.0 0.0 0.0 0.0 0.0 0.0 0.0 0.0 0.0 0.0 0.0 0.0 0.0 0.0 0.0 0.0 
1.0 1.0 1.0 0.9999999999999973 0.0 0.0 0.0 0.0 0.0 0.0 0.0 0.0 0.0 0.0 0.0 0.0 0.0 0.0 0.0 0.0 
1.0 1.0 1.0 0.9999999999999973 0.0 0.0 0.0 0.0 0.0 2.3092638912203206e-15 0.6499999999999998 1.0 1.0 0.9999999999999981 0.6499999999999986 0.6499999999999986 0.6499999999999986 0.6499999999999986 0.6499999999999986 0.6499999999999939 
1.0 1.0 1.0 0.9999999999999973 0.0 0.0 0.0 0.0 0.0 2.309263891220333e-15 0.6500000000000034 1.0 1.0 1.0 1.0 1.0 1.0 1.0 1.0 0.9999999999999929 
1.0 1.0 1.0 0.9999999999999973 0.0 0.0 0.0 0.0 0.0 0.0 0.0 0.0 0.0 0.0 5.062616992290729e-15 0.9500000000000031 1.0 1.0 1.0 0.9999999999999929 
1.0 1.0 1.0 0.9999999999999973 0.0 0.0 0.0 0.0 0.0 0.0 0.0 0.0 0.0 0.0 0.0 5.329070518200751e-15 1.0 1.0 1.0 0.9999999999999929 
1.7763568394002505e-15 1.0 1.0 0.9999999999999986 0.44999999999999807 0.0 0.0 0.0 0.0 0.0 0.0 0.0 0.0 0.0 0.0 5.329070518200751e-15 1.0 1.0 1.0 0.9999999999999929 
1.7763568394002505e-15 1.0 1.0 1.0 0.9999999999999973 0.0 0.0 0.0 0.0 0.0 0.0 0.0 0.0 0.0 0.0 5.329070518200751e-15 1.0 1.0 1.0 0.9999999999999929 
1.7763568394002505e-15 1.0 1.0 1.0 0.9999999999999973 0.0 0.0 0.0 0.0 0.0 0.0 0.0 0.0 0.0 0.0 5.329070518200751e-15 1.0 1.0 1.0 0.9999999999999929 
1.7763568394002505e-15 1.0 1.0 1.0 0.9999999999999973 0.0 0.0 0.0 0.0 0.0 0.0 0.0 0.0 0.0 2.930988785010398e-15 0.5499999999999996 1.0 1.0 1.0 0.9999999999999929 
0.0 1.4988010832439684e-15 0.7500000000000041 1.0 1.0 0.999999999999998 0.24999999999999645 0.24999999999999556 0.0 0.0 0.0 0.0 1.332267629550169e-15 0.25000000000000044 1.0 1.0 1.0 1.0 0.9999999999999929 0.0 
0.0 0.0 1.1102230246252512e-16 0.050000000000006796 1.0 1.0 1.0 0.9999999999999998 0.9499999999999957 0.9499999999999957 0.9499999999999957 0.9499999999999957 0.949999999999996 1.0 1.0 1.0 1.0 0.9999999999999932 0.05000000000000391 0.0 
0.0 0.0 0.0 0.0 9.325873406851353e-16 0.3500000000000014 0.35000000000000375 1.0 1.0 1.0 1.0 1.0 1.0 1.0 0.9999999999999966 0.3500000000000014 0.3499999999999989 0.0 0.0 0.0 
