0.0 0.0 0.0 0.0 9.325873406851353e-16 0.35000000000000314 1.0 1.0 1.0 1.0 1.0 1.0 1.0 0.9999999999999966 0.3500000000000014 0.34999999999999953 0.0 0.0 0.0 0.0 
0.0 9.99200722162664e-17 0.050000000000003264 1.0 1.0 1.0 1.0 1.0 0.9999999999999998 0.9499999999999988 0.9499999999999988 0.9499999999999991 1.0 1.0 1.0 1.0 0.9999999999999932 0.0500000000000008 0.0 0.0 
0.0 1.9984014443252818e-15 1.0 1.0 1.0 1.0 0.9999999999999973 0.2499999999999991 0.24999999999999822 0.0 0.0 8.881784197001221e-16 0.2499999999999991 0.2500000000000031 1.0 1.0 1.0 0.9999999999999982 0.7499999999999956 0.0 
1.7763568394002505e-15 1.0 1.0 1.0 0.9999999999999988 0.5499999999999975 0.0 0.0 0.0 0.0 0.0 0.0 0.0 0.0 2.9309887850104076e-15 0.5500000000000014 1.0 1.0 1.0 0.9999999999999929 
0.15000000000000185 1.0 1.0 1.0 0.9999999999999973 0.0 0.0 0.0 0.0 0.0 0.0 0.0 0.0 0.0 0.0 5.329070518200751e-15 1.0 1.0 1.0 0.9999999999999929 
1.0 1.0 1.0 1.0 0.9999999999999973 0.0 0.0 0.0 0.0 0.0 0.0 0.0 0.0 0.0 0.0 5.329070518200751e-15 1.0 1.0 1.0 0.9999999999999929 
1.0 1.0 1.0 1.0 0.9999999999999973 0.0 0.0 0.0 0.0 0.0 0.0 0.0 0.0 0.0 0.0 5.329070518200751e-15 1.0 1.0 1.0 0.9999999999999929 
1.0 1.0 1.0 1.0 0.9999999999999973 0.0 0.0 0.0 0.0 0.0 0.0 0.0 0.0 0.0 0.0 5.329070518200751e-15 1.0 1.0 1.0 0.9999999999999929 
1.0 1.0 1.0 0.9999999999999974 0.05000000000000058 0.0 0.0 0.0 0.0 0.0 0.0 0.0 0.0 0.0 0.0 5.329070518200751e-15 1.0 1.0 1.0 0.9999999999999929 
1.0 1.0 1.0 0.9999999999999973 0.0 0.0 0.0 0.0 0.0 0.0 0.0 0.0 0.0 0.0 0.0 5.329070518200751e-15 1.0 1.0 1.0 0.9999999999999929 
1.0 1.0 1.0 0.9999999999999973 0.0 0.0 0.0 0.0 0.0 0.0 0.0 0.0 0.0 0.0 0.0 5.329070518200751e-15 1.0 1.0 1.0 0.9999999999999929 
1.0 1.0 1.0 0.9999999999999973 0.0 0.0 0.0 0.0 0.0 0.0 0.0 0.0 0.0 0.0 0.0 5.329070518200751e-15 1.0 1.0 1.0 0.9999999999999929 
1.0 1.0 1.0 0.9999999999999973 0.0 0.0 0.0 0.0 0.0 0.0 0.0 0.0 0.0 0.0 0.0 5.329070518200751e-15 1.0 1.0 1.0 0.9999999999999929 
1.0 1.0 1.0 0.9999999999999973 0.0 0.0 0.0 0.0 0.0 0.0 0.0 0.0 0.0 0.0 0.0 5.329070518200751e-15 1.0 1.0 1.0 0.9999999999999929 
1.0 1.0 1.0 0.9999999999999973 0.0 0.0 0.0 0.0 0.0 0.0 0.0 0.0 0.0 0.0 5.329070518200751e-15 1.0 1.0 1.0 1.0 0.9999999999999929 
1.0 1.0 1.0 0.9999999999999973 0.0 0.0 0.0 0.0 0.0 0.0 0.0 0.0 0.0 0.0 5.329070518200751e-15 1.0 1.0 1.0 0.999999999999994 0.15000000000000108 
1.0 1.0 1.0 0.9999999999999988 0.5499999999999957 0.0 0.0 0.0 0.0 0.0 0.0 0.0 0.0 2.930988785010398e-15 0.5499999999999996 1.0 1.0 1.0 0.9999999999999929 0.0 
1.7763568394002505e-15 1.0 1.0 1.0 0.999999999999998 0.24999999999999645 0.24999999999999556 0.0 0.0 0.0 8.881784197001126e-16 0.24999999999999645 0.25000000000000044 1.0 1.0 1.0 1.0 0.9999999999999929 0.0 0.0 
8.88178419700201e-17 0.050000000000006165 1.0 1.0 1.0 1.0 0.9999999999999998 0.9499999999999957 0.9499999999999957 0.9499999999999957 0.949999999999996 1.0 1.0 1.0 1.0 1.0 0.9999999999999932 0.05000000000000391 0.0 0.0 
0.0 0.0 0.0 9.325873406851353e-16 0.3500000000000014 0.35000000000000314 1.0 1.0 1.0 1.0 1.0 1.0 0.9999999999999966 0.3500000000000014 0.34999999999999953 0.0 0.0 0.0 0.0 0.0 
