0.0 0.0 0.0 0.0 0.0 0.0 0.0 0.0 0.0 0.0 0.0 0.0 0.625000000000016 1.0 1.0 1.0 1.0 1.0 0.07499999999998153 0.0 
0.0 0.0 0.0 0.0 0.0 0.0 0.0 0.0 0.0 0.0 0.026249999999997747 0.5962500000000105 1.0 1.0 1.0 1.0 1.0 1.0 0.07499999999998153 0.0 
0.0 0.0 0.0 0.0 0.0 0.0 0.0 0.0 0.0 0.0 0.5250000000000128 1.0 1.0 1.0 1.0 1.0 1.0 1.0 0.07499999999998153 0.0 
0.0 0.0 0.0 0.0 0.0 0.0 0.0 0.0 0.0 0.4750000000000121 1.0 1.0 1.0 1.0 1.0 1.0 1.0 1.0 0.07499999999998153 0.0 
0.0 0.0 0.0 0.0 0.0 0.0 0.0 0.0 0.42500000000001137 1.0 1.0 1.0 1.0 1.0 1.0 1.0 1.0 1.0 0.07499999999998153 0.0 
0.0 0.0 0.0 0.0 0.0 0.0 0.0 0.3187500000000076 0.9137499999999994 1.0 1.0 1.0 0.46874999999998884 0.1500000000000039 0.7662500000000159 1.0 1.0 1.0 0.07499999999998153 0.0 
0.0 0.0 0.0 0.0 0.0 0.0 0.17875000000000454 0.718750000000003 1.0 1.0 1.0 0.4249999999999865 0.0 0.0 0.7250000000000174 1.0 1.0 1.0 0.07499999999998153 0.0 
0.0 0.0 0.0 0.0 0.0 0.27500000000000835 1.0 1.0 1.0 1.0 0.4749999999999872 0.0 0.0 0.0 0.7250000000000174 1.0 1.0 1.0 0.07499999999998153 0.0 
0.0 0.0 0.0 0.0 0.21375000000000668 0.9637499999999987 1.0 1.0 1.0 0.5487499999999896 0.02375000000000054 0.0 0.0 0.0 0.7250000000000174 1.0 1.0 1.0 0.07499999999998153 0.0 
0.0 0.0 0.0 0.11375000000000425 0.7287500000000016 1.0 1.0 1.0 0.7237499999999932 0.18374999999999653 0.0 0.0 0.0 0.0 0.7250000000000174 1.0 1.0 1.0 0.07499999999998153 0.0 
0.0 0.0 0.04375000000000175 0.46375000000000277 1.0 1.0 1.0 0.6249999999999893 0.0 0.0 0.0 0.0 0.0 0.0 0.7250000000000174 1.0 1.0 1.0 0.07499999999998153 0.0 
0.0 0.003750000000000029 0.168750000000003 1.0 1.0 1.0 0.67499999999999 0.0 0.0 0.0 0.0 0.0 0.0 0.0 0.7250000000000174 1.0 1.0 1.0 0.07499999999998153 0.0 
0.01875000000000293 0.7687500000000012 1.0 1.0 1.0 0.7937499999999937 0.1687499999999975 0.0 0.0 0.0 0.0 0.0 0.0 0.0 0.7250000000000174 1.0 1.0 1.0 0.07499999999998153 0.0 
0.46375000000000144 1.0 1.0 1.0 0.8987499999999967 0.39874999999999594 0.0 0.0 0.0 0.0 0.0 0.0 0.0 0.0 0.7250000000000174 1.0 1.0 1.0 0.07499999999998153 0.0 
1.0 1.0 1.0 1.0 0.8087499999999932 0.14999999999999858 0.14999999999999858 0.14999999999999858 0.14999999999999858 0.14999999999999858 0.14999999999999858 0.14999999999999858 0.14999999999999858 0.7237500000000138 1.0 1.0 1.0 1.0 1.0 0.024999999999977263 
1.0 1.0 1.0 1.0 1.0 1.0 1.0 1.0 1.0 1.0 1.0 1.0 1.0 1.0 1.0 1.0 1.0 1.0 1.0 0.853749999999998 
0.4499999999999993 0.4499999999999993 0.4499999999999993 0.4499999999999993 0.4499999999999993 0.4499999999999993 0.4499999999999993 0.4499999999999993 0.4499999999999993 0.4499999999999993 0.4499999999999993 0.4499999999999993 0.4499999999999993 0.8212500000000089 1.0 1.0 1.0 1.0 1.0 0.4637499999999868 
0.0 0.0 0.0 0.0 0.0 0.0 0.0 0.0 0.0 0.0 0.0 0.0 0.0 0.0 0.7250000000000174 1.0 1.0 1.0 0.7687499999999954 0.018749999999982947 
0.0 0.0 0.0 0.0 0.0 0.0 0.0 0.0 0.0 0.0 0.0 0.0 0.0 0.0 0.7250000000000174 1.0 1.0 1.0 0.07499999999998153 0.0 
0.0 0.0 0.0 0.0 0.0 0.0 0.0 0.0 0.0 0.0 0.0 0.0 0.0 0.0 0.25375000000000714 0.8537500000000121 1.0 0.43124999999998737 0.02624999999999364 0.0 
