0.0 0.0 0.0 0.0 0.0 0.0 0.0 0.0 0.0 0.0 0.0 0.0 0.0 0.0 0.0 0.0 0.825000000000017 1.0 1.0 1.0 
0.0 0.0 0.0 0.0 0.0 0.0 0.0 0.0 0.0 0.0 0.0 0.0 0.0 0.0 0.0 0.0 0.825000000000017 1.0 1.0 1.0 
0.0 0.0 0.0 0.0 0.0 0.0 0.0 0.0 0.0 0.0 0.0 0.0 0.0 0.0 0.0 0.0 0.825000000000017 1.0 1.0 1.0 
0.0 0.0 0.0 0.0 0.0 0.0 0.0 0.0 0.0 0.0 0.0 0.0 0.0 0.0 0.0 0.34875000000000483 0.9037500000000087 1.0 1.0 1.0 
0.0 0.0 0.0 0.0 0.0 0.0 0.0 0.0 0.0 0.0 0.0 0.0 0.0 0.0 0.0 0.7750000000000181 1.0 1.0 1.0 1.0 
0.0 0.0 0.0 0.0 0.0 0.0 0.0 0.0 0.0 0.0 0.0 0.0 0.0 0.0 0.0 0.7750000000000181 1.0 1.0 1.0 1.0 
0.0 0.0 0.0 0.0 0.0 0.0 0.0 0.0 0.0 0.0 0.0 0.0 0.0 0.0 0.0 0.7750000000000181 1.0 1.0 1.0 0.4637499999999903 
0.0 0.0 0.0 0.0 0.0 0.0 0.0 0.0 0.0 0.0 0.0 0.0 0.0 0.0 0.0 0.7750000000000181 1.0 1.0 1.0 0.024999999999977263 
0.0 0.0 0.0 0.0 0.0 0.0 0.0 0.0 0.0 0.0 0.0 0.0 0.0 0.0 0.0 0.7750000000000181 1.0 1.0 1.0 0.024999999999977263 
0.0 0.0 0.0 0.0 0.0 0.0 0.0 0.0 0.0 0.0 0.0 0.0 0.0 0.0 0.0 0.7750000000000181 1.0 1.0 1.0 0.024999999999977263 
0.0 0.0 0.0 0.0 0.0 0.0 0.0 0.0 0.0 0.0 0.0 0.0 0.0 0.0 0.0 0.7750000000000181 1.0 1.0 1.0 0.024999999999977263 
0.0 0.0 0.0 0.0 0.0 0.0 0.0 0.0 0.0 0.0 0.0 0.0 0.0 0.0 0.0 0.7750000000000181 1.0 1.0 1.0 0.024999999999977263 
0.0 0.0 0.0 0.0 0.0 0.0 0.0 0.0 0.0 0.0 0.0 0.0 0.0 0.0 0.0 0.7750000000000181 1.0 1.0 1.0 0.024999999999977263 
0.0 0.0 0.0 0.0 0.0 0.0 0.0 0.0 0.0 0.0 0.0 0.0 0.0 0.0 0.7250000000000174 1.0 1.0 1.0 1.0 0.024999999999977263 
0.14999999999999858 0.14999999999999858 0.14999999999999858 0.12374999999999779 0.0 0.0 0.0 0.0 0.0 0.0 0.0 0.0 0.0 0.0 0.7250000000000174 1.0 1.0 1.0 1.0 0.024999999999977263 
1.0 1.0 1.0 0.8249999999999931 0.0 0.0 0.0 0.0 0.0 0.0 0.0 0.0 0.0 0.0 0.7250000000000174 1.0 1.0 1.0 0.21374999999998298 0.003749999999996554 
0.46375000000000144 1.0 1.0 1.0 0.7749999999999924 0.0 0.0 0.0 0.0 0.0 0.0 0.0 0.0 0.6750000000000167 1.0 1.0 1.0 0.5187499999999876 0.033749999999991634 0.0 
0.01875000000000293 0.7687500000000012 1.0 1.0 1.0 1.0 0.7562499999999925 0.25 0.25 0.25 0.25 0.6812500000000101 1.0 1.0 1.0 1.0 0.7937499999999957 0.09374999999998401 0.0 0.0 
0.0 0.003750000000000029 0.168750000000003 1.0 1.0 1.0 1.0 1.0 1.0 1.0 1.0 1.0 1.0 1.0 1.0 0.2637499999999806 0.00874999999999865 0.0 0.0 0.0 
0.0 0.0 0.0 0.0 0.078750000000003 0.3500000000000014 0.3500000000000014 0.5937500000000078 1.0 1.0 0.6587499999999924 0.3500000000000014 0.3500000000000014 0.11374999999999462 0.0 0.0 0.0 0.0 0.0 0.0 
