0.0 0.0 0.0 0.0 0.0 0.0 0.0 0.0 0.0 0.0 0.0 0.14000000000000223 0.3500000000000014 0.3500000000000014 0.4800000000000053 0.8700000000000053 1.0 0.9999999999999953 0.6099999999999953 0.2799999999999989 
0.0 0.0 0.0 0.0 0.0 0.0 0.0 0.0 0.0 0.010000000000000507 0.04000000000000149 0.4300000000000055 1.0 1.0 1.0 1.0 1.0 1.0 1.0 0.7999999999999936 
0.0 0.0 0.0 0.0 0.0 0.0 0.30000000000000215 0.7500000000000013 0.7500000000000013 0.800000000000002 0.9500000000000013 1.0 1.0 1.0 1.0 1.0 1.0 1.0 1.0 0.7999999999999936 
0.36000000000000076 0.45000000000000107 0.45000000000000145 0.7800000000000009 1.0 1.0 1.0 1.0 1.0 1.0 1.0 1.0 1.0 1.0 1.0 1.0 1.0 1.0 1.0 0.7999999999999936 
0.7999999999999998 1.0 1.0 1.0 1.0 1.0 1.0 1.0 1.0 1.0 1.0 1.0 1.0 1.0 1.0 1.0 1.0 1.0 1.0 0.7999999999999936 
0.11999999999999883 0.4899999999999994 1.0 1.0 1.0 1.0 1.0 1.0 1.0 1.0 1.0 1.0 1.0 1.0 1.0 1.0 1.0 1.0 1.0 0.7999999999999936 
0.0 0.0 0.0 0.0 0.0 0.0 0.0 0.0 0.0 0.20000000000000373 0.8000000000000043 1.0 1.0 1.0 1.0 1.0 1.0 1.0 1.0 0.7999999999999936 
0.0 0.0 0.0 0.0 0.0 0.0 0.0 0.0 0.0 0.20000000000000373 0.8000000000000043 1.0 1.0 1.0 1.0 1.0 1.0 0.9999999999999929 0.3999999999999915 0.0 
0.0 0.0 0.0 0.0 0.0 0.0 0.0 0.0 0.0 0.20000000000000373 0.8000000000000043 1.0 1.0 1.0 1.0 1.0 1.0 0.9999999999999929 0.3999999999999915 0.0 
0.0 0.0 0.0 0.0 0.0 0.0 0.0 2.6645352591003757e-15 0.6000000000000032 1.0 1.0 1.0 1.0 1.0 1.0 1.0 1.0 0.9999999999999929 0.3999999999999915 0.0 
0.0 0.0 0.0 0.0 0.0 0.0 0.0 2.6645352591003757e-15 0.6000000000000032 1.0 1.0 1.0 1.0 1.0 1.0 1.0 1.0 0.9999999999999929 0.3999999999999915 0.0 
0.0 0.0 0.0 0.0 0.0 0.0 0.0 2.6645352591003757e-15 0.6000000000000032 1.0 1.0 1.0 1.0 1.0 1.0 1.0 1.0 0.9999999999999929 0.3999999999999915 0.0 
0.0 0.0 0.0 0.0 0.0 0.0 0.0 2.6645352591003757e-15 0.6000000000000032 1.0 1.0 1.0 1.0 1.0 1.0 1.0 1.0 0.9999999999999929 0.3999999999999915 0.0 
0.0 0.0 0.0 0.0 0.0 0.0 0.0 2.6645352591003757e-15 0.6000000000000032 1.0 1.0 1.0 1.0 1.0 1.0 1.0 1.0 0.9999999999999929 0.3999999999999915 0.0 
0.0 0.0 0.0 0.0 0.0 0.0 0.0 2.6645352591003757e-15 0.6000000000000032 1.0 1.0 1.0 1.0 1.0 1.0 1.0 0.9399999999999983 0.8499999999999919 0.3399999999999919 0.0 
0.0 0.0 0.0 0.0 0.0 0.0 0.0 2.6645352591003757e-15 0.6000000000000032 1.0 1.0 1.0 1.0 1.0 1.0 1.0 0.5999999999999943 0.0 0.0 0.0 
0.0 0.0 0.0 0.0 0.0 0.0 0.0 2.6645352591003757e-15 0.6000000000000032 1.0 1.0 1.0 1.0 1.0 1.0 1.0 0.5999999999999943 0.0 0.0 0.0 
0.0 0.0 0.0 0.0 0.0 0.0 0.40000000000000213 1.0 1.0 1.0 1.0 1.0 1.0 1.0 1.0 1.0 0.5999999999999943 0.0 0.0 0.0 
0.0 0.0 0.0 0.0 0.0 0.0 0.40000000000000213 1.0 1.0 1.0 1.0 1.0 1.0 1.0 1.0 1.0 0.5999999999999943 0.0 0.0 0.0 
0.0 0.0 0.0 0.0 0.0 0.0 0.40000000000000213 1.0 1.0 1.0 1.0 1.0 1.0 1.0 1.0 1.0 0.5999999999999943 0.0 0.0 0.0 
