0.0 0.0 0.0 0.0 0.13750000000000343 0.2500000000000071 0.5125000000000031 1.0 1.0 1.0 1.0 1.0 1.0 0.5125000000000084 0.2500000000000071 0.2500000000000071 0.16250000000000603 0.0 0.0 0.0 
0.0 0.0 0.0 0.48750000000000354 0.8875000000000027 1.0 1.0 1.0 1.0 1.0 1.0 1.0 1.0 1.0 1.0 1.0 0.9125000000000039 0.5625000000000093 0.0 0.0 
0.0 0.2125000000000058 0.8125000000000008 1.0 1.0 1.0 1.0 1.0 0.9624999999999997 0.7499999999999929 0.7499999999999929 0.9624999999999979 1.0 1.0 1.0 1.0 1.0 1.0 0.850000000000005 0.0 
0.7125000000000062 0.9625000000000008 1.0 1.0 1.0 1.0 0.7374999999999992 0.2499999999999929 0.21249999999999475 0.0 0.0 0.21249999999999297 0.2499999999999929 0.7374999999999938 1.0 1.0 1.0 1.0 0.850000000000005 0.0 
0.9499999999999993 1.0 1.0 1.0 1.0 0.8874999999999974 0.487499999999997 0.0 0.0 0.0 0.0 0.0 0.0 0.0 0.5499999999999954 1.0 1.0 1.0 1.0 0.9500000000000064 
0.9499999999999993 1.0 1.0 1.0 1.0 0.5500000000000025 0.0 0.0 0.0 0.0 0.0 0.0 0.0 0.0 0.5499999999999954 1.0 1.0 1.0 1.0 0.9500000000000064 
0.9499999999999993 1.0 1.0 1.0 1.0 0.5500000000000025 0.0 0.0 0.0 0.0 0.0 0.0 0.0 0.0 0.5499999999999954 1.0 1.0 1.0 1.0 0.9500000000000064 
0.9499999999999993 1.0 1.0 1.0 1.0 0.8875000000000038 0.4875000000000062 0.0 0.0 0.0 0.0 0.0 0.0 0.4875000000000009 0.8875000000000021 1.0 1.0 1.0 0.8875000000000026 0.23749999999999485 
0.0 0.6374999999999932 0.9374999999999979 1.0 1.0 1.0 1.0 0.8125000000000038 0.2500000000000071 0.2500000000000071 0.2500000000000071 0.2500000000000071 0.8124999999999991 1.0 1.0 1.0 1.0 0.9374999999999996 0.6374999999999977 0.0 
0.0 0.0 0.18749999999999434 0.7374999999999965 1.0 1.0 1.0 1.0 1.0 1.0 1.0 1.0 1.0 1.0 1.0 1.0 0.7375000000000018 0.187499999999996 0.0 0.0 
0.0 0.2125000000000058 0.2500000000000071 0.7375000000000014 1.0 1.0 1.0 1.0 1.0 1.0 1.0 1.0 1.0 1.0 1.0 1.0 0.7375000000000067 0.18750000000000666 0.0 0.0 
0.7125000000000062 0.9625000000000008 1.0 1.0 1.0 1.0 1.0 0.8125000000000002 0.2499999999999929 0.2499999999999929 0.2499999999999929 0.2499999999999929 0.8124999999999956 1.0 1.0 1.0 1.0 0.9375000000000031 0.6375000000000097 0.0 
0.9499999999999993 1.0 1.0 1.0 1.0 0.5500000000000025 0.0 0.0 0.0 0.0 0.0 0.0 0.0 0.0 0.5499999999999954 1.0 1.0 1.0 0.8875000000000048 0.23750000000000834 
0.9499999999999993 1.0 1.0 1.0 0.5874999999999976 0.1374999999999967 0.0 0.0 0.0 0.0 0.0 0.0 0.0 0.0 0.5499999999999954 1.0 1.0 1.0 1.0 0.9500000000000064 
0.9499999999999993 1.0 1.0 1.0 0.45000000000000195 0.0 0.0 0.0 0.0 0.0 0.0 0.0 0.0 0.0 0.5499999999999954 1.0 1.0 1.0 1.0 0.9500000000000064 
0.9499999999999993 1.0 1.0 1.0 0.45000000000000195 0.0 0.0 0.0 0.0 0.0 0.0 0.0 0.0 0.0 0.5499999999999954 1.0 1.0 1.0 1.0 0.9500000000000064 
0.9499999999999993 1.0 1.0 1.0 1.0 0.6625000000000051 0.16250000000000514 0.0 0.0 0.0 0.0 0.0 0.0 0.16250000000000336 0.6624999999999998 1.0 1.0 1.0 0.9625000000000001 0.712499999999998 
0.9499999999999993 1.0 1.0 1.0 1.0 1.0 0.912500000000003 0.5625000000000073 0.0 0.0 0.0 0.6375000000000031 0.7500000000000071 0.9125000000000012 1.0 1.0 1.0 1.0 0.850000000000005 0.0 
0.0 0.6374999999999932 0.7499999999999929 0.9124999999999972 1.0 1.0 1.0 1.0 1.0 1.0 1.0 1.0 1.0 1.0 1.0 1.0 0.912499999999999 0.5624999999999987 0.0 0.0 
0.0 0.0 0.0 0.16249999999999504 0.6624999999999953 1.0 1.0 1.0 1.0 1.0 1.0 1.0 1.0 1.0 0.5874999999999996 0.2499999999999929 0.1624999999999968 0.0 0.0 0.0 
