0.0 0.5499999999999976 1.0 1.0 1.0 1.0 1.0 1.0 0.8987500000000004 0.6587500000000026 0.1162500000000035 0.0 0.0 0.0 0.0 0.0 0.0 0.0 0.0 0.0 
0.0 0.5499999999999976 1.0 1.0 1.0 1.0 1.0 1.0 0.853750000000002 0.5737500000000045 0.10125000000000345 0.0 0.0 0.0 0.0 0.0 0.0 0.0 0.0 0.0 
0.0 0.5499999999999976 1.0 1.0 1.0 1.0 1.0 1.0 0.6062500000000044 0.10625000000000176 0.0187500000000008 0.0 0.0 0.0 0.0 0.0 0.0 0.0 0.0 0.0 
0.0 0.5499999999999976 1.0 1.0 1.0 1.0 1.0 1.0 0.741250000000002 0.3612500000000012 0.06375000000000187 0.0 0.0 0.0 0.0 0.0 0.0 0.0 0.0 0.0 
0.0 0.5499999999999976 1.0 1.0 1.0 1.0 1.0 1.0 0.5500000000000043 0.0 0.0 0.0 0.0 0.0 0.0 0.0 0.0 0.0 0.0 0.0 
0.0 0.5499999999999976 1.0 1.0 1.0 1.0 1.0 1.0 0.5500000000000043 0.0 0.0 0.0 0.0 0.0 0.0 0.0 0.0 0.0 0.0 0.0 
0.0 0.5499999999999976 1.0 1.0 1.0 1.0 1.0 1.0 0.5500000000000043 0.0 0.0 0.0 0.0 0.0 0.0 0.0 0.0 0.0 0.0 0.0 
0.0 0.5499999999999976 1.0 1.0 1.0 1.0 1.0 1.0 0.5500000000000043 0.0 0.0 0.0 0.0 0.0 0.0 0.0 0.0 0.0 0.0 0.0 
0.0 0.5499999999999976 1.0 1.0 1.0 1.0 1.0 1.0 0.5500000000000043 0.0 0.0 0.0 0.0 0.0 0.0 0.0 0.0 0.0 0.0 0.0 
0.0 0.5499999999999976 1.0 1.0 1.0 1.0 0.9500000000000037 0.25000000000000355 0.0 0.0 0.0 0.0 0.0 0.0 0.0 0.0 0.0 0.0 0.0 0.0 
0.0 0.5499999999999976 1.0 1.0 1.0 1.0 0.9500000000000037 0.25000000000000355 0.0 0.0 0.0 0.0 0.0 0.0 0.0 0.0 0.0 0.0 0.0 0.0 
0.0 0.5499999999999976 1.0 1.0 1.0 1.0 0.9500000000000037 0.25000000000000355 0.0 0.0 0.0 0.0 0.0 0.0 0.0 0.0 0.0 0.0 0.0 0.0 
0.5312499999999987 0.8312499999999992 1.0 1.0 1.0 1.0 0.9500000000000037 0.25000000000000355 0.0 0.0 0.0 0.0 0.0 0.0 0.0 0.0 0.0 0.0 0.0 0.0 
0.8499999999999979 1.0 1.0 1.0 1.0 1.0 0.9500000000000037 0.25000000000000355 0.0 0.0 0.0 0.0 0.0 0.0 0.0 0.0 0.0 0.0 0.0 0.0 
0.8499999999999979 1.0 1.0 1.0 1.0 1.0 0.9500000000000037 0.25000000000000355 0.0 0.0 0.0 0.0 0.0 0.0 0.0 0.0 0.0 0.0 0.0 0.0 
0.8499999999999979 1.0 1.0 1.0 1.0 1.0 0.9500000000000037 0.25000000000000355 0.0 0.0 0.0 0.0 0.0 0.0 0.0 0.0 0.0 0.0 0.0 0.0 
0.8499999999999979 1.0 1.0 1.0 1.0 1.0 0.9500000000000037 0.25000000000000355 0.0 0.0 0.0 0.0 0.0 0.0 0.0 0.0 0.0 0.0 0.0 0.0 
0.8499999999999979 1.0 1.0 1.0 1.0 1.0 0.9937500000000005 0.9062500000000004 0.875 0.875 0.875 0.875 0.875 0.875 0.875 0.875 0.875 0.875 0.875 0.7437500000000059 
0.8499999999999979 1.0 1.0 1.0 1.0 1.0 1.0 1.0 1.0 1.0 1.0 1.0 1.0 1.0 1.0 1.0 1.0 1.0 1.0 0.8500000000000068 
0.8499999999999979 1.0 1.0 1.0 1.0 1.0 1.0 1.0 1.0 1.0 1.0 1.0 1.0 1.0 1.0 1.0 1.0 1.0 1.0 0.8500000000000068 
