0.0 0.07499999999999662 1.0 1.0 1.0 1.0 1.0 1.0 1.0 1.0 1.0 1.0 1.0 1.0 1.0 1.0 1.0 0.32187500000001296 0.016875000000001278 0.0 
0.0 0.024374999999998332 0.40937499999999094 1.0 1.0 1.0 1.0 1.0 1.0 1.0 1.0 1.0 1.0 1.0 1.0 1.0 1.0 1.0 0.699375000000008 0.016875000000004026 
0.0 0.07499999999999662 1.0 1.0 1.0 1.0 1.0 0.953124999999998 0.8749999999999933 0.8749999999999933 0.8749999999999933 0.8749999999999933 0.8749999999999933 0.8749999999999933 0.9656249999999975 1.0 1.0 1.0 1.0 0.14687500000001147 
0.0 0.07499999999999662 1.0 1.0 1.0 1.0 1.0 0.6250000000000044 0.0 0.0 0.0 0.0 0.0 0.0 0.7249999999999943 1.0 1.0 1.0 1.0 1.0 
0.0 0.07499999999999662 1.0 1.0 1.0 1.0 0.6750000000000043 0.0 0.0 0.0 0.0 0.0 0.0 0.0 0.0 0.7749999999999932 1.0 1.0 1.0 1.0 
0.0 0.07499999999999662 1.0 1.0 1.0 1.0 0.6750000000000043 0.0 0.0 0.0 0.0 0.0 0.0 0.0 0.0 0.7749999999999932 1.0 1.0 1.0 1.0 
0.0 0.07499999999999662 1.0 1.0 1.0 1.0 0.6750000000000043 0.0 0.0 0.0 0.0 0.0 0.0 0.0 0.0 0.7749999999999932 1.0 1.0 1.0 0.09812500000000283 
0.0 0.07499999999999662 1.0 1.0 1.0 1.0 0.6750000000000043 0.0 0.0 0.0 0.0 0.0 0.0 0.0 0.7249999999999943 1.0 1.0 1.0 1.0 0.025000000000005684 
0.0 0.07499999999999662 1.0 1.0 1.0 1.0 0.9431250000000011 0.8250000000000011 0.8250000000000011 0.8250000000000011 0.8250000000000011 0.8250000000000011 0.8250000000000011 0.8250000000000011 0.9518749999999994 1.0 1.0 1.0 1.0 0.025000000000005684 
0.0 0.07499999999999662 1.0 1.0 1.0 1.0 1.0 1.0 1.0 1.0 1.0 1.0 1.0 1.0 1.0 1.0 1.0 0.7593750000000017 0.05437500000000203 0.0 
0.0 0.07499999999999662 1.0 1.0 1.0 1.0 1.0 1.0 1.0 1.0 1.0 1.0 1.0 1.0 1.0 1.0 0.4018750000000034 0.034375000000002 0.0 0.0 
0.004374999999999369 0.2368749999999946 1.0 1.0 1.0 0.9518750000000015 0.8250000000000028 0.5156250000000054 0.0 0.39187499999999814 0.9168750000000004 1.0 1.0 1.0 1.0 0.22500000000000675 0.0 0.0 0.0 0.0 
0.024999999999996803 1.0 1.0 1.0 1.0 0.7250000000000041 0.0 0.0 0.0 0.0 0.524999999999995 1.0 1.0 1.0 1.0 0.22500000000000675 0.0 0.0 0.0 0.0 
0.024999999999996803 1.0 1.0 1.0 1.0 0.7250000000000041 0.0 0.0 0.0 0.0 0.524999999999995 1.0 1.0 1.0 1.0 1.0 0.17500000000000426 0.0 0.0 0.0 
0.024999999999996803 1.0 1.0 1.0 1.0 0.7250000000000041 0.0 0.0 0.0 0.0 0.24937500000000024 0.7768749999999989 1.0 1.0 1.0 1.0 0.17500000000000426 0.0 0.0 0.0 
0.024999999999996803 1.0 1.0 1.0 1.0 0.7250000000000041 0.0 0.0 0.0 0.0 0.0 0.574999999999994 1.0 1.0 1.0 1.0 0.9793749999999954 0.12187500000000621 0.0 0.0 
0.024999999999996803 1.0 1.0 1.0 1.0 0.7250000000000041 0.0 0.0 0.0 0.0 0.0 0.3306250000000002 0.8406250000000002 1.0 1.0 1.0 1.0 0.1250000000000071 0.0 0.0 
0.024999999999996803 1.0 1.0 1.0 0.803125000000005 0.09062500000000566 0.0 0.0 0.0 0.0 0.0 0.0 0.6249999999999947 1.0 1.0 1.0 1.0 0.1250000000000071 0.0 0.0 
0.024999999999996803 1.0 1.0 1.0 0.7750000000000039 0.0 0.0 0.0 0.0 0.0 0.0 0.0 0.0 0.6749999999999954 1.0 1.0 1.0 1.0 0.07500000000000284 0.0 
0.780624999999991 1.0 1.0 1.0 0.7750000000000039 0.0 0.0 0.0 0.0 0.0 0.0 0.0 0.0 0.6749999999999954 1.0 1.0 1.0 1.0 0.07500000000000284 0.0 
