0.25437500000000596 0.8368750000000029 1.0 1.0 1.0 1.0 1.0 1.0 1.0 1.0 1.0 1.0 1.0 1.0 1.0 1.0 1.0 1.0 0.8368750000000028 0.25437500000000646 
0.9250000000000025 1.0 1.0 1.0 1.0 1.0 1.0 1.0 1.0 1.0 1.0 1.0 1.0 1.0 1.0 1.0 1.0 1.0 1.0 0.9250000000000043 
0.5781249999999967 0.6249999999999947 0.6249999999999947 0.6249999999999947 0.6249999999999947 0.6249999999999947 0.6249999999999947 0.6249999999999947 0.6249999999999947 0.6249999999999947 0.6249999999999947 0.6249999999999947 0.6718749999999953 0.9906249999999998 1.0 1.0 1.0 1.0 0.9156249999999996 0.5781249999999978 
0.0 0.0 0.0 0.0 0.0 0.0 0.0 0.0 0.0 0.0 0.0 0.0 0.125 0.9749999999999996 1.0 1.0 1.0 1.0 0.7750000000000021 0.0 
0.0 0.0 0.0 0.0 0.0 0.0 0.0 0.0 0.0 0.0 0.0 0.0 0.125 0.9749999999999996 1.0 1.0 1.0 0.6250000000000018 0.0 0.0 
0.0 0.0 0.0 0.0 0.0 0.0 0.0 0.0 0.0 0.0 0.010625000000002433 0.29312500000000447 1.0 1.0 1.0 1.0 0.4750000000000014 0.0 0.0 0.0 
0.0 0.0 0.0 0.0 0.0 0.0 0.0 0.0 0.0 0.0 0.4250000000000007 1.0 1.0 1.0 1.0 0.6118749999999975 0.20187499999999842 0.0 0.0 0.0 
0.0 0.0 0.0 0.0 0.0 0.0 0.0 0.0 0.0 0.5750000000000002 1.0 1.0 1.0 1.0 0.8968749999999972 0.28437499999999977 0.0 0.0 0.0 0.0 
0.0 0.0 0.0 0.0 0.0 0.0 0.0 0.0 0.48937500000000345 0.8618750000000018 1.0 1.0 1.0 1.0 0.1750000000000007 0.0 0.0 0.0 0.0 0.0 
0.0 0.0 0.0 0.0 0.0 0.0 0.0 0.0 0.7250000000000005 1.0 1.0 1.0 0.875 0.025000000000000355 0.0 0.0 0.0 0.0 0.0 0.0 
0.0 0.0 0.0 0.0 0.0 0.0 0.01937500000000106 0.6781250000000041 0.9381250000000012 1.0 1.0 0.7868749999999987 0.19687499999999658 0.0056249999999999824 0.0 0.0 0.0 0.0 0.0 0.0 
0.0 0.0 0.0 0.0 0.0 0.056875000000001015 0.3418750000000036 0.9156250000000009 1.0 1.0 0.8618749999999986 0.4893749999999977 0.0 0.0 0.0 0.0 0.0 0.0 0.0 0.0 
0.0 0.0 0.0 0.0 0.2843750000000025 0.8968750000000031 1.0 1.0 1.0 1.0 0.5749999999999993 0.0 0.0 0.0 0.0 0.0 0.0 0.0 0.0 0.0 
0.0 0.0 0.0 0.20187500000000283 0.6118750000000037 1.0 1.0 1.0 1.0 0.4249999999999998 0.0 0.0 0.0 0.0 0.0 0.0 0.0 0.0 0.0 0.0 
0.0 0.0 0.0 0.47500000000000187 1.0 1.0 1.0 1.0 0.29312499999999847 0.010624999999999392 0.0 0.0 0.0 0.0 0.0 0.0 0.0 0.0 0.0 0.0 
0.0 0.0 0.625000000000002 1.0 1.0 1.0 0.9868749999999993 0.5406249999999977 0.13062499999999916 0.0 0.0 0.0 0.0 0.0 0.0 0.0 0.0 0.0 0.0 0.0 
0.0 0.7750000000000021 1.0 1.0 1.0 1.0 0.9749999999999988 0.12499999999999911 0.0 0.0 0.0 0.0 0.0 0.0 0.0 0.0 0.0 0.0 0.0 0.0 
0.5781250000000049 0.9156250000000017 1.0 1.0 1.0 1.0 0.9749999999999988 0.12499999999999911 0.0 0.0 0.0 0.0 0.0 0.0 0.0 0.0 0.0 0.0 0.0 0.0 
0.9250000000000025 1.0 1.0 1.0 1.0 1.0 1.0 1.0 1.0 1.0 1.0 1.0 1.0 1.0 1.0 1.0 1.0 1.0 1.0 0.9250000000000043 
0.9250000000000025 1.0 1.0 1.0 1.0 1.0 1.0 1.0 1.0 1.0 1.0 1.0 1.0 1.0 1.0 1.0 1.0 1.0 1.0 0.9250000000000043 
