0.0 0.0 0.0 0.0899999999999999 0.29999999999999716 0.29999999999999716 0.7899999999999998 1.0 1.0 1.0 1.0 1.0 1.0 0.7899999999999998 0.29999999999999716 0.29999999999999716 0.0899999999999999 0.0 0.0 0.0 
0.0 0.0 0.4500000000000014 0.9299999999999983 1.0 1.0 1.0 1.0 1.0 1.0 1.0 1.0 1.0 1.0 1.0 1.0 0.9299999999999983 0.45000000000000184 0.0 0.0 
0.0 0.7000000000000035 1.0 1.0 1.0 1.0 1.0 0.7500000000000009 0.5000000000000027 0.5000000000000027 0.5000000000000027 0.5000000000000027 0.5000000000000027 0.6500000000000014 1.0 1.0 1.0 1.0 0.7000000000000028 0.0 
0.9000000000000039 1.0 1.0 1.0 0.8999999999999977 0.09999999999999787 0.0 0.0 0.0 0.0 0.0 0.0 0.0 0.0 0.09999999999999787 0.8999999999999986 1.0 1.0 1.0 0.9000000000000039 
0.9000000000000039 1.0 1.0 1.0 0.8999999999999977 0.09999999999999787 0.0 0.0 0.0 0.0 0.0 0.0 0.0 0.0 0.02999999999999961 0.2700000000000018 0.7899999999999989 1.0 1.0 0.9000000000000039 
0.9000000000000039 1.0 1.0 1.0 0.8999999999999977 0.09999999999999787 0.0 0.0 0.0 0.0 0.0 0.0 0.0 0.0 0.0 0.0 0.0 0.0 0.0 0.0 
0.9000000000000039 1.0 1.0 0.7299999999999982 0.09000000000000105 0.009999999999999929 0.0 0.0 0.0 0.0 0.0 0.0 0.0 0.0 0.0 0.0 0.0 0.0 0.0 0.0 
0.9000000000000039 1.0 1.0 0.8499999999999982 0.44999999999999724 0.049999999999998754 0.0 0.0 0.0 0.0 0.0 0.0 0.0 0.0 0.0 0.0 0.0 0.0 0.0 0.0 
0.9000000000000039 1.0 1.0 0.9700000000000004 0.8099999999999998 0.08999999999999829 0.0 0.0 0.0 0.00999999999999984 0.08999999999999812 0.09999999999999787 0.09999999999999787 0.09999999999999787 0.09999999999999787 0.09999999999999787 0.09999999999999787 0.09999999999999787 0.09999999999999787 0.08999999999999847 
0.9000000000000039 1.0 1.0 0.9099999999999985 0.6299999999999961 0.06999999999999826 0.0 0.0 0.0 0.10000000000000053 0.9000000000000004 1.0 1.0 1.0 1.0 1.0 1.0 1.0 1.0 0.9000000000000039 
0.9000000000000039 1.0 1.0 0.9100000000000001 0.6300000000000009 0.06999999999999879 0.0 0.0 0.0 0.07000000000000066 0.6300000000000028 0.7000000000000028 0.7000000000000028 0.7000000000000028 0.7300000000000019 0.9699999999999999 1.0 1.0 1.0 0.9000000000000039 
0.9000000000000039 1.0 1.0 0.6999999999999975 0.0 0.0 0.0 0.0 0.0 0.0 0.0 0.0 0.0 0.0 0.009999999999999929 0.09000000000000113 0.7299999999999982 1.0 1.0 0.9000000000000039 
0.9000000000000039 1.0 1.0 0.8499999999999988 0.44999999999999885 0.049999999999998934 0.0 0.0 0.0 0.0 0.0 0.0 0.0 0.0 0.0 0.0 0.6999999999999975 1.0 1.0 0.9000000000000039 
0.9000000000000039 1.0 1.0 1.0 0.8999999999999977 0.09999999999999787 0.0 0.0 0.0 0.0 0.0 0.0 0.0 0.0 0.0 0.0 0.6999999999999975 1.0 1.0 0.9000000000000039 
0.9000000000000039 1.0 1.0 1.0 0.8999999999999977 0.09999999999999787 0.0 0.0 0.0 0.0 0.0 0.0 0.0 0.0 0.0 0.0 0.6999999999999975 1.0 1.0 0.9000000000000039 
0.9000000000000039 1.0 1.0 1.0 0.8999999999999977 0.09999999999999787 0.0 0.0 0.0 0.0 0.0 0.0 0.0 0.0 0.029999999999999076 0.269999999999997 0.7899999999999974 1.0 1.0 0.9000000000000039 
0.09000000000000168 0.7300000000000035 1.0 1.0 0.9899999999999997 0.9099999999999985 0.26999999999999863 0.0 0.0 0.0 0.0 0.0 0.0 0.0 0.09999999999999787 0.8999999999999986 1.0 1.0 1.0 0.9000000000000039 
0.0 0.35000000000000175 0.7500000000000016 1.0 1.0 1.0 1.0 0.7499999999999996 0.5 0.5 0.5 0.5 0.5 0.6499999999999995 1.0 1.0 1.0 0.7500000000000018 0.3500000000000014 0.0 
0.0 0.0 0.0 0.2700000000000029 0.9100000000000021 0.9900000000000004 1.0 1.0 1.0 1.0 1.0 1.0 1.0 1.0 0.9900000000000004 0.910000000000002 0.2700000000000029 0.0 0.0 0.0 
0.0 0.0 0.0 0.0 0.030000000000000762 0.2700000000000013 0.3000000000000007 0.3000000000000007 0.3000000000000007 0.370000000000001 0.9300000000000003 0.510000000000001 0.3000000000000007 0.3000000000000007 0.2700000000000013 0.0300000000000005 0.0 0.0 0.0 0.0 
