0.0 0.0 0.0 0.08250000000000254 0.27500000000000213 0.27500000000000213 0.782500000000006 1.0 1.0 1.0 1.0 1.0 1.0 1.0 0.927499999999994 0.3474999999999978 0.08249999999999888 0.0 0.0 0.0 
0.0 0.0 0.4125000000000065 0.8775000000000026 1.0 1.0 1.0 1.0 1.0 1.0 1.0 1.0 1.0 1.0 1.0 1.0 0.8775000000000003 0.825000000000002 0.5774999999999949 0.0 
0.0 0.7000000000000066 1.0 1.0 1.0 1.0 0.737499999999996 0.6249999999999982 0.6249999999999982 0.5624999999999942 0.06249999999999571 0.4375000000000028 0.6249999999999982 0.7375000000000017 1.0 1.0 1.0 1.0 0.8124999999999957 0.3374999999999984 
0.8325000000000076 0.9775000000000009 1.0 1.0 0.9074999999999936 0.1674999999999925 0.022499999999998976 0.0 0.0 0.0 0.0 0.0 0.0 0.022500000000000107 0.16750000000000645 0.9075000000000051 1.0 1.0 1.0 0.8999999999999915 
0.9000000000000066 1.0 1.0 1.0 0.8999999999999932 0.09999999999999343 0.0 0.0 0.0 0.0 0.0 0.0 0.0 0.0 0.0 0.0 0.7000000000000064 1.0 1.0 0.8999999999999915 
0.9000000000000066 1.0 1.0 1.0 0.8999999999999932 0.09999999999999343 0.0 0.0 0.0 0.0 0.0 0.0 0.0 0.0 0.0 0.0 0.7000000000000064 1.0 1.0 0.8999999999999915 
0.9000000000000066 1.0 1.0 1.0 0.8999999999999932 0.09999999999999343 0.0 0.0 0.0 0.0 0.0 0.0 0.0 0.0 0.0 0.0 0.7000000000000064 1.0 1.0 0.8999999999999915 
0.9000000000000066 1.0 1.0 1.0 0.8999999999999932 0.09999999999999343 0.0 0.0 0.0 0.0 0.0 0.0 0.0 0.0 0.0 0.0 0.7000000000000064 1.0 1.0 0.8999999999999915 
0.9000000000000066 1.0 1.0 1.0 0.8999999999999932 0.09999999999999343 0.0 0.0 0.0 0.0 0.0 0.0 0.0 0.0 0.0 0.0 0.7000000000000064 1.0 1.0 0.8999999999999915 
0.9000000000000066 1.0 1.0 1.0 0.8999999999999932 0.09999999999999343 0.0 0.0 0.0 0.0 0.0 0.0 0.0 0.0 0.0 0.0 0.7000000000000064 1.0 1.0 0.8999999999999915 
0.9000000000000066 1.0 1.0 0.7674999999999945 0.20249999999999815 0.022499999999998486 0.0 0.0 0.0 0.0 0.0 0.0 0.0 0.0 0.0 0.0 0.7000000000000064 1.0 1.0 0.8999999999999915 
0.9000000000000066 1.0 1.0 0.6999999999999931 0.0 0.0 0.0 0.0 0.0 0.0 0.0 0.0 0.0 0.0 0.0325000000000027 0.2925000000000012 0.7975000000000041 1.0 1.0 0.8999999999999915 
0.9000000000000066 1.0 1.0 0.6999999999999931 0.0 0.0 0.0 0.0 0.0 0.0 0.0 0.0 0.0 0.0 0.10000000000000853 0.9000000000000057 1.0 1.0 1.0 0.8999999999999915 
0.9000000000000066 1.0 1.0 0.6999999999999931 0.0 0.0 0.0 0.0 0.0 0.0 0.0 0.0 0.0 0.0 0.10000000000000853 0.9000000000000057 1.0 1.0 1.0 0.8999999999999915 
0.9000000000000066 1.0 1.0 0.6999999999999931 0.0 0.0 0.0 0.0 0.0 0.0 0.0 0.0 0.0 0.0 0.10000000000000853 0.9000000000000057 1.0 1.0 1.0 0.8999999999999915 
0.9000000000000066 1.0 1.0 0.8574999999999963 0.4724999999999952 0.05249999999999641 0.0 0.0 0.0 0.0 0.0 0.0 0.0 0.0 0.10000000000000853 0.9000000000000057 1.0 1.0 1.0 0.8999999999999915 
0.8325000000000067 0.9775000000000007 1.0 1.0 0.9074999999999936 0.16749999999999327 0.02249999999999924 0.0 0.0 0.0 0.0 0.0 0.03750000000000018 0.35250000000000675 1.0 1.0 1.0 1.0 0.9774999999999996 0.8324999999999928 
0.0 0.7000000000000066 1.0 1.0 1.0 1.0 0.7374999999999973 0.625 0.625 0.625 0.625 0.625 0.8125000000000027 1.0 1.0 1.0 1.0 1.0 0.6999999999999922 0.0 
0.0 0.0 0.41250000000000514 0.8775000000000007 1.0 1.0 1.0 1.0 1.0 1.0 1.0 1.0 1.0 1.0 1.0 1.0 0.8774999999999984 0.41249999999999376 0.0 0.0 
0.0 0.0 0.0 0.08250000000000254 0.27500000000000213 0.27500000000000213 0.782500000000006 1.0 1.0 1.0 1.0 1.0 0.637499999999996 0.27500000000000213 0.27500000000000213 0.27500000000000213 0.08249999999999888 0.0 0.0 0.0 
