0.0 0.0 0.0 0.0 0.0 0.17187499999999653 0.274999999999995 0.274999999999995 0.274999999999995 0.7281249999999968 1.0 0.9093750000000019 0.3656249999999982 0.274999999999995 0.274999999999995 0.24062499999999662 0.03437500000000036 0.0 0.0 0.0 
0.0 0.0 0.0 0.10312499999999837 0.7218749999999952 0.9343749999999982 1.0 1.0 1.0 1.0 1.0 1.0 1.0 1.0 1.0 0.9781250000000001 0.8468749999999969 0.30937500000000134 0.0 0.0 
0.0 0.23437499999999742 0.6093749999999971 1.0 1.0 1.0 0.859375000000002 0.6250000000000036 0.6250000000000036 0.6250000000000036 0.6250000000000036 0.6250000000000036 0.6250000000000036 0.6250000000000036 0.7656250000000009 1.0 1.0 1.0 0.7656250000000009 0.3281249999999982 
0.0 0.624999999999999 1.0 1.0 1.0 0.421875000000003 0.04687500000000191 0.0 0.0 0.0 0.0 0.0 0.0 0.0 0.0281250000000008 0.1906249999999992 0.884374999999997 1.0 1.0 0.8750000000000036 
0.0 0.624999999999999 1.0 1.0 1.0 0.37500000000000133 0.0 0.0 0.0 0.0 0.0 0.0 0.0 0.0 0.0 0.12499999999999645 0.8749999999999964 1.0 1.0 0.8750000000000036 
0.0 0.624999999999999 1.0 0.9968750000000002 0.9781250000000012 0.3656250000000018 0.0 0.0 0.0 0.0 0.0 0.0 0.0 0.0 0.0 0.12499999999999645 0.8749999999999964 1.0 1.0 0.8750000000000036 
0.0 0.624999999999999 1.0 0.9468750000000005 0.6281249999999999 0.2156250000000005 0.0 0.0 0.0 0.0 0.0 0.0 0.0 0.0 0.0 0.12499999999999645 0.8749999999999964 1.0 1.0 0.8750000000000036 
0.8749999999999991 1.0 1.0 1.0 1.0 0.37500000000000133 0.0 0.0 0.0 0.0 0.0 0.0 0.0 0.0 0.0 0.12499999999999645 0.8749999999999964 1.0 1.0 0.8750000000000036 
0.2843749999999991 0.7468749999999991 1.0 1.0 1.0 0.37500000000000133 0.0 0.0 0.0 0.0 0.0 0.0 0.0 0.0 0.0 0.12499999999999645 0.8749999999999964 1.0 1.0 0.8750000000000036 
0.0 0.48437499999999833 0.8593749999999989 1.0 1.0 0.515625000000002 0.22500000000000142 0.19687500000000163 0.028125000000000577 0.0 0.0 0.0 0.0 0.14062500000000008 0.5156249999999981 1.0 1.0 1.0 1.0 0.8750000000000036 
0.0 0.0 0.08437499999999895 0.32187499999999714 0.9031249999999987 1.0 1.0 0.9718750000000007 0.8031250000000023 0.7750000000000021 0.7750000000000021 0.7750000000000021 0.7750000000000021 0.915625 1.0 1.0 1.0 1.0 1.0 0.8750000000000036 
0.0 0.0 0.0 0.0 0.0 0.42187499999999734 0.7968749999999977 1.0 1.0 1.0 1.0 1.0 1.0 1.0 1.0 1.0 1.0 1.0 1.0 0.8750000000000036 
0.0 0.0 0.0 0.0 0.0 0.0 0.046874999999998446 0.12499999999999645 0.12499999999999645 0.12499999999999645 0.12499999999999645 0.12499999999999645 0.12499999999999645 0.12499999999999645 0.12499999999999645 0.23437499999999378 0.8906249999999964 1.0 1.0 0.8750000000000036 
0.0 0.0 0.0 0.0 0.0 0.0 0.0 0.0 0.0 0.0 0.0 0.0 0.0 0.0 0.0 0.12499999999999645 0.8749999999999964 1.0 1.0 0.8750000000000036 
0.0 0.0 0.0 0.0 0.0 0.0 0.0 0.0 0.0 0.0 0.0 0.0 0.0 0.0 0.0 0.12499999999999645 0.8749999999999964 1.0 1.0 0.8750000000000036 
0.0 0.0 0.0 0.0 0.0 0.0 0.0 0.0 0.0 0.0 0.0 0.0 0.0 0.0 0.0 0.12499999999999645 0.8749999999999964 1.0 1.0 0.8750000000000036 
0.0 0.0 0.0 0.009375000000000699 0.0656250000000055 0.0281250000000025 0.0 0.0 0.0 0.0 0.0 0.0 0.0 0.0 0.37499999999999645 1.0 1.0 1.0 0.9718749999999978 0.8093749999999977 
0.0 0.0 0.23437500000000197 0.6718750000000058 0.9531250000000004 0.7656250000000049 0.6250000000000071 0.5468750000000073 0.078125000000002 0.0 0.23437500000000155 0.6250000000000071 0.6250000000000071 0.6250000000000071 0.7656250000000031 1.0 1.0 1.0 0.6250000000000036 0.0 
0.0 0.0 0.0 0.10312499999999793 0.721874999999992 0.9343749999999968 1.0 1.0 1.0 1.0 1.0 1.0 1.0 1.0 1.0 0.9781249999999997 0.8468749999999938 0.309375 0.0 0.0 
0.0 0.0 0.0 0.0 0.0 0.1718749999999943 0.2749999999999915 0.36562499999999126 0.9093749999999976 1.0 1.0 1.0 1.0 0.5468749999999972 0.2749999999999915 0.2406249999999935 0.03437499999999991 0.0 0.0 0.0 
