0.25437500000000596 0.8368750000000029 1.0 1.0 1.0 1.0 1.0 1.0 1.0 1.0 0.6918750000000019 0.4743750000000044 1.0 1.0 1.0 1.0 1.0 0.7281250000000035 0.2750000000000057 0.25437500000000646 
0.9250000000000025 1.0 1.0 1.0 1.0 1.0 1.0 1.0 1.0 1.0 1.0 1.0 1.0 1.0 1.0 1.0 1.0 1.0 1.0 0.9250000000000043 
0.5781249999999967 0.6249999999999947 0.6249999999999947 0.6249999999999947 0.6249999999999947 0.6249999999999947 0.6249999999999947 0.6249999999999947 0.8968749999999988 1.0 1.0 1.0 0.9531249999999993 0.6343749999999949 0.6249999999999947 0.6249999999999947 0.6249999999999947 0.6249999999999947 0.6249999999999947 0.5781249999999978 
0.0 0.0 0.0 0.0 0.0 0.0 0.0 0.0 0.7250000000000005 1.0 1.0 1.0 0.875 0.025000000000000355 0.0 0.0 0.0 0.0 0.0 0.0 
0.0 0.0 0.0 0.0 0.0 0.0 0.0 0.0 0.7250000000000005 1.0 1.0 1.0 0.875 0.025000000000000355 0.0 0.0 0.0 0.0 0.0 0.0 
0.0 0.0 0.0 0.0 0.0 0.0 0.0 0.0 0.7250000000000005 1.0 1.0 1.0 0.875 0.025000000000000355 0.0 0.0 0.0 0.0 0.0 0.0 
0.0 0.0 0.0 0.0 0.0 0.0 0.0 0.0 0.7250000000000005 1.0 1.0 1.0 0.875 0.025000000000000355 0.0 0.0 0.0 0.0 0.0 0.0 
0.0 0.0 0.0 0.0 0.0 0.0 0.0 0.0 0.7250000000000005 1.0 1.0 0.7249999999999996 0.0 0.0 0.0 0.0 0.0 0.0 0.0 0.0 
0.0 0.0 0.0 0.0 0.0 0.0 0.0 0.0 0.7250000000000005 1.0 1.0 0.7249999999999996 0.0 0.0 0.0 0.0 0.0 0.0 0.0 0.0 
0.0 0.0 0.0 0.0 0.0 0.0 0.025000000000001243 0.8750000000000009 1.0 1.0 1.0 0.7249999999999996 0.0 0.0 0.0 0.0 0.0 0.0 0.0 0.0 
0.0 0.0 0.0 0.0 0.0 0.0 0.025000000000001243 0.8750000000000009 1.0 1.0 1.0 0.7249999999999996 0.0 0.0 0.0 0.0 0.0 0.0 0.0 0.0 
0.0 0.0 0.0 0.0 0.0 0.0 0.025000000000001243 0.8750000000000009 1.0 1.0 1.0 0.7249999999999996 0.0 0.0 0.0 0.0 0.0 0.0 0.0 0.0 
0.0 0.0 0.0 0.0 0.0 0.0 0.025000000000001243 0.8750000000000009 1.0 1.0 1.0 0.7249999999999996 0.0 0.0 0.0 0.0 0.0 0.0 0.0 0.0 
0.0 0.0 0.0 0.0 0.0 0.0 0.025000000000001243 0.8750000000000009 1.0 1.0 1.0 0.7249999999999996 0.0 0.0 0.0 0.0 0.0 0.0 0.0 0.0 
0.0 0.0 0.0 0.0 0.0 0.0 0.025000000000001243 0.8750000000000009 1.0 1.0 1.0 0.7249999999999996 0.0 0.0 0.0 0.0 0.0 0.0 0.0 0.0 
0.0 0.0 0.0 0.0 0.0 0.0 0.025000000000001243 0.8750000000000009 1.0 1.0 1.0 0.7249999999999996 0.0 0.0 0.0 0.0 0.0 0.0 0.0 0.0 
0.0 0.0 0.0 0.0 0.0 0.0 0.025000000000001243 0.8750000000000009 1.0 1.0 1.0 0.7249999999999996 0.0 0.0 0.0 0.0 0.0 0.0 0.0 0.0 
0.0 0.0 0.0 0.0 0.0 0.0 0.025000000000001243 0.8750000000000009 1.0 1.0 1.0 0.7249999999999996 0.0 0.0 0.0 0.0 0.0 0.0 0.0 0.0 
0.0 0.0 0.0 0.0 0.0 0.0 0.025000000000001243 0.8750000000000009 1.0 1.0 1.0 0.7249999999999996 0.0 0.0 0.0 0.0 0.0 0.0 0.0 0.0 
0.0 0.0 0.0 0.0 0.0 0.0 0.006875000000000306 0.240624999999999 0.800625 1.0 1.0 0.7249999999999996 0.0 0.0 0.0 0.0 0.0 0.0 0.0 0.0 
