0.26999999999999863 0.7900000000000016 1.0 1.0 1.0 1.0 1.0 1.0 1.0 0.9299999999999994 0.3699999999999972 0.29999999999999716 0.29999999999999716 0.29999999999999716 0.29999999999999716 0.29999999999999716 0.29999999999999716 0.29999999999999716 0.29999999999999716 0.26999999999999863 
0.9000000000000039 1.0 1.0 1.0 1.0 1.0 1.0 1.0 1.0 1.0 1.0 1.0 1.0 1.0 1.0 1.0 1.0 1.0 1.0 0.9000000000000039 
0.0 0.35000000000000364 0.5000000000000027 0.5000000000000027 0.5000000000000027 0.5000000000000027 0.5000000000000027 0.5000000000000027 0.5000000000000027 0.5000000000000027 0.5000000000000027 0.5000000000000027 0.5000000000000027 0.5000000000000027 0.5500000000000014 0.9499999999999995 1.0 1.0 1.0 0.9000000000000039 
0.0 0.0 0.0 0.0 0.0 0.0 0.0 0.0 0.0 0.0 0.0 0.0 0.0 0.029999999999999253 0.18999999999999617 0.9099999999999985 1.0 1.0 0.9700000000000009 0.8100000000000054 
0.0 0.0 0.0 0.0 0.0 0.0 0.0 0.0 0.0 0.0 0.0 0.0 0.0 0.29999999999999893 1.0 1.0 1.0 0.6500000000000037 0.2100000000000026 0.0 
0.0 0.0 0.0 0.0 0.0 0.0 0.0 0.0 0.0 0.0 0.0 0.0 0.4999999999999982 1.0 1.0 1.0 0.7900000000000027 0.3500000000000039 0.0 0.0 
0.0 0.0 0.0 0.0 0.0 0.0 0.0 0.0 0.0 0.0 0.0 0.6299999999999983 0.9499999999999991 1.0 1.0 1.0 0.3000000000000025 0.0 0.0 0.0 
0.0 0.0 0.0 0.0 0.0 0.0 0.0 0.0 0.0 0.050000000000000086 0.44999999999999857 0.8499999999999991 1.0 1.0 0.9000000000000021 0.10000000000000142 0.0 0.0 0.0 0.0 
0.0 0.0 0.0 0.0 0.0 0.0 0.0 0.0 0.02999999999999943 0.18999999999999856 0.9100000000000001 1.0 1.0 0.7000000000000011 0.0 0.0 0.0 0.0 0.0 0.0 
0.0 0.0 0.0 0.0 0.0 0.0 0.0 0.0 0.3000000000000007 1.0 1.0 1.0 0.6500000000000025 0.21000000000000207 0.0 0.0 0.0 0.0 0.0 0.0 
0.0 0.0 0.0 0.0 0.0 0.0 0.0 0.5000000000000009 1.0 1.0 1.0 0.7900000000000023 0.35000000000000264 0.0 0.0 0.0 0.0 0.0 0.0 0.0 
0.0 0.0 0.0 0.0 0.0 0.0 0.63 0.9499999999999994 1.0 1.0 1.0 0.3000000000000007 0.0 0.0 0.0 0.0 0.0 0.0 0.0 0.0 
0.0 0.0 0.0 0.0 0.050000000000001155 0.45000000000000107 0.8500000000000005 1.0 1.0 0.8999999999999995 0.09999999999999964 0.0 0.0 0.0 0.0 0.0 0.0 0.0 0.0 0.0 
0.0 0.0 0.0 0.3000000000000025 1.0 1.0 1.0 1.0 0.6999999999999993 0.0 0.0 0.0 0.0 0.0 0.0 0.0 0.0 0.0 0.0 0.0 
0.0 0.0 0.3500000000000018 0.7900000000000003 1.0 1.0 1.0 0.6499999999999997 0.2100000000000003 0.0 0.0 0.0 0.0 0.0 0.0 0.0 0.0 0.0 0.0 0.0 
0.0 0.20999999999999908 0.6500000000000008 1.0 1.0 1.0 0.29999999999999893 0.0 0.0 0.0 0.0 0.0 0.0 0.0 0.0 0.0 0.0 0.0 0.0 0.0 
0.0 0.7000000000000035 1.0 1.0 0.909999999999998 0.18999999999999936 0.030000000000000318 0.0 0.0 0.0 0.0 0.0 0.0 0.0 0.0 0.0 0.0 0.0 0.0 0.0 
0.9000000000000039 1.0 1.0 1.0 0.9499999999999988 0.5499999999999989 0.14999999999999947 0.0 0.0 0.0 0.0 0.0 0.0 0.0 0.0 0.0 0.0 0.0 0.0 0.0 
0.9000000000000039 1.0 1.0 1.0 1.0 1.0 1.0 1.0 1.0 1.0 1.0 1.0 1.0 1.0 1.0 1.0 1.0 1.0 1.0 0.9000000000000039 
0.2700000000000018 0.3000000000000007 0.3000000000000007 0.5100000000000022 1.0 1.0 1.0 1.0 1.0 1.0 1.0 1.0 1.0 1.0 1.0 1.0 1.0 1.0 1.0 0.9000000000000039 
