0.0 0.0 0.0 0.0 0.09750000000000193 0.3000000000000078 0.3000000000000078 0.3000000000000078 0.3000000000000078 0.7025000000000016 1.0 0.8075000000000031 0.3000000000000078 0.3000000000000078 0.3000000000000078 0.09750000000000339 0.0 0.0 0.0 0.0 
0.0 0.0 0.0 0.42750000000000155 0.9325000000000047 1.0 1.0 1.0 1.0 1.0 1.0 1.0 1.0 1.0 1.0 0.9325000000000052 0.4275000000000047 0.0 0.0 0.0 
0.0 0.3875000000000042 0.8125000000000016 1.0 1.0 1.0 0.9875000000000009 0.5624999999999951 0.49999999999999334 0.49999999999999334 0.49999999999999334 0.49999999999999334 0.49999999999999334 0.49999999999999334 0.9124999999999985 1.0 1.0 0.8125000000000042 0.38750000000000623 0.0 
0.0 0.774999999999998 1.0 1.0 0.9674999999999983 0.7424999999999969 0.0 0.0 0.0 0.0 0.0 0.0 0.0 0.0 0.7424999999999945 0.9674999999999978 1.0 1.0 0.7975000000000032 0.09250000000000586 
0.0 0.774999999999998 1.0 1.0 0.675000000000002 0.0 0.0 0.0 0.0 0.0 0.0 0.0 0.0 0.0 0.0 0.6749999999999972 1.0 1.0 1.0 0.9250000000000043 
0.924999999999998 1.0 1.0 1.0 0.675000000000002 0.0 0.0 0.0 0.0 0.0 0.0 0.0 0.0 0.0 0.0 0.0 0.3674999999999968 0.6999999999999957 0.6999999999999957 0.6474999999999991 
0.924999999999998 1.0 1.0 1.0 0.675000000000002 0.0 0.0 0.0 0.0 0.0 0.0 0.0 0.0 0.0 0.0 0.0 0.0 0.0 0.0 0.0 
0.924999999999998 1.0 1.0 1.0 0.675000000000002 0.0 0.0 0.0 0.0 0.0 0.0 0.0 0.0 0.0 0.0 0.0 0.0 0.0 0.0 0.0 
0.924999999999998 1.0 1.0 1.0 0.675000000000002 0.0 0.0 0.0 0.0 0.0 0.0 0.0 0.0 0.0 0.0 0.0 0.0 0.0 0.0 0.0 
0.924999999999998 1.0 1.0 1.0 0.675000000000002 0.0 0.0 0.0 0.0 0.0 0.2974999999999992 0.7000000000000028 0.7000000000000028 0.7000000000000028 0.7000000000000028 0.7000000000000028 0.7000000000000028 0.7000000000000028 0.7000000000000028 0.6475000000000056 
0.924999999999998 1.0 1.0 1.0 0.675000000000002 0.0 0.0 0.0 0.0 0.0 0.42499999999999716 1.0 1.0 1.0 1.0 1.0 1.0 1.0 1.0 0.9250000000000043 
0.924999999999998 1.0 1.0 1.0 0.675000000000002 0.0 0.0 0.0 0.0 0.0 0.04249999999999881 0.09999999999999787 0.09999999999999787 0.09999999999999787 0.09999999999999787 0.7074999999999968 1.0 1.0 1.0 0.9250000000000043 
0.924999999999998 1.0 1.0 1.0 0.675000000000002 0.0 0.0 0.0 0.0 0.0 0.0 0.0 0.0 0.0 0.0 0.3374999999999986 0.7624999999999993 1.0 1.0 0.9250000000000043 
0.924999999999998 1.0 1.0 1.0 0.675000000000002 0.0 0.0 0.0 0.0 0.0 0.0 0.0 0.0 0.0 0.0 0.6749999999999972 1.0 1.0 1.0 0.9250000000000043 
0.924999999999998 1.0 1.0 1.0 0.675000000000002 0.0 0.0 0.0 0.0 0.0 0.0 0.0 0.0 0.0 0.0 0.6749999999999972 1.0 1.0 1.0 0.9250000000000043 
0.924999999999998 1.0 1.0 1.0 0.675000000000002 0.0 0.0 0.0 0.0 0.0 0.0 0.0 0.0 0.0 0.0 0.6749999999999972 1.0 1.0 1.0 0.9250000000000043 
0.09250000000000112 0.7974999999999985 1.0 1.0 0.675000000000002 0.0 0.0 0.0 0.0 0.0 0.0 0.0 0.0 0.0 0.0 0.6749999999999972 1.0 1.0 0.7975000000000022 0.09250000000000175 
0.0 0.3875000000000018 0.8125000000000003 1.0 0.8374999999999999 0.41249999999999803 0.0 0.0 0.0 0.0 0.0 0.0 0.0 0.0 0.8249999999999993 1.0 1.0 1.0 0.7750000000000021 0.0 
0.0 0.0 0.0 0.4274999999999991 0.9325000000000012 1.0 1.0 1.0 0.34750000000000036 0.09999999999999787 0.4824999999999962 1.0 1.0 1.0 1.0 1.0 0.9475000000000012 0.5625000000000046 0.0 0.0 
0.0 0.0 0.0 0.0 0.09750000000000077 0.42250000000000215 1.0 1.0 1.0 1.0 1.0 1.0 1.0 1.0 0.422500000000004 0.30000000000000426 0.14250000000000246 0.0 0.0 0.0 
