0.0 0.0 0.0 0.0 0.0 0.1874999999999926 0.29999999999999005 0.3874999999999882 0.9124999999999956 1.0 0.7374999999999994 0.29999999999999005 0.29999999999999005 0.29999999999999005 0.1874999999999954 0.0 0.0 0.0 0.0 0.0 
0.0 0.0 0.33749999999999325 0.899999999999991 0.899999999999991 0.9624999999999962 1.0 1.0 1.0 1.0 1.0 1.0 1.0 1.0 0.9624999999999971 0.899999999999991 0.899999999999991 0.3375000000000014 0.0 0.0 
0.0 0.6249999999999963 1.0 1.0 1.0 1.0 0.8125000000000052 0.500000000000008 0.500000000000008 0.500000000000008 0.500000000000008 0.500000000000008 0.500000000000008 0.500000000000008 0.6875000000000023 1.0 1.0 1.0 0.6250000000000053 0.0 
0.8749999999999964 1.0 1.0 0.9875000000000014 0.912500000000007 0.3375000000000064 0.0 0.0 0.0 0.0 0.0 0.0 0.0 0.0 0.337499999999998 0.912500000000006 0.9875000000000004 1.0 1.0 0.8750000000000053 
0.8749999999999964 1.0 1.0 0.875000000000004 0.125000000000004 0.0 0.0 0.0 0.0 0.0 0.0 0.0 0.0 0.0 0.0 0.12499999999999467 0.8749999999999947 1.0 1.0 0.8750000000000053 
0.6125000000000016 0.7000000000000046 0.43750000000000555 0.0 0.0 0.0 0.0 0.0 0.0 0.0 0.0 0.0 0.0 0.0 0.0 0.12499999999999467 0.8749999999999947 1.0 1.0 0.8750000000000053 
0.0 0.0 0.0 0.0 0.0 0.0 0.0 0.0 0.0 0.0 0.0 0.0 0.0 0.0 0.0 0.12499999999999467 0.8749999999999947 1.0 1.0 0.8750000000000053 
0.0 0.0 0.0 0.0 0.0 0.0 0.0 0.0 0.0 0.0 0.0 0.0 0.0 0.0 0.37499999999999467 1.0 1.0 1.0 0.812500000000004 0.4375000000000058 
0.0 0.0 0.0 0.0 0.0 0.0 0.0 0.0 0.0 0.0 0.0 0.012499999999999201 0.08749999999999761 0.6624999999999944 1.0 1.0 1.0 0.9375000000000019 0.5625000000000061 0.0 
0.0 0.0 0.0 0.0 0.0 0.0 0.0 0.0 0.0 0.0 0.0 0.12499999999999467 0.8749999999999947 1.0 1.0 0.9125000000000039 0.38750000000000434 0.11250000000000186 0.0 0.0 
0.0 0.0 0.0 0.0 0.0 0.0 0.0 0.0 0.0 0.1874999999999991 0.5624999999999973 1.0 1.0 1.0 0.8875000000000013 0.6125000000000032 0.08750000000000364 0.0 0.0 0.0 
0.0 0.0 0.0 0.0 0.0 0.0 0.0 0.11249999999999627 0.7874999999999979 0.9625000000000004 1.0 1.0 1.0 0.43750000000000344 0.0624999999999992 0.0 0.0 0.0 0.0 0.0 
0.0 0.0 0.0 0.0 0.0 0.0 0.18749999999999778 0.5624999999999978 0.9374999999999978 1.0 1.0 0.9375000000000027 0.5625000000000027 0.18750000000000266 0.0 0.0 0.0 0.0 0.0 0.0 
0.0 0.0 0.0 0.0 0.0 0.624999999999996 1.0 1.0 1.0 0.9374999999999996 0.5625000000000031 0.0 0.0 0.0 0.0 0.0 0.0 0.0 0.0 0.0 
0.0 0.0 0.0 0.08749999999999755 0.6124999999999997 0.8874999999999998 1.0 1.0 1.0 0.37500000000000444 0.0 0.0 0.0 0.0 0.0 0.0 0.0 0.0 0.0 0.0 
0.0 0.0 0.3749999999999962 1.0 1.0 1.0 0.8874999999999997 0.6124999999999994 0.08750000000000258 0.0 0.0 0.0 0.0 0.0 0.0 0.0 0.0 0.0 0.0 0.0 
0.0 0.5625000000000002 0.9375000000000032 1.0 1.0 1.0 0.6250000000000044 0.0 0.0 0.0 0.0 0.0 0.0 0.0 0.0 0.0 0.0 0.0 0.0 0.0 
0.8749999999999964 1.0 1.0 1.0 1.0 0.375000000000004 0.0 0.0 0.0 0.0 0.0 0.0 0.0 0.0 0.0 0.0 0.0 0.0 0.0 0.0 
0.8749999999999964 1.0 1.0 1.0 1.0 1.0 1.0 1.0 1.0 1.0 1.0 1.0 1.0 1.0 1.0 1.0 1.0 1.0 1.0 0.8750000000000053 
0.8749999999999964 1.0 1.0 1.0 1.0 1.0 1.0 1.0 1.0 1.0 1.0 1.0 1.0 1.0 1.0 1.0 1.0 1.0 1.0 0.8750000000000053 
