0.0 0.8499999999999992 1.0 1.0 1.0 0.5500000000000007 0.0 0.0 0.0 0.0 0.0 0.0 0.0 0.0 0.15124999999999844 0.6012499999999974 1.0 1.0 0.8912500000000008 0.2612499999999994 
0.0 0.8499999999999992 1.0 1.0 1.0 0.5500000000000007 0.0 0.0 0.0 0.0 0.0 0.0 0.0 0.0 0.5499999999999972 1.0 1.0 1.0 1.0 0.9500000000000028 
0.0 0.8499999999999992 1.0 1.0 1.0 1.0 0.6500000000000012 0.0 0.0 0.0 0.0 0.0 0.0 0.24374999999999888 0.7187499999999978 1.0 1.0 1.0 1.0 0.9500000000000028 
0.0 0.8499999999999992 1.0 1.0 1.0 1.0 0.6500000000000012 0.0 0.0 0.0 0.0 0.0 0.0 0.6499999999999986 1.0 1.0 1.0 1.0 1.0 0.9500000000000028 
0.0 0.8499999999999992 1.0 1.0 1.0 1.0 1.0 0.7500000000000018 0.0 0.0 0.0 0.0 0.7499999999999982 1.0 1.0 1.0 1.0 1.0 1.0 0.9500000000000028 
0.0 0.8499999999999992 1.0 1.0 1.0 1.0 1.0 1.0 0.8500000000000014 0.0 0.0 0.8499999999999979 1.0 1.0 1.0 1.0 1.0 1.0 1.0 0.9500000000000028 
0.0 0.8499999999999992 1.0 1.0 1.0 1.0 1.0 1.0 0.9362500000000005 0.5749999999999993 0.5749999999999993 0.9362499999999989 1.0 1.0 1.0 1.0 1.0 1.0 1.0 0.9500000000000028 
0.9499999999999993 1.0 1.0 1.0 0.45000000000000107 0.3937499999999994 0.9187499999999998 1.0 1.0 1.0 1.0 1.0 1.0 0.9187500000000002 0.3937500000000025 0.4499999999999975 1.0 1.0 1.0 0.9500000000000028 
0.9499999999999993 1.0 1.0 0.5612500000000002 0.14625000000000002 0.0 0.34999999999999876 1.0 1.0 1.0 1.0 1.0 1.0 0.3500000000000014 0.0 0.14624999999999888 0.5612499999999981 1.0 0.8987500000000008 0.30875000000000025 
0.9499999999999993 1.0 1.0 0.350000000000001 0.0 0.0 0.0 0.24999999999999822 1.0 1.0 1.0 1.0 0.2500000000000018 0.0 0.0 0.4499999999999975 1.0 1.0 0.8500000000000014 0.0 
0.9499999999999993 1.0 1.0 0.350000000000001 0.0 0.0 0.0 0.24999999999999822 1.0 1.0 1.0 0.34124999999999983 0.05624999999999987 0.0 0.0 0.4499999999999975 1.0 1.0 0.8500000000000014 0.0 
0.9499999999999993 1.0 1.0 0.350000000000001 0.0 0.0 0.0 0.0 0.0 0.0 0.0 0.0 0.0 0.0 0.0 0.4499999999999975 1.0 1.0 0.8500000000000014 0.0 
0.9499999999999993 1.0 1.0 0.350000000000001 0.0 0.0 0.0 0.0 0.0 0.0 0.0 0.0 0.0 0.0 0.0 0.4499999999999975 1.0 1.0 0.8500000000000014 0.0 
0.9499999999999993 1.0 1.0 0.350000000000001 0.0 0.0 0.0 0.0 0.0 0.0 0.0 0.0 0.0 0.0 0.0 0.4499999999999975 1.0 1.0 0.8500000000000014 0.0 
0.9499999999999993 1.0 1.0 0.350000000000001 0.0 0.0 0.0 0.0 0.0 0.0 0.0 0.0 0.0 0.0 0.0 0.4499999999999975 1.0 1.0 0.8500000000000014 0.0 
0.9499999999999993 1.0 1.0 0.350000000000001 0.0 0.0 0.0 0.0 0.0 0.0 0.0 0.0 0.0 0.0 0.0 0.4499999999999975 1.0 1.0 0.8500000000000014 0.0 
0.9499999999999993 1.0 1.0 0.350000000000001 0.0 0.0 0.0 0.0 0.0 0.0 0.0 0.0 0.0 0.0 0.0 0.4499999999999975 1.0 1.0 0.8500000000000014 0.0 
0.9499999999999993 1.0 1.0 0.350000000000001 0.0 0.0 0.0 0.0 0.0 0.0 0.0 0.0 0.0 0.0 0.0 0.4499999999999975 1.0 1.0 0.8500000000000014 0.0 
0.9499999999999993 1.0 1.0 0.350000000000001 0.0 0.0 0.0 0.0 0.0 0.0 0.0 0.0 0.0 0.0 0.0 0.4499999999999975 1.0 1.0 0.8500000000000014 0.0 
0.9499999999999993 1.0 1.0 0.350000000000001 0.0 0.0 0.0 0.0 0.0 0.0 0.0 0.0 0.0 0.0 0.0 0.4499999999999975 1.0 1.0 0.8500000000000014 0.0 
