0.0 0.0 0.0 0.0 0.0 0.0 0.0 0.0 0.0 0.10687500000000318 0.22500000000000853 0.6706249999999989 1.0 1.0 1.0 0.3993750000000118 0.22500000000000853 0.22500000000000853 0.016875000000001278 0.0 
0.0 0.0 0.0 0.0 0.0 0.0 0.2193749999999996 0.6750000000000076 0.6750000000000076 0.8293750000000027 1.0 1.0 1.0 1.0 1.0 1.0 1.0 1.0 0.699375000000008 0.016875000000004026 
0.0 0.0 0.0 0.0 0.02812500000000101 0.36562500000000125 1.0 1.0 1.0 0.9406249999999974 0.8749999999999933 0.37187500000000245 0.0 0.5906249999999915 0.8749999999999933 0.9718749999999976 1.0 1.0 1.0 1.0 
0.0 0.0 0.0 0.0 0.2249999999999961 1.0 1.0 0.7843750000000005 0.4249999999999945 0.22312499999999877 0.0 0.0 0.0 0.0 0.0 0.32937499999999287 0.8993749999999966 1.0 1.0 1.0 
0.0 0.0 0.0 0.17499999999999627 1.0 1.0 0.9918749999999985 0.6093750000000013 0.0 0.0 0.0 0.0 0.0 0.0 0.0 0.0 0.8249999999999957 1.0 1.0 1.0 
0.0 0.0 0.0 0.09187499999999732 0.5249999999999959 0.5249999999999959 0.3543749999999995 0.0 0.0 0.0 0.0 0.0 0.0 0.0 0.0 0.0 0.8249999999999957 1.0 1.0 1.0 
0.0 0.0 0.0 0.0 0.0 0.0 0.0 0.0 0.0 0.0 0.0 0.0 0.0 0.0 0.0 0.7168749999999957 0.9868750000000002 1.0 1.0 0.09812500000000283 
0.0 0.0 0.0 0.0 0.0 0.0 0.0 0.0 0.0 0.0 0.0 0.0 0.0 0.0 0.7249999999999943 1.0 1.0 1.0 0.6531249999999994 0.015625000000003508 
0.0 0.0 0.0 0.0 0.0 0.0 0.0 0.0 0.0 0.0 0.0 0.0 0.0 0.5568749999999969 0.9518749999999994 1.0 1.0 0.27812500000000495 0.013125000000000418 0.0 
0.0 0.0 0.0 0.0 0.0 0.0 0.0 0.0 0.0 0.0 0.0 0.15812499999999854 0.7281249999999962 1.0 1.0 0.7868750000000015 0.12687500000000304 0.0 0.0 0.0 
0.0 0.0 0.0 0.0 0.0 0.0 0.0 0.0 0.0 0.0 0.3806249999999962 0.8831249999999982 1.0 1.0 0.4743750000000044 0.061875000000001935 0.0 0.0 0.0 0.0 
0.0 0.0 0.0 0.0 0.0 0.0 0.0 0.0 0.07437499999999798 0.5668749999999954 1.0 1.0 0.8906250000000027 0.2681250000000047 0.0 0.0 0.0 0.0 0.0 0.0 
0.0 0.0 0.0 0.0 0.0 0.0 0.0 0.2343749999999959 0.7843749999999963 1.0 1.0 0.6406250000000058 0.14062500000000333 0.0 0.0 0.0 0.0 0.0 0.0 0.0 
0.0 0.0 0.0 0.0 0.0 0.02062499999999852 0.37562499999999316 1.0 1.0 0.9643750000000023 0.4393750000000066 0.0 0.0 0.0 0.0 0.0 0.0 0.0 0.0 0.0 
0.0 0.0 0.0 0.0 0.11812499999999683 0.6556249999999945 1.0 1.0 0.7768750000000045 0.24937500000000445 0.0 0.0 0.0 0.0 0.0 0.0 0.0 0.0 0.0 0.0 
0.0 0.0 0.0 0.17062499999999536 0.9806249999999955 1.0 1.0 0.6343750000000065 0.014375000000003383 0.0 0.0 0.0 0.0 0.0 0.0 0.0 0.0 0.0 0.0 0.0 
0.0 0.031874999999998085 0.49687499999999235 1.0 1.0 0.8831250000000035 0.5750000000000064 0.35937500000000655 0.0 0.0 0.0 0.0 0.0 0.0 0.0 0.0 0.0 0.0 0.0 0.0 
0.0 0.07499999999999662 1.0 1.0 1.0 0.9656249999999985 0.590624999999999 0.0 0.0 0.0 0.0 0.0 0.0 0.0 0.0 0.0 0.0 0.0 0.0 0.0 
0.3418749999999902 1.0 1.0 1.0 1.0 1.0 1.0 1.0 1.0 1.0 1.0 1.0 1.0 1.0 1.0 1.0 1.0 0.1250000000000071 0.0 0.0 
1.0 1.0 1.0 1.0 1.0 1.0 1.0 1.0 1.0 1.0 1.0 1.0 1.0 1.0 1.0 0.3993750000000118 0.22500000000000853 0.028125000000002665 0.0 0.0 
