0.49999999999999645 0.49999999999999645 0.49999999999999645 0.49999999999999645 0.49999999999999645 0.49999999999999645 0.49999999999999645 0.49999999999999645 0.49999999999999645 0.49999999999999645 0.49999999999999645 0.5749999999999981 1.0 1.0 1.0 0.7249999999999976 0.8249999999999998 1.0 1.0 1.0 
1.0 1.0 1.0 1.0 1.0 1.0 1.0 1.0 1.0 1.0 1.0 1.0 1.0 1.0 1.0 1.0 1.0 1.0 1.0 1.0 
0.5250000000000025 1.0 0.8750000000000007 0.6750000000000018 1.0 0.7250000000000015 0.5000000000000027 0.5000000000000027 0.5000000000000027 0.5000000000000027 0.5000000000000027 0.5000000000000027 0.5000000000000027 0.6750000000000025 1.0 1.0 1.0 1.0 1.0 1.0 
0.0 0.0 0.0 0.0 0.0 0.0 0.0 0.0 0.0 0.0 0.0 0.0 0.0 0.0 0.45000000000000284 1.0 1.0 1.0 1.0 0.04999999999999716 
0.0 0.0 0.0 0.0 0.0 0.0 0.0 0.0 0.0 0.0 0.0 0.0 0.0 0.3500000000000014 1.0 1.0 1.0 1.0 0.14999999999999858 0.0 
0.0 0.0 0.0 0.0 0.0 0.0 0.0 0.0 0.0 0.0 0.0 0.0 0.25 1.0 1.0 1.0 1.0 0.24999999999999645 0.0 0.0 
0.0 0.0 0.0 0.0 0.0 0.0 0.0 0.0 0.0 0.0 0.0 0.15000000000000213 1.0 1.0 1.0 1.0 0.34999999999999787 0.0 0.0 0.0 
0.0 0.0 0.0 0.0 0.0 0.0 0.0 0.0 0.0 0.0 0.05000000000000071 1.0 1.0 1.0 1.0 0.4499999999999993 0.0 0.0 0.0 0.0 
0.0 0.0 0.0 0.0 0.0 0.0 0.0 0.0 0.0 0.0 1.0 1.0 1.0 1.0 0.5499999999999972 0.0 0.0 0.0 0.0 0.0 
0.0 0.0 0.0 0.0 0.0 0.0 0.0 0.0 0.0 0.9499999999999993 1.0 1.0 1.0 0.6499999999999986 0.0 0.0 0.0 0.0 0.0 0.0 
0.0 0.0 0.0 0.0 0.0 0.0 0.0 0.0 0.8500000000000014 1.0 1.0 1.0 0.75 0.0 0.0 0.0 0.0 0.0 0.0 0.0 
0.0 0.0 0.0 0.0 0.0 0.0 0.0 0.7500000000000009 1.0 1.0 1.0 0.8499999999999979 0.0 0.0 0.0 0.0 0.0 0.0 0.0 0.0 
0.0 0.0 0.0 0.0 0.0 0.0 0.6500000000000004 1.0 1.0 1.0 0.9499999999999993 0.0 0.0 0.0 0.0 0.0 0.0 0.0 0.0 0.0 
0.0 0.0 0.0 0.0 0.0 0.5499999999999998 1.0 1.0 1.0 0.524999999999997 0.0 0.0 0.0 0.0 0.0 0.0 0.0 0.0 0.0 0.0 
0.0 0.0 0.0 0.0 0.4500000000000002 1.0 1.0 1.0 0.5749999999999963 0.02500000000000018 0.0 0.0 0.0 0.0 0.0 0.0 0.0 0.0 0.0 0.0 
0.0 0.0 0.1250000000000009 0.6750000000000024 1.0 1.0 1.0 0.6249999999999969 0.07499999999999876 0.0 0.0 0.0 0.0 0.0 0.0 0.0 0.0 0.0 0.0 0.0 
0.0 0.07499999999999996 0.625 1.0 1.0 1.0 0.6749999999999998 0.12499999999999956 0.0 0.0 0.0 0.0 0.0 0.0 0.0 0.0 0.0 0.0 0.0 0.0 
0.02499999999999991 0.575 1.0 1.0 1.0 1.0 0.6749999999999998 0.12499999999999956 0.0 0.0 0.0 0.0 0.0 0.0 0.0 0.0 0.0 0.0 0.0 0.0 
0.04999999999999982 1.0 1.0 1.0 1.0 1.0 1.0 1.0 1.0 1.0 1.0 1.0 1.0 1.0 1.0 1.0 1.0 1.0 1.0 0.04999999999999716 
0.04999999999999982 1.0 1.0 1.0 1.0 1.0 1.0 1.0 1.0 1.0 1.0 1.0 1.0 1.0 1.0 1.0 1.0 1.0 1.0 0.04999999999999716 
