0.009999999999998508 0.44500000000000295 1.0 1.0 0.775000000000003 0.0 0.0 0.0 0.0 0.0 0.0 0.0 0.0 0.0 0.0 0.0 0.3300000000000044 0.9250000000000007 1.0 1.0 
0.024999999999995914 1.0 1.0 1.0 0.775000000000003 0.0 0.0 0.0 0.0 0.0 0.0 0.0 0.0 0.0 0.0 0.0 0.8249999999999993 1.0 1.0 1.0 
0.024999999999995914 1.0 1.0 1.0 0.775000000000003 0.0 0.0 0.0 0.0 0.0 0.0 0.0 0.0 0.0 0.0 0.0 0.8249999999999993 1.0 1.0 1.0 
0.024999999999995914 1.0 1.0 1.0 0.775000000000003 0.0 0.0 0.0 0.0 0.0 0.0 0.0 0.0 0.0 0.0 0.0 0.8249999999999993 1.0 1.0 1.0 
0.024999999999995914 1.0 1.0 1.0 0.775000000000003 0.0 0.0 0.0 0.0 0.0 0.0 0.0 0.0 0.0 0.0 0.0 0.8249999999999993 1.0 1.0 1.0 
0.024999999999995914 1.0 1.0 1.0 0.775000000000003 0.0 0.0 0.0 0.0 0.0 0.0 0.0 0.0 0.0 0.0 0.0 0.8249999999999993 1.0 1.0 1.0 
0.024999999999995914 1.0 1.0 1.0 0.775000000000003 0.0 0.0 0.0 0.0 0.0 0.0 0.0 0.0 0.0 0.0 0.0 0.8249999999999993 1.0 1.0 0.02499999999999858 
0.024999999999995914 1.0 1.0 1.0 0.775000000000003 0.0 0.0 0.0 0.0 0.0 0.0 0.0 0.0 0.0 0.0 2.753353101070383e-15 0.825 1.0 1.0 0.02499999999999858 
0.024999999999995914 1.0 1.0 1.0 0.775000000000003 0.0 0.0 0.0 0.0 0.0 0.0 0.0 0.0 0.0 0.0 0.7749999999999986 1.0 1.0 1.0 0.02499999999999858 
0.024999999999995914 1.0 1.0 1.0 0.9100000000000024 0.600000000000005 0.600000000000005 0.600000000000005 0.600000000000005 0.600000000000005 0.600000000000005 0.600000000000005 0.600000000000005 0.600000000000005 0.600000000000005 0.9100000000000006 1.0 1.0 1.0 0.02499999999999858 
0.024999999999995914 1.0 1.0 1.0 1.0 1.0 1.0 1.0 1.0 1.0 1.0 1.0 1.0 1.0 1.0 1.0 1.0 1.0 1.0 0.02499999999999858 
0.024999999999995914 1.0 1.0 1.0 0.775000000000003 0.0 0.0 0.0 0.0 0.0 0.0 0.0 0.0 0.0 0.0 0.7749999999999986 1.0 1.0 1.0 0.02499999999999858 
0.024999999999995914 1.0 1.0 0.9999999999999993 0.7750000000000002 0.0 0.0 0.0 0.0 0.0 0.0 0.0 0.0 0.0 0.0 0.7749999999999986 1.0 1.0 1.0 0.02499999999999858 
0.024999999999995914 1.0 1.0 0.8250000000000033 0.0 0.0 0.0 0.0 0.0 0.0 0.0 0.0 0.0 0.0 0.0 0.7749999999999986 1.0 1.0 1.0 0.02499999999999858 
1.0 1.0 1.0 0.8250000000000033 0.0 0.0 0.0 0.0 0.0 0.0 0.0 0.0 0.0 0.0 0.0 0.7749999999999986 1.0 1.0 1.0 0.02499999999999858 
1.0 1.0 1.0 0.8250000000000033 0.0 0.0 0.0 0.0 0.0 0.0 0.0 0.0 0.0 0.0 0.0 0.7749999999999986 1.0 1.0 1.0 0.02499999999999858 
1.0 1.0 1.0 0.8250000000000033 0.0 0.0 0.0 0.0 0.0 0.0 0.0 0.0 0.0 0.0 0.0 0.7749999999999986 1.0 1.0 1.0 0.02499999999999858 
1.0 1.0 1.0 0.8250000000000033 0.0 0.0 0.0 0.0 0.0 0.0 0.0 0.0 0.0 0.0 0.0 0.7749999999999986 1.0 1.0 1.0 0.02499999999999858 
1.0 1.0 1.0 0.8250000000000033 0.0 0.0 0.0 0.0 0.0 0.0 0.0 0.0 0.0 0.0 0.0 0.7749999999999986 1.0 1.0 1.0 0.02499999999999858 
1.0 1.0 1.0 0.8250000000000033 0.0 0.0 0.0 0.0 0.0 0.0 0.0 0.0 0.0 0.0 0.0 0.7749999999999986 1.0 1.0 0.4449999999999983 0.009999999999999397 
