0.0 0.0 0.0 0.0 0.0 0.0 0.0 0.0 0.0 0.0 0.0 0.15749999999999834 0.6124999999999989 1.0 1.0 1.0 1.0 0.5 0.0 0.0 
0.0 0.0 0.0 0.0 0.0 0.0 0.0 0.0 0.0 0.0 0.0 0.6999999999999993 1.0 1.0 1.0 1.0 1.0 0.5 0.0 0.0 
0.0 0.0 0.0 0.0 0.0 0.0 0.0 0.0 0.0 0.012499999999999822 0.11249999999999874 0.7374999999999989 1.0 1.0 1.0 1.0 1.0 0.5 0.0 0.0 
0.0 0.0 0.0 0.0 0.0 0.0 0.0 0.0 0.0 0.09999999999999964 0.8999999999999995 1.0 1.0 1.0 1.0 1.0 1.0 0.5 0.0 0.0 
0.0 0.0 0.0 0.0 0.0 0.0 0.0 0.0 0.007499999999999836 0.12249999999999918 0.9024999999999994 1.0 1.0 1.0 1.0 1.0 1.0 0.5 0.0 0.0 
0.0 0.0 0.0 0.0 0.0 0.0 0.0 0.0 0.2999999999999998 1.0 1.0 1.0 1.0 1.0 1.0 1.0 1.0 0.5 0.0 0.0 
0.0 0.0 0.0 0.0 0.0 0.0 0.0 0.46250000000000036 0.9475000000000005 1.0 1.0 1.0 1.0 1.0 1.0 1.0 1.0 0.9625000000000004 0.6475000000000015 0.0 
0.0 0.0 0.0 0.0 0.0 0.0 0.0 0.5 1.0 1.0 1.0 0.3000000000000007 0.0 0.29999999999999893 1.0 1.0 1.0 1.0 0.7000000000000011 0.0 
0.0 0.0 0.0 0.0 0.0 0.0 0.5775000000000009 0.9125000000000005 1.0 1.0 1.0 0.3000000000000007 0.0 0.05249999999999949 0.25749999999999873 0.9174999999999988 1.0 1.0 0.7000000000000011 0.0 
0.0 0.0 0.0 0.0 0.0 0.0 0.7000000000000002 1.0 1.0 0.9000000000000004 0.10000000000000053 0.0 0.0 0.0 0.09999999999999964 0.8999999999999986 1.0 1.0 0.7000000000000011 0.0 
0.0 0.0 0.0 0.0 0.0725000000000002 0.6525000000000012 0.9175000000000004 1.0 1.0 0.9000000000000004 0.10000000000000053 0.0 0.0 0.0 0.09999999999999964 0.8999999999999986 1.0 1.0 0.7000000000000011 0.0 
0.0 0.0 0.0 0.0 0.10000000000000009 0.8999999999999999 1.0 1.0 0.7000000000000002 0.0 0.0 0.0 0.0 0.0 0.09999999999999964 0.8999999999999986 1.0 1.0 0.7000000000000011 0.0 
0.0 0.0 0.0 0.18750000000000122 0.6625000000000032 0.9625000000000004 1.0 0.6874999999999982 0.26249999999999757 0.0 0.0 0.0 0.0 0.0 0.09999999999999964 0.8999999999999986 1.0 1.0 0.7000000000000011 0.0 
0.0 0.0 0.0 0.30000000000000027 1.0 1.0 1.0 0.5 0.0 0.0 0.0 0.0 0.0 0.0 0.09999999999999964 0.8999999999999986 1.0 1.0 1.0 0.9000000000000004 
0.0 0.0 0.2625000000000012 0.6675000000000016 1.0 1.0 1.0 0.5 0.0 0.0 0.0 0.0 0.0 0.0 0.09999999999999964 0.8999999999999986 1.0 1.0 1.0 0.9000000000000004 
0.0 0.0 0.5000000000000002 1.0 1.0 1.0 1.0 0.9875000000000025 0.975000000000005 0.975000000000005 0.975000000000005 0.975000000000005 0.975000000000005 0.975000000000005 0.9775000000000045 0.9975000000000005 1.0 1.0 1.0 0.9000000000000004 
0.0 0.7000000000000003 1.0 1.0 1.0 1.0 1.0 1.0 1.0 1.0 1.0 1.0 1.0 1.0 1.0 1.0 1.0 1.0 1.0 0.9000000000000004 
0.0 0.7000000000000003 1.0 1.0 0.9124999999999995 0.21249999999999689 0.12499999999999645 0.12499999999999645 0.12499999999999645 0.12499999999999645 0.12499999999999645 0.12499999999999645 0.12499999999999645 0.12499999999999645 0.2124999999999965 0.9124999999999984 1.0 1.0 1.0 0.9000000000000004 
0.9000000000000004 1.0 1.0 0.902499999999998 0.6074999999999942 0.06749999999999942 0.0 0.0 0.0 0.0 0.0 0.0 0.0 0.0 0.0 0.0 0.6999999999999993 1.0 1.0 0.9000000000000004 
0.9000000000000004 1.0 1.0 0.6999999999999997 0.0 0.0 0.0 0.0 0.0 0.0 0.0 0.0 0.0 0.0 0.0 0.0 0.6999999999999993 1.0 1.0 0.9000000000000004 
