0.0 0.0 0.0 0.0 0.0 0.0 0.3656249999999954 0.37499999999999645 0.5468749999999943 1.0 1.0 1.0 1.0 0.37499999999999645 0.37499999999999645 0.25312500000000054 0.0 0.0 0.0 0.0 
0.0 0.0 0.0 0.06562499999999818 0.12499999999999689 0.8468749999999973 1.0 1.0 1.0 0.9468750000000021 0.8750000000000031 0.8750000000000031 0.9843749999999996 1.0 1.0 1.0 1.0 0.4531250000000074 0.02812500000000081 0.0 
0.0 0.0 0.0 0.5249999999999986 1.0 1.0 1.0 0.8906250000000034 0.12500000000000266 0.07187500000000233 0.0 0.0 0.10937500000000144 0.14687499999999515 1.0 1.0 1.0 1.0 0.22500000000001208 0.0 
0.0 0.0 0.3749999999999991 1.0 1.0 1.0 0.02500000000000302 0.0 0.0 0.0 0.0 0.0 0.0 0.0 0.0 0.3249999999999922 1.0 1.0 1.0 0.07500000000000995 
0.0 0.22499999999999964 1.0 1.0 1.0 0.1750000000000025 0.0 0.0 0.0 0.0 0.0 0.0 0.0 0.0 0.0 0.0 0.47499999999999076 1.0 1.0 0.42187500000000455 
0.0 0.22499999999999964 1.0 1.0 1.0 0.1750000000000025 0.0 0.0 0.0 0.0 0.0 0.0 0.0 0.0 0.0 0.0 0.0 0.0 0.0 0.0 
0.0 0.22499999999999964 1.0 1.0 1.0 0.1750000000000025 0.0 0.0 0.0 0.0 0.0 0.0 0.0 0.0 0.0 0.0 0.0 0.0 0.0 0.0 
0.0 0.22499999999999964 1.0 1.0 1.0 0.1750000000000025 0.0 0.0 0.0 0.0 0.0 0.0 0.0 0.0 0.0 0.0 0.0 0.0 0.0 0.0 
0.07500000000000018 1.0 1.0 1.0 0.32500000000000195 0.0 0.0 0.0 0.0 0.0 0.0 0.0 0.0 0.0 0.0 0.0 0.0 0.0 0.0 0.0 
0.07500000000000018 1.0 1.0 1.0 0.32500000000000195 0.0 0.0 0.0 0.0 0.0 0.5749999999999957 1.0 1.0 1.0 1.0 1.0 1.0 1.0 1.0 0.07500000000000995 
0.07500000000000018 1.0 1.0 1.0 0.32500000000000195 0.0 0.0 0.0 0.0 0.0 0.5749999999999957 1.0 1.0 1.0 1.0 1.0 1.0 1.0 1.0 0.07500000000000995 
0.07500000000000018 1.0 1.0 1.0 0.32500000000000195 0.0 0.0 0.0 0.0 0.0 0.0 0.0 0.0 0.0 0.1749999999999936 1.0 1.0 1.0 1.0 0.07500000000000995 
0.07500000000000018 1.0 1.0 1.0 0.32500000000000195 0.0 0.0 0.0 0.0 0.0 0.0 0.0 0.0 0.0 0.1749999999999936 1.0 1.0 1.0 0.22500000000001208 0.0 
0.07500000000000018 1.0 1.0 1.0 0.32500000000000195 0.0 0.0 0.0 0.0 0.0 0.0 0.0 0.0 0.0 0.1749999999999936 1.0 1.0 1.0 0.22500000000001208 0.0 
0.07500000000000018 1.0 1.0 1.0 0.32500000000000195 0.0 0.0 0.0 0.0 0.0 0.0 0.0 0.0 0.0 0.1749999999999936 1.0 1.0 1.0 0.22500000000001208 0.0 
0.42187499999999684 1.0 1.0 0.4750000000000014 0.0 0.0 0.0 0.0 0.0 0.0 0.0 0.0 0.0 0.0 0.1749999999999936 1.0 1.0 1.0 0.22500000000001208 0.0 
0.07500000000000018 1.0 1.0 1.0 0.32500000000000195 0.0 0.0 0.0 0.0 0.0 0.0 0.0 0.0 0.024999999999991473 1.0 1.0 1.0 0.37500000000001066 0.0 0.0 
0.06562499999999989 0.9031249999999972 1.0 1.0 1.0 0.2781250000000051 0.12500000000000355 0.10937500000000355 0.0 0.0 0.07187500000000151 0.12500000000000355 0.12500000000000355 1.0 1.0 1.0 0.5250000000000092 0.0 0.0 0.0 
0.0 0.028124999999999158 0.453124999999997 1.0 1.0 1.0 1.0 0.9843750000000009 0.8750000000000036 0.8750000000000036 0.946875000000001 1.0 1.0 1.0 0.8468750000000049 0.12499999999999645 0.0656249999999993 0.0 0.0 0.0 
0.0 0.0 0.0 0.0 0.25312499999999927 0.375 0.9843749999999981 1.0 1.0 1.0 1.0 0.5468750000000036 0.375 0.3656250000000032 0.0 0.0 0.0 0.0 0.0 0.0 
