0.0 0.0 0.0 0.0 0.0 0.0 0.0 0.2624999999999973 0.3499999999999943 0.9675000000000027 1.0 1.0 1.0 1.0 0.7074999999999934 0.3499999999999943 0.3499999999999943 0.0874999999999961 0.0 0.0 
0.0 0.0 0.0 0.0 0.02249999999999811 0.572500000000002 1.0 1.0 1.0 1.0 0.9974999999999999 0.9500000000000046 0.9625000000000037 1.0 1.0 1.0 1.0 1.0 0.192499999999988 0.002499999999999272 
0.0 0.0 0.0 0.262500000000001 0.8624999999999987 1.0 1.0 1.0 0.36249999999999966 0.250000000000004 0.2375000000000023 0.0 0.06250000000000233 0.250000000000004 0.587500000000007 1.0 1.0 1.0 1.0 0.04999999999999005 
0.0 0.0 0.2500000000000031 1.0 1.0 1.0 0.7075000000000005 0.1374999999999984 0.0 0.0 0.0 0.0 0.0 0.0 0.0 0.3025000000000042 0.8425000000000038 1.0 1.0 0.4774999999999913 
0.0 0.1500000000000028 1.0 1.0 1.0 0.44999999999999574 0.0 0.0 0.0 0.0 0.0 0.0 0.0 0.0 0.0 0.0 0.6500000000000057 1.0 1.0 1.0 
0.0 0.1500000000000028 1.0 1.0 1.0 0.44999999999999574 0.0 0.0 0.0 0.0 0.0 0.0 0.0 0.0 0.0 0.0 0.6500000000000057 1.0 1.0 1.0 
0.0 0.1500000000000028 1.0 1.0 1.0 0.44999999999999574 0.0 0.0 0.0 0.0 0.0 0.0 0.0 0.0 0.0 0.0 0.6500000000000057 1.0 1.0 0.47749999999999554 
0.0 0.1500000000000028 1.0 1.0 0.8874999999999991 0.3374999999999968 0.0 0.0 0.0 0.0 0.0 0.0 0.0 0.0 0.0 0.5500000000000043 1.0 1.0 1.0 0.04999999999999005 
0.047500000000002415 0.957500000000001 1.0 1.0 0.5499999999999963 0.0 0.0 0.0 0.0 0.0 0.0 0.0 0.0 0.0 0.0 0.5500000000000043 1.0 1.0 1.0 0.04999999999999005 
0.05000000000000249 1.0 1.0 1.0 0.5499999999999963 0.0 0.0 0.0 0.0 0.0 0.0 0.0 0.0 0.0 0.0 0.5500000000000043 1.0 1.0 1.0 0.04999999999999005 
0.05000000000000249 1.0 1.0 1.0 0.5499999999999963 0.0 0.0 0.0 0.0 0.0 0.0 0.0 0.0 0.0 0.0 0.5500000000000043 1.0 1.0 0.14999999999999147 0.0 
0.05000000000000249 1.0 1.0 0.9824999999999984 0.5224999999999941 0.0 0.0 0.0 0.0 0.0 0.0 0.0 0.0 0.0 0.4500000000000064 1.0 1.0 1.0 0.14999999999999147 0.0 
0.762500000000004 1.0 1.0 0.6499999999999968 0.0 0.0 0.0 0.0 0.0 0.0 0.0 0.0 0.0 0.0 0.4500000000000064 1.0 1.0 1.0 0.14999999999999147 0.0 
1.0 1.0 1.0 0.6499999999999968 0.0 0.0 0.0 0.0 0.0 0.0 0.0 0.0 0.0 0.0 0.4500000000000064 1.0 1.0 1.0 0.14999999999999147 0.0 
1.0 1.0 1.0 0.6499999999999968 0.0 0.0 0.0 0.0 0.0 0.0 0.0 0.0 0.0 0.0 0.4500000000000064 1.0 1.0 0.2499999999999929 0.0 0.0 
1.0 1.0 1.0 0.6499999999999968 0.0 0.0 0.0 0.0 0.0 0.0 0.0 0.0 0.0 0.2975000000000087 0.9175000000000056 1.0 1.0 0.2499999999999929 0.0 0.0 
1.0 1.0 1.0 0.6499999999999968 0.0 0.0 0.0 0.0 0.0 0.0 0.0 0.0 0.1375000000000049 0.7075000000000081 1.0 1.0 0.6424999999999919 0.11249999999999485 0.0 0.0 
0.7624999999999938 1.0 1.0 1.0 0.6625000000000004 0.11250000000000213 0.0 0.0 0.0 0.0 0.012500000000001866 0.3625000000000103 1.0 1.0 1.0 0.862499999999995 0.26249999999999324 0.0 0.0 0.0 
0.05000000000000249 1.0 1.0 1.0 1.0 0.9725000000000052 0.95000000000001 0.95000000000001 0.95000000000001 0.95000000000001 0.9525000000000098 1.0 1.0 1.0 0.5724999999999895 0.022499999999995312 0.0 0.0 0.0 0.0 
0.0 0.05249999999999906 0.3499999999999872 0.5774999999999938 1.0 1.0 1.0 1.0 1.0 1.0 0.9674999999999955 0.3499999999999872 0.2624999999999885 0.0 0.0 0.0 0.0 0.0 0.0 0.0 
