0.0 0.0 0.0 0.0 0.0 0.0 0.09375000000000044 0.25 0.25 0.25 0.53125 0.875 0.125 0.0 0.0 0.0 0.0 0.0 0.0 0.0 
0.0 0.0 0.0 0.0 0.0 0.0 0.3750000000000018 1.0 1.0 1.0 1.0 0.875 0.125 0.0 0.0 0.0 0.0 0.0 0.0 0.0 
0.0 0.0 0.0 0.0 0.0 0.15625000000000128 0.5312500000000022 1.0 1.0 1.0 1.0 1.0 1.0 0.375 0.0 0.0 0.0 0.0 0.0 0.0 
0.0 0.0 0.0 0.0 0.0 0.6250000000000018 1.0 1.0 1.0 1.0 1.0 1.0 1.0 0.375 0.0 0.0 0.0 0.0 0.0 0.0 
0.0 0.0 0.0 0.0 0.0 0.6250000000000018 1.0 1.0 1.0 1.0 1.0 1.0 1.0 0.5312500000000017 0.1562500000000021 0.0 0.0 0.0 0.0 0.0 
0.0 0.0 0.0 0.0 0.0 0.6250000000000018 1.0 1.0 1.0 1.0 1.0 1.0 1.0 1.0 0.6250000000000018 0.0 0.0 0.0 0.0 0.0 
0.0 0.0 0.0 0.12500000000000266 0.8750000000000022 1.0 1.0 1.0 1.0 1.0 1.0 1.0 1.0 1.0 0.6250000000000018 0.0 0.0 0.0 0.0 0.0 
0.0 0.0 0.0 0.12500000000000266 0.8750000000000022 1.0 1.0 1.0 1.0 1.0 1.0 1.0 1.0 1.0 0.6250000000000018 0.0 0.0 0.0 0.0 0.0 
0.0 0.0 0.0 0.12500000000000266 0.8750000000000022 1.0 1.0 0.9687499999999991 0.7812499999999951 0.28124999999999734 0.375 1.0 1.0 1.0 1.0 0.8750000000000018 0.12500000000000178 0.0 0.0 0.0 
0.0 0.0 0.28125000000000416 0.7812500000000053 0.9687500000000012 1.0 1.0 0.8749999999999991 0.12499999999999911 0.0 0.375 1.0 1.0 1.0 1.0 0.8750000000000018 0.12500000000000178 0.0 0.0 0.0 
0.0 0.0 0.3750000000000029 1.0 1.0 1.0 1.0 0.8749999999999991 0.12499999999999911 0.0 0.0 0.125 0.875 1.0 1.0 0.8750000000000018 0.12500000000000178 0.0 0.0 0.0 
0.0 0.0 0.3750000000000029 1.0 1.0 1.0 1.0 0.8749999999999991 0.12499999999999911 0.0 0.0 0.125 0.875 1.0 1.0 0.9687500000000013 0.7812500000000067 0.281250000000004 0.0 0.0 
0.0 0.0 0.3750000000000029 1.0 1.0 1.0 0.6249999999999982 0.0 0.0 0.0 0.0 0.125 0.875 1.0 1.0 1.0 1.0 0.3750000000000018 0.0 0.0 
0.0 0.4687500000000069 0.8437500000000051 1.0 1.0 1.0 0.6249999999999982 0.0 0.0 0.0 0.0 0.031249999999999112 0.21874999999999378 0.7187499999999973 1.0 1.0 1.0 0.3750000000000018 0.0 0.0 
0.0 0.6250000000000032 1.0 1.0 1.0 1.0 0.6249999999999982 0.0 0.0 0.0 0.0 0.03125000000000133 0.21875000000000933 0.718750000000004 1.0 1.0 1.0 0.531250000000008 0.1562500000000071 0.0 
0.0 0.6250000000000032 1.0 1.0 1.0 1.0 0.9062500000000036 0.7500000000000107 0.7500000000000107 0.7500000000000107 0.7500000000000107 0.7812500000000093 0.9687500000000013 1.0 1.0 1.0 1.0 1.0 0.6250000000000018 0.0 
0.21875000000001021 0.7187500000000064 1.0 1.0 1.0 1.0 1.0 1.0 1.0 1.0 1.0 1.0 1.0 1.0 1.0 1.0 1.0 1.0 0.6250000000000018 0.0 
0.8750000000000036 1.0 1.0 1.0 1.0 1.0 1.0 1.0 1.0 0.5312499999999927 0.24999999999998934 0.24999999999998934 0.24999999999998934 0.718749999999996 1.0 1.0 1.0 1.0 0.9062500000000044 0.656250000000012 
0.8750000000000036 1.0 1.0 1.0 1.0 0.3749999999999982 0.0 0.0 0.0 0.0 0.0 0.0 0.0 0.0 0.3749999999999982 1.0 1.0 1.0 1.0 0.8750000000000036 
0.8750000000000036 1.0 1.0 0.9062499999999962 0.3437499999999859 0.09374999999999423 0.0 0.0 0.0 0.0 0.0 0.0 0.0 0.0 0.09374999999999423 0.34374999999998623 0.9062499999999969 0.5312499999999925 0.5312499999999898 0.8750000000000036 
