0.0 0.0 0.0 0.0 0.0749999999999984 0.42499999999999805 0.7749999999999979 1.0 1.0 1.0 1.0 1.0 1.0 1.0 1.0 1.0 1.0 1.0 1.0 0.675000000000006 
0.0 0.011249999999999734 0.1687500000000003 0.3262500000000009 0.4912500000000009 0.6837500000000001 0.8762499999999993 1.0 1.0 1.0 1.0 1.0 1.0 1.0 1.0 1.0 1.0 1.0 1.0 0.675000000000006 
0.5062500000000009 0.7562500000000015 0.8437500000000009 0.9312500000000001 1.0 1.0 1.0 1.0 1.0 1.0 1.0 1.0 1.0 1.0 1.0 1.0 1.0 1.0 1.0 0.675000000000006 
0.6749999999999996 1.0 1.0 1.0 1.0 1.0 1.0 1.0 1.0 1.0 1.0 1.0 1.0 1.0 1.0 1.0 1.0 1.0 1.0 0.675000000000006 
0.4387499999999988 0.6499999999999986 0.6499999999999986 0.6499999999999986 0.6762499999999981 0.7987499999999985 0.921249999999999 1.0 1.0 1.0 1.0 1.0 1.0 1.0 1.0 1.0 1.0 1.0 1.0 0.675000000000006 
0.0 0.0 0.0 0.0 0.0749999999999984 0.42499999999999805 0.7749999999999979 1.0 1.0 1.0 1.0 1.0 1.0 1.0 1.0 1.0 1.0 1.0 1.0 0.675000000000006 
0.0 0.0 0.0 0.0 0.0749999999999984 0.42499999999999805 0.7749999999999979 1.0 1.0 1.0 1.0 1.0 1.0 1.0 1.0 1.0 1.0 1.0 1.0 0.675000000000006 
0.0 0.0 0.0 0.0 0.0749999999999984 0.42499999999999805 0.7749999999999979 1.0 1.0 1.0 1.0 1.0 1.0 1.0 1.0 1.0 0.9312500000000012 0.8437500000000013 0.7562500000000014 0.5062500000000045 
0.0 0.0 0.0 0.0 0.0749999999999984 0.42499999999999805 0.7749999999999979 1.0 1.0 1.0 1.0 1.0 1.0 1.0 1.0 1.0 0.725000000000005 0.37500000000000533 0.025000000000005684 0.0 
0.0 0.0 0.0 0.0 0.0749999999999984 0.42499999999999805 0.7749999999999979 1.0 1.0 1.0 1.0 1.0 1.0 1.0 1.0 1.0 0.725000000000005 0.37500000000000533 0.025000000000005684 0.0 
0.0 0.0 0.0 0.0 0.0749999999999984 0.42499999999999805 0.7749999999999979 1.0 1.0 1.0 1.0 1.0 1.0 1.0 1.0 1.0 0.725000000000005 0.37500000000000533 0.025000000000005684 0.0 
0.0 0.0 0.0 0.0 0.0749999999999984 0.42499999999999805 0.7749999999999979 1.0 1.0 1.0 1.0 1.0 1.0 1.0 1.0 1.0 0.725000000000005 0.37500000000000533 0.025000000000005684 0.0 
0.0 0.0 0.0 0.0 0.0749999999999984 0.42499999999999805 0.7749999999999979 1.0 1.0 1.0 1.0 1.0 1.0 1.0 1.0 1.0 0.725000000000005 0.37500000000000533 0.025000000000005684 0.0 
0.0 0.0 0.0 0.0 0.0749999999999984 0.42499999999999805 0.7749999999999979 1.0 1.0 1.0 1.0 1.0 1.0 1.0 1.0 1.0 0.725000000000005 0.37500000000000533 0.025000000000005684 0.0 
0.0 0.0 0.0 0.0 0.0749999999999984 0.42499999999999805 0.7749999999999979 1.0 1.0 1.0 1.0 1.0 1.0 1.0 1.0 1.0 0.725000000000005 0.37500000000000533 0.025000000000005684 0.0 
0.0 0.0 0.0 0.0 0.0749999999999984 0.42499999999999805 0.7749999999999979 1.0 1.0 1.0 1.0 1.0 1.0 1.0 1.0 1.0 0.725000000000005 0.37500000000000533 0.025000000000005684 0.0 
0.0 0.0 0.0 0.0 0.0749999999999984 0.42499999999999805 0.7749999999999979 1.0 1.0 1.0 1.0 1.0 1.0 1.0 1.0 1.0 0.725000000000005 0.37500000000000533 0.025000000000005684 0.0 
0.0 0.0 0.0 0.0 0.0749999999999984 0.42499999999999805 0.7749999999999979 1.0 1.0 1.0 1.0 1.0 1.0 1.0 1.0 1.0 1.0 1.0 1.0 0.675000000000006 
0.0 0.0 0.0 0.0 0.0749999999999984 0.42499999999999805 0.7749999999999979 1.0 1.0 1.0 1.0 1.0 1.0 1.0 1.0 1.0 1.0 1.0 1.0 0.675000000000006 
0.0 0.0 0.0 0.0 0.0749999999999984 0.42499999999999805 0.7749999999999979 1.0 1.0 1.0 1.0 1.0 1.0 1.0 1.0 1.0 1.0 1.0 1.0 0.675000000000006 
