0.0 0.0 0.0 0.0 0.0 0.0 0.0 0.0 0.0 0.0 0.0 0.0 0.15000000000000516 0.999999999999997 1.0 1.0 1.0 1.0 1.0 3.552713678800501e-15 
0.0 0.0 0.0 0.0 0.0 0.0 0.0 0.0 0.0 0.0 0.0 0.45000000000000495 0.999999999999998 1.0 1.0 1.0 1.0 1.0 1.0 3.552713678800501e-15 
0.0 0.0 0.0 0.0 0.0 0.0 0.0 0.0 0.0 0.0 0.0 0.9999999999999982 1.0 1.0 1.0 1.0 1.0 1.0 1.0 3.552713678800501e-15 
0.0 0.0 0.0 0.0 0.0 0.0 0.0 0.0 0.0 0.0 0.9999999999999982 1.0 1.0 1.0 1.0 1.0 1.0 1.0 0.9499999999999942 3.3750779948604544e-15 
0.0 0.0 0.0 0.0 0.0 0.0 0.0 0.0 0.0 0.35000000000000525 0.9999999999999989 1.0 1.0 1.0 1.0 1.0 1.0 1.0 3.552713678800501e-15 0.0 
0.0 0.0 0.0 0.0 0.0 0.0 0.0 0.0 0.0 0.9999999999999982 1.0 1.0 1.0 1.0 1.0 1.0 1.0 1.0 3.552713678800501e-15 0.0 
0.0 0.0 0.0 0.0 0.0 0.0 0.0 0.0 0.9500000000000047 0.9999999999999999 1.0 1.0 1.0 1.0 1.0 1.0 1.0 1.0 3.552713678800501e-15 0.0 
0.0 0.0 0.0 0.0 0.0 0.0 0.2500000000000049 0.9999999999999987 1.0 1.0 1.0 0.7499999999999951 2.6645352591003568e-15 0.749999999999992 0.9999999999999991 1.0 1.0 1.0 3.552713678800501e-15 0.0 
0.0 0.0 0.0 0.0 0.0 0.0 0.9999999999999982 1.0 1.0 1.0 1.0 1.7763568394002505e-15 0.0 0.0 0.9999999999999964 1.0 1.0 1.0 3.552713678800501e-15 0.0 
0.0 0.0 0.0 0.0 0.0 0.850000000000006 0.9999999999999998 1.0 1.0 1.0 0.14999999999999475 2.664535259100256e-16 0.0 0.0 0.9999999999999964 1.0 1.0 1.0 3.552713678800501e-15 0.0 
0.0 0.0 0.0 0.0 0.9999999999999991 1.0 1.0 1.0 1.0 1.7763568394002505e-15 0.0 0.0 0.0 0.0 0.9999999999999964 1.0 1.0 1.0 3.552713678800501e-15 0.0 
0.0 0.0 0.0 0.450000000000006 0.9999999999999996 1.0 1.0 1.0 0.5499999999999944 9.769962616701264e-16 0.0 0.0 0.0 0.0 0.9999999999999964 1.0 1.0 1.0 3.552713678800501e-15 0.0 
0.0 0.0 0.7500000000000068 0.9999999999999998 1.0 1.0 1.0 0.24999999999999423 4.4408920985005e-16 0.0 0.0 0.0 0.0 0.0 0.9999999999999964 1.0 1.0 1.0 3.552713678800501e-15 0.0 
0.0 0.0500000000000078 0.9999999999999996 1.0 1.0 1.0 1.7763568394002505e-15 0.0 0.0 0.0 0.0 0.0 0.0 0.0 0.9999999999999964 1.0 1.0 1.0 3.552713678800501e-15 0.0 
0.350000000000005 0.9999999999999999 1.0 1.0 1.0 1.0 0.35000000000000614 0.350000000000005 0.350000000000005 0.350000000000005 0.350000000000005 0.350000000000005 0.350000000000005 0.350000000000005 0.9999999999999977 1.0 1.0 1.0 0.3500000000000073 1.243449787580193e-15 
1.0 1.0 1.0 1.0 1.0 1.0 1.0 1.0 1.0 1.0 1.0 1.0 1.0 1.0 1.0 1.0 1.0 1.0 1.0 0.6500000000000069 
1.0 1.0 1.0 1.0 1.0 1.0 1.0 1.0 1.0 1.0 1.0 1.0 1.0 1.0 1.0 1.0 1.0 1.0 1.0 0.04999999999999698 
0.0 0.7499999999999928 3.330669073875438e-16 0.0 0.0 0.0 0.0 0.0 0.0 0.0 0.0 0.0 0.0 0.9999999999999964 1.0 1.0 1.0 1.0 3.552713678800501e-15 0.0 
0.0 0.0 0.0 0.0 0.0 0.0 0.0 0.0 0.0 0.0 0.0 0.0 0.0 0.9999999999999964 1.0 1.0 1.0 1.0 3.552713678800501e-15 0.0 
0.0 0.0 0.0 0.0 0.0 0.0 0.0 0.0 0.0 0.0 0.0 0.0 0.0 0.9999999999999964 1.0 1.0 1.0 1.0 3.552713678800501e-15 0.0 
