0.0 0.0 0.18750000000000155 0.3750000000000071 0.3750000000000071 0.3750000000000071 0.26250000000000673 0.0 0.0 0.0 0.0 0.0 0.0 0.0 0.0 0.3750000000000071 0.5625000000000032 1.0 1.0 1.0 
0.0 0.2999999999999945 1.0 1.0 1.0 1.0 0.7375000000000062 0.062500000000004 0.0 0.0 0.0 0.0 0.0 0.0 0.11250000000000622 1.0 1.0 1.0 1.0 1.0 
0.0 0.2999999999999945 1.0 1.0 1.0 1.0 1.0 0.5000000000000036 0.0 0.0 0.0 0.0 0.0 0.0 0.8999999999999986 1.0 1.0 1.0 1.0 1.0 
0.0 0.2999999999999945 1.0 1.0 1.0 1.0 1.0 1.0 0.30000000000000426 0.0 0.0 0.0 0.0 0.6999999999999957 1.0 1.0 1.0 1.0 1.0 1.0 
0.0 0.2999999999999945 1.0 1.0 1.0 1.0 1.0 1.0 0.5625000000000082 0.03750000000000266 0.0 0.0 0.49999999999999645 1.0 1.0 1.0 1.0 1.0 1.0 0.6624999999999933 
0.0 0.2999999999999945 1.0 1.0 1.0 1.0 1.0 1.0 1.0 0.21250000000001235 0.0125000000000004 0.38750000000000373 1.0 1.0 1.0 1.0 1.0 1.0 1.0 0.10000000000000142 
0.0 0.2999999999999945 1.0 1.0 1.0 1.0 1.0 1.0 1.0 1.0 0.8875000000000075 1.0 1.0 1.0 1.0 1.0 1.0 1.0 1.0 0.10000000000000142 
0.0 0.2999999999999945 1.0 1.0 1.0 1.0 1.0 1.0 1.0 1.0 1.0 1.0 1.0 1.0 1.0 1.0 1.0 1.0 1.0 0.10000000000000142 
0.03749999999999876 0.5625000000000028 1.0 1.0 1.0 0.0 0.2999999999999954 1.0 1.0 1.0 1.0 1.0 1.0 0.30000000000000426 0.0 1.0 1.0 1.0 1.0 0.10000000000000142 
0.09999999999999432 1.0 1.0 1.0 1.0 0.0 0.0 0.49999999999999645 1.0 1.0 1.0 1.0 0.5000000000000036 0.0 0.0 1.0 1.0 1.0 1.0 0.10000000000000142 
0.09999999999999432 1.0 1.0 1.0 0.21249999999999475 0.0 0.0 0.49999999999999645 1.0 1.0 1.0 0.7374999999999993 0.062499999999995115 0.0 0.0 1.0 1.0 1.0 0.3874999999999963 0.012499999999999113 
0.09999999999999432 1.0 1.0 1.0 0.10000000000000497 0.0 0.0 0.0 0.0 0.0 0.0 0.0 0.0 0.0 0.0 1.0 1.0 1.0 0.30000000000000426 0.0 
0.09999999999999432 1.0 1.0 1.0 0.10000000000000497 0.0 0.0 0.0 0.0 0.0 0.0 0.0 0.0 0.0 0.0 1.0 1.0 1.0 0.30000000000000426 0.0 
0.09999999999999432 1.0 1.0 1.0 0.10000000000000497 0.0 0.0 0.0 0.0 0.0 0.0 0.0 0.0 0.0 0.0 1.0 1.0 1.0 0.30000000000000426 0.0 
0.09999999999999432 1.0 1.0 1.0 0.10000000000000497 0.0 0.0 0.0 0.0 0.0 0.0 0.0 0.0 0.0 0.0 1.0 1.0 1.0 0.30000000000000426 0.0 
0.09999999999999432 1.0 1.0 1.0 0.10000000000000497 0.0 0.0 0.0 0.0 0.0 0.0 0.0 0.0 0.0 0.5625000000000087 1.0 1.0 1.0 0.30000000000000426 0.0 
0.43750000000000605 1.0 1.0 1.0 0.10000000000000497 0.0 0.0 0.0 0.0 0.0 0.0 0.0 0.0 0.0 0.8999999999999986 1.0 1.0 1.0 0.30000000000000426 0.0 
1.0 1.0 1.0 1.0 0.10000000000000497 0.0 0.0 0.0 0.0 0.0 0.0 0.0 0.0 0.0 0.8999999999999986 1.0 1.0 0.5000000000000036 0.0 0.0 
1.0 1.0 1.0 0.38749999999999707 0.012499999999999557 0.0 0.0 0.0 0.0 0.0 0.0 0.0 0.0 0.0 0.8999999999999986 1.0 1.0 0.5000000000000036 0.0 0.0 
1.0 1.0 1.0 0.30000000000000515 0.0 0.0 0.0 0.0 0.0 0.0 0.0 0.0 0.0 0.0 0.3374999999999867 0.3749999999999858 0.3749999999999858 0.18749999999999423 0.0 0.0 
