0.0 0.0 0.0 0.0 0.0 0.0 0.4000000000000057 0.4000000000000057 0.4000000000000057 0.4000000000000057 1.0 1.0 1.0 0.4000000000000057 0.4000000000000057 0.4000000000000057 0.0 0.0 0.0 0.0 
0.0 0.0 0.0 0.2000000000000055 1.0 1.0 1.0 1.0 1.0 1.0 1.0 1.0 1.0 1.0 1.0 1.0 1.0 0.2000000000000055 0.0 0.0 
0.0 5.329070518200751e-15 1.0 1.0 1.0 1.0 1.0 0.9999999999999947 0.9999999999999947 0.0 0.0 0.0 0.9999999999999947 0.9999999999999947 1.0 1.0 1.0 1.0 1.0 0.0 
0.0 1.0 1.0 1.0 1.0 1.0 0.19999999999999485 0.0 0.0 0.0 0.0 0.0 0.0 0.0 0.19999999999999485 1.0 1.0 1.0 1.0 0.8000000000000052 
1.0 1.0 1.0 1.0 1.0 0.0 0.0 0.0 0.0 0.0 0.0 0.0 0.0 0.0 0.0 0.0 1.0 1.0 1.0 1.0 
0.0 0.5999999999999943 0.5999999999999943 0.5999999999999943 0.5999999999999943 0.0 0.0 0.0 0.0 0.0 0.0 0.0 0.0 0.0 0.0 0.0 1.0 1.0 1.0 1.0 
0.0 0.0 0.0 0.0 0.0 0.0 0.0 0.0 0.0 0.0 0.0 0.0 0.0 0.0 0.0 1.0 1.0 1.0 1.0 0.7999999999999954 
0.0 0.0 0.0 0.0 0.0 0.0 0.0 0.0 0.0 0.0 0.0 0.0 0.0 3.552713678800501e-15 1.0 1.0 1.0 1.0 0.9999999999999964 0.0 
0.0 0.0 0.0 0.0 0.0 0.0 0.0 0.0 0.0 0.0 0.0 0.0 0.8000000000000043 1.0 1.0 1.0 1.0 0.19999999999999574 0.0 0.0 
0.0 0.0 0.0 0.0 0.0 0.0 0.0 0.0 0.0 0.0 0.0 0.600000000000005 1.0 1.0 1.0 1.0 0.399999999999995 0.0 0.0 0.0 
0.0 0.0 0.0 0.0 0.0 0.0 0.0 0.0 0.0 0.4000000000000057 1.0 1.0 1.0 1.0 0.5999999999999943 0.0 0.0 0.0 0.0 0.0 
0.0 0.0 0.0 0.0 0.0 0.0 0.0 0.0 0.20000000000000284 1.0 1.0 1.0 1.0 0.7999999999999972 0.0 0.0 0.0 0.0 0.0 0.0 
0.0 0.0 0.0 0.0 0.0 0.0 3.552713678800501e-15 1.0 1.0 1.0 1.0 0.9999999999999964 0.0 0.0 0.0 0.0 0.0 0.0 0.0 0.0 
0.0 0.0 0.0 0.0 0.0 0.0 1.0 1.0 1.0 1.0 1.0 0.0 0.0 0.0 0.0 0.0 0.0 0.0 0.0 0.0 
0.0 0.0 0.0 0.0 0.6000000000000014 1.0 1.0 1.0 1.0 0.3999999999999986 0.0 0.0 0.0 0.0 0.0 0.0 0.0 0.0 0.0 0.0 
0.0 0.0 0.0 0.40000000000000213 1.0 1.0 1.0 1.0 0.5999999999999979 0.0 0.0 0.0 0.0 0.0 0.0 0.0 0.0 0.0 0.0 0.0 
0.0 0.20000000000000284 1.0 1.0 1.0 1.0 0.7999999999999972 0.0 0.0 0.0 0.0 0.0 0.0 0.0 0.0 0.0 0.0 0.0 0.0 0.0 
1.0 1.0 1.0 1.0 1.0 1.0 1.0 3.552713678800501e-15 3.552713678800501e-15 3.552713678800501e-15 3.552713678800501e-15 3.552713678800501e-15 3.552713678800501e-15 3.552713678800501e-15 3.552713678800501e-15 3.552713678800501e-15 3.552713678800501e-15 3.552713678800501e-15 3.552713678800501e-15 3.552713678800501e-15 
1.0 1.0 1.0 1.0 1.0 1.0 1.0 1.0 1.0 1.0 1.0 1.0 1.0 1.0 1.0 1.0 1.0 1.0 1.0 1.0 
1.0 1.0 1.0 1.0 1.0 1.0 1.0 1.0 1.0 0.3999999999999986 0.3999999999999986 0.3999999999999986 0.3999999999999986 0.3999999999999986 0.3999999999999986 0.3999999999999986 0.3999999999999986 0.3999999999999986 0.3999999999999986 0.3999999999999986 
