0.0 0.0 0.0 0.0 0.0 0.0 0.0 0.0 0.0 0.17812500000000053 0.7031250000000002 1.0 1.0 1.0 0.27500000000000036 0.0 0.0 0.0 0.0 0.0 
0.0 0.0 0.0 0.0 0.0 0.0 0.0 0.0 0.05312500000000009 0.5406250000000012 1.0 1.0 1.0 1.0 1.0 0.22500000000000142 0.0 0.0 0.0 0.0 
0.0 0.0 0.0 0.0 0.0 0.0 0.0 0.0 0.4250000000000007 1.0 1.0 1.0 1.0 1.0 1.0 0.22500000000000142 0.0 0.0 0.0 0.0 
0.0 0.0 0.0 0.0 0.0 0.0 0.0 0.2343750000000009 0.7843750000000007 1.0 1.0 1.0 1.0 1.0 1.0 0.22500000000000142 0.0 0.0 0.0 0.0 
0.0 0.0 0.0 0.0 0.0 0.0 0.0 0.3750000000000009 1.0 1.0 1.0 1.0 1.0 1.0 1.0 0.5156250000000016 0.06562500000000042 0.0 0.0 0.0 
0.0 0.0 0.0 0.0 0.0 0.0 0.04062500000000071 0.4531250000000019 1.0 1.0 1.0 1.0 1.0 1.0 1.0 1.0 0.1750000000000007 0.0 0.0 0.0 
0.0 0.0 0.0 0.0 0.0 0.0 0.32500000000000107 1.0 1.0 1.0 1.0 1.0 1.0 1.0 1.0 1.0 0.1750000000000007 0.0 0.0 0.0 
0.0 0.0 0.0 0.0 0.0 0.17187500000000128 0.7468750000000016 1.0 1.0 1.0 0.6718749999999989 0.3749999999999982 0.7656249999999993 1.0 1.0 1.0 0.6906250000000017 0.07812500000000022 0.0 0.0 
0.0 0.0 0.0 0.0 0.0 0.27500000000000124 1.0 1.0 1.0 0.5249999999999986 0.0 0.0 0.3906249999999989 0.8781249999999997 1.0 1.0 1.0 0.125 0.0 0.0 
0.0 0.0 0.0 0.0 0.22500000000000142 1.0 1.0 1.0 1.0 0.5249999999999986 0.0 0.0 0.0 0.6750000000000007 1.0 1.0 1.0 0.125 0.0 0.0 
0.0 0.0 0.0 0.0 0.22500000000000142 1.0 1.0 1.0 0.6281249999999978 0.06562499999999796 0.0 0.0 0.0 0.6750000000000007 1.0 1.0 1.0 0.125 0.0 0.0 
0.0 0.0 0.0 0.1750000000000016 1.0 1.0 1.0 0.7656249999999981 0.21562499999999768 0.0 0.0 0.0 0.0 0.6750000000000007 1.0 1.0 1.0 0.6718750000000031 0.04687499999999982 0.0 
0.0 0.0 0.0 0.1750000000000016 1.0 1.0 1.0 0.6249999999999991 0.0 0.0 0.0 0.0 0.0 0.0 0.7249999999999996 1.0 1.0 1.0 0.07499999999999929 0.0 
0.0 0.0 0.12500000000000178 1.0 1.0 1.0 0.9593749999999988 0.546874999999997 0.0 0.0 0.0 0.0 0.0 0.0 0.7249999999999996 1.0 1.0 1.0 0.07499999999999929 0.0 
0.0 0.0 0.12500000000000178 1.0 1.0 1.0 0.6749999999999989 0.0 0.0 0.0 0.0 0.0 0.0 0.0 0.7249999999999996 1.0 1.0 1.0 0.8843750000000032 0.021875000000001955 
0.0 0.046875000000001485 0.6718750000000038 1.0 1.0 1.0 1.0 1.0 1.0 1.0 1.0 1.0 1.0 1.0 1.0 1.0 1.0 1.0 1.0 0.02500000000000213 
0.009375000000000888 0.4218750000000045 1.0 1.0 1.0 1.0 1.0 1.0 1.0 1.0 1.0 1.0 1.0 1.0 1.0 1.0 1.0 1.0 1.0 0.02500000000000213 
0.02500000000000213 1.0 1.0 1.0 1.0 0.9656249999999988 0.5906249999999966 0.0 0.0 0.0 0.0 0.0 0.0 0.0 0.6343749999999971 0.971874999999999 1.0 1.0 1.0 1.0 
0.02500000000000213 1.0 1.0 1.0 0.803124999999998 0.09062499999999726 0.0 0.0 0.0 0.0 0.0 0.0 0.0 0.0 0.0 0.7749999999999986 1.0 1.0 1.0 1.0 
1.0 1.0 1.0 0.8906249999999978 0.29062499999999397 0.0 0.0 0.0 0.0 0.0 0.0 0.0 0.0 0.0 0.0 0.29062499999999397 0.3749999999999929 0.3749999999999929 0.3749999999999929 0.3749999999999929 
