0.0 0.0 0.0 0.0 0.0 0.05250000000000134 0.15750000000000292 0.2625000000000047 0.3825000000000066 0.5775000000000053 0.7725000000000043 0.9675000000000029 0.8374999999999984 0.6424999999999994 0.4475000000000004 0.4475000000000079 0.642500000000007 0.8375000000000059 0.9499999999999931 0.6499999999999924 
0.0 0.0 0.25000000000000033 0.5500000000000007 0.8500000000000012 1.0 1.0 1.0 1.0 1.0 1.0 1.0 1.0 1.0 1.0 1.0 1.0 1.0 0.9499999999999931 0.6499999999999924 
0.0 0.0 0.25000000000000033 0.5500000000000007 0.8500000000000012 1.0 1.0 1.0 1.0 1.0 1.0 1.0 1.0 1.0 1.0 1.0 1.0 1.0 0.9499999999999931 0.6499999999999924 
0.6499999999999995 0.95 1.0 1.0 1.0 1.0 1.0 1.0 1.0 1.0 1.0 1.0 1.0 1.0 1.0 1.0 1.0 1.0 0.9499999999999931 0.6499999999999924 
0.552499999999997 0.8074999999999962 0.8499999999999961 0.8499999999999961 0.8499999999999961 0.872499999999997 0.9174999999999982 0.9624999999999995 1.0 1.0 1.0 1.0 1.0 1.0 1.0 1.0 1.0 1.0 0.9499999999999931 0.6499999999999924 
0.0 0.0 0.0 0.0 0.0 0.1500000000000017 0.45000000000000195 0.7500000000000027 1.0 1.0 1.0 1.0 1.0 1.0 1.0 1.0 1.0 1.0 0.9499999999999931 0.6499999999999924 
0.0 0.0 0.0 0.0 0.0 0.1500000000000017 0.45000000000000195 0.7500000000000027 1.0 1.0 1.0 1.0 1.0 1.0 1.0 1.0 1.0 1.0 0.9499999999999931 0.6499999999999924 
0.0 0.0 0.0 0.0 0.0 0.0 0.0 0.0 0.05000000000000293 0.3500000000000032 0.6500000000000039 0.9500000000000042 1.0 1.0 1.0 1.0 1.0 1.0 0.9499999999999931 0.6499999999999924 
0.0 0.0 0.0 0.0 0.0 0.0 0.0 0.0 0.05000000000000293 0.3500000000000032 0.6500000000000039 0.9500000000000042 1.0 1.0 1.0 1.0 1.0 1.0 0.9499999999999931 0.6499999999999924 
0.0 0.0 0.0 0.0 0.0 0.0 0.0 0.0 0.05000000000000293 0.3500000000000032 0.6500000000000039 0.9500000000000042 1.0 1.0 1.0 1.0 1.0 1.0 0.9499999999999931 0.6499999999999924 
0.0 0.0 0.0 0.0 0.0 0.0 0.0 0.0 0.05000000000000293 0.3500000000000032 0.6500000000000039 0.9500000000000042 1.0 1.0 1.0 1.0 1.0 1.0 0.9499999999999931 0.6499999999999924 
0.0 0.0 0.0 0.0 0.0 0.0 0.0 0.0 0.05000000000000293 0.3500000000000032 0.6500000000000039 0.9500000000000042 1.0 1.0 1.0 1.0 1.0 1.0 0.9499999999999931 0.6499999999999924 
0.0 0.0 0.0 0.0 0.0 0.0 0.0 0.0 0.05000000000000293 0.3500000000000032 0.6500000000000039 0.9500000000000042 1.0 1.0 1.0 1.0 1.0 1.0 0.9499999999999931 0.6499999999999924 
0.0 0.0 0.0 0.0 0.0 0.0 0.0 0.0 0.05000000000000293 0.3500000000000032 0.6500000000000039 0.9500000000000042 1.0 1.0 1.0 1.0 1.0 1.0 0.9499999999999931 0.6499999999999924 
0.0 0.0 0.0 0.0 0.0 0.0 0.0 0.0 0.05000000000000293 0.3500000000000032 0.6500000000000039 0.9500000000000042 1.0 1.0 1.0 1.0 1.0 1.0 0.9499999999999931 0.6499999999999924 
0.0 0.0 0.0 0.0 0.0 0.0 0.0 0.0 0.05000000000000293 0.3500000000000032 0.6500000000000039 0.9500000000000042 1.0 1.0 1.0 1.0 1.0 1.0 0.9499999999999931 0.6499999999999924 
0.0 0.0 0.0 0.0 0.0 0.0 0.0 0.0 0.05000000000000293 0.3500000000000032 0.6500000000000039 0.9500000000000042 1.0 1.0 1.0 1.0 1.0 1.0 0.9499999999999931 0.6499999999999924 
0.0 0.0 0.0 0.0 0.0 0.0 0.0 0.0 0.05000000000000293 0.3500000000000032 0.6500000000000039 0.9500000000000042 1.0 1.0 1.0 1.0 1.0 1.0 0.9499999999999931 0.6499999999999924 
0.0 0.0 0.0 0.0 0.0 0.0 0.0 0.0 0.05000000000000293 0.3500000000000032 0.6500000000000039 0.9500000000000042 1.0 1.0 1.0 1.0 1.0 1.0 0.9499999999999931 0.6499999999999924 
0.0 0.0 0.0 0.0 0.0 0.0 0.0 0.0 0.05000000000000293 0.3500000000000032 0.6500000000000039 0.9500000000000042 1.0 1.0 1.0 1.0 1.0 1.0 0.9499999999999931 0.6499999999999924 
