0.0 0.0 0.0 0.0 0.0 0.0 0.0 0.0 0.0 0.0 0.0 0.0 1.8651746813702706e-15 0.35000000000000486 1.0 1.0 1.0 1.0 0.9999999999999929 0.0 
0.0 0.0 0.0 0.0 0.0 0.0 0.0 0.0 0.0 0.0 0.0 1.7763568394002915e-16 0.05000000000000622 1.0 1.0 1.0 1.0 1.0 0.9999999999999929 0.0 
0.0 0.0 0.0 0.0 0.0 0.0 0.0 0.0 0.0 0.0 2.664535259100379e-15 0.7500000000000018 1.0 1.0 1.0 1.0 1.0 1.0 0.9999999999999929 0.0 
0.0 0.0 0.0 0.0 0.0 0.0 0.0 0.0 0.0 0.0 3.552713678800501e-15 1.0 1.0 1.0 1.0 1.0 1.0 1.0 0.9999999999999929 0.0 
0.0 0.0 0.0 0.0 0.0 0.0 0.0 0.0 0.0 3.552713678800501e-15 1.0 1.0 1.0 1.0 1.0 1.0 1.0 1.0 0.9999999999999929 0.0 
0.0 0.0 0.0 0.0 0.0 0.0 0.0 0.0 3.0198066269804245e-15 0.8500000000000002 1.0 1.0 1.0 1.0 1.0 1.0 1.0 1.0 0.9999999999999929 0.0 
0.0 0.0 0.0 0.0 0.0 0.0 0.0 1.953992523340278e-15 0.5500000000000023 1.0 1.0 0.999999999999998 0.4499999999999969 0.0 5.329070518200751e-15 1.0 1.0 1.0 0.9999999999999929 0.0 
0.0 0.0 0.0 0.0 0.0 0.0 8.881784197001252e-16 0.25000000000000266 1.0 1.0 0.9999999999999991 0.7499999999999973 0.0 0.0 5.329070518200751e-15 1.0 1.0 1.0 0.9999999999999929 0.0 
0.0 0.0 0.0 0.0 0.0 0.0 3.552713678800501e-15 1.0 1.0 0.9999999999999967 0.05000000000000053 0.0 0.0 0.0 5.329070518200751e-15 1.0 1.0 1.0 0.9999999999999929 0.0 
0.0 0.0 0.0 0.0 1.7319479184152404e-15 0.6499999999999995 1.0 1.0 0.9999999999999977 0.3500000000000002 0.0 0.0 0.0 0.0 5.329070518200751e-15 1.0 1.0 1.0 0.9999999999999929 0.0 
0.0 0.0 0.0 9.325873406851258e-16 0.3499999999999996 1.0 1.0 0.9999999999999988 0.6499999999999998 0.0 0.0 0.0 0.0 0.0 5.329070518200751e-15 1.0 1.0 1.0 0.9999999999999929 0.0 
0.0 0.0 1.1102230246250934e-16 0.04999999999999969 1.0 1.0 0.9999999999999998 0.9499999999999995 0.0 0.0 0.0 0.0 0.0 0.0 5.329070518200751e-15 1.0 1.0 1.0 0.9999999999999929 0.0 
0.0 0.0 2.220446049250313e-15 1.0 1.0 1.0 0.9999999999999964 0.0 0.0 0.0 0.0 0.0 0.0 0.0 5.329070518200751e-15 1.0 1.0 1.0 0.9999999999999929 0.0 
0.0 1.9984014443252818e-15 1.0 1.0 1.0 0.9999999999999973 0.0 0.0 0.0 0.0 0.0 0.0 0.0 0.0 5.329070518200751e-15 1.0 1.0 1.0 0.9999999999999929 0.0 
1.7763568394002505e-15 1.0 1.0 1.0 1.0 0.9999999999999973 0.0 0.0 0.0 0.0 0.0 0.0 0.0 0.0 5.329070518200751e-15 1.0 1.0 1.0 0.999999999999994 0.14999999999999752 
0.8499999999999981 1.0 1.0 1.0 1.0 0.9999999999999996 0.8499999999999979 0.8499999999999979 0.8499999999999979 0.8499999999999979 0.8499999999999979 0.8499999999999979 0.8499999999999979 0.8499999999999979 0.8499999999999986 1.0 1.0 1.0 1.0 0.9999999999999929 
1.0 1.0 1.0 1.0 1.0 1.0 1.0 1.0 1.0 1.0 1.0 1.0 1.0 1.0 1.0 1.0 1.0 1.0 1.0 0.9999999999999929 
0.0 0.0 0.0 0.0 0.0 0.0 0.0 0.0 0.0 0.0 0.0 0.0 0.0 0.0 5.329070518200751e-15 1.0 1.0 1.0 0.9999999999999929 0.0 
0.0 0.0 0.0 0.0 0.0 0.0 0.0 0.0 0.0 0.0 0.0 0.0 0.0 0.0 5.329070518200751e-15 1.0 1.0 1.0 0.9999999999999929 0.0 
0.0 0.0 0.0 0.0 0.0 0.0 0.0 0.0 0.0 0.0 0.0 0.0 0.0 0.0 5.329070518200751e-15 1.0 1.0 1.0 0.9999999999999929 0.0 
