0.0 0.0 0.0 0.0 0.2712500000000023 0.3500000000000014 0.7887500000000032 1.0 1.0 1.0 1.0 1.0 1.0 1.0 0.8212499999999944 0.2712499999999981 0.0 0.0 0.0 0.0 
0.0 0.0 0.043750000000001524 0.833750000000003 1.0 1.0 1.0 1.0 0.9712499999999988 0.9499999999999984 0.9499999999999984 0.9712499999999995 1.0 1.0 1.0 1.0 0.8337499999999912 0.043750000000000865 0.0 0.0 
0.0 0.0 0.8750000000000024 1.0 1.0 1.0 0.4937499999999956 0.24999999999999822 0.10624999999999787 0.0 0.0 0.1062500000000012 0.24999999999999822 0.4937500000000049 1.0 1.0 1.0 0.9687499999999976 0.6937499999999942 0.0 
0.0 0.9250000000000019 1.0 1.0 1.0 0.2749999999999959 0.0 0.0 0.0 0.0 0.0 0.0 0.0 0.0 0.27500000000000924 1.0 1.0 1.0 0.92499999999999 0.0 
0.9750000000000014 1.0 1.0 1.0 0.22499999999999654 0.0 0.0 0.0 0.0 0.0 0.0 0.0 0.0 0.0 0.23375000000000726 0.8499999999999979 0.8762499999999996 0.9812499999999982 0.8499999999999979 0.828749999999987 
0.9750000000000014 1.0 1.0 1.0 0.22499999999999654 0.0 0.0 0.0 0.0 0.0 0.0 0.0 0.0 0.0 0.0 0.0 0.02625000000000119 0.13124999999999715 0.0 0.0 
0.9750000000000014 1.0 1.0 1.0 0.22499999999999654 0.0 0.0 0.0 0.0 0.0 0.0 0.0 0.0 0.0 0.0 0.0 0.0 0.0 0.0 0.0 
0.9750000000000014 1.0 1.0 1.0 0.22499999999999654 0.0 0.0 0.0 0.0 0.0 0.0 0.0 0.0 0.0 0.0 0.0 0.0 0.0 0.0 0.0 
0.9750000000000014 1.0 1.0 1.0 0.22499999999999654 0.0 0.0 0.0 0.0 0.0 0.0 0.0 0.0 0.0 0.0 0.0 0.0 0.0 0.0 0.0 
0.9750000000000014 1.0 1.0 1.0 0.22499999999999654 0.0 0.0 0.0 0.0 0.0 0.0 0.0 0.0 0.0 0.0 0.0 0.0 0.0 0.0 0.0 
0.9750000000000014 1.0 1.0 1.0 0.22499999999999654 0.0 0.0 0.0 0.0 0.0 0.0 0.0 0.0 0.0 0.0 0.0 0.0 0.0 0.0 0.0 
0.9750000000000014 1.0 1.0 1.0 0.22499999999999654 0.0 0.0 0.0 0.0 0.0 0.0 0.0 0.0 0.0 0.0 0.0 0.0 0.0 0.0 0.0 
0.9750000000000014 1.0 1.0 1.0 0.22499999999999654 0.0 0.0 0.0 0.0 0.0 0.0 0.0 0.0 0.0 0.0 0.0 0.0 0.0 0.0 0.0 
0.9750000000000014 1.0 1.0 1.0 0.22499999999999654 0.0 0.0 0.0 0.0 0.0 0.0 0.0 0.0 0.0 0.0 0.0 0.0 0.0 0.0 0.0 
0.9750000000000014 1.0 1.0 1.0 0.22499999999999654 0.0 0.0 0.0 0.0 0.0 0.0 0.0 0.0 0.0 0.0 0.0 0.0 0.0 0.0 0.0 
0.9750000000000014 1.0 1.0 1.0 0.22499999999999654 0.0 0.0 0.0 0.0 0.0 0.0 0.0 0.0 0.0 0.23375000000000923 0.850000000000005 0.850000000000005 0.850000000000005 0.7862499999999961 0.0 
0.9750000000000014 1.0 1.0 1.0 0.22499999999999654 0.0 0.0 0.0 0.0 0.0 0.0 0.0 0.0 0.0 0.27500000000000924 1.0 1.0 0.9312499999999936 0.41624999999999157 0.0 
0.0 0.9250000000000019 1.0 1.0 1.0 0.4562499999999995 0.08125000000000009 0.0 0.0 0.0 0.0 0.0 0.09375000000000311 0.4937500000000085 1.0 1.0 0.8249999999999904 0.0 0.0 0.0 
0.0 0.04624999999999747 0.881250000000002 1.0 1.0 1.0 0.9662500000000017 0.9500000000000028 0.403749999999996 0.0 0.45125000000000776 0.9500000000000028 0.9687500000000021 1.0 1.0 0.7862499999999912 0.04124999999999718 0.0 0.0 0.0 
0.0 0.0 0.0 0.2887499999999963 0.3499999999999943 0.8212500000000011 1.0 1.0 1.0 1.0 1.0 1.0 0.7562499999999932 0.3499999999999943 0.25374999999999265 0.0 0.0 0.0 0.0 0.0 
