0.9250000000000025 1.0 1.0 1.0 1.0 1.0 1.0 1.0 1.0 1.0 1.0 1.0 1.0 1.0 1.0 1.0 1.0 1.0 0.7750000000000057 0.0 
0.9250000000000025 1.0 1.0 1.0 1.0 1.0 1.0 1.0 1.0 1.0 1.0 1.0 1.0 1.0 1.0 1.0 1.0 1.0 0.7750000000000057 0.0 
0.0 0.0 0.0 0.0 0.0 0.0 0.0 0.0 0.0 0.0 0.0 0.0 0.12499999999999645 0.9749999999999961 1.0 1.0 1.0 0.6250000000000053 0.0 0.0 
0.0 0.0 0.0 0.0 0.0 0.0 0.0 0.0 0.0 0.0 0.0 0.15812499999999918 0.6281250000000017 0.9893749999999985 1.0 1.0 0.6981250000000009 0.26562499999999994 0.0 0.0 
0.0 0.0 0.0 0.0 0.0 0.0 0.0 0.0 0.0 0.0 0.010625000000001212 0.2931249999999991 1.0 1.0 1.0 0.983124999999998 0.4631250000000034 0.0 0.0 0.0 
0.0 0.0 0.0 0.0 0.0 0.0 0.0 0.0 0.0 0.0 0.42499999999999716 1.0 1.0 1.0 1.0 0.3250000000000046 0.0 0.0 0.0 0.0 
0.0 0.0 0.0 0.0 0.0 0.0 0.0 0.0 0.0 0.531875 0.9568750000000013 1.0 1.0 1.0 0.2368750000000019 0.02437499999999954 0.0 0.0 0.0 0.0 
0.0 0.0 0.0 0.0 0.0 0.0 0.0 0.0 0.2718750000000008 0.7343749999999998 1.0 1.0 0.9531250000000011 0.6343749999999997 0.10937500000000236 0.0 0.0 0.0 0.0 0.0 
0.0 0.0 0.0 0.0 0.0 0.0 0.0 0.0 0.7249999999999988 1.0 1.0 1.0 0.8750000000000036 0.025000000000003908 0.0 0.0 0.0 0.0 0.0 0.0 
0.0 0.0 0.0 0.0 0.0 0.0 0.024999999999999467 0.8749999999999991 1.0 1.0 1.0 0.7250000000000032 0.0 0.0 0.0 0.0 0.0 0.0 0.0 0.0 
0.0 0.0 0.0 0.0 0.0 0.12687499999999982 0.7318749999999995 0.9656249999999997 1.0 1.0 0.6918750000000022 0.19937500000000113 0.0 0.0 0.0 0.0 0.0 0.0 0.0 0.0 
0.0 0.0 0.0 0.0 0.05687499999999918 0.3193749999999975 1.0 1.0 1.0 0.8993750000000019 0.474375000000004 0.0 0.0 0.0 0.0 0.0 0.0 0.0 0.0 0.0 
0.0 0.0 0.0 0.0 0.3250000000000006 1.0 1.0 1.0 0.5468750000000008 0.1593750000000006 0.0 0.0 0.0 0.0 0.0 0.0 0.0 0.0 0.0 0.0 
0.0 0.0 0.0 0.475000000000001 1.0 1.0 0.998125 0.9343750000000007 0.25437500000000135 0.0 0.0 0.0 0.0 0.0 0.0 0.0 0.0 0.0 0.0 0.0 
0.0 0.0 0.32812499999999994 0.7506249999999997 1.0 1.0 0.9750000000000005 0.1250000000000009 0.0 0.0 0.0 0.0 0.0 0.0 0.0 0.0 0.0 0.0 0.0 0.0 
0.0 0.0 0.6250000000000016 1.0 1.0 0.8293750000000005 0.024375000000002093 0.0031250000000002886 0.0 0.0 0.0 0.0 0.0 0.0 0.0 0.0 0.0 0.0 0.0 0.0 
0.0 0.775000000000002 1.0 1.0 1.0 0.8250000000000002 0.0 0.0 0.0 0.0 0.0 0.0 0.0 0.0 0.0 0.0 0.0 0.0 0.0 0.0 
0.8093749999999988 0.9718749999999995 1.0 1.0 1.0 0.8250000000000002 0.0 0.0 0.0 0.0 0.0 0.0 0.0 0.0 0.0 0.0 0.0 0.0 0.0 0.0 
0.9250000000000025 1.0 1.0 1.0 1.0 1.0 1.0 1.0 1.0 1.0 1.0 1.0 1.0 1.0 1.0 1.0 1.0 1.0 1.0 0.9250000000000043 
0.9250000000000025 1.0 1.0 1.0 1.0 1.0 1.0 1.0 1.0 1.0 1.0 1.0 1.0 1.0 1.0 1.0 1.0 1.0 0.8256250000000055 0.20812500000000556 
