0.0 0.0 0.0 0.0 0.08125000000000175 0.25000000000000355 0.25000000000000355 0.25000000000000355 0.7937500000000027 1.0 1.0 0.7937499999999994 0.25000000000000355 0.25000000000000355 0.25000000000000355 0.08125000000000053 0.0 0.0 0.0 0.0 
0.0 0.0 0.0 0.35625000000000334 0.8312500000000028 1.0 1.0 1.0 1.0 1.0 1.0 1.0 1.0 1.0 1.0 0.8312500000000016 0.35624999999999996 0.0 0.0 0.0 
0.0 0.19375000000000303 0.718750000000003 1.0 1.0 1.0 0.9937499999999994 0.7812499999999967 0.2062499999999974 0.0 0.31875000000000053 0.7499999999999969 0.7812499999999978 0.9937500000000002 1.0 1.0 1.0 0.6249999999999982 0.0 0.0 
0.0 0.7750000000000025 1.0 1.0 0.7562499999999973 0.24999999999999734 0.24374999999999686 0.031249999999999 0.0 0.0 0.0 0.0 0.03125000000000011 0.24374999999999775 0.8687500000000017 1.0 1.0 0.9062500000000006 0.581250000000001 0.0 
0.9250000000000025 1.0 1.0 1.0 0.6749999999999976 0.0 0.0 0.0 0.0 0.0 0.0 0.0 0.0 0.0 0.0 0.6750000000000025 1.0 1.0 0.7749999999999986 0.0 
0.9250000000000025 1.0 1.0 1.0 0.6749999999999976 0.0 0.0 0.0 0.0 0.0 0.0 0.0 0.0 0.0 0.0 0.6750000000000025 1.0 1.0 0.7749999999999986 0.0 
0.6937500000000002 0.9437500000000002 1.0 1.0 0.6749999999999976 0.0 0.0 0.0 0.0 0.0 0.0 0.0 0.0 0.0 0.0 0.6750000000000025 1.0 1.0 0.7749999999999986 0.0 
0.0 0.7750000000000025 1.0 1.0 0.91875 0.6187499999999996 0.0 0.0 0.0 0.0 0.0 0.0 0.0 0.0 0.6187500000000036 0.9187500000000012 1.0 1.0 0.7749999999999986 0.0 
0.0 0.0 0.4687500000000007 0.8687499999999997 1.0 1.0 0.9812499999999984 0.34374999999999956 0.2500000000000018 0.2500000000000018 0.2500000000000018 0.2500000000000018 0.3437500000000029 0.9812500000000011 1.0 1.0 0.8687499999999986 0.46874999999999756 0.0 0.0 
0.0 0.0 0.0 0.11874999999999973 0.4937500000000006 1.0 1.0 1.0 1.0 1.0 1.0 1.0 1.0 1.0 1.0 0.4937499999999969 0.11874999999999862 0.0 0.0 0.0 
0.0 0.0 0.15625000000000172 0.2500000000000018 0.493750000000003 1.0 0.9937499999999995 0.7812499999999978 0.7499999999999982 0.7499999999999982 0.7499999999999982 0.8187499999999992 1.0 1.0 1.0 0.49374999999999936 0.11875000000000031 0.0 0.0 0.0 
0.0 0.5812500000000018 0.9062500000000007 1.0 1.0 0.8687499999999981 0.24374999999999947 0.031249999999999334 0.0 0.0 0.0 0.06875000000000053 0.25 0.25 0.8687500000000021 1.0 0.8687499999999995 0.75 0.5812499999999989 0.0 
0.23125000000000062 0.8312500000000018 1.0 0.8812499999999994 0.5062499999999982 0.0 0.0 0.0 0.0 0.0 0.0 0.0 0.0 0.0 0.0 0.6750000000000025 1.0 1.0 0.7749999999999986 0.0 
0.9250000000000025 1.0 1.0 0.5249999999999977 0.0 0.0 0.0 0.0 0.0 0.0 0.0 0.0 0.0 0.0 0.0 0.6750000000000025 1.0 1.0 0.9437499999999996 0.6937499999999979 
0.9250000000000025 1.0 1.0 0.5249999999999977 0.0 0.0 0.0 0.0 0.0 0.0 0.0 0.0 0.0 0.0 0.0 0.6750000000000025 1.0 1.0 1.0 0.9249999999999972 
0.9250000000000025 1.0 1.0 0.8812499999999994 0.5062499999999982 0.0 0.0 0.0 0.0 0.0 0.0 0.0 0.0 0.0 0.0 0.6750000000000025 1.0 1.0 1.0 0.9249999999999972 
0.6937500000000019 0.9437500000000006 1.0 1.0 0.7562499999999982 0.20624999999999938 0.0 0.0 0.0 0.0 0.0 0.0 0.0 0.0 0.2062500000000007 0.7562500000000019 1.0 1.0 0.7749999999999986 0.0 
0.0 0.7750000000000025 1.0 1.0 1.0 0.8249999999999975 0.0 0.0 0.0 0.0 0.0 0.0 0.0 0.0 0.8250000000000028 1.0 1.0 0.7187499999999987 0.19374999999999964 0.0 
0.0 0.0 0.46875000000000183 0.8687500000000006 1.0 1.0 1.0 1.0 1.0 1.0 1.0 1.0 1.0 1.0 1.0 1.0 0.47499999999999787 0.0 0.0 0.0 
0.0 0.0 0.0 0.11875000000000058 0.25 0.38125000000000187 1.0 1.0 1.0 1.0 1.0 1.0 1.0 1.0 0.38124999999999787 0.25 0.11874999999999947 0.0 0.0 0.0 
