0.0 0.0 0.0 0.0 0.08125000000000175 0.25000000000000355 0.25000000000000355 0.25000000000000355 0.25000000000000355 0.681250000000003 1.0 1.0 0.9062499999999991 0.2687500000000024 0.25000000000000355 0.08125000000000053 0.0 0.0 0.0 0.0 
0.0 0.0 0.0 0.35625000000000334 0.8312500000000028 1.0 1.0 1.0 1.0 1.0 1.0 1.0 1.0 1.0 1.0 0.8312500000000016 0.7500000000000033 0.4687500000000007 0.0 0.0 
0.0 0.19375000000000303 0.718750000000003 1.0 1.0 0.9562499999999988 0.7499999999999969 0.7499999999999969 0.7499999999999969 0.3187499999999972 0.31875000000000053 0.7499999999999969 0.7499999999999969 0.7499999999999969 0.9562500000000002 1.0 1.0 0.7187499999999998 0.19375000000000206 0.0 
0.0 0.7750000000000025 1.0 1.0 0.7562499999999973 0.20624999999999719 0.0 0.0 0.0 0.0 0.0 0.0 0.0 0.0 0.20624999999999852 0.756250000000001 1.0 1.0 0.7749999999999986 0.0 
0.9250000000000025 1.0 1.0 1.0 0.6749999999999976 0.0 0.0 0.0 0.0 0.0 0.0 0.0 0.0 0.0 0.0 0.6750000000000025 1.0 1.0 1.0 0.9249999999999972 
0.9250000000000025 1.0 1.0 1.0 0.6749999999999976 0.0 0.0 0.0 0.0 0.0 0.0 0.0 0.0 0.0 0.0 0.16874999999999882 0.24999999999999734 0.24999999999999734 0.24999999999999734 0.23124999999999682 
0.9250000000000025 1.0 1.0 0.5249999999999977 0.0 0.0 0.0 0.0 0.0 0.0 0.0 0.0 0.0 0.0 0.0 0.0 0.0 0.0 0.0 0.0 
0.9250000000000025 1.0 1.0 0.5249999999999977 0.0 0.0 0.0 0.0 0.0 0.0 0.0 0.0 0.0 0.0 0.0 0.0 0.0 0.0 0.0 0.0 
0.9250000000000025 1.0 1.0 0.6437499999999992 0.1687500000000006 0.0 0.0 0.0 0.18125000000000185 0.2500000000000018 0.2500000000000018 0.2500000000000018 0.2500000000000018 0.2500000000000018 0.0437499999999996 0.0 0.0 0.0 0.0 0.0 
0.9250000000000025 1.0 1.0 1.0 0.91875 0.7500000000000018 0.7500000000000018 0.7500000000000018 0.931250000000001 1.0 1.0 1.0 1.0 1.0 0.7937500000000007 0.7500000000000018 0.35624999999999923 0.0 0.0 0.0 
0.9250000000000025 1.0 1.0 1.0 1.0 0.956249999999999 0.7499999999999982 0.7499999999999982 0.7499999999999982 0.7499999999999982 0.7499999999999982 0.7499999999999982 0.7812499999999989 0.9937500000000004 1.0 1.0 1.0 0.7187499999999993 0.19375000000000103 0.0 
0.9250000000000025 1.0 1.0 1.0 0.7562499999999982 0.20624999999999938 0.0 0.0 0.0 0.0 0.0 0.0 0.031250000000000444 0.24375000000000036 0.8687500000000021 1.0 1.0 1.0 0.7749999999999986 0.0 
0.9250000000000025 1.0 1.0 0.8812499999999994 0.5062499999999982 0.0 0.0 0.0 0.0 0.0 0.0 0.0 0.0 0.0 0.0 0.6750000000000025 1.0 1.0 0.8312499999999989 0.2312499999999993 
0.9250000000000025 1.0 1.0 0.5249999999999977 0.0 0.0 0.0 0.0 0.0 0.0 0.0 0.0 0.0 0.0 0.0 0.6750000000000025 1.0 1.0 1.0 0.9249999999999972 
0.9250000000000025 1.0 1.0 0.5249999999999977 0.0 0.0 0.0 0.0 0.0 0.0 0.0 0.0 0.0 0.0 0.0 0.6750000000000025 1.0 1.0 1.0 0.9249999999999972 
0.9250000000000025 1.0 1.0 0.5249999999999977 0.0 0.0 0.0 0.0 0.0 0.0 0.0 0.0 0.0 0.0 0.0 0.6750000000000025 1.0 1.0 0.8312499999999989 0.2312499999999993 
0.6937500000000019 0.9437500000000006 1.0 1.0 0.7562499999999982 0.20624999999999938 0.0 0.0 0.0 0.0 0.0 0.0 0.0 0.0 0.2062500000000007 0.7562500000000019 1.0 1.0 0.7749999999999986 0.0 
0.0 0.7750000000000025 1.0 1.0 1.0 0.9562499999999994 0.7312499999999984 0.093749999999998 0.0 0.0 0.0 0.0 0.09375000000000133 0.7312500000000011 0.9562500000000007 1.0 1.0 0.7187499999999987 0.19374999999999964 0.0 
0.0 0.0 0.46875000000000183 0.8687500000000006 1.0 1.0 1.0 1.0 1.0 1.0 1.0 1.0 1.0 1.0 1.0 0.8312499999999994 0.75 0.46874999999999867 0.0 0.0 
0.0 0.0 0.0 0.11875000000000058 0.25 0.38125000000000187 1.0 1.0 1.0 1.0 1.0 1.0 0.9062499999999987 0.26874999999999893 0.25 0.08124999999999938 0.0 0.0 0.0 0.0 
