0.0 0.0 0.0 0.0 0.025000000000000244 0.2250000000000002 0.25 0.6250000000000007 1.0 1.0 1.0 1.0 1.0 1.0 0.9249999999999989 0.32500000000000107 0.25 0.125 0.0 0.0 
0.0 0.0 0.0 0.2250000000000008 0.775 0.9750000000000002 1.0 1.0 1.0 1.0 1.0 1.0 1.0 1.0 1.0 1.0 1.0 0.8749999999999999 0.5249999999999994 0.0 
0.0 0.175 0.6250000000000007 1.0 1.0 1.0 0.8250000000000001 0.7500000000000004 0.5249999999999998 0.0 0.0 0.0 0.3750000000000002 0.7500000000000004 0.7750000000000008 0.9749999999999996 1.0 1.0 1.0 0.8999999999999986 
0.6750000000000002 0.925 1.0 1.0 0.9249999999999994 0.3250000000000002 0.075 0.0 0.0 0.0 0.0 0.0 0.0 0.0 0.025000000000000445 0.22500000000000045 0.7749999999999997 1.0 1.0 0.8999999999999986 
0.9000000000000012 1.0 1.0 1.0 0.899999999999999 0.0999999999999992 0.0 0.0 0.0 0.0 0.0 0.0 0.0 0.0 0.0 0.0 0.6999999999999993 1.0 1.0 0.8999999999999986 
0.22500000000000112 0.2500000000000009 0.2500000000000009 0.2500000000000009 0.22500000000000056 0.02499999999999989 0.0 0.0 0.0 0.0 0.0 0.0 0.0 0.0 0.0 0.0 0.6999999999999993 1.0 1.0 0.8999999999999986 
0.0 0.0 0.0 0.0 0.0 0.0 0.0 0.0 0.0 0.0 0.0 0.0 0.0 0.0 0.10000000000000142 0.8999999999999986 1.0 1.0 0.9250000000000004 0.6750000000000005 
0.0 0.0 0.0 0.0 0.0 0.0 0.0 0.0 0.0 0.0 0.0 0.0 0.0 0.225 0.7749999999999988 0.9749999999999994 1.0 1.0 0.6999999999999993 0.0 
0.0 0.0 0.0 0.0 0.0 0.0 0.0 0.0 0.0 0.0 0.0 0.0 0.5 1.0 1.0 1.0 0.8250000000000014 0.3750000000000009 0.0 0.0 
0.0 0.0 0.0 0.0 0.0 0.0 0.0 0.0 0.0 0.0 0.0 0.5249999999999982 0.8749999999999991 1.0 1.0 1.0 0.3000000000000007 0.0 0.0 0.0 
0.0 0.0 0.0 0.0 0.0 0.0 0.0 0.0 0.0 0.10000000000000053 0.9000000000000004 1.0 1.0 0.9250000000000004 0.6750000000000005 0.07500000000000125 0.0 0.0 0.0 0.0 
0.0 0.0 0.0 0.0 0.0 0.0 0.0 0.0 0.22499999999999948 0.7749999999999969 0.9749999999999998 1.0 0.6250000000000018 0.17500000000000232 0.0 0.0 0.0 0.0 0.0 0.0 
0.0 0.0 0.0 0.0 0.0 0.0 0.17499999999999777 0.6249999999999989 1.0 1.0 1.0 0.8250000000000026 0.3750000000000018 0.0 0.0 0.0 0.0 0.0 0.0 0.0 
0.0 0.0 0.0 0.0 0.0 0.0 0.7000000000000011 1.0 1.0 1.0 1.0 0.3000000000000007 0.0 0.0 0.0 0.0 0.0 0.0 0.0 0.0 
0.0 0.0 0.0 0.07499999999999922 0.3249999999999975 0.9250000000000003 1.0 1.0 0.9250000000000009 0.6750000000000028 0.0750000000000001 0.0 0.0 0.0 0.0 0.0 0.0 0.0 0.0 0.0 
0.0 0.0 0.37499999999999906 0.8249999999999978 1.0 1.0 1.0 0.6250000000000011 0.17500000000000232 0.0 0.0 0.0 0.0 0.0 0.0 0.0 0.0 0.0 0.0 0.0 
0.0 0.1749999999999978 0.6249999999999991 1.0 1.0 1.0 1.0 0.4999999999999991 0.0 0.0 0.0 0.0 0.0 0.0 0.0 0.0 0.0 0.0 0.0 0.0 
0.0 0.7000000000000012 1.0 1.0 1.0 1.0 1.0 0.4999999999999991 0.0 0.0 0.0 0.0 0.0 0.0 0.0 0.0 0.524999999999997 0.7499999999999964 0.7499999999999964 0.6749999999999957 
0.9000000000000012 1.0 1.0 1.0 1.0 1.0 1.0 1.0 1.0 1.0 1.0 1.0 1.0 1.0 1.0 1.0 1.0 1.0 1.0 0.8999999999999986 
0.2250000000000035 0.7750000000000019 1.0 1.0 1.0 1.0 1.0 1.0 0.7750000000000006 0.25000000000000355 0.25000000000000355 0.25000000000000355 0.25000000000000355 0.25000000000000355 0.25000000000000355 0.25000000000000355 0.25000000000000355 0.25000000000000355 0.25000000000000355 0.22500000000000284 
