0.9250000000000025 1.0 1.0 1.0 1.0 0.8250000000000002 0.0 0.0 0.0 0.0 0.0 0.0 0.0 0.0 0.0 0.0 0.524999999999995 1.0 1.0 0.9250000000000043 
0.9250000000000025 1.0 1.0 1.0 1.0 0.9431250000000009 0.6581250000000047 0.08437500000000116 0.0 0.0 0.0 0.0 0.0 0.0 0.0 0.0 0.524999999999995 1.0 1.0 0.9250000000000043 
0.9250000000000025 1.0 1.0 1.0 1.0 1.0 0.9781250000000006 0.23437500000000427 0.03437500000000125 0.0 0.0 0.0 0.0 0.0 0.0 0.0 0.524999999999995 1.0 1.0 0.9250000000000043 
0.9250000000000025 1.0 1.0 1.0 1.0 1.0 1.0 1.0 0.27500000000000124 0.0 0.0 0.0 0.0 0.0 0.0 0.0 0.524999999999995 1.0 1.0 0.9250000000000043 
0.9250000000000025 1.0 1.0 1.0 1.0 1.0 1.0 1.0 0.2931250000000034 0.010625000000001323 0.0 0.0 0.0 0.0 0.0 0.0 0.524999999999995 1.0 1.0 0.9250000000000043 
0.9250000000000025 1.0 1.0 1.0 1.0 1.0 1.0 1.0 1.0 0.4250000000000016 0.0 0.0 0.0 0.0 0.0 0.0 0.524999999999995 1.0 1.0 0.9250000000000043 
0.9250000000000025 1.0 1.0 1.0 1.0 1.0 1.0 1.0 1.0 0.9568750000000016 0.5318750000000041 0.0 0.0 0.0 0.0 0.0 0.524999999999995 1.0 1.0 0.9250000000000043 
0.9250000000000025 1.0 1.0 0.524999999999999 0.0 0.17499999999999982 1.0 1.0 1.0 1.0 0.5750000000000028 0.0 0.0 0.0 0.0 0.4218749999999959 0.8218749999999972 1.0 1.0 0.9250000000000043 
0.9250000000000025 1.0 1.0 0.524999999999999 0.0 0.03062499999999978 0.19562499999999852 0.8968749999999991 1.0 1.0 0.9256250000000009 0.5981250000000035 0.0 0.0 0.0 0.0 0.524999999999995 1.0 1.0 0.9250000000000043 
0.9250000000000025 1.0 1.0 0.524999999999999 0.0 0.0 0.018124999999999603 0.634374999999999 0.9243749999999995 1.0 1.0 0.8006250000000024 0.24062500000000128 0.006875000000001083 0.0 0.0 0.524999999999995 1.0 1.0 0.9250000000000043 
0.9250000000000025 1.0 1.0 0.524999999999999 0.0 0.0 0.0 0.0 0.7249999999999988 1.0 1.0 1.0 0.8750000000000036 0.025000000000003908 0.0 0.4893749999999964 0.8693749999999985 1.0 1.0 0.9250000000000043 
0.9250000000000025 1.0 1.0 0.524999999999999 0.0 0.0 0.0 0.0 0.0 0.5749999999999984 1.0 1.0 0.8968750000000025 0.19562500000000044 0.03062500000000025 0.6749999999999954 1.0 1.0 0.9606250000000016 0.7631250000000062 
0.9250000000000025 1.0 1.0 0.524999999999999 0.0 0.0 0.0 0.0 0.0 0.5749999999999984 1.0 1.0 1.0 1.0 0.6906250000000016 0.8781249999999983 1.0 1.0 0.7750000000000057 0.0 
0.9250000000000025 1.0 1.0 0.524999999999999 0.0 0.0 0.0 0.0 0.0 0.0 0.42499999999999716 1.0 1.0 1.0 1.0 1.0 1.0 1.0 0.7750000000000057 0.0 
0.9250000000000025 1.0 1.0 0.524999999999999 0.0 0.0 0.0 0.0 0.0 0.0 0.42499999999999716 1.0 1.0 1.0 1.0 1.0 1.0 1.0 0.7750000000000057 0.0 
0.9250000000000025 1.0 1.0 0.524999999999999 0.0 0.0 0.0 0.0 0.0 0.0 0.010625000000000835 0.2931249999999984 1.0 1.0 1.0 1.0 1.0 1.0 0.7750000000000057 0.0 
0.9250000000000025 1.0 1.0 0.524999999999999 0.0 0.0 0.0 0.0 0.0 0.0 0.0 0.15812499999999893 0.6281250000000009 0.9893749999999983 1.0 1.0 1.0 1.0 0.7750000000000057 0.0 
0.9250000000000025 1.0 1.0 0.524999999999999 0.0 0.0 0.0 0.0 0.0 0.0 0.0 0.0 0.12499999999999645 0.9749999999999961 1.0 1.0 1.0 1.0 0.7750000000000057 0.0 
0.9250000000000025 1.0 1.0 0.524999999999999 0.0 0.0 0.0 0.0 0.0 0.0 0.0 0.0 0.08437499999999813 0.6581250000000015 0.9431249999999993 1.0 1.0 1.0 0.7750000000000057 0.0 
0.9250000000000025 1.0 1.0 0.524999999999999 0.0 0.0 0.0 0.0 0.0 0.0 0.0 0.0 0.0 0.0 0.8249999999999957 1.0 1.0 1.0 0.7750000000000057 0.0 
