0.0 0.0 0.0 0.0 0.0 0.2718750000000024 0.37500000000000355 0.37500000000000355 0.37500000000000355 0.703125000000003 0.7031250000000008 0.37500000000000355 0.37500000000000355 0.2531250000000013 0.0 0.0 0.0 0.0 0.0 0.0 
0.0 0.0 0.0 0.10312500000000273 0.803125 1.0 1.0 1.0 1.0 1.0 1.0 1.0 1.0 1.0 1.0 0.8031249999999964 0.1031250000000024 0.0 0.0 0.0 
0.0 0.0 0.765625000000001 0.9781250000000004 1.0 1.0 1.0 0.4531249999999973 0.12499999999999689 0.12499999999999689 0.12499999999999689 0.49687500000000195 1.0 1.0 1.0 1.0 0.978125 0.7656249999999964 0.0 0.0 
0.0 0.9249999999999975 1.0 1.0 1.0 0.5468749999999982 0.1218749999999992 0.0 0.0 0.0 0.0 0.0 0.0 0.1218750000000002 0.5468750000000016 1.0 1.0 0.9531249999999977 0.5781249999999984 0.0 
0.974999999999997 1.0 1.0 1.0 0.22500000000000098 0.0 0.0 0.0 0.0 0.0 0.0 0.0 0.0 0.0 0.17187500000000283 0.7093749999999998 1.0 1.0 0.9249999999999936 0.0 
0.0 0.8093749999999962 0.8749999999999982 0.8749999999999982 0.19687500000000047 0.0 0.0 0.0 0.0 0.0 0.0 0.0 0.0 0.0 0.0 0.22500000000000497 1.0 1.0 0.9249999999999936 0.0 
0.0 0.0 0.0 0.0 0.0 0.0 0.0 0.0 0.0 0.0 0.0 0.0 0.0 0.0 0.24062500000000547 0.903125000000002 1.0 1.0 0.9249999999999936 0.0 
0.0 0.0 0.0 0.0 0.0 0.0 0.0 0.0 0.0 0.0 0.0 0.0 0.0 0.20312500000000236 0.7281250000000035 1.0 1.0 0.9218749999999953 0.34687499999999594 0.0 
0.0 0.0 0.0 0.0 0.0 0.0 0.0 0.0 0.0 0.0 0.0 0.0 0.37500000000000355 1.0 1.0 1.0 0.9343749999999981 0.546874999999994 0.0 0.0 
0.0 0.0 0.0 0.0 0.0 0.0 0.0 0.0 0.0 0.0 0.05937500000000018 0.49687500000000373 1.0 1.0 1.0 0.774999999999995 0.0 0.0 0.0 0.0 
0.0 0.0 0.0 0.0 0.0 0.0 0.0 0.0 0.0 0.0 0.4750000000000014 1.0 1.0 1.0 0.759374999999995 0.09687499999999938 0.0 0.0 0.0 0.0 
0.0 0.0 0.0 0.0 0.0 0.0 0.0 0.0 0.35937500000000067 0.8218750000000008 1.0 1.0 0.7656249999999978 0.25312499999999893 0.0 0.0 0.0 0.0 0.0 0.0 
0.0 0.0 0.0 0.0 0.0 0.0 0.0 0.23437500000000033 0.7343750000000007 1.0 1.0 0.8406249999999984 0.3906249999999978 0.0 0.0 0.0 0.0 0.0 0.0 0.0 
0.0 0.0 0.0 0.0 0.0 0.0 0.6749999999999998 1.0 1.0 1.0 0.9406249999999998 0.5031249999999963 0.0 0.0 0.0 0.0 0.0 0.0 0.0 0.0 
0.0 0.0 0.0 0.0 0.0 0.6343749999999997 0.959375 1.0 1.0 0.5406249999999981 0.06562499999999982 0.0 0.0 0.0 0.0 0.0 0.0 0.0 0.0 0.0 
0.0 0.0 0.0 0.0 0.774999999999999 1.0 1.0 1.0 0.6406249999999993 0.1781249999999992 0.0 0.0 0.0 0.0 0.0 0.0 0.0 0.0 0.0 0.0 
0.0 0.0 0.3281249999999992 0.890624999999999 1.0 1.0 1.0 0.3749999999999991 0.0 0.0 0.0 0.0 0.0 0.0 0.0 0.0 0.0 0.0 0.0 0.0 
0.0 0.9249999999999975 1.0 1.0 1.0 1.0 0.3250000000000002 0.0 0.0 0.0 0.0 0.0 0.0 0.0 0.0 0.0 0.0 0.0 0.0 0.0 
0.0 0.9249999999999975 1.0 1.0 1.0 1.0 0.915625 0.875 0.875 0.875 0.875 0.875 0.875 0.875 0.875 0.875 0.875 0.875 0.875 0.8531249999999919 
0.0 0.34687499999999905 0.9218749999999988 1.0 1.0 1.0 1.0 1.0 1.0 1.0 1.0 1.0 1.0 1.0 1.0 1.0 1.0 1.0 0.953124999999996 0.36562499999999654 
