0.950000000000002 1.0 1.0 1.0 0.44999999999999707 0.0 0.0 0.0 0.0 0.0 0.0 0.0 0.0 0.0 0.0 0.0 0.350000000000005 1.0 1.0 0.9499999999999922 
0.950000000000002 1.0 1.0 1.0 1.0 0.5499999999999972 0.0 0.0 0.0 0.0 0.0 0.0 0.0 0.0 0.0 0.0 0.350000000000005 1.0 1.0 0.9499999999999922 
0.950000000000002 1.0 1.0 1.0 1.0 0.887499999999996 0.4874999999999927 0.0 0.0 0.0 0.0 0.0 0.0 0.0 0.0 0.0 0.350000000000005 1.0 1.0 0.9499999999999922 
0.950000000000002 1.0 1.0 1.0 1.0 1.0 0.6499999999999968 0.0 0.0 0.0 0.0 0.0 0.0 0.0 0.0 0.0 0.350000000000005 1.0 1.0 0.9499999999999922 
0.950000000000002 1.0 1.0 1.0 1.0 1.0 1.0 0.7499999999999964 0.0 0.0 0.0 0.0 0.0 0.0 0.0 0.0 0.350000000000005 1.0 1.0 0.9499999999999922 
0.950000000000002 1.0 1.0 1.0 1.0 1.0 1.0 0.962499999999998 0.7224999999999918 0.0 0.0 0.0 0.0 0.0 0.0 0.0 0.350000000000005 1.0 1.0 0.9499999999999922 
0.950000000000002 1.0 1.0 1.0 1.0 1.0 1.0 1.0 0.8499999999999961 0.0 0.0 0.0 0.0 0.0 0.0 0.0 0.350000000000005 1.0 1.0 0.9499999999999922 
0.950000000000002 1.0 1.0 0.8375000000000017 0.7500000000000036 0.8625000000000027 1.0 1.0 1.0 0.9499999999999957 0.04999999999999716 0.0 0.0 0.0 0.0 0.0 0.350000000000005 1.0 1.0 0.9499999999999922 
0.950000000000002 1.0 1.0 0.3499999999999974 0.0 0.022500000000001262 0.38250000000000467 1.0 1.0 0.9974999999999996 0.9524999999999975 0.1424999999999949 0.0 0.0 0.0 0.0 0.350000000000005 1.0 1.0 0.9499999999999922 
0.950000000000002 1.0 1.0 0.3499999999999974 0.0 0.0 0.12250000000000162 0.5125000000000034 1.0 1.0 1.0 0.14999999999999503 0.0 0.0 0.0 0.0 0.350000000000005 1.0 1.0 0.9499999999999922 
0.950000000000002 1.0 1.0 0.3499999999999974 0.0 0.0 0.0 0.25000000000000355 1.0 1.0 1.0 1.0 0.24999999999999645 0.0 0.0 0.0 0.350000000000005 1.0 1.0 0.9499999999999922 
0.950000000000002 1.0 1.0 0.3499999999999974 0.0 0.0 0.0 0.0 0.1500000000000039 1.0 1.0 1.0 1.0 0.3499999999999943 0.0 0.0 0.350000000000005 1.0 1.0 0.9499999999999922 
0.950000000000002 1.0 1.0 0.3499999999999974 0.0 0.0 0.0 0.0 0.03750000000000098 0.2875000000000032 0.9625000000000021 1.0 1.0 0.3499999999999943 0.0 0.0 0.350000000000005 1.0 1.0 0.9499999999999922 
0.950000000000002 1.0 1.0 0.3499999999999974 0.0 0.0 0.0 0.0 0.0 0.05000000000000426 0.9500000000000028 1.0 1.0 1.0 1.0 1.0 1.0 1.0 1.0 0.9499999999999922 
0.950000000000002 1.0 1.0 0.3499999999999974 0.0 0.0 0.0 0.0 0.0 0.0 0.0 0.850000000000005 1.0 1.0 1.0 1.0 1.0 1.0 1.0 0.9499999999999922 
0.950000000000002 1.0 1.0 0.3499999999999974 0.0 0.0 0.0 0.0 0.0 0.0 0.0 0.1274999999999965 0.7875000000000018 1.0 1.0 1.0 1.0 1.0 1.0 0.9499999999999922 
0.950000000000002 1.0 1.0 0.3499999999999974 0.0 0.0 0.0 0.0 0.0 0.0 0.0 0.0 0.7500000000000036 1.0 1.0 1.0 1.0 1.0 1.0 0.9499999999999922 
0.950000000000002 1.0 1.0 0.3499999999999974 0.0 0.0 0.0 0.0 0.0 0.0 0.0 0.0 0.0 0.6500000000000057 1.0 1.0 1.0 1.0 1.0 0.9499999999999922 
0.950000000000002 1.0 1.0 0.3499999999999974 0.0 0.0 0.0 0.0 0.0 0.0 0.0 0.0 0.0 0.03249999999999613 0.5725000000000011 1.0 1.0 1.0 1.0 0.9499999999999922 
0.950000000000002 1.0 1.0 0.3499999999999974 0.0 0.0 0.0 0.0 0.0 0.0 0.0 0.0 0.0 0.0 0.5500000000000043 1.0 1.0 1.0 1.0 0.9499999999999922 
