0.0 0.0 0.0 0.0 0.20624999999999552 0.6562499999999951 1.0 1.0 1.0 1.0 1.0 1.0 1.0 1.0 0.6562500000000001 0.3749999999999929 0.24374999999999752 0.0 0.0 0.0 
0.0 0.0 0.09374999999999492 0.6937499999999968 1.0 1.0 1.0 1.0 1.0 1.0 1.0 1.0 1.0 1.0 1.0 1.0 1.0 0.7812500000000046 0.1062499999999954 0.0 
0.0 0.0 0.7499999999999993 1.0 1.0 1.0 1.0 0.7812500000000039 0.12500000000000622 0.12500000000000622 0.12500000000000622 0.12500000000000622 0.12500000000000622 0.6937499999999979 1.0 1.0 1.0 1.0 0.8500000000000085 0.0 
0.0 0.8499999999999998 1.0 1.0 1.0 0.7187500000000033 0.24375000000000427 0.0 0.0 0.0 0.0 0.0 0.0 0.0 0.20625000000000054 0.656249999999998 1.0 1.0 1.0 0.95000000000001 
0.0 0.8499999999999996 1.0 1.0 0.7937500000000035 0.34375000000000394 0.0 0.0 0.0 0.0 0.0 0.0 0.0 0.0 0.0 0.2812499999999975 0.6250000000000053 0.6250000000000053 0.6250000000000053 0.5937500000000113 
0.0 0.8499999999999998 1.0 1.0 0.5187499999999984 0.06874999999999727 0.0 0.0 0.0 0.0 0.0 0.0 0.0 0.0 0.0 0.0 0.0 0.0 0.0 0.0 
0.0 0.8499999999999998 1.0 1.0 1.0 0.5500000000000016 0.0 0.0 0.0 0.0 0.0 0.0 0.0 0.0 0.0 0.0 0.0 0.0 0.0 0.0 
0.0 0.0 0.7499999999999993 1.0 1.0 1.0 0.8687499999999996 0.6249999999999964 0.531249999999999 0.0 0.0 0.0 0.0 0.0 0.0 0.0 0.0 0.0 0.0 0.0 
0.0 0.0 0.0 0.4062500000000017 0.831250000000001 1.0 1.0 1.0 1.0 0.9687500000000016 0.4062499999999993 0.37499999999999645 0.09375000000000044 0.0 0.0 0.0 0.0 0.0 0.0 0.0 
0.0 0.0 0.0 0.0 0.0 0.3937500000000002 0.8750000000000036 0.9062500000000023 1.0 1.0 1.0 1.0 1.0 0.431250000000002 0.12499999999999645 0.06874999999999902 0.0 0.0 0.0 0.0 
0.0 0.0 0.0 0.0 0.0 0.0 0.0 0.031250000000000555 0.2562500000000002 1.0 1.0 1.0 1.0 1.0 1.0 0.9437499999999994 0.5687500000000026 0.0 0.0 0.0 
0.0 0.0 0.0 0.0 0.0 0.0 0.0 0.0 0.0 0.0 0.0 0.31875000000000087 0.8437499999999987 1.0 1.0 1.0 1.0 0.9062500000000018 0.5312500000000023 0.0 
0.0 0.0 0.0 0.0 0.0 0.0 0.0 0.0 0.0 0.0 0.0 0.0 0.0 0.0 0.343749999999996 0.7937499999999971 1.0 1.0 1.0 0.95000000000001 
0.0 0.0 0.0 0.0 0.0 0.0 0.0 0.0 0.0 0.0 0.0 0.0 0.0 0.0 0.0 0.39374999999999316 0.9187499999999993 1.0 1.0 0.95000000000001 
0.0 0.0 0.0 0.0 0.0 0.0 0.0 0.0 0.0 0.0 0.0 0.0 0.0 0.0 0.0 0.0 0.3499999999999943 1.0 1.0 0.95000000000001 
0.9500000000000002 1.0 1.0 1.0 0.4500000000000015 0.0 0.0 0.0 0.0 0.0 0.0 0.0 0.0 0.0 0.0 0.2812499999999951 0.7562499999999979 1.0 1.0 0.95000000000001 
0.0 0.8499999999999999 1.0 1.0 0.6562500000000009 0.2062500000000006 0.0 0.0 0.0 0.0 0.0 0.0 0.0 0.0 0.2062499999999976 0.6562499999999951 1.0 1.0 1.0 0.95000000000001 
0.0 0.7437499999999998 0.9687499999999999 1.0 1.0 1.0 1.0 0.7812500000000023 0.125 0.125 0.125 0.125 0.125 0.6937499999999956 1.0 1.0 1.0 0.9687500000000009 0.7437500000000075 0.0 
0.0 0.0 0.09374999999999992 0.6937499999999992 1.0 1.0 1.0 1.0 1.0 1.0 1.0 1.0 1.0 1.0 1.0 1.0 0.693750000000005 0.09375000000000089 0.0 0.0 
0.0 0.0 0.0 0.0 0.20624999999999943 0.375 0.5937499999999987 1.0 1.0 1.0 1.0 1.0 1.0 0.5937500000000031 0.375 0.20625000000000293 0.0 0.0 0.0 0.0 
