0.0 0.0 0.0 0.0 0.0 0.0 0.37500000000000355 1.0 1.0 1.0 1.0 0.8749999999999964 0.12499999999999645 0.0 0.0 0.0 0.0 0.0 0.0 0.0 
0.0 0.0 0.0 0.0 0.0 0.0 0.37500000000000355 1.0 1.0 1.0 1.0 0.9031249999999965 0.3218749999999919 0.0843749999999969 0.0 0.0 0.0 0.0 0.0 0.0 
0.0 0.0 0.0 0.0 0.0 0.0 0.37500000000000355 1.0 1.0 1.0 1.0 1.0 1.0 0.37499999999999645 0.0 0.0 0.0 0.0 0.0 0.0 
0.0 0.0 0.0 0.0 0.0 0.32812499999999767 0.7031249999999978 1.0 1.0 1.0 1.0 1.0 1.0 0.37499999999999645 0.0 0.0 0.0 0.0 0.0 0.0 
0.0 0.0 0.0 0.0 0.0 0.6250000000000031 1.0 1.0 1.0 1.0 1.0 1.0 1.0 0.37499999999999645 0.0 0.0 0.0 0.0 0.0 0.0 
0.0 0.0 0.0 0.0 0.0 0.6250000000000031 1.0 1.0 1.0 1.0 1.0 1.0 1.0 0.8906249999999956 0.5156249999999933 0.0 0.0 0.0 0.0 0.0 
0.0 0.0 0.0 0.0 0.0 0.6250000000000031 1.0 1.0 1.0 1.0 1.0 1.0 1.0 1.0 0.6249999999999964 0.0 0.0 0.0 0.0 0.0 
0.0 0.0 0.0 0.0156249999999995 0.10937499999999417 0.6718750000000001 1.0 1.0 1.0 0.37499999999999645 0.37500000000000355 1.0 1.0 1.0 0.6718749999999942 0.10937499999999334 0.015624999999998668 0.0 0.0 0.0 
0.0 0.0 0.0 0.1250000000000031 0.8750000000000031 1.0 1.0 0.9656249999999998 0.7593750000000049 0.271875 0.2718750000000051 0.7593750000000069 0.9656250000000018 1.0 1.0 0.8749999999999964 0.12499999999999645 0.0 0.0 0.0 
0.0 0.0 0.0 0.1250000000000031 0.8750000000000031 1.0 1.0 0.8749999999999964 0.12499999999999645 0.0 0.0 0.12500000000000355 0.8750000000000036 1.0 1.0 0.8749999999999964 0.12499999999999645 0.0 0.0 0.0 
0.0 0.0 0.0 0.1250000000000031 0.8750000000000031 1.0 1.0 0.8749999999999964 0.12499999999999645 0.0 0.0 0.12500000000000355 0.8750000000000036 1.0 1.0 0.9468749999999977 0.6281249999999932 0.21562499999999568 0.0 0.0 
0.0 0.0 0.2718749999999993 0.7593749999999944 0.965625 1.0 1.0 0.8749999999999964 0.12499999999999645 0.0 0.0 0.03437500000000191 0.2406250000000075 0.7281250000000054 1.0 1.0 1.0 0.37499999999999645 0.0 0.0 
0.0 0.0 0.3750000000000029 1.0 1.0 1.0 0.6718749999999996 0.10937500000000577 0.015625000000000444 0.0 0.0 0.0 0.0 0.6250000000000036 1.0 1.0 1.0 0.37499999999999645 0.0 0.0 
0.0 0.0 0.3750000000000029 1.0 1.0 1.0 0.6249999999999964 0.0 0.0 0.0 0.0 0.0 0.0 0.6250000000000036 1.0 1.0 1.0 0.39062499999999234 0.015624999999995693 0.0 
0.0 0.10937499999999427 0.48437499999999617 1.0 1.0 1.0 0.6906249999999934 0.15312499999999069 0.021874999999998136 0.0 0.0 0.0 0.0 0.6250000000000036 1.0 1.0 1.0 1.0 0.6249999999999964 0.0 
0.0 0.6250000000000028 1.0 1.0 1.0 1.0 1.0 0.915624999999997 0.4093749999999939 0.32499999999999574 0.32499999999999574 0.32499999999999574 0.32499999999999574 0.7468750000000008 1.0 1.0 1.0 1.0 0.6249999999999964 0.0 
0.0 0.6250000000000028 1.0 1.0 1.0 1.0 1.0 1.0 1.0 1.0 1.0 1.0 1.0 1.0 1.0 1.0 1.0 1.0 0.803124999999996 0.41562499999999336 
0.0 0.6250000000000028 1.0 1.0 1.0 1.0 0.7656250000000004 0.3750000000000071 0.3750000000000071 0.3750000000000071 0.3750000000000071 0.3750000000000071 0.3750000000000071 0.3750000000000071 0.6093750000000067 1.0 1.0 1.0 1.0 0.8749999999999964 
0.0 0.6250000000000028 1.0 1.0 1.0 0.5156250000000029 0.14062500000000452 0.0 0.0 0.0 0.0 0.0 0.0 0.0 0.084375000000004 0.32187500000001024 0.9031250000000038 1.0 1.0 0.8749999999999964 
0.8093749999999937 0.9718749999999965 1.0 1.0 1.0 0.3749999999999969 0.0 0.0 0.0 0.0 0.0 0.0 0.0 0.0 0.0 0.12500000000000355 0.8750000000000036 1.0 1.0 0.8749999999999964 
