0.0 0.0 0.01874999999999886 0.07124999999999712 0.07499999999999751 0.3987499999999915 1.0 1.0 1.0 1.0 1.0 1.0 1.0 1.0 0.39875000000000627 0.07499999999999751 0.07124999999999838 0.018750000000000176 0.0 0.0 
0.0 0.1237499999999972 0.4187499999999929 0.9612499999999945 1.0 1.0 1.0 1.0 0.8987500000000028 0.7750000000000024 0.7750000000000024 0.8987499999999993 1.0 1.0 1.0 1.0 0.95000000000001 0.25000000000001066 0.0 0.0 
0.31874999999999565 0.7187499999999948 1.0 1.0 1.0 0.8687500000000036 0.6250000000000022 0.6250000000000022 0.3437500000000061 0.0 0.0 0.3437499999999961 0.6250000000000022 0.6250000000000022 0.8687499999999976 1.0 0.9687500000000061 0.531250000000005 0.2062500000000017 0.0 
0.8499999999999934 1.0 1.0 1.0 0.6587500000000053 0.308750000000005 0.0 0.0 0.0 0.0 0.0 0.0 0.0 0.0 0.6499999999999915 1.0 1.0 1.0 0.5500000000000078 0.0 
0.8499999999999934 1.0 1.0 1.0 0.3500000000000072 0.0 0.0 0.0 0.0 0.0 0.0 0.0 0.0 0.0 0.2112499999999985 0.561249999999995 1.0 1.0 0.8537500000000017 0.5737500000000041 
0.14875000000000022 0.1750000000000016 0.1750000000000016 0.1750000000000016 0.06125000000000182 0.0 0.0 0.0 0.0 0.0 0.0 0.0 0.0 0.0 0.0 0.34999999999999076 1.0 1.0 1.0 0.8500000000000085 
0.0 0.0 0.0 0.0 0.0 0.0 0.0 0.0 0.0 0.0 0.0 0.0 0.0 0.0 0.6337499999999903 0.9837499999999983 1.0 1.0 0.5612500000000086 0.021250000000002024 
0.0 0.0 0.0 0.0 0.0 0.0 0.0 0.0 0.0 0.0 0.0 0.0 0.2499999999999929 0.9499999999999922 1.0 1.0 1.0 1.0 0.5500000000000078 0.0 
0.0 0.0 0.0 0.0 0.0 0.0 0.0 0.0 0.0 0.0 0.0 0.15124999999999697 0.45624999999999377 0.9637499999999942 1.0 1.0 0.9862500000000027 0.793750000000004 0.39875000000000643 0.0 
0.0 0.0 0.0 0.0 0.0 0.0 0.0 0.0 0.0 0.06374999999999659 0.3612499999999955 0.7412499999999949 1.0 1.0 1.0 0.8512500000000043 0.5462500000000068 0.1437500000000064 0.0 0.0 
0.0 0.0 0.0 0.0 0.0 0.0 0.0 0.0 0.2587499999999952 0.6387499999999962 0.9362499999999964 1.0 1.0 1.0 0.6262500000000053 0.2762500000000044 0.0 0.0 0.0 0.0 
0.0 0.0 0.0 0.0 0.0 0.0 0.0 0.0 0.4499999999999922 1.0 1.0 1.0 1.0 1.0 0.3500000000000085 0.0 0.0 0.0 0.0 0.0 
0.0 0.0 0.0 0.0 0.0 0.0 0.04374999999999354 0.6562499999999917 0.931249999999998 1.0 1.0 1.0 0.7812500000000067 0.16875000000000853 0.04375000000000169 0.0 0.0 0.0 0.0 0.0 
0.0 0.0 0.0 0.0 0.016249999999998897 0.3662499999999918 1.0 1.0 1.0 0.9962500000000004 0.9787500000000015 0.43875000000000863 0.0 0.0 0.0 0.0 0.0 0.0 0.0 0.0 
0.0 0.0 0.0 0.0 0.6499999999999928 1.0 1.0 1.0 0.9212500000000027 0.7012500000000087 0.12375000000000731 0.0 0.0 0.0 0.0 0.0 0.0 0.0 0.0 0.0 
0.0 0.0 0.08124999999999848 0.30875000000000047 0.7637499999999962 1.0 1.0 1.0 0.5500000000000078 0.0 0.0 0.0 0.0 0.0 0.0 0.0 0.0 0.0 0.0 0.0 
0.0 0.2612499999999976 0.6062499999999975 0.9737499999999965 1.0 1.0 0.9762500000000034 0.6437500000000027 0.28875000000000334 0.0 0.0 0.0 0.0 0.0 0.0 0.0 0.0 0.0 0.0 0.0 
0.5312499999999959 0.8312499999999975 1.0 1.0 1.0 1.0 0.9500000000000073 0.250000000000008 0.0 0.0 0.0 0.0 0.0 0.0 0.0 0.0 0.0 0.0 0.0 0.0 
0.8499999999999934 1.0 1.0 1.0 1.0 1.0 0.9887500000000016 0.8312500000000007 0.7749999999999986 0.7749999999999986 0.7749999999999986 0.7749999999999986 0.7749999999999986 0.7749999999999986 0.7749999999999986 0.7749999999999986 0.7749999999999986 0.7749999999999986 0.7749999999999986 0.6587500000000054 
0.8499999999999934 1.0 1.0 1.0 1.0 1.0 1.0 1.0 1.0 1.0 1.0 1.0 1.0 1.0 1.0 1.0 1.0 1.0 1.0 0.8500000000000085 
