0.0 0.0 0.0 0.0 0.04062500000000008 0.2781250000000006 1.0 1.0 1.0 1.0 1.0 1.0 1.0 1.0 0.27812499999999907 0.125 0.059374999999999956 0.0 0.0 0.0 
0.0 0.0 0.2343750000000001 0.3749999999999998 0.5781250000000002 1.0 1.0 1.0 1.0 1.0 1.0 1.0 1.0 1.0 1.0 1.0 0.6718749999999997 0.23437499999999986 0.0 0.0 
0.0 0.0 0.6250000000000007 1.0 1.0 1.0 0.9843749999999998 0.45312499999999983 0.37500000000000044 0.37500000000000044 0.37500000000000044 0.37500000000000044 0.4531250000000004 0.9843749999999998 1.0 1.0 1.0 0.8593749999999998 0.4843749999999999 0.0 
0.0 0.6781249999999999 0.9531249999999998 1.0 1.0 0.8468749999999995 0.12187500000000082 0.015625 0.0 0.0 0.0 0.0 0.01562500000000011 0.12187500000000082 0.846875000000001 1.0 1.0 1.0 0.7750000000000004 0.0 
0.0 0.7750000000000007 1.0 1.0 0.6749999999999994 0.0 0.0 0.0 0.0 0.0 0.0 0.0 0.0 0.0 0.0 0.6750000000000007 1.0 1.0 0.9718750000000003 0.8093750000000014 
0.0 0.7750000000000007 1.0 1.0 0.6749999999999994 0.0 0.0 0.0 0.0 0.0 0.0 0.0 0.0 0.0 0.0 0.42187500000000105 0.6250000000000009 0.6250000000000009 0.4843750000000009 0.0 
0.0 0.7750000000000007 1.0 1.0 0.6749999999999994 0.0 0.0 0.0 0.0 0.0 0.0 0.0 0.0 0.0 0.0 0.0 0.0 0.0 0.0 0.0 
0.0 0.7750000000000007 1.0 1.0 0.6749999999999994 0.0 0.0 0.0 0.0 0.0 0.0 0.0 0.0 0.0 0.0 0.0 0.0 0.0 0.0 0.0 
0.0 0.7750000000000007 1.0 1.0 0.7156249999999988 0.12499999999999822 0.12499999999999822 0.12499999999999822 0.12499999999999822 0.12499999999999822 0.12499999999999822 0.12499999999999822 0.12499999999999822 0.12499999999999822 0.12499999999999822 0.040624999999999335 0.0 0.0 0.0 0.0 
0.0 0.7750000000000007 1.0 1.0 1.0 1.0 1.0 1.0 1.0 1.0 1.0 1.0 1.0 1.0 1.0 0.5781249999999983 0.17812499999999903 0.0 0.0 0.0 
0.0 0.7750000000000007 1.0 1.0 1.0 1.0 1.0 1.0 0.5468750000000009 0.3750000000000018 0.3750000000000018 0.5468750000000016 1.0 1.0 1.0 1.0 0.803124999999999 0.3906249999999989 0.0 0.0 
0.0 0.7750000000000007 1.0 1.0 1.0 0.8468749999999997 0.12500000000000178 0.12500000000000178 0.03437500000000042 0.0 0.0 0.03437500000000053 0.23437500000000155 0.9781249999999997 1.0 1.0 1.0 0.9531249999999993 0.678124999999999 0.0 
0.9250000000000007 1.0 1.0 1.0 0.6749999999999994 0.0 0.0 0.0 0.0 0.0 0.0 0.0 0.0 0.0 0.0 0.6750000000000007 1.0 1.0 0.7750000000000004 0.0 
0.9250000000000007 1.0 1.0 1.0 0.6749999999999994 0.0 0.0 0.0 0.0 0.0 0.0 0.0 0.0 0.0 0.0 0.6750000000000007 1.0 1.0 0.7750000000000004 0.0 
0.9250000000000007 1.0 1.0 1.0 0.6749999999999994 0.0 0.0 0.0 0.0 0.0 0.0 0.0 0.0 0.0 0.0 0.6750000000000007 1.0 1.0 0.7750000000000004 0.0 
0.9250000000000007 1.0 1.0 1.0 0.6749999999999994 0.0 0.0 0.0 0.0 0.0 0.0 0.0 0.0 0.0 0.0 0.6750000000000007 1.0 1.0 0.7750000000000004 0.0 
0.0 0.7750000000000007 1.0 1.0 0.7156249999999983 0.12499999999999645 0.12187499999999649 0.015624999999999445 0.0 0.0 0.0 0.0 0.015624999999999556 0.12187499999999649 0.8468750000000003 1.0 1.0 1.0 0.7750000000000004 0.0 
0.0 0.48437500000000316 0.8593750000000016 1.0 1.0 1.0 0.9843749999999997 0.45312499999999634 0.37499999999999645 0.37499999999999645 0.37499999999999645 0.37499999999999645 0.4531249999999969 0.9843749999999997 1.0 1.0 1.0 0.8593750000000013 0.484375000000003 0.0 
0.0 0.0 0.23437500000000247 0.6718750000000022 1.0 1.0 1.0 1.0 1.0 1.0 1.0 1.0 1.0 1.0 1.0 1.0 0.6718750000000017 0.23437500000000222 0.0 0.0 
0.0 0.0 0.0 0.05937500000000175 0.40937500000000293 1.0 1.0 1.0 1.0 1.0 1.0 1.0 1.0 1.0 0.278125000000002 0.12500000000000355 0.05937500000000164 0.0 0.0 0.0 
