0.0 0.0 0.2500000000000001 0.5499999999999998 0.8499999999999996 1.0 1.0 1.0 1.0 1.0 1.0 1.0 1.0 1.0 1.0 1.0 1.0 1.0 0.9500000000000037 0.6500000000000039 
0.19500000000000006 0.285 0.475 0.6849999999999998 0.8949999999999997 1.0 1.0 1.0 1.0 1.0 1.0 1.0 1.0 1.0 1.0 1.0 1.0 1.0 0.9500000000000037 0.6500000000000039 
0.6500000000000006 0.9500000000000004 1.0 1.0 1.0 1.0 1.0 1.0 1.0 1.0 1.0 1.0 1.0 1.0 1.0 1.0 1.0 1.0 0.9500000000000037 0.6500000000000039 
0.6500000000000006 0.9500000000000004 1.0 1.0 1.0 1.0 1.0 1.0 1.0 1.0 1.0 1.0 1.0 1.0 1.0 0.8950000000000022 0.6850000000000023 0.47500000000000236 0.285000000000001 0.19500000000000106 
0.06499999999999982 0.0949999999999997 0.32499999999999984 0.5949999999999998 0.8649999999999997 1.0 1.0 1.0 1.0 1.0 1.0 1.0 1.0 1.0 1.0 0.8500000000000032 0.5500000000000034 0.25000000000000355 0.0 0.0 
0.0 0.0 0.0 0.0 0.0 0.14999999999999947 0.44999999999999907 0.7499999999999989 1.0 1.0 1.0 1.0 1.0 1.0 1.0 0.8500000000000032 0.5500000000000034 0.25000000000000355 0.0 0.0 
0.0 0.0 0.0 0.0 0.0 0.14999999999999947 0.44999999999999907 0.7499999999999989 1.0 1.0 1.0 1.0 1.0 1.0 1.0 0.8500000000000032 0.5500000000000034 0.25000000000000355 0.0 0.0 
0.0 0.0 0.0 0.0 0.0 0.14999999999999947 0.44999999999999907 0.7499999999999989 1.0 1.0 1.0 1.0 1.0 1.0 1.0 0.8500000000000032 0.5500000000000034 0.25000000000000355 0.0 0.0 
0.0 0.0 0.0 0.0 0.0 0.14999999999999947 0.44999999999999907 0.7499999999999989 1.0 1.0 1.0 1.0 1.0 1.0 1.0 0.8500000000000032 0.5500000000000034 0.25000000000000355 0.0 0.0 
0.0 0.0 0.0 0.0 0.0 0.14999999999999947 0.44999999999999907 0.7499999999999989 1.0 1.0 1.0 1.0 1.0 1.0 1.0 0.8500000000000032 0.5500000000000034 0.25000000000000355 0.0 0.0 
0.0 0.0 0.2500000000000001 0.5499999999999998 0.8499999999999996 1.0 1.0 1.0 1.0 1.0 1.0 1.0 1.0 1.0 1.0 0.8500000000000032 0.5500000000000034 0.25000000000000355 0.0 0.0 
0.0 0.0 0.2500000000000001 0.5499999999999998 0.8499999999999996 1.0 1.0 1.0 1.0 1.0 1.0 1.0 1.0 1.0 1.0 0.8500000000000032 0.5500000000000034 0.25000000000000355 0.0 0.0 
0.0 0.0 0.2500000000000001 0.5499999999999998 0.8499999999999996 1.0 1.0 1.0 1.0 1.0 1.0 1.0 1.0 1.0 1.0 0.8500000000000032 0.5500000000000034 0.25000000000000355 0.0 0.0 
0.0 0.0 0.2500000000000001 0.5499999999999998 0.8499999999999996 1.0 1.0 1.0 1.0 1.0 1.0 1.0 1.0 1.0 1.0 0.8500000000000032 0.5500000000000034 0.25000000000000355 0.0 0.0 
0.0 0.0 0.2500000000000001 0.5499999999999998 0.8499999999999996 1.0 1.0 1.0 1.0 1.0 1.0 1.0 1.0 1.0 1.0 0.8500000000000032 0.5500000000000034 0.25000000000000355 0.0 0.0 
0.0 0.0 0.2500000000000001 0.5499999999999998 0.8499999999999996 1.0 1.0 1.0 1.0 1.0 1.0 1.0 1.0 1.0 1.0 0.8500000000000032 0.5500000000000034 0.25000000000000355 0.0 0.0 
0.0 0.0 0.2500000000000001 0.5499999999999998 0.8499999999999996 1.0 1.0 1.0 1.0 1.0 1.0 1.0 1.0 1.0 1.0 0.8500000000000032 0.5500000000000034 0.25000000000000355 0.0 0.0 
0.0 0.0 0.2500000000000001 0.5499999999999998 0.8499999999999996 1.0 1.0 1.0 1.0 1.0 1.0 1.0 1.0 1.0 1.0 0.8500000000000032 0.5500000000000034 0.25000000000000355 0.0 0.0 
0.0 0.0 0.2500000000000001 0.5499999999999998 0.8499999999999996 1.0 1.0 1.0 1.0 1.0 1.0 1.0 1.0 1.0 1.0 0.8500000000000032 0.5500000000000034 0.25000000000000355 0.0 0.0 
0.0 0.0 0.2500000000000001 0.5499999999999998 0.8499999999999996 1.0 1.0 1.0 1.0 1.0 1.0 1.0 1.0 1.0 1.0 0.8500000000000032 0.5500000000000034 0.25000000000000355 0.0 0.0 
