0.0 0.0 0.0 0.0 0.0 0.0 0.0 0.0 0.0 0.0 0.0 0.0 0.0 0.23625000000000201 0.8212500000000098 1.0 1.0 1.0 1.0 0.024999999999977263 
0.0 0.0 0.0 0.0 0.0 0.0 0.0 0.0 0.0 0.0 0.0 0.02874999999999751 0.6437500000000131 1.0 1.0 1.0 1.0 1.0 1.0 0.024999999999977263 
0.0 0.0 0.0 0.0 0.0 0.0 0.0 0.0 0.0 0.0 0.39375000000000704 0.8937500000000013 1.0 1.0 1.0 1.0 1.0 1.0 1.0 0.024999999999977263 
0.0 0.0 0.0 0.0 0.0 0.0 0.0 0.0 0.0 0.2137500000000034 0.738750000000005 1.0 1.0 1.0 1.0 1.0 1.0 1.0 1.0 0.024999999999977263 
0.0 0.0 0.0 0.0 0.0 0.0 0.0 0.056250000000000064 0.5112500000000073 1.0 1.0 1.0 1.0 1.0 1.0 1.0 1.0 1.0 0.07499999999998153 0.0 
0.0 0.0 0.0 0.0 0.0 0.0 0.0 0.37500000000001066 1.0 1.0 1.0 1.0 1.0 1.0 1.0 1.0 1.0 1.0 0.07499999999998153 0.0 
0.0 0.0 0.0 0.0 0.0 0.1512500000000038 0.6962500000000026 1.0 1.0 1.0 1.0 1.0 1.0 1.0 1.0 1.0 1.0 1.0 0.07499999999998153 0.0 
0.0 0.0 0.0 0.0 0.05625000000000111 0.4562500000000037 1.0 1.0 1.0 1.0 0.8687499999999987 0.7500000000000036 0.9062500000000053 1.0 1.0 1.0 1.0 1.0 0.07499999999998153 0.0 
0.0 0.0 0.0 0.16625000000000614 0.9612499999999985 1.0 1.0 1.0 1.0 0.5487499999999896 0.02375000000000054 0.0 0.625000000000016 1.0 1.0 1.0 1.0 1.0 0.07499999999998153 0.0 
0.0 0.0 0.08125000000000357 0.7112500000000013 1.0 1.0 1.0 1.0 0.7237499999999932 0.18374999999999653 0.0 0.0 0.625000000000016 1.0 1.0 1.0 1.0 0.43124999999998737 0.02624999999999364 0.0 
0.008750000000001314 0.39875000000000116 1.0 1.0 1.0 1.0 0.8862499999999972 0.4062499999999944 0.0 0.0 0.0 0.0 0.625000000000016 1.0 1.0 1.0 1.0 0.12499999999997868 0.0 0.0 
0.07375000000000094 1.0 1.0 1.0 1.0 1.0 0.67499999999999 0.0 0.0 0.0 0.02624999999999915 0.5962500000000116 1.0 1.0 1.0 1.0 1.0 0.12499999999997868 0.0 0.0 
1.0 1.0 1.0 1.0 1.0 1.0 0.9187499999999975 0.75 0.75 0.75 0.8812500000000032 1.0 1.0 1.0 1.0 1.0 1.0 0.7812499999999947 0.75 0.75 
1.0 1.0 1.0 1.0 1.0 1.0 1.0 1.0 1.0 1.0 1.0 1.0 1.0 1.0 1.0 1.0 1.0 1.0 1.0 1.0 
0.8500000000000014 0.8500000000000014 0.8500000000000014 0.8500000000000014 0.8500000000000014 0.8500000000000014 0.8500000000000014 0.8500000000000014 0.8500000000000014 0.8500000000000014 0.9287500000000026 1.0 1.0 1.0 1.0 1.0 1.0 1.0 1.0 0.853749999999998 
0.0 0.0 0.0 0.0 0.0 0.0 0.0 0.0 0.0 0.0 0.07875000000000117 0.6387500000000108 1.0 1.0 1.0 1.0 1.0 0.25624999999998066 0.14999999999999858 0.003749999999996554 
0.0 0.0 0.0 0.0 0.0 0.0 0.0 0.0 0.0 0.0 0.0 0.5750000000000135 1.0 1.0 1.0 1.0 0.17499999999998295 0.0 0.0 0.0 
0.0 0.0 0.0 0.0 0.0 0.0 0.0 0.0 0.0 0.0 0.0 0.5750000000000135 1.0 1.0 1.0 1.0 0.17499999999998295 0.0 0.0 0.0 
0.0 0.0 0.0 0.0 0.0 0.0 0.0 0.0 0.0 0.0 0.4987500000000136 0.9787500000000019 1.0 1.0 1.0 1.0 0.17499999999998295 0.0 0.0 0.0 
0.0 0.0 0.0 0.0 0.0 0.0 0.0 0.0 0.0 0.0 0.5250000000000128 1.0 1.0 1.0 1.0 1.0 0.17499999999998295 0.0 0.0 0.0 
