0.0 0.0 0.0 0.0 0.0 0.0 0.0 0.0 0.0 0.5750000000000064 1.0 1.0 1.0 1.0 1.0 0.3249999999999922 0.0 0.0 0.0 0.0 
0.0 0.0 0.0 0.0 0.0 0.0 0.0 0.0 0.0 0.5750000000000064 1.0 1.0 1.0 1.0 1.0 0.3249999999999922 0.0 0.0 0.0 0.0 
0.0 0.0 0.0 0.0 0.0 0.0 0.0 0.0 0.36249999999999716 0.7874999999999999 1.0 1.0 1.0 1.0 1.0 0.3249999999999922 0.0 0.0 0.0 0.0 
0.0 0.0 0.0 0.0 0.0 0.0 0.0 0.0 0.7250000000000059 1.0 1.0 1.0 1.0 1.0 1.0 0.7974999999999927 0.33249999999999 0.0 0.0 0.0 
0.0 0.0 0.0 0.0 0.0 0.0 0.0 0.0 0.7250000000000059 1.0 1.0 1.0 1.0 1.0 1.0 1.0 0.47499999999999076 0.0 0.0 0.0 
0.0 0.0 0.0 0.0 0.0 0.0 0.025000000000004796 0.8750000000000053 1.0 1.0 1.0 1.0 1.0 1.0 1.0 1.0 0.47499999999999076 0.0 0.0 0.0 
0.0 0.0 0.0 0.0 0.0 0.05250000000000032 0.317499999999998 0.9125000000000031 1.0 1.0 1.0 1.0 1.0 1.0 1.0 1.0 0.47499999999999076 0.0 0.0 0.0 
0.0 0.0 0.0 0.0 0.0 0.17500000000000426 1.0 1.0 1.0 1.0 0.7874999999999983 0.6375000000000067 1.0 1.0 1.0 1.0 0.47499999999999076 0.0 0.0 0.0 
0.0 0.0 0.0 0.0 0.0 0.17500000000000426 1.0 1.0 1.0 1.0 0.5749999999999922 0.08250000000000288 0.3875000000000087 0.982500000000006 1.0 1.0 0.47499999999999076 0.0 0.0 0.0 
0.0 0.0 0.0 0.0 0.2925000000000023 0.9174999999999978 1.0 1.0 1.0 0.4824999999999961 0.05750000000000106 0.0 0.1250000000000071 0.9750000000000085 1.0 1.0 0.9474999999999973 0.5624999999999885 0.0 0.0 
0.0 0.0 0.0 0.0 0.32500000000000373 1.0 1.0 1.0 0.927500000000001 0.3824999999999952 0.0 0.0 0.1250000000000071 0.9750000000000085 1.0 1.0 1.0 0.6249999999999893 0.0 0.0 
0.0 0.0 0.0 0.1424999999999996 0.5275000000000007 1.0 1.0 1.0 0.27499999999999414 0.0 0.0 0.0 0.1250000000000071 0.9750000000000085 1.0 1.0 1.0 0.6249999999999893 0.0 0.0 
0.0 0.0 0.0 0.4750000000000032 1.0 1.0 1.0 1.0 0.27499999999999414 0.0 0.0 0.0 0.1250000000000071 0.9750000000000085 1.0 1.0 1.0 0.6249999999999893 0.0 0.0 
0.0 0.0 0.0 0.4750000000000032 1.0 1.0 0.9824999999999967 0.3874999999999969 0.08249999999999844 0.0 0.0 0.0 0.03750000000000222 0.29250000000000326 0.877500000000007 1.0 1.0 0.6249999999999893 0.0 0.0 
0.0 0.0 0.5625000000000016 0.9474999999999996 1.0 1.0 0.9749999999999952 0.12499999999999467 0.0 0.0 0.0 0.0 0.0 0.0 0.82500000000001 1.0 1.0 0.9624999999999984 0.697499999999988 0.0 
0.0 0.07750000000000132 0.662500000000003 1.0 1.0 1.0 1.0 1.0 1.0 1.0 1.0 1.0 1.0 1.0 1.0 1.0 1.0 1.0 0.7749999999999879 0.0 
0.0 0.7750000000000021 1.0 1.0 1.0 1.0 1.0 1.0 1.0 1.0 1.0 1.0 1.0 1.0 1.0 1.0 1.0 1.0 0.7749999999999879 0.0 
0.0 0.7750000000000021 1.0 1.0 1.0 0.9124999999999979 0.5 0.5 0.5 0.5 0.5 0.5 0.5625000000000036 0.9875000000000043 1.0 1.0 1.0 1.0 0.7749999999999879 0.0 
0.6475000000000037 0.9325000000000012 1.0 1.0 0.7724999999999964 0.2474999999999964 0.0 0.0 0.0 0.0 0.0 0.0 0.037500000000001775 0.29249999999999976 0.29999999999999716 0.7725000000000046 1.0 1.0 0.7749999999999879 0.0 
0.9250000000000016 1.0 1.0 1.0 0.6749999999999963 0.0 0.0 0.0 0.0 0.0 0.0 0.0 0.0 0.0 0.7425000000000107 0.9675000000000015 1.0 1.0 0.9774999999999993 0.832499999999993 
