0.0 0.0 0.0 0.0 0.027500000000002068 0.24750000000000372 0.27500000000000213 0.27500000000000213 0.4925000000000065 1.0 1.0 0.49249999999999683 0.27500000000000213 0.27500000000000213 0.24749999999999958 0.02749999999999865 0.0 0.0 0.0 0.0 
0.0 0.0 0.0 0.2475000000000063 0.8425000000000029 0.9825000000000014 1.0 1.0 1.0 1.0 1.0 1.0 1.0 1.0 0.9824999999999987 0.8425000000000008 0.2474999999999953 0.0 0.0 0.0 
0.0 0.0 0.5000000000000067 1.0 1.0 1.0 1.0 1.0 0.8874999999999968 0.6249999999999982 0.6249999999999982 0.6249999999999982 0.8125000000000018 1.0 1.0 1.0 1.0 0.6874999999999964 0.2624999999999983 0.0 
0.0 0.6475000000000073 0.9625000000000012 1.0 1.0 1.0 0.35249999999999215 0.0749999999999984 0.05249999999999836 0.0 0.0 0.0 0.037499999999999735 0.3525000000000061 1.0 1.0 1.0 1.0 0.6999999999999922 0.0 
0.0 0.7000000000000066 1.0 1.0 0.8999999999999932 0.09999999999999343 0.0 0.0 0.0 0.0 0.0 0.0 0.0 0.0 0.10000000000000853 0.9000000000000057 1.0 1.0 1.0 0.8999999999999915 
0.0 0.7000000000000066 1.0 1.0 0.8999999999999932 0.09999999999999343 0.0 0.0 0.0 0.0 0.0 0.0 0.0 0.0 0.0 0.0 0.7000000000000064 1.0 1.0 0.8999999999999915 
0.0 0.7000000000000066 1.0 1.0 0.8999999999999932 0.09999999999999343 0.0 0.0 0.0 0.0 0.0 0.0 0.0 0.0 0.05750000000000501 0.5175000000000042 0.872500000000003 1.0 1.0 0.8999999999999915 
0.0 0.7000000000000066 1.0 1.0 0.9124999999999941 0.21249999999999425 0.03749999999999909 0.0 0.0 0.0 0.0 0.0 0.0 0.0 0.10000000000000853 0.9000000000000057 1.0 1.0 0.962499999999999 0.7874999999999925 
0.0 0.22750000000000165 0.6625000000000041 1.0 1.0 1.0 0.7724999999999982 0.3374999999999956 0.0 0.0 0.0 0.0 0.33750000000000513 0.6750000000000007 0.7075000000000035 0.9675000000000019 1.0 1.0 0.6999999999999922 0.0 
0.0 0.0 0.0 0.30000000000000693 1.0 1.0 1.0 1.0 1.0 1.0 1.0 1.0 1.0 1.0 1.0 1.0 0.8424999999999976 0.3874999999999938 0.0 0.0 
0.0 0.0 0.0 0.30000000000000693 1.0 1.0 1.0 1.0 1.0 1.0 1.0 1.0 1.0 1.0 1.0 1.0 0.2999999999999936 0.0 0.0 0.0 
0.0 0.7000000000000066 1.0 1.0 0.9674999999999978 0.7074999999999985 0.6750000000000007 0.3374999999999956 0.0 0.0 0.0 0.0 0.33750000000000513 0.7725000000000031 1.0 1.0 1.0 0.6624999999999949 0.22749999999999695 0.0 
0.7875000000000058 0.9625000000000008 1.0 1.0 0.8999999999999932 0.09999999999999343 0.0 0.0 0.0 0.0 0.0 0.0 0.0 0.03750000000000098 0.21250000000000746 0.912500000000005 1.0 1.0 0.962499999999999 0.7874999999999925 
0.9000000000000066 1.0 1.0 0.8724999999999968 0.5174999999999955 0.05749999999999615 0.0 0.0 0.0 0.0 0.0 0.0 0.0 0.0 0.05750000000000483 0.5175000000000026 0.8725000000000025 1.0 1.0 0.8999999999999915 
0.9000000000000066 1.0 1.0 0.6999999999999931 0.0 0.0 0.0 0.0 0.0 0.0 0.0 0.0 0.0 0.0 0.0 0.0 0.7000000000000064 1.0 1.0 0.8999999999999915 
0.9000000000000066 1.0 1.0 0.6999999999999931 0.0 0.0 0.0 0.0 0.0 0.0 0.0 0.0 0.0 0.0 0.0 0.0 0.7000000000000064 1.0 1.0 0.8999999999999915 
0.9000000000000066 1.0 1.0 1.0 0.8999999999999932 0.09999999999999343 0.0 0.0 0.0 0.0 0.0 0.0 0.0 0.0 0.10000000000000853 0.9000000000000057 1.0 1.0 0.9774999999999996 0.8324999999999928 
0.33750000000000246 0.8125000000000041 1.0 1.0 0.9624999999999975 0.6624999999999975 0.18749999999999545 0.0 0.0 0.0 0.0 0.0 0.0 0.18750000000000488 0.6625000000000032 0.9625000000000021 1.0 1.0 0.6999999999999922 0.0 
0.0 0.0 0.41250000000000514 0.8775000000000007 1.0 1.0 1.0 1.0 1.0 1.0 1.0 1.0 1.0 1.0 1.0 1.0 0.8774999999999984 0.41249999999999376 0.0 0.0 
0.0 0.0 0.0 0.08250000000000254 0.27500000000000213 0.27500000000000213 0.782500000000006 1.0 1.0 1.0 1.0 1.0 1.0 1.0 0.927499999999994 0.3474999999999978 0.08249999999999888 0.0 0.0 0.0 
