0.0 0.0 0.0 0.0 0.08937500000000226 0.2750000000000057 0.2750000000000057 0.2750000000000057 0.8006250000000019 1.0 1.0 1.0 0.9093750000000007 0.2931250000000058 0.2750000000000057 0.08937500000000215 0.0 0.0 0.0 0.0 
0.0 0.0 0.0 0.39187500000000414 0.881875000000004 1.0 1.0 1.0 1.0 1.0 1.0 1.0 1.0 1.0 1.0 0.881875000000004 0.8250000000000055 0.5156250000000049 0.0 0.0 
0.0 0.0 0.625000000000002 1.0 1.0 1.0 1.0 1.0 0.7281249999999959 0.6249999999999947 0.6249999999999947 0.6249999999999947 0.6718749999999953 0.9906249999999998 1.0 1.0 1.0 0.7656250000000031 0.2906250000000049 0.0 
0.0 0.716875000000006 0.971875000000002 1.0 1.0 0.8381249999999976 0.07499999999999485 0.07499999999999485 0.020624999999998544 0.0 0.0 0.0 0.009374999999999356 0.07312499999999494 0.8381249999999985 1.0 1.0 1.0 0.7750000000000021 0.0 
0.0 0.7750000000000022 1.0 1.0 0.8456249999999976 0.43312499999999504 0.0 0.0 0.0 0.0 0.0 0.0 0.0 0.0 0.0 0.6749999999999989 1.0 1.0 1.0 0.9250000000000043 
0.023125000000005322 0.7806250000000035 1.0 1.0 0.6749999999999985 0.0 0.0 0.0 0.0 0.0 0.0 0.0 0.0 0.0 0.0 0.6581249999999951 0.9749999999999943 0.9749999999999943 0.9749999999999943 0.9018749999999989 
0.9250000000000025 1.0 1.0 1.0 0.6749999999999985 0.0 0.0 0.0 0.0 0.0 0.0 0.0 0.0 0.0 0.0 0.0 0.0 0.0 0.0 0.0 
0.0 0.7750000000000022 1.0 1.0 0.6749999999999985 0.0 0.0 0.0 0.0 0.0 0.0 0.0 0.0 0.0 0.0 0.0 0.0 0.0 0.0 0.0 
0.6243750000000057 0.9268750000000017 1.0 1.0 0.6749999999999985 0.0 0.0 0.0 0.0 0.0 0.0 0.0 0.0 0.0 0.0 0.0 0.0 0.0 0.0 0.0 
0.9250000000000025 1.0 1.0 1.0 1.0 1.0 1.0 1.0 1.0 1.0 1.0 1.0 1.0 1.0 0.36062500000000464 0.22500000000000497 0.10687500000000268 0.0 0.0 0.0 
0.9250000000000025 1.0 1.0 1.0 1.0 1.0 1.0 1.0 1.0 0.5543749999999976 0.5543749999999983 1.0 1.0 1.0 1.0 1.0 0.8818750000000024 0.48437500000000383 0.0 0.0 
0.9250000000000025 1.0 1.0 1.0 1.0 0.8249999999999984 0.0 0.0 0.0 0.0 0.0 0.0 0.0 0.0 0.8249999999999993 1.0 1.0 1.0 0.7750000000000021 0.0 
0.9250000000000025 1.0 1.0 1.0 0.7156249999999975 0.10312499999999687 0.0 0.0 0.0 0.0 0.0 0.0 0.0 0.0 0.10312499999999698 0.715624999999998 1.0 1.0 0.971875000000001 0.8093750000000071 
0.9250000000000025 1.0 1.0 1.0 0.6749999999999985 0.0 0.0 0.0 0.0 0.0 0.0 0.0 0.0 0.0 0.0 0.6749999999999989 1.0 1.0 1.0 0.9250000000000043 
0.9250000000000025 1.0 1.0 1.0 0.6749999999999985 0.0 0.0 0.0 0.0 0.0 0.0 0.0 0.0 0.0 0.0 0.6749999999999989 1.0 1.0 1.0 0.9250000000000043 
0.9250000000000025 1.0 1.0 1.0 0.6749999999999985 0.0 0.0 0.0 0.0 0.0 0.0 0.0 0.0 0.0 0.0 0.6749999999999989 1.0 1.0 1.0 0.9250000000000043 
0.0 0.7750000000000021 1.0 1.0 0.6993749999999995 0.06187500000000223 0.0 0.0 0.0 0.0 0.0 0.0 0.0 0.0 0.06187500000000229 0.699375 1.0 1.0 0.7750000000000021 0.0 
0.0 0.7750000000000022 1.0 1.0 1.0 0.934375 0.6093750000000027 0.07812499999999989 0.0 0.0 0.0 0.1718750000000012 0.6250000000000036 0.6250000000000036 0.9343750000000004 1.0 1.0 0.7656249999999998 0.290624999999998 0.0 
0.0 0.0 0.515624999999999 0.9081249999999981 1.0 1.0 1.0 1.0 1.0 1.0 1.0 1.0 1.0 1.0 1.0 1.0 0.9081249999999981 0.5156249999999988 0.0 0.0 
0.0 0.0 0.0 0.13062499999999982 0.2749999999999986 0.401875 1.0 1.0 1.0 1.0 1.0 1.0 1.0 1.0 0.4018749999999993 0.2749999999999986 0.1306249999999997 0.0 0.0 0.0 
