0.0 0.0 0.0 0.0 0.0 0.03937500000000083 0.22500000000000497 0.22500000000000497 0.7868750000000004 1.0 1.0 0.7868750000000039 0.22500000000000497 0.22500000000000497 0.03937500000000183 0.0 0.0 0.0 0.0 0.0 
0.0 0.0 0.0 0.32062500000000277 0.6750000000000045 0.7318750000000036 1.0 1.0 1.0 1.0 1.0 1.0 1.0 1.0 0.731875000000005 0.6750000000000045 0.3206250000000055 0.0 0.0 0.0 
0.0 0.09687500000000335 0.6718750000000029 1.0 1.0 1.0 1.0 1.0 0.9093749999999973 0.874999999999996 0.874999999999996 0.874999999999996 0.890624999999996 0.9968749999999994 1.0 1.0 1.0 0.6718750000000061 0.0968750000000038 0.0 
0.0 0.775000000000002 1.0 1.0 1.0 0.8993749999999994 0.42499999999999627 0.42499999999999627 0.11687499999999951 0.0 0.0 0.0 0.05312499999999802 0.4143749999999947 0.8993749999999969 1.0 1.0 1.0 0.7750000000000057 0.0 
0.023125000000002855 0.7806250000000027 1.0 1.0 0.6749999999999994 0.0 0.0 0.0 0.0 0.0 0.0 0.0 0.0 0.0 0.0 0.6581249999999934 0.974999999999997 0.974999999999997 0.7556250000000032 0.0 
0.9250000000000025 1.0 1.0 1.0 0.6749999999999994 0.0 0.0 0.0 0.0 0.0 0.0 0.0 0.0 0.0 0.0 0.0 0.0 0.0 0.0 0.0 
0.9250000000000025 1.0 1.0 1.0 0.6749999999999994 0.0 0.0 0.0 0.0 0.0 0.0 0.0 0.0 0.0 0.0 0.0 0.0 0.0 0.0 0.0 
0.9250000000000025 1.0 1.0 1.0 0.6749999999999994 0.0 0.0 0.0 0.0 0.0 0.0 0.0 0.0 0.0 0.0 0.0 0.0 0.0 0.0 0.0 
0.9250000000000025 1.0 1.0 1.0 0.6749999999999994 0.0 0.0 0.0 0.0 0.0 0.0 0.0 0.0 0.0 0.0 0.0 0.0 0.0 0.0 0.0 
0.9250000000000025 1.0 1.0 1.0 0.6749999999999994 0.0 0.0 0.0 0.0 0.0 0.42499999999999716 1.0 1.0 1.0 1.0 1.0 1.0 1.0 1.0 0.9250000000000043 
0.9250000000000025 1.0 1.0 1.0 0.6749999999999994 0.0 0.0 0.0 0.0 0.0 0.42499999999999716 1.0 1.0 1.0 1.0 1.0 1.0 1.0 1.0 0.9250000000000043 
0.9250000000000025 1.0 1.0 1.0 0.6749999999999994 0.0 0.0 0.0 0.0 0.0 0.0 0.0 0.0 0.0 0.0 0.5568749999999981 0.9168750000000004 1.0 1.0 0.9250000000000043 
0.9250000000000025 1.0 1.0 1.0 0.6749999999999994 0.0 0.0 0.0 0.0 0.0 0.0 0.0 0.0 0.0 0.0 0.4218749999999971 0.8218749999999981 1.0 1.0 0.9250000000000043 
0.9250000000000025 1.0 1.0 1.0 0.6749999999999994 0.0 0.0 0.0 0.0 0.0 0.0 0.0 0.0 0.0 0.0 0.6243749999999962 0.964375 1.0 1.0 0.9250000000000043 
0.9250000000000025 1.0 1.0 1.0 0.6749999999999994 0.0 0.0 0.0 0.0 0.0 0.0 0.0 0.0 0.0 0.0 0.3543749999999966 0.7743749999999969 1.0 1.0 0.9250000000000043 
0.023125000000002033 0.7806250000000025 1.0 1.0 0.6749999999999994 0.0 0.0 0.0 0.0 0.0 0.0 0.0 0.0 0.0 0.0 0.6749999999999954 1.0 1.0 1.0 0.9250000000000043 
0.0 0.4456250000000034 0.8406250000000017 1.0 1.0 0.8993749999999996 0.41437499999999744 0.05312500000000002 0.0 0.0 0.0 0.0 0.05312499999999813 0.41437499999999555 0.899374999999997 1.0 1.0 1.0 0.904375000000003 0.5318750000000051 
0.0 0.0 0.6250000000000016 1.0 1.0 1.0 0.996875 0.890624999999997 0.8749999999999964 0.8749999999999964 0.8749999999999964 0.8749999999999964 0.8906249999999964 0.9968749999999994 1.0 1.0 1.0 0.671875000000006 0.09687500000000346 0.0 
0.0 0.0 0.0 0.32062500000000266 0.7806250000000031 1.0 1.0 1.0 1.0 1.0 1.0 1.0 1.0 1.0 1.0 1.0 0.8293750000000039 0.4218750000000063 0.0 0.0 
0.0 0.0 0.0 0.0 0.07312500000000176 0.22500000000000497 0.24437500000000445 0.903125 1.0 1.0 1.0 1.0 0.9031250000000034 0.2443750000000079 0.22500000000000497 0.22500000000000497 0.10687500000000348 0.0 0.0 0.0 
