0.0 0.0 0.0 0.11875000000000227 0.25000000000000355 0.3812500000000048 1.0 1.0 1.0 1.0 1.0 0.7937499999999994 0.25000000000000355 0.25000000000000355 0.043749999999999914 0.0 0.0 0.0 0.0 0.0 
0.0 0.0 0.46875000000000394 0.8687500000000024 1.0 1.0 1.0 1.0 1.0 1.0 1.0 1.0 1.0 1.0 0.7937500000000021 0.24374999999999922 0.0 0.0 0.0 0.0 
0.2312500000000035 0.8312500000000026 1.0 1.0 0.9187499999999984 0.7499999999999969 0.7312499999999954 0.09374999999999761 0.0 0.0 0.31875000000000053 0.7499999999999969 0.7812499999999978 0.9937500000000002 1.0 1.0 0.60625 0.1562500000000015 0.0 0.0 
0.9250000000000025 1.0 1.0 1.0 0.6749999999999976 0.0 0.0 0.0 0.0 0.0 0.0 0.0 0.03125000000000011 0.24374999999999775 0.8687500000000017 1.0 1.0 0.6249999999999982 0.0 0.0 
0.9250000000000025 1.0 1.0 0.5249999999999977 0.0 0.0 0.0 0.0 0.0 0.0 0.0 0.0 0.0 0.0 0.8250000000000028 1.0 1.0 1.0 0.7749999999999986 0.0 
0.23124999999999815 0.24999999999999734 0.24999999999999734 0.13124999999999803 0.0 0.0 0.0 0.0 0.0 0.0 0.0 0.0 0.0 0.0 0.8250000000000028 1.0 1.0 1.0 0.7749999999999986 0.0 
0.0 0.0 0.0 0.0 0.0 0.0 0.0 0.0 0.0 0.0 0.0 0.0 0.031250000000000666 0.24375000000000208 0.8687500000000025 1.0 1.0 0.9062499999999989 0.5812499999999976 0.0 
0.0 0.0 0.0 0.0 0.0 0.0 0.0 0.0 0.0 0.0 0.0 0.0 0.12500000000000178 0.9750000000000014 1.0 1.0 1.0 0.6249999999999982 0.0 0.0 
0.0 0.0 0.0 0.0 0.0 0.0 0.0 0.0 0.0 0.0 0.10625000000000137 0.4562500000000029 1.0 1.0 1.0 1.0 0.47499999999999787 0.0 0.0 0.0 
0.0 0.0 0.0 0.0 0.0 0.0 0.0 0.0 0.0 0.0 0.4250000000000025 1.0 1.0 1.0 1.0 0.4937499999999969 0.11874999999999862 0.0 0.0 0.0 
0.0 0.0 0.0 0.0 0.0 0.0 0.0 0.0 0.0 0.575000000000002 1.0 1.0 1.0 1.0 0.17499999999999716 0.0 0.0 0.0 0.0 0.0 
0.0 0.0 0.0 0.0 0.0 0.0 0.0 0.0 0.5437500000000017 0.8937500000000005 1.0 1.0 0.9062499999999987 0.26874999999999893 0.04374999999999929 0.0 0.0 0.0 0.0 0.0 
0.0 0.0 0.0 0.0 0.0 0.0 0.02500000000000213 0.8750000000000027 1.0 1.0 1.0 0.7249999999999979 0.0 0.0 0.0 0.0 0.0 0.0 0.0 0.0 
0.0 0.0 0.0 0.0 0.0 0.13125000000000187 0.7562500000000005 0.9687500000000007 1.0 1.0 0.6812499999999981 0.18124999999999947 0.0 0.0 0.0 0.0 0.0 0.0 0.0 0.0 
0.0 0.0 0.0 0.0 0.0812500000000006 0.38125000000000187 1.0 1.0 1.0 0.42499999999999805 0.0 0.0 0.0 0.0 0.0 0.0 0.0 0.0 0.0 0.0 
0.0 0.0 0.0 0.35625000000000173 0.8312500000000006 1.0 1.0 1.0 0.45624999999999827 0.10624999999999951 0.0 0.0 0.0 0.0 0.0 0.0 0.0 0.0 0.0 0.0 
0.0 0.0 0.1562500000000006 0.6062500000000017 1.0 1.0 0.9749999999999979 0.12499999999999734 0.0 0.0 0.0 0.0 0.0 0.0 0.0 0.0 0.0 0.0 0.0 0.0 
0.0 0.5812500000000018 0.9062500000000007 1.0 1.0 1.0 0.9749999999999979 0.12499999999999734 0.0 0.0 0.0 0.0 0.0 0.0 0.0 0.0 0.0 0.0 0.0 0.0 
0.0 0.7750000000000025 1.0 1.0 1.0 1.0 1.0 1.0 1.0 1.0 1.0 1.0 1.0 1.0 1.0 1.0 1.0 1.0 1.0 0.9249999999999972 
0.0 0.7750000000000025 1.0 1.0 1.0 1.0 1.0 1.0 1.0 1.0 1.0 1.0 1.0 1.0 1.0 1.0 1.0 1.0 1.0 0.9249999999999972 
