0.0 0.0 0.0 0.02500000000000089 0.17500000000000568 0.2000000000000064 0.5000000000000047 1.0 1.0 1.0 1.0 1.0 1.0 1.0 1.0 0.8999999999999994 0.30000000000000415 0.07500000000000204 0.0 0.0 
0.0 0.0 0.22500000000000242 0.6500000000000055 0.950000000000001 1.0 1.0 1.0 1.0 1.0 1.0 1.0 1.0 1.0 1.0 1.0 1.0 0.7500000000000031 0.3750000000000027 0.0 
0.0 0.6250000000000001 1.0 1.0 1.0 1.0 0.9999999999999978 0.8749999999999941 0.12499999999999839 0.0 0.0 0.12500000000000105 0.8749999999999967 0.9999999999999942 0.9999999999999964 1.0 1.0 1.0 1.0 0.8749999999999982 
0.0 0.6250000000000001 1.0 1.0 1.0 1.0 0.6249999999999991 0.0 0.0 0.0 0.0 0.0 0.0 0.0 0.3750000000000018 1.0 1.0 1.0 1.0 0.8749999999999982 
0.0 0.6250000000000001 1.0 1.0 1.0 1.0 0.6249999999999991 0.0 0.0 0.0 0.0 0.0 0.0 0.0 0.3750000000000018 1.0 1.0 1.0 1.0 0.8749999999999982 
0.0 0.4999999999999972 0.7999999999999954 0.7999999999999954 0.7999999999999954 0.29999999999999793 0.0 0.0 0.0 0.0 0.0 0.0 0.0 0.0 0.3750000000000018 1.0 1.0 1.0 1.0 0.8749999999999982 
0.0 0.0 0.0 0.0 0.0 0.0 0.0 0.0 0.0 0.0 0.0 0.0 0.0 0.0 0.3750000000000018 1.0 1.0 1.0 1.0 0.8749999999999982 
0.0 0.0 0.0 0.0 0.0 0.0 0.0 0.0 0.0 0.0 0.0 0.0 0.0 2.2204460492503194e-15 0.375000000000004 1.0 1.0 1.0 0.6249999999999982 0.0 
0.0 0.0 0.0 0.0 0.0 0.0 0.0 0.0 0.0 0.0 0.0 0.0 0.0 0.6250000000000018 1.0 1.0 1.0 0.7499999999999969 0.3749999999999965 0.0 
0.0 0.0 0.0 0.0 0.0 0.0 0.0 0.0 0.0 0.0 0.0 0.10000000000000195 0.7000000000000052 0.9250000000000019 1.0 1.0 1.0 0.3749999999999982 0.0 0.0 
0.0 0.0 0.0 0.0 0.0 0.0 0.0 0.0 0.0 0.12500000000000194 0.5000000000000024 1.0 1.0 1.0 0.9249999999999986 0.6999999999999961 0.09999999999999823 0.0 0.0 0.0 
0.0 0.0 0.0 0.0 0.0 0.0 0.0 0.07500000000000093 0.5250000000000034 0.8500000000000015 1.0 1.0 1.0 1.0 0.6249999999999982 0.0 0.0 0.0 0.0 0.0 
0.0 0.0 0.0 0.0 0.0 0.0 1.332267629550191e-15 0.125000000000004 0.8750000000000013 1.0 1.0 0.9999999999999996 0.9999999999999969 0.3749999999999969 0.0 0.0 0.0 0.0 0.0 0.0 
0.0 0.0 0.0 0.0 0.0 0.2500000000000015 0.6250000000000019 1.0 1.0 1.0 0.8499999999999989 0.524999999999997 0.07499999999999866 0.0 0.0 0.0 0.0 0.0 0.0 0.0 
0.0 0.0 0.0 0.10000000000000045 0.700000000000001 0.9250000000000004 1.0 1.0 1.0 0.49999999999999883 0.12499999999999938 0.0 0.0 0.0 0.0 0.0 0.0 0.0 0.0 0.0 
0.0 0.0 0.3750000000000002 1.0 1.0 1.0 1.0 0.9749999999999994 0.8249999999999973 0.2999999999999982 0.0 0.0 0.0 0.0 0.0 0.0 0.0 0.0 0.0 0.0 
0.0 0.37500000000000094 0.750000000000001 1.0 1.0 1.0 1.0 0.8749999999999991 0.12499999999999911 0.0 0.0 0.0 0.0 0.0 0.0 0.0 0.0 0.0 0.0 0.0 
0.875 1.0 1.0 1.0 1.0 1.0 1.0 0.8749999999999991 0.12499999999999911 0.0 0.0 0.0 0.0 0.6250000000000018 1.0 1.0 1.0 1.0 0.6249999999999982 0.0 
0.875 1.0 1.0 1.0 1.0 1.0 1.0 1.0 1.0 1.0 1.0 1.0 1.0 1.0 1.0 1.0 1.0 1.0 1.0 0.8749999999999982 
0.875 1.0 1.0 1.0 1.0 1.0 1.0 1.0 1.0 1.0 1.0 1.0 1.0 1.0 1.0 1.0 1.0 1.0 0.6999999999999983 0.17499999999999902 
