0.7000000000000011 0.8999999999999986 0.49999999999999845 0.09999999999999831 0.0 0.0 0.0 0.0 0.0 0.0 0.0 0.0 0.0 0.0 0.0 0.0 0.0 0.0 0.0 0.0 
0.7000000000000011 0.8999999999999987 0.49999999999999845 0.09999999999999831 0.0 0.0 0.0 0.0 0.0 0.0 0.0 0.0 0.0 0.0 0.0 0.0 0.0 0.0 0.0 0.0 
0.7000000000000011 0.8999999999999987 0.49999999999999845 0.09999999999999831 0.0 0.0 0.0 0.0 0.0 0.0 0.0 0.0 0.0 0.0 0.0 0.0 0.0 0.0 0.0 0.0 
0.7000000000000011 0.9099999999999998 0.5500000000000034 0.19000000000000694 0.07000000000000639 0.030000000000002584 0.0 0.0 0.0 0.0 0.0 0.0 0.0 0.0 0.0 0.0 0.0 0.0 0.0 0.0 
0.7000000000000011 1.0 1.0 1.0 0.699999999999998 0.2999999999999976 0.0 0.0 0.0 0.0 0.0 0.0 0.0 0.0 0.0 0.0 0.0 0.0 0.0 0.0 
0.7000000000000011 1.0 1.0 1.0 0.699999999999998 0.2999999999999976 0.0 0.0 0.0 0.0 0.0 0.0 0.0 0.0 0.0 0.0 0.0 0.0 0.0 0.0 
0.7000000000000011 1.0 1.0 1.0 0.699999999999998 0.2999999999999976 0.0 0.0 0.0 0.0 0.0 0.0 0.0 0.0 0.0 0.0 0.0 0.0 0.0 0.0 
0.7000000000000011 1.0 1.0 1.0 0.699999999999998 0.2999999999999976 0.0 0.0 0.0 0.0 0.0 0.0 0.0 0.0 0.0 0.0 0.0 0.0 0.0 0.0 
0.7000000000000011 1.0 1.0 1.0 0.699999999999998 0.2999999999999976 0.0 0.0 0.0 0.0 0.0 0.0 0.0 0.0 0.0 0.0 0.0 0.0 0.0 0.0 
0.7000000000000011 0.9299999999999977 0.6499999999999921 0.3699999999999867 0.20999999999998994 0.08999999999999524 0.0 0.0 0.0 0.0 0.0 0.0 0.0 0.0 0.0 0.0 0.0 0.0 0.0 0.0 
0.7000000000000011 1.0 1.0 1.0 0.699999999999998 0.2999999999999976 0.0 0.0 0.0 0.0 0.0 0.0 0.0 0.0 0.0 0.0 0.0 0.0 0.0 0.0 
0.7000000000000011 1.0 1.0 1.0 0.699999999999998 0.2999999999999976 0.0 0.0 0.0 0.0 0.0 0.0 0.0 0.0 0.0 0.0 0.0 0.0 0.0 0.0 
0.7000000000000011 1.0 1.0 1.0 0.699999999999998 0.2999999999999976 0.0 0.0 0.0 0.0 0.0 0.0 0.0 0.0 0.0 0.0 0.0 0.0 0.0 0.0 
0.7000000000000011 0.8999999999999987 0.49999999999999845 0.09999999999999831 0.0 0.0 0.0 0.0 0.0 0.0 0.0 0.0 0.0 0.0 0.0 0.0 0.0 0.0 0.0 0.0 
0.7000000000000011 0.8999999999999987 0.49999999999999845 0.09999999999999831 0.0 0.0 0.0 0.0 0.0 0.0 0.0 0.0 0.0 0.0 0.0 0.0 0.0 0.0 0.0 0.0 
0.7000000000000011 1.0 1.0 1.0 0.699999999999998 0.2999999999999976 0.0 0.0 0.0 0.0 0.0 0.0 0.0 0.0 0.0 0.0 0.0 0.0 0.0 0.0 
0.7000000000000011 0.9099999999999971 0.5499999999999905 0.1899999999999838 0.06999999999998835 0.029999999999994857 0.0 0.0 0.0 0.0 0.0 0.0 0.0 0.0 0.0 0.0 0.0 0.0 0.0 0.0 
0.7000000000000011 0.8999999999999987 0.49999999999999845 0.09999999999999831 0.0 0.0 0.0 0.0 0.0 0.0 0.0 0.0 0.0 0.0 0.0 0.0 0.0 0.0 0.0 0.0 
0.7000000000000011 0.9100000000000007 0.5500000000000083 0.19000000000001577 0.37000000000001526 0.7300000000000079 0.9099999999999998 0.5500000000000071 0.19000000000001455 0.0700000000000131 0.030000000000005383 0.0 0.0 0.0 0.0 0.0 0.0 0.0 0.0 0.0 
0.7000000000000011 1.0 1.0 1.0 1.0 1.0 1.0 1.0 1.0 0.9100000000000041 0.7900000000000108 0.700000000000017 0.700000000000017 0.700000000000017 0.700000000000017 0.700000000000017 0.700000000000017 0.700000000000017 0.700000000000017 0.4900000000000077 
