0.14874999999999783 0.17499999999999716 0.38124999999999876 0.9587500000000008 0.4637499999999975 0.4637499999999986 0.9587499999999993 0.38124999999999787 0.17499999999999716 0.17499999999999716 0.17499999999999716 0.17499999999999716 0.17499999999999716 0.17499999999999716 0.17499999999999716 0.17499999999999716 0.17499999999999716 0.17499999999999716 0.17499999999999716 0.14874999999999783 
0.8500000000000014 1.0 1.0 1.0 1.0 1.0 1.0 1.0 1.0 1.0 1.0 1.0 1.0 1.0 1.0 1.0 1.0 1.0 1.0 0.8500000000000014 
0.10625000000000244 0.12500000000000266 0.12500000000000266 0.12500000000000266 0.12500000000000266 0.12500000000000266 0.12500000000000266 0.12500000000000266 0.12500000000000266 0.12500000000000266 0.12500000000000266 0.12500000000000266 0.12500000000000266 0.12500000000000266 0.6937499999999996 1.0 1.0 1.0 1.0 0.8500000000000014 
0.0 0.0 0.0 0.0 0.0 0.0 0.0 0.0 0.0 0.0 0.0 0.0 0.0 0.0 0.6499999999999986 1.0 1.0 1.0 0.5500000000000007 0.0 
0.0 0.0 0.0 0.0 0.0 0.0 0.0 0.0 0.0 0.0 0.0 0.0 0.14374999999999938 0.5462499999999972 0.8512499999999985 1.0 0.9712500000000007 0.5687500000000029 0.23375000000000168 0.0 
0.0 0.0 0.0 0.0 0.0 0.0 0.0 0.0 0.0 0.0 0.0 0.0 0.25 0.9499999999999993 1.0 1.0 0.9500000000000011 0.2500000000000018 0.0 0.0 
0.0 0.0 0.0 0.0 0.0 0.0 0.0 0.0 0.0 0.0 0.0 0.5499999999999998 1.0 1.0 1.0 0.6500000000000004 0.0 0.0 0.0 0.0 
0.0 0.0 0.0 0.0 0.0 0.0 0.0 0.0 0.0 0.09374999999999996 0.5312499999999982 0.8312499999999992 1.0 1.0 0.593750000000002 0.2437500000000013 0.0 0.0 0.0 0.0 
0.0 0.0 0.0 0.0 0.0 0.0 0.0 0.0 0.0 0.15000000000000036 0.8499999999999996 1.0 1.0 1.0 0.3500000000000014 0.0 0.0 0.0 0.0 0.0 
0.0 0.0 0.0 0.0 0.0 0.0 0.0 0.0 0.4500000000000002 1.0 1.0 1.0 0.75 0.05000000000000071 0.0 0.0 0.0 0.0 0.0 0.0 
0.0 0.0 0.0 0.0 0.0 0.0 0.033750000000000335 0.5062499999999979 0.8212499999999985 1.0 1.0 0.6287500000000017 0.24375000000000213 0.016250000000000372 0.0 0.0 0.0 0.0 0.0 0.0 
0.0 0.0 0.0 0.0 0.0 0.008749999999999515 0.07374999999999934 0.7562499999999996 1.0 0.9962500000000002 0.9787500000000012 0.4387500000000008 0.0 0.0 0.0 0.0 0.0 0.0 0.0 0.0 
0.0 0.0 0.0 0.0 0.2437500000000003 0.5937500000000003 1.0 1.0 0.8312499999999999 0.5312499999999998 0.09375000000000022 0.0 0.0 0.0 0.0 0.0 0.0 0.0 0.0 0.0 
0.0 0.0 0.0 0.0 0.6500000000000008 1.0 1.0 1.0 0.5499999999999998 0.0 0.0 0.0 0.0 0.0 0.0 0.0 0.0 0.0 0.0 0.0 
0.0 0.0 0.2500000000000011 0.9500000000000011 1.0 1.0 0.99625 0.9437500000000005 0.5087500000000003 0.0 0.0 0.0 0.0 0.0 0.0 0.0 0.0 0.0 0.0 0.0 
0.0 0.233749999999999 0.5687499999999985 0.9712500000000005 1.0 0.8512500000000007 0.5462500000000023 0.1437500000000007 0.0 0.0 0.0 0.0 0.0 0.0 0.0 0.0 0.0 0.0 0.0 0.0 
0.0 0.5500000000000013 1.0 1.0 1.0 0.6499999999999995 0.0 0.0 0.0 0.0 0.0 0.0 0.0 0.0 0.0 0.0 0.0 0.0 0.0 0.0 
0.8500000000000014 1.0 1.0 1.0 1.0 0.6937499999999995 0.11874999999999991 0.03125 0.0 0.0 0.0 0.0 0.0 0.0 0.0 0.0 0.0 0.0 0.0 0.0 
0.8500000000000014 1.0 1.0 1.0 1.0 1.0 0.9737499999999994 0.6062499999999984 0.47499999999999787 0.47499999999999787 0.47499999999999787 0.47499999999999787 0.47499999999999787 0.47499999999999787 0.47499999999999787 0.47499999999999787 0.47499999999999787 0.47499999999999787 0.47499999999999787 0.4037499999999989 
0.8500000000000014 1.0 1.0 1.0 1.0 1.0 1.0 1.0 1.0 1.0 1.0 1.0 1.0 1.0 1.0 1.0 1.0 1.0 1.0 0.8500000000000014 
