0.0 0.0 0.0 0.0 0.1137499999999983 0.17499999999999716 0.17499999999999716 0.17499999999999716 0.5462499999999986 0.8762499999999993 0.29874999999999785 0.17499999999999716 0.17499999999999716 0.17499999999999716 0.061249999999999256 0.0 0.0 0.0 0.0 0.0 
0.0 0.0 0.1312499999999999 0.4987499999999979 0.8337499999999994 1.0 1.0 1.0 1.0 1.0 1.0 1.0 1.0 1.0 0.6912499999999989 0.3412499999999984 0.0 0.0 0.0 0.0 
0.0 0.4812499999999996 0.9062499999999981 0.99375 1.0 0.6937500000000004 0.12500000000000266 0.12500000000000266 0.12500000000000266 0.12500000000000266 0.12500000000000266 0.12500000000000266 0.343750000000002 0.9562499999999995 1.0 0.9562499999999992 0.8312499999999984 0.2187500000000009 0.0 0.0 
0.8500000000000014 1.0 1.0 1.0 0.3499999999999992 0.0 0.0 0.0 0.0 0.0 0.0 0.0 0.0 0.0 0.5037500000000003 0.8537500000000013 1.0 1.0 0.6512499999999997 0.1912499999999985 
0.8500000000000014 1.0 0.85625 0.45375000000000176 0.14875000000000052 0.0 0.0 0.0 0.0 0.0 0.0 0.0 0.0 0.0 0.0 0.34999999999999964 1.0 1.0 1.0 0.8500000000000014 
0.8500000000000014 1.0 0.7499999999999989 0.049999999999998934 0.0 0.0 0.0 0.0 0.0 0.0 0.0 0.0 0.0 0.0 0.0 0.026250000000000967 0.07500000000000284 0.07500000000000284 0.07500000000000284 0.06375000000000253 
0.8500000000000014 1.0 0.7499999999999989 0.049999999999998934 0.0 0.0 0.0 0.0 0.0 0.0 0.0 0.0 0.0 0.0 0.0 0.0 0.0 0.0 0.0 0.0 
0.8500000000000014 1.0 0.7499999999999989 0.049999999999998934 0.0 0.0 0.0 0.0 0.0 0.0 0.0 0.0 0.0 0.0 0.0 0.0 0.0 0.0 0.0 0.0 
0.8500000000000014 1.0 0.7499999999999989 0.049999999999998934 0.0 0.0 0.0 0.0 0.0 0.0 0.0 0.0 0.0 0.0 0.0 0.0 0.0 0.0 0.0 0.0 
0.8500000000000014 1.0 0.7499999999999989 0.049999999999998934 0.0 0.0 0.0 0.0 0.0 0.048749999999999745 0.2762499999999978 0.3249999999999975 0.3249999999999975 0.3249999999999975 0.3249999999999975 0.3249999999999975 0.3249999999999975 0.3249999999999975 0.3249999999999975 0.27624999999999833 
0.8500000000000014 1.0 0.7499999999999989 0.049999999999998934 0.0 0.0 0.0 0.0 0.0 0.15000000000000036 0.8499999999999996 1.0 1.0 1.0 1.0 1.0 1.0 1.0 1.0 0.8500000000000014 
0.8500000000000014 1.0 0.7499999999999989 0.049999999999998934 0.0 0.0 0.0 0.0 0.0 0.0 0.0 0.0 0.0 0.0 0.0 0.34999999999999964 1.0 1.0 1.0 0.8500000000000014 
0.8500000000000014 1.0 0.7499999999999989 0.049999999999998934 0.0 0.0 0.0 0.0 0.0 0.0 0.0 0.0 0.0 0.0 0.0 0.34999999999999964 1.0 1.0 1.0 0.8500000000000014 
0.8500000000000014 1.0 0.7499999999999989 0.049999999999998934 0.0 0.0 0.0 0.0 0.0 0.0 0.0 0.0 0.0 0.0 0.0 0.34999999999999964 1.0 1.0 1.0 0.8500000000000014 
0.8500000000000014 1.0 0.7499999999999989 0.049999999999998934 0.0 0.0 0.0 0.0 0.0 0.0 0.0 0.0 0.0 0.0 0.0 0.34999999999999964 1.0 1.0 1.0 0.8500000000000014 
0.8500000000000014 1.0 0.7499999999999989 0.049999999999998934 0.0 0.0 0.0 0.0 0.0 0.0 0.0 0.0 0.0 0.0 0.0 0.34999999999999964 1.0 1.0 1.0 0.8500000000000014 
0.8500000000000014 1.0 0.7499999999999989 0.049999999999998934 0.0 0.0 0.0 0.0 0.0 0.0 0.0 0.0 0.0 0.0 0.0 0.34999999999999964 1.0 1.0 1.0 0.8500000000000014 
0.7437500000000012 0.9437500000000002 1.0 1.0 0.4312499999999993 0.08124999999999993 0.0 0.0 0.0 0.0 0.0 0.0 0.03125 0.11874999999999991 0.6937499999999988 1.0 1.0 1.0 0.5500000000000007 0.0 
0.0 0.28875000000000184 0.6437500000000022 0.9762500000000006 1.0 0.816249999999999 0.47499999999999787 0.47499999999999787 0.47499999999999787 0.47499999999999787 0.47499999999999787 0.47499999999999787 0.6062499999999984 0.9737499999999994 1.0 1.0 0.9762500000000006 0.6437500000000025 0.28875000000000156 0.0 
0.0 0.0 0.04375000000000037 0.16625000000000087 0.7112500000000009 1.0 1.0 1.0 1.0 1.0 1.0 1.0 1.0 1.0 0.46375000000000166 0.1750000000000007 0.16625000000000087 0.04375000000000049 0.0 0.0 
