0.0 0.0 0.0 0.021874999999999877 0.15312499999999774 0.17499999999999716 0.48437499999999895 1.0 1.0 1.0 1.0 1.0 1.0 1.0 0.6906249999999989 0.1531249999999975 0.021874999999999645 0.0 0.0 0.0 
0.0 0.0 0.19687500000000002 0.5843749999999988 0.9406250000000004 1.0 1.0 0.9343749999999997 0.5406250000000014 0.4750000000000021 0.4750000000000021 0.5406250000000018 0.9343750000000003 1.0 1.0 0.9406249999999997 0.5843749999999982 0.5249999999999979 0.32812499999999867 0.0 
0.0 0.0 0.37500000000000155 1.0 1.0 1.0 0.6718749999999998 0.10937500000000105 0.015625000000000056 0.0 0.0 0.015625000000000167 0.10937500000000117 0.12500000000000133 0.45312500000000083 1.0 1.0 1.0 0.625 0.0 
0.0 0.6250000000000017 1.0 0.9718749999999997 0.803125 0.2906249999999991 0.0 0.0 0.0 0.0 0.0 0.0 0.0 0.0 0.0 0.125 0.875 1.0 0.7093749999999999 0.1968749999999997 
0.0 0.6250000000000017 1.0 0.8749999999999987 0.12499999999999867 0.0 0.0 0.0 0.0 0.0 0.0 0.0 0.0 0.0 0.0 0.125 0.875 1.0 1.0 0.875 
0.0 0.6250000000000017 1.0 0.8749999999999987 0.12499999999999867 0.0 0.0 0.0 0.0 0.0 0.0 0.0 0.0 0.0 0.0 0.125 0.875 1.0 1.0 0.875 
0.6343749999999995 0.8968749999999996 1.0 0.8749999999999987 0.12499999999999867 0.0 0.0 0.0 0.0 0.0 0.0 0.0 0.0 0.0 0.0 0.125 0.875 1.0 1.0 0.875 
0.0 0.6250000000000017 1.0 0.9531249999999998 0.6718750000000011 0.23437499999999983 0.0 0.0 0.0 0.0 0.0 0.0 0.0 0.0 0.23437500000000067 0.6718750000000016 0.9531250000000002 1.0 1.0 0.875 
0.0 0.6250000000000017 1.0 1.0 1.0 0.37499999999999867 0.0 0.0 0.0 0.0 0.0 0.0 0.0 0.0 0.375 1.0 1.0 1.0 1.0 0.875 
0.0 0.0 0.2531249999999993 0.7156249999999964 0.9593749999999999 1.0 0.7468750000000011 0.3250000000000046 0.3250000000000046 0.3250000000000046 0.3250000000000046 0.3250000000000046 0.3250000000000046 0.7468750000000017 1.0 1.0 1.0 1.0 1.0 0.875 
0.0 0.0 0.0 0.0406249999999999 0.2843749999999967 0.7468749999999993 1.0 1.0 1.0 1.0 1.0 1.0 1.0 0.5781249999999973 0.5781249999999973 1.0 1.0 1.0 1.0 0.875 
0.0 0.0 0.0 0.0 0.0 0.0 0.0 0.0 0.0 0.0 0.0 0.0 0.0 0.0 0.0 0.125 0.875 1.0 0.625 0.0 
0.0 0.0 0.0 0.0 0.0 0.0 0.0 0.0 0.0 0.0 0.0 0.0 0.0 0.0 0.0 0.125 0.875 1.0 0.625 0.0 
0.0 0.0 0.0 0.0 0.0 0.0 0.0 0.0 0.0 0.0 0.0 0.0 0.0 0.0 0.0 0.125 0.875 1.0 0.625 0.0 
0.06562500000000573 0.0750000000000064 0.0750000000000064 0.0656250000000055 0.009375000000000699 0.0 0.0 0.0 0.0 0.0 0.0 0.0 0.0 0.0 0.0 0.125 0.875 1.0 0.625 0.0 
0.8750000000000018 1.0 1.0 0.8749999999999987 0.12499999999999867 0.0 0.0 0.0 0.0 0.0 0.0 0.0 0.0 0.0 0.15937500000000293 0.49687500000000684 0.928125000000001 1.0 0.625 0.0 
0.1968749999999923 0.7093749999999979 1.0 0.9718750000000008 0.8031250000000077 0.2906250000000024 0.0 0.0 0.0 0.0 0.0 0.0 0.0 0.0 0.375 1.0 1.0 1.0 0.625 0.0 
0.0 0.5468749999999948 0.9218749999999936 1.0 1.0 0.4531250000000055 0.12500000000001066 0.12500000000001066 0.12500000000001066 0.12500000000001066 0.12500000000001066 0.12500000000001066 0.12500000000001066 0.671875000000004 1.0 0.9843749999999987 0.8906249999999907 0.328124999999996 0.0 0.0 
0.0 0.0 0.19687499999999628 0.5843749999999901 0.9406249999999992 1.0 1.0 1.0 1.0 1.0 1.0 1.0 1.0 1.0 0.8218749999999955 0.45937499999998943 0.06562499999999849 0.0 0.0 0.0 
0.0 0.0 0.0 0.02187499999999899 0.15312499999999152 0.17499999999999005 0.4843749999999945 1.0 1.0 1.0 1.0 0.8968749999999988 0.2781249999999913 0.17499999999999005 0.10937499999999378 0.0 0.0 0.0 0.0 0.0 
