0.0 0.0 0.08750000000000074 0.1750000000000007 0.1750000000000007 0.1750000000000007 0.7525000000000026 1.0 1.0 1.0 1.0 1.0 0.5874999999999975 0.1750000000000007 0.15750000000000008 0.017499999999999696 0.0 0.0 0.0 0.0 
0.47250000000000203 0.525000000000001 0.7625000000000015 1.0 1.0 1.0 1.0 1.0 1.0 1.0 1.0 1.0 1.0 1.0 0.9524999999999986 0.5724999999999999 0.525000000000001 0.2624999999999986 0.0 0.0 
0.9000000000000021 1.0 1.0 1.0 1.0 1.0 1.0 1.0 1.0 1.0 1.0 1.0 1.0 1.0 1.0 1.0 1.0 0.9375000000000002 0.6124999999999987 0.0 
0.9000000000000021 1.0 1.0 1.0 0.9774999999999994 0.7974999999999982 0.23249999999999738 0.0 0.0 0.0 0.0 0.0 0.38750000000000207 0.8424999999999996 1.0 1.0 1.0 1.0 0.6999999999999975 0.0 
0.9000000000000021 1.0 1.0 1.0 0.8999999999999977 0.09999999999999787 0.0 0.0 0.0 0.0 0.0 0.0 0.0 0.3000000000000025 1.0 1.0 1.0 1.0 0.6999999999999975 0.0 
0.06749999999999792 0.07499999999999751 0.07499999999999751 0.07499999999999751 0.06749999999999759 0.007499999999999591 0.0 0.0 0.0 0.0 0.0 0.0 0.0 0.3000000000000025 1.0 1.0 1.0 1.0 0.6999999999999975 0.0 
0.0 0.0 0.0 0.0 0.0 0.0 0.0 0.0 0.0 0.0 0.0 0.0 0.0 0.3000000000000025 1.0 1.0 1.0 1.0 0.6999999999999975 0.0 
0.0 0.0 0.0 0.0 0.0 0.0 0.0 0.0 0.0 0.0 0.0 0.0 0.0 0.3000000000000025 1.0 1.0 1.0 1.0 0.6999999999999975 0.0 
0.0 0.0 0.0 0.0 0.0 0.0 0.0 0.0 0.0 0.0 0.0 0.0 0.0 0.3000000000000025 1.0 1.0 1.0 1.0 0.6999999999999975 0.0 
0.0 0.0 0.0 0.0 0.0 0.0 0.0 0.0 0.0 0.0 0.0 0.22750000000000292 0.6625000000000039 1.0 1.0 1.0 1.0 0.8374999999999975 0.4724999999999963 0.0 
0.0 0.0 0.0 0.0 0.0 0.0 0.0 0.0 0.0 0.06750000000000199 0.6075000000000053 0.9025000000000022 1.0 1.0 1.0 1.0 0.5274999999999951 0.1624999999999967 0.0 0.0 
0.0 0.0 0.0 0.0 0.0 0.0 0.0 0.01250000000000202 0.31750000000000517 1.0 1.0 1.0 1.0 1.0 0.9974999999999995 0.9774999999999965 0.29249999999999604 0.0 0.0 0.0 
0.0 0.0 0.0 0.0 0.0 0.0 0.26250000000000356 0.6875000000000034 1.0 1.0 1.0 1.0 1.0 0.887499999999998 0.5624999999999948 0.062499999999998314 0.0 0.0 0.0 0.0 
0.0 0.0 0.0 0.0 0.07250000000000217 0.6525000000000061 0.9175000000000023 1.0 1.0 1.0 1.0 1.0 0.637499999999995 0.19249999999999584 0.0 0.0 0.0 0.0 0.0 0.0 
0.0 0.0 0.0 0.022500000000002105 0.1675000000000079 0.9075000000000026 1.0 1.0 1.0 0.9924999999999992 0.9324999999999941 0.2774999999999955 0.0 0.0 0.0 0.0 0.0 0.0 0.0 0.0 
0.0 0.29750000000000393 0.42500000000000426 0.5975000000000044 1.0 1.0 1.0 1.0 0.8724999999999976 0.5174999999999949 0.05749999999999835 0.0 0.0 0.0 0.0 0.0 0.0 0.0 0.0 0.0 
0.0 0.7000000000000022 1.0 1.0 1.0 1.0 1.0 0.6124999999999952 0.15749999999999545 0.0 0.0 0.0 0.0 0.0 0.0 0.0 0.0 0.0 0.0 0.0 
0.9000000000000021 1.0 1.0 1.0 1.0 1.0 1.0 1.0 1.0 1.0 1.0 1.0 1.0 1.0 1.0 1.0 1.0 0.5625000000000004 0.1250000000000071 0.112500000000006 
0.9000000000000021 1.0 1.0 1.0 1.0 1.0 1.0 1.0 1.0 1.0 1.0 1.0 1.0 1.0 1.0 1.0 1.0 1.0 1.0 0.8999999999999968 
0.9000000000000021 1.0 1.0 1.0 1.0 1.0 1.0 1.0 1.0 1.0 1.0 1.0 1.0 1.0 1.0 1.0 1.0 1.0 1.0 0.8999999999999968 
