0.0 0.0 0.0 0.06000000000000082 0.20000000000000284 0.20000000000000284 0.20000000000000284 0.10000000000000106 0.3000000000000025 1.0 1.0 1.0 0.5999999999999985 0.20000000000000284 0.20000000000000284 0.20000000000000284 0.059999999999999575 0.0 0.0 0.0 
0.0 0.42000000000000137 0.6000000000000028 0.7200000000000019 1.0 1.0 0.5799999999999974 0.5000000000000003 0.7200000000000029 1.0 1.0 1.0 1.0 0.8199999999999966 0.4600000000000005 0.9400000000000032 0.2999999999999936 0.30000000000000565 0.41999999999999726 0.0 
2.3980817331903343e-15 0.6999999999999998 1.0 1.0 1.0 1.0 1.0 0.9999999999999987 0.9999999999999973 0.9999999999999973 0.9999999999999973 0.2999999999999946 1.3322676295501973e-15 2.6645352591003757e-15 0.10000000000000737 0.9000000000000059 1.0 1.0 1.0 0.8999999999999915 
0.8999999999999986 1.0 1.0 0.8799999999999994 0.5999999999999979 0.5999999999999979 0.5999999999999979 0.2999999999999979 0.0 0.0 0.0 0.0 0.30000000000000104 0.5999999999999979 0.6400000000000001 0.9600000000000021 1.0 1.0 1.0 0.8999999999999915 
0.8999999999999986 1.0 1.0 0.9400000000000008 0.7200000000000019 0.07999999999999925 0.0 0.0 0.0 0.0 0.0 0.0 0.0 0.0 0.10000000000000497 0.9000000000000057 1.0 1.0 1.0 0.8999999999999915 
0.8999999999999986 1.0 0.6000000000000018 0.44000000000000183 0.8999999999999995 0.09999999999999876 0.0 0.0 0.0 0.0 0.0 0.0 0.0 0.0 0.0 0.0 0.0 0.0 0.0 0.0 
0.8999999999999986 1.0 1.0 1.0 0.8999999999999995 0.09999999999999876 0.0 0.0 0.0 0.0 0.0 0.0 0.0 0.0 0.0 0.0 0.0 0.0 0.0 0.0 
0.8999999999999986 1.0 0.9999999999999991 0.9999999999999988 0.8999999999999995 0.09999999999999876 0.0 0.0 0.0 0.0 0.0 0.0 0.0 0.0 0.0 0.0 0.0 0.0 0.0 0.0 
0.8999999999999986 1.0 0.7000000000000013 0.5800000000000014 0.8999999999999995 0.09999999999999876 0.0 0.2000000000000018 0.40000000000000213 0.40000000000000213 0.40000000000000213 0.40000000000000213 0.19999999999999965 0.0 0.0 0.0 0.0 0.0 0.0 0.0 
0.8999999999999986 1.0 0.5999999999999991 0.1999999999999975 0.25999999999999834 0.7400000000000027 0.8000000000000025 0.9000000000000016 1.0 1.0 1.0 1.0 0.9000000000000006 0.8000000000000025 0.8000000000000025 0.8000000000000025 0.23999999999999563 0.0 0.0 0.0 
0.8999999999999986 1.0 1.0 0.9399999999999992 0.8199999999999975 0.98 1.0 1.0 1.0 0.9199999999999977 0.2799999999999994 0.7600000000000046 1.0 1.0 1.0 1.0 1.0 1.0 0.7599999999999946 0.18000000000000085 
0.8999999999999986 1.0 1.0 0.8800000000000006 0.6400000000000015 0.9600000000000006 0.5799999999999984 0.3999999999999986 0.3999999999999986 0.3999999999999986 0.3999999999999986 0.3999999999999986 0.3999999999999986 0.3999999999999986 0.4600000000000017 0.9400000000000033 0.5799999999999952 0.7000000000000035 1.0 0.8999999999999915 
0.8999999999999986 1.0 1.0 0.7000000000000002 0.0 0.0 0.0 0.5000000000000018 1.0 0.8999999999999968 0.09999999999999609 0.0 0.0 0.0 0.10000000000000497 0.9000000000000057 0.2999999999999936 0.5000000000000071 1.0 0.8999999999999915 
0.8999999999999986 1.0 0.7999999999999992 0.7199999999999984 0.9599999999999995 0.6399999999999976 0.17999999999999872 0.3 0.41999999999999704 0.0 0.0 0.0 0.0 0.0 0.06000000000000277 0.5400000000000015 0.8800000000000019 0.6999999999999968 0.5800000000000062 0.8999999999999915 
0.8999999999999986 1.0 0.9000000000000005 0.8600000000000004 0.98 0.8200000000000004 0.23999999999999935 0.0 0.0 0.0 0.0 0.0 0.0 0.0 0.08000000000000405 0.7200000000000052 0.9400000000000015 1.0 1.0 0.8999999999999915 
0.8999999999999986 0.4400000000000027 0.6000000000000011 1.0 1.0 1.0 0.8599999999999978 0.39999999999999714 0.0 0.0 0.0 0.0 0.0 0.0 0.10000000000000497 0.9000000000000057 0.8599999999999968 0.7999999999999972 0.8599999999999995 0.8999999999999915 
0.8999999999999986 0.5799999999999996 0.6999999999999991 1.0 1.0 1.0 0.7200000000000005 0.29999999999999966 0.0 0.0 0.0 0.0 0.0 0.0 0.10000000000000497 0.9000000000000057 0.7199999999999984 0.6000000000000014 0.7200000000000041 0.8999999999999915 
0.0 0.6999999999999991 1.0 1.0 0.8999999999999995 0.09999999999999876 0.7000000000000011 1.0 1.0 1.0 1.0 1.0 1.0 1.0 0.899999999999995 0.09999999999999432 0.7000000000000064 1.0 1.0 0.8999999999999915 
0.0 0.41999999999999793 0.5999999999999979 0.5999999999999979 0.6399999999999983 0.9600000000000003 1.0 1.0 0.8799999999999983 0.5799999999999976 0.42000000000000093 0.8200000000000034 1.0 1.0 1.0 1.0 0.719999999999996 0.5999999999999979 0.4199999999999938 0.0 
0.0 0.0 0.0 0.0 0.020000000000000035 0.1799999999999996 0.1999999999999993 0.1999999999999993 0.3800000000000012 0.8200000000000013 0.9800000000000009 0.43999999999999584 0.1999999999999993 0.1999999999999993 0.1999999999999993 0.1999999999999993 0.059999999999998506 0.0 0.0 0.0 
