0.7437500000000012 0.9437500000000006 0.6249999999999991 0.12500000000000133 0.8750000000000018 0.3749999999999978 0.0 0.0 0.0 0.0 0.0 0.0 0.0 0.6250000000000053 0.9437499999999994 0.8687500000000024 0.9812500000000013 1.0 0.9437499999999994 0.7437499999999937 
0.393749999999999 0.5125000000000003 0.5125000000000002 0.5187499999999997 0.9312500000000008 0.656249999999998 0.28124999999999806 0.0 0.0 0.0 0.0 0.056250000000002257 0.3937500000000014 0.7937500000000025 0.7937499999999957 0.5187500000000029 0.9312500000000037 1.0 0.6249999999999929 0.0 
0.21875000000000078 0.5625 0.8437499999999997 1.0 1.0 1.0 0.6249999999999973 0.0 0.0 0.0 0.0 0.12500000000000533 0.8750000000000053 1.0 0.718749999999995 0.3437500000000061 0.9062500000000054 1.0 0.6249999999999929 0.0 
0.0 0.6250000000000004 1.0 0.99375 0.9562500000000008 0.9812500000000005 1.0 0.8749999999999964 0.12499999999999645 0.0 0.018749999999999822 0.16875000000000412 0.881250000000005 1.0 0.6437499999999928 0.1687500000000058 0.8812500000000066 0.3749999999999929 0.0 0.0 
0.0 0.4062500000000005 0.6500000000000004 0.6124999999999998 0.3874999999999992 0.7562500000000013 0.8687499999999992 0.6124999999999992 0.3874999999999986 0.13124999999999862 0.37500000000000444 0.9562499999999982 0.6937499999999984 0.868750000000002 1.0 0.9562499999999976 0.6937499999999979 0.24374999999999553 0.0 0.0 
0.0 0.0 0.24375000000000072 0.6937500000000008 0.9562500000000007 1.0 0.8687499999999992 0.6937500000000015 0.9562500000000013 0.37499999999999645 0.37500000000000444 0.9562499999999982 0.6937499999999984 0.868750000000002 1.0 0.8749999999999929 0.1249999999999929 0.0 0.0 0.0 
0.0 0.0 0.01874999999999998 0.16875000000000112 0.8812500000000016 1.0 1.0 0.8812499999999966 0.16874999999999646 0.018749999999999756 0.018750000000000155 0.04999999999999982 0.04999999999999982 0.643750000000005 0.6437499999999932 0.04374999999999949 0.006249999999999622 0.0 0.0 0.0 
0.0 0.0 0.0 0.093750000000001 0.6562500000000013 0.9062500000000006 0.9062499999999993 0.75 0.75 0.28124999999999734 0.09375000000000111 0.343750000000004 0.906250000000004 1.0 0.6249999999999929 0.0 0.0 0.0 0.0 0.0 
0.0 0.0 0.0 0.0 0.0 0.6250000000000022 0.831249999999999 0.5500000000000007 0.5500000000000007 0.20624999999999832 0.16875000000000173 0.5187500000000023 0.9312500000000028 0.6562499999999967 0.28124999999999634 0.0 0.0 0.0 0.0 0.0 
0.0 0.0 0.0 0.0 0.0 0.09374999999999944 0.4687500000000014 1.0 1.0 0.37499999999999645 0.3187500000000043 0.868750000000002 0.981250000000001 0.37499999999999467 0.0 0.0 0.0 0.0 0.0 0.0 
0.0 0.0 0.0 0.0 0.0 0.0 0.37500000000000266 1.0 1.0 1.0 1.0 0.8749999999999947 0.12499999999999467 0.0 0.0 0.0 0.0 0.0 0.0 0.0 
0.0 0.0 0.0 0.0 0.0 0.0 0.37500000000000266 1.0 1.0 0.7187499999999978 0.7187500000000013 0.8749999999999947 0.12499999999999467 0.0 0.0 0.0 0.0 0.0 0.0 0.0 
0.0 0.0 0.0 0.0 0.0 0.0 0.37500000000000266 1.0 1.0 0.8437500000000002 0.8437500000000022 0.8749999999999947 0.12499999999999467 0.0 0.0 0.0 0.0 0.0 0.0 0.0 
0.0 0.0 0.0 0.0 0.0 0.0 0.37500000000000266 1.0 1.0 0.40624999999999706 0.40625000000000466 0.8749999999999947 0.12499999999999467 0.0 0.0 0.0 0.0 0.0 0.0 0.0 
0.0 0.0 0.0 0.0 0.0 0.0 0.2437500000000012 0.6499999999999986 0.6499999999999986 0.8687500000000007 1.0 0.8749999999999947 0.12499999999999467 0.0 0.0 0.0 0.0 0.0 0.0 0.0 
0.0 0.0 0.0 0.0 0.0 0.0 0.24375000000000252 0.6500000000000021 0.6500000000000021 0.868750000000002 1.0 0.8749999999999947 0.12499999999999467 0.0 0.0 0.0 0.0 0.0 0.0 0.0 
0.0 0.0 0.0 0.0 0.0 0.0 0.018749999999999066 0.04999999999999716 0.04999999999999716 0.04999999999999716 0.40625000000000244 0.8749999999999947 0.12499999999999467 0.0 0.0 0.0 0.0 0.0 0.0 0.0 
0.0 0.0 0.0 0.0 0.0 0.0 0.28125000000000067 0.7499999999999964 0.7499999999999964 0.4374999999999991 0.5312500000000056 0.8749999999999947 0.12499999999999467 0.0 0.0 0.0 0.0 0.0 0.0 0.0 
0.0 0.0 0.0 0.0 0.0 0.0 0.20625000000000307 0.5500000000000043 0.5500000000000043 0.8312500000000032 1.0 0.8749999999999947 0.12499999999999467 0.0 0.0 0.0 0.0 0.0 0.0 0.0 
0.0 0.0 0.0 0.0 0.0 0.0 0.37500000000000266 1.0 1.0 1.0 1.0 0.8749999999999947 0.12499999999999467 0.0 0.0 0.0 0.0 0.0 0.0 0.0 
