0.0 0.7749999999999995 1.0 1.0 1.0 1.0 1.0 1.0 1.0 0.8993749999999989 0.8993750000000004 1.0 0.8749999999999947 0.02499999999999325 0.8250000000000064 1.0 0.9081249999999983 0.5156249999999922 0.03937500000000165 0.1618749999999989 
0.0 0.7749999999999995 1.0 1.0 0.8293749999999991 0.566875 0.9868749999999988 0.5406249999999977 0.8556250000000014 0.7268749999999988 0.7268750000000026 1.0 0.9406249999999976 0.5368749999999978 0.9168750000000032 1.0 0.750624999999997 0.525000000000001 0.6318750000000048 0.92499999999999 
0.0 0.7749999999999995 1.0 1.0 0.9593750000000003 0.8968750000000013 0.9968749999999997 0.8906250000000009 0.9656250000000007 1.0 1.0 1.0 1.0 1.0 1.0 1.0 1.0 1.0 0.8031249999999922 0.11562499999999752 
0.0 0.7749999999999995 1.0 1.0 1.0 0.8249999999999984 0.0 0.0 0.0 0.0 0.0 0.0 0.0 0.0 0.0 0.0 0.0 0.0 0.0 0.0 
0.0 0.7749999999999995 1.0 1.0 1.0 0.8249999999999984 0.0 0.0 0.0 0.0 0.0 0.0 0.0 0.0 0.0 0.0 0.0 0.0 0.0 0.0 
0.0 0.7749999999999995 1.0 1.0 1.0 0.8249999999999984 0.0 0.0 0.0 0.0 0.0 0.0 0.0 0.0 0.0 0.0 0.0 0.0 0.0 0.0 
0.0 0.7749999999999995 1.0 1.0 1.0 0.8249999999999984 0.0 0.0 0.0 0.0 0.0 0.0 0.0 0.0 0.0 0.0 0.0 0.0 0.0 0.0 
0.0 0.7749999999999995 1.0 1.0 1.0 0.8249999999999984 0.0 0.0 0.0 0.0 0.0 0.0 0.0 0.0 0.0 0.0 0.0 0.0 0.0 0.0 
0.0 0.7749999999999995 1.0 1.0 1.0 0.9956250000000005 0.9750000000000032 0.9750000000000032 0.9750000000000032 0.9750000000000032 0.9750000000000032 0.9750000000000032 0.9750000000000032 0.9750000000000032 0.17062499999999434 0.0 0.0 0.0 0.0 0.0 
0.3006250000000023 0.8481250000000002 1.0 1.0 1.0 1.0 1.0 1.0 1.0 1.0 1.0 1.0 1.0 1.0 0.1749999999999936 0.0 0.0 0.0 0.0 0.0 
0.9249999999999989 1.0 1.0 1.0 1.0 0.8818749999999982 0.32499999999999574 0.32499999999999574 0.32499999999999574 0.32499999999999574 0.32499999999999574 0.32499999999999574 0.32499999999999574 0.32499999999999574 0.05687499999999718 0.0 0.0 0.0 0.0 0.0 
0.9249999999999989 1.0 1.0 1.0 0.9918749999999987 0.8043749999999952 0.0 0.0 0.0 0.0 0.0 0.0 0.0 0.0 0.0 0.0 0.0 0.0 0.0 0.0 
0.9249999999999989 1.0 1.0 1.0 0.6749999999999989 0.0 0.0 0.0 0.0 0.0 0.0 0.0 0.0 0.0 0.0 0.0 0.0 0.0 0.0 0.0 
0.9249999999999989 1.0 1.0 1.0 0.9106250000000014 0.5981250000000029 0.0 0.0 0.0 0.0 0.0 0.0 0.0 0.0 0.0 0.0 0.0 0.0 0.0 0.0 
0.9249999999999989 1.0 1.0 1.0 0.6749999999999989 0.0 0.0 0.0 0.0 0.0 0.0 0.0 0.0 0.0 0.0 0.0 0.0 0.0 0.0 0.0 
0.9249999999999989 1.0 1.0 1.0 0.8131250000000008 0.35062500000000285 0.0 0.0 0.0 0.0 0.0 0.0 0.0 0.0 0.0 0.0 0.0 0.0 0.0 0.0 
0.9249999999999989 1.0 1.0 1.0 0.7481249999999974 0.18562499999999496 0.0 0.0 0.0 0.0 0.0 0.0 0.0 0.0 0.0 0.0 0.0 0.0 0.0 0.0 
0.9249999999999989 1.0 1.0 1.0 1.0 1.0 1.0 1.0 1.0 1.0 1.0 1.0 1.0 1.0 1.0 1.0 1.0 1.0 0.7749999999999915 0.0 
0.9249999999999989 1.0 1.0 1.0 1.0 1.0 1.0 1.0 1.0 1.0 1.0 1.0 1.0 1.0 1.0 1.0 1.0 1.0 0.7749999999999915 0.0 
0.16187499999999388 0.1749999999999936 0.1749999999999936 0.1749999999999936 0.1749999999999936 0.1749999999999936 0.19562499999999552 0.8968750000000014 1.0 0.5256249999999932 0.5256249999999998 0.7731249999999951 0.1749999999999936 0.1749999999999936 0.1749999999999936 0.1749999999999936 0.6081250000000031 1.0 0.7749999999999915 0.0 
