0.0 0.0 0.0 0.08312500000000043 0.1750000000000007 0.1443750000000003 0.004375000000000391 0.1531250000000011 0.7731250000000028 1.0 1.0 1.0 1.0 1.0 0.3193749999999953 0.1750000000000007 0.08312499999999903 0.0 0.0 0.0 
0.0 0.0 0.32812500000000067 0.50125 0.6456249999999999 0.9168749999999994 0.536875000000002 0.9406250000000014 1.0 1.0 0.7768749999999973 0.6193750000000013 0.9343749999999971 0.4881249999999955 0.9081250000000032 1.0 0.750624999999997 0.32812499999999595 0.0 0.0 
0.0 0.6781250000000005 0.40624999999999967 0.4812500000000003 0.915625000000001 1.0 1.0 1.0 1.0 1.0 0.946875 0.9093750000000015 0.9843749999999996 0.8781250000000005 0.978125000000001 1.0 1.0 0.9531249999999993 0.6781249999999935 0.0 
0.0 0.17437500000000097 0.5687499999999996 0.8818749999999994 0.7481249999999996 0.18562500000000082 0.0 0.0 0.0 0.0 0.0 0.0 0.0 0.0 0.8250000000000064 1.0 1.0 1.0 0.8256249999999937 0.2081249999999991 
0.0 0.7749999999999995 0.7343750000000012 0.7768750000000013 1.0 0.8249999999999984 0.0 0.0 0.0 0.0 0.0 0.0 0.0 0.0 0.35062500000000113 0.8131250000000028 1.0 1.0 0.8706249999999947 0.39312499999999395 
0.0 0.7749999999999995 1.0 1.0 1.0 0.8249999999999984 0.0 0.0 0.0 0.0 0.0 0.0 0.0 0.0 0.0 0.675000000000006 1.0 1.0 0.7749999999999915 0.0 
0.0 0.7749999999999995 1.0 1.0 1.0 0.8249999999999984 0.0 0.0 0.0 0.0 0.0 0.0 0.0 0.0 0.8250000000000064 1.0 1.0 1.0 0.7749999999999915 0.0 
0.0 0.7749999999999995 1.0 1.0 1.0 0.8249999999999984 0.0 0.0 0.0 0.0 0.0 0.0 0.0 0.0 0.8250000000000064 1.0 1.0 1.0 0.7749999999999915 0.0 
0.0 0.7749999999999995 1.0 1.0 1.0 0.8249999999999984 0.0 0.0 0.0 0.0 0.0 0.0 0.0 0.0 0.8250000000000064 1.0 1.0 1.0 0.7749999999999915 0.0 
0.3006250000000023 0.5962499999999982 0.6749999999999972 0.35437499999999816 0.0 0.0 0.0 0.0 0.0 0.0 0.0 0.0 0.0 0.0 0.8250000000000064 1.0 1.0 1.0 0.7749999999999915 0.0 
0.9249999999999989 0.7481250000000035 0.6750000000000043 0.6750000000000043 0.45562500000000217 0.0 0.0 0.0 0.0 0.0 0.0 0.0 0.0 0.0 0.8250000000000064 1.0 1.0 1.0 0.7749999999999915 0.0 
0.9249999999999989 1.0 1.0 1.0 0.6749999999999989 0.0 0.0 0.0 0.0 0.0 0.0 0.0 0.0 0.0 0.8250000000000064 1.0 1.0 1.0 0.7749999999999915 0.0 
0.9249999999999989 1.0 1.0 1.0 0.6749999999999989 0.0 0.0 0.0 0.0 0.0 0.0 0.0 0.0 0.0 0.8250000000000064 1.0 1.0 1.0 0.7749999999999915 0.0 
0.9249999999999989 1.0 1.0 1.0 0.6749999999999989 0.0 0.0 0.0 0.0 0.0 0.0 0.0 0.0 0.0 0.8250000000000064 1.0 1.0 1.0 0.7749999999999915 0.0 
0.9249999999999989 1.0 1.0 1.0 0.6749999999999989 0.0 0.0 0.0 0.0 0.0 0.0 0.0 0.0 0.0 0.8250000000000064 1.0 1.0 1.0 0.7749999999999915 0.0 
0.9249999999999989 1.0 1.0 1.0 0.6749999999999989 0.0 0.0 0.0 0.0 0.0 0.0 0.0 0.0 0.0 0.8250000000000064 1.0 1.0 1.0 0.7749999999999915 0.0 
0.9249999999999989 1.0 1.0 1.0 0.6749999999999989 0.0 0.0 0.0 0.0 0.0 0.0 0.0 0.0 0.0 0.8250000000000064 1.0 1.0 1.0 0.7749999999999915 0.0 
0.8093749999999925 0.9718749999999984 1.0 1.0 1.0 1.0 0.9781249999999984 0.23437500000000389 0.1250000000000071 0.1250000000000071 0.1250000000000071 0.3656250000000086 0.9843749999999984 0.8781249999999923 0.9781249999999996 0.9156249999999945 0.9406249999999976 0.9531249999999962 0.678124999999987 0.0 
0.0 0.4068749999999959 0.8218749999999981 1.0 1.0 1.0 1.0 1.0 1.0 1.0 1.0 1.0 0.9343749999999978 0.4881250000000013 0.9081250000000043 0.6456250000000002 0.5012500000000001 0.32812499999999223 0.0 0.0 
0.0 0.0 0.109374999999996 0.5668749999999971 1.0 1.0 1.0 1.0 1.0 1.0 1.0 1.0 1.0 1.0 0.3193749999999894 0.1749999999999936 0.08312499999999566 0.0 0.0 0.0 
