0.8499999999999996 1.0 1.0 1.0 1.0 1.0 1.0 1.0 1.0 1.0 1.0 1.0 1.0 1.0 1.0 1.0 1.0 1.0 0.5499999999999954 0.0 
0.5312500000000013 0.6250000000000018 0.6250000000000018 0.6250000000000018 0.6250000000000018 0.6250000000000018 0.6250000000000018 0.6250000000000018 0.6250000000000018 0.6250000000000018 0.6250000000000018 0.6250000000000018 0.7187500000000027 0.9812500000000012 1.0 1.0 1.0 1.0 0.5499999999999954 0.0 
0.0 0.0 0.0 0.0 0.0 0.0 0.0 0.0 0.0 0.0 0.0 0.0 0.09375000000000178 0.35625000000000273 0.7812500000000031 1.0 1.0 1.0 0.5499999999999954 0.0 
0.0 0.0 0.0 0.0 0.0 0.0 0.0 0.0 0.0 0.0 0.0 0.0 0.21875000000000266 0.8312500000000008 0.9562499999999998 1.0 0.9562499999999964 0.34374999999999667 0.0687500000000004 0.0 
0.0 0.0 0.0 0.0 0.0 0.0 0.0 0.0 0.0 0.0 0.0 0.06874999999999934 0.3437500000000018 0.9562500000000024 1.0 0.9562500000000003 0.8312499999999979 0.21874999999999578 0.0 0.0 
0.0 0.0 0.0 0.0 0.0 0.0 0.0 0.0 0.0 0.0 0.0 0.5500000000000025 1.0 1.0 1.0 0.6499999999999968 0.0 0.0 0.0 0.0 
0.0 0.0 0.0 0.0 0.0 0.0 0.0 0.0 0.0 0.09375000000000107 0.5312499999999999 0.8312500000000002 1.0 1.0 0.5937499999999987 0.24374999999999997 0.0 0.0 0.0 0.0 
0.0 0.0 0.0 0.0 0.0 0.0 0.0 0.0 0.0 0.15000000000000213 0.8500000000000023 1.0 1.0 1.0 0.3499999999999961 0.0 0.0 0.0 0.0 0.0 
0.0 0.0 0.0 0.0 0.0 0.0 0.0 0.0 0.45000000000000195 1.0 1.0 1.0 0.7499999999999964 0.04999999999999716 0.0 0.0 0.0 0.0 0.0 0.0 
0.0 0.0 0.0 0.0 0.0 0.0 0.01875000000000051 0.28124999999999933 0.6562500000000002 1.0 1.0 0.7937500000000001 0.4687499999999991 0.031249999999998314 0.0 0.0 0.0 0.0 0.0 0.0 
0.0 0.0 0.0 0.0 0.0 0.0 0.0500000000000016 0.7500000000000018 1.0 1.0 1.0 0.4499999999999975 0.0 0.0 0.0 0.0 0.0 0.0 0.0 0.0 
0.0 0.0 0.0 0.0 0.0 0.30625000000000024 0.8812499999999985 0.9687499999999998 1.0 0.8687499999999984 0.2562499999999995 0.05625000000000049 0.0 0.0 0.0 0.0 0.0 0.0 0.0 0.0 
0.0 0.0 0.0 0.0 0.08124999999999895 0.4312499999999997 1.0 1.0 0.9437500000000005 0.7437499999999997 0.13124999999999826 0.0 0.0 0.0 0.0 0.0 0.0 0.0 0.0 0.0 
0.0 0.0 0.0 0.0 0.6500000000000008 1.0 1.0 1.0 0.549999999999998 0.0 0.0 0.0 0.0 0.0 0.0 0.0 0.0 0.0 0.0 0.0 
0.0 0.0 0.15625000000000014 0.5937500000000004 0.8687500000000004 1.0 0.968749999999999 0.5312499999999989 0.20624999999999927 0.0 0.0 0.0 0.0 0.0 0.0 0.0 0.0 0.0 0.0 0.0 
0.0 0.0 0.2500000000000002 0.9500000000000006 1.0 1.0 0.9499999999999984 0.24999999999999822 0.0 0.0 0.0 0.0 0.0 0.0 0.0 0.0 0.0 0.0 0.0 0.0 
0.0 0.5499999999999999 1.0 1.0 1.0 0.649999999999999 0.0 0.0 0.0 0.0 0.0 0.0 0.0 0.0 0.0 0.0 0.0 0.0 0.0 0.0 
0.31874999999999987 0.71875 1.0 1.0 1.0 0.649999999999999 0.0 0.0 0.0 0.0 0.0 0.0 0.0 0.0 0.0 0.0 0.0 0.0 0.0 0.0 
0.8499999999999996 1.0 1.0 1.0 1.0 0.8687499999999997 0.625 0.625 0.625 0.625 0.625 0.625 0.625 0.625 0.625 0.625 0.625 0.625 0.625 0.5312499999999964 
0.8499999999999996 1.0 1.0 1.0 1.0 1.0 1.0 1.0 1.0 1.0 1.0 1.0 1.0 1.0 1.0 1.0 1.0 1.0 1.0 0.8499999999999943 
