0.0 0.0 0.0 0.0 0.0 0.0 0.15749999999999856 0.22499999999999787 0.45749999999999835 1.0 1.0 1.0 0.6124999999999989 0.22499999999999787 0.20249999999999815 0.022500000000000107 0.0 0.0 0.0 0.0 
0.0 0.0 0.0 0.20249999999999965 0.6749999999999983 0.6749999999999983 0.9024999999999995 1.0 1.0 1.0 1.0 1.0 1.0 1.0 0.9674999999999999 0.7074999999999989 0.20249999999999996 0.0 0.0 0.0 
0.0 0.0 0.5000000000000002 1.0 1.0 1.0 0.9125000000000009 0.43750000000000067 0.0 0.0 0.0 0.0 0.43750000000000067 0.8750000000000013 0.8875000000000012 0.9874999999999999 1.0 0.5624999999999993 0.0874999999999992 0.0 
0.0 0.4024999999999997 0.7874999999999998 1.0 0.9425 0.4825000000000007 0.12750000000000014 0.0 0.0 0.0 0.0 0.0 0.0 0.0 0.09999999999999964 0.8999999999999986 1.0 1.0 0.7000000000000011 0.0 
0.0 0.7000000000000003 1.0 1.0 0.8999999999999999 0.10000000000000009 0.0 0.0 0.0 0.0 0.0 0.0 0.0 0.0 0.09749999999999971 0.8774999999999991 0.9925000000000002 1.0 0.9925000000000002 0.8775000000000008 
0.0 0.7000000000000003 1.0 1.0 0.8999999999999999 0.10000000000000009 0.0 0.0 0.0 0.0 0.0 0.0 0.0 0.0 0.0 0.0 0.3674999999999999 0.5250000000000004 0.3675000000000008 0.0 
0.0 0.7000000000000003 1.0 1.0 0.8999999999999999 0.10000000000000009 0.0 0.0 0.0 0.0 0.0 0.0 0.0 0.0 0.0 0.0 0.0 0.0 0.0 0.0 
0.0 0.7000000000000003 1.0 1.0 0.8999999999999999 0.10000000000000009 0.0 0.0 0.0 0.0 0.0 0.0 0.0 0.0 0.0 0.0 0.0 0.0 0.0 0.0 
0.7425000000000013 0.9475000000000003 1.0 1.0 0.8999999999999999 0.10000000000000009 0.0 0.0 0.0 0.0 0.0 0.0 0.0 0.0 0.0 0.0 0.0 0.0 0.0 0.0 
0.0 0.7000000000000003 1.0 1.0 0.9275000000000001 0.347500000000002 0.7825000000000008 1.0 1.0 1.0 1.0 1.0 1.0 1.0 0.9275000000000004 0.3475000000000029 0.08250000000000084 0.0 0.0 0.0 
0.6525000000000015 0.9175000000000005 1.0 1.0 1.0 1.0 1.0 0.6374999999999993 0.2749999999999986 0.2749999999999986 0.2749999999999986 0.2749999999999986 0.6374999999999993 1.0 1.0 1.0 0.8075000000000012 0.3625000000000007 0.0 0.0 
0.7424999999999965 0.9474999999999988 1.0 1.0 0.9824999999999996 0.8424999999999961 0.24749999999999858 0.0 0.0 0.0 0.0 0.0 0.0 0.0 0.09999999999999964 0.8999999999999986 1.0 1.0 0.7000000000000011 0.0 
0.0 0.7000000000000003 1.0 1.0 0.8999999999999999 0.10000000000000009 0.0 0.0 0.0 0.0 0.0 0.0 0.0 0.0 0.09999999999999964 0.8999999999999986 1.0 1.0 0.8875000000000015 0.5625000000000034 
0.0 0.7000000000000003 1.0 0.7225000000000006 0.06750000000000256 0.007500000000000291 0.0 0.0 0.0 0.0 0.0 0.0 0.0 0.0 0.007500000000000257 0.06750000000000245 0.7225000000000001 1.0 1.0 0.9000000000000004 
0.0 0.7000000000000003 1.0 0.8424999999999991 0.42749999999999805 0.04749999999999983 0.0 0.0 0.0 0.0 0.0 0.0 0.0 0.0 0.04749999999999962 0.4274999999999974 0.8424999999999989 1.0 1.0 0.9000000000000004 
0.0 0.7000000000000003 1.0 0.9925000000000015 0.8775000000000044 0.09750000000000059 0.0 0.0 0.0 0.0 0.0 0.0 0.0 0.0 0.0 0.0 0.6999999999999993 1.0 1.0 0.9000000000000004 
0.0 0.7000000000000003 1.0 1.0 0.8999999999999999 0.10000000000000009 0.0 0.0 0.0 0.0 0.0 0.0 0.0 0.0 0.09999999999999964 0.8999999999999986 1.0 1.0 0.7000000000000011 0.0 
0.0 0.7000000000000003 1.0 1.0 0.9875000000000004 0.8875000000000032 0.2625000000000009 0.0 0.0 0.0 0.0 0.0 0.0 0.2625000000000001 0.8875000000000032 0.9875000000000002 1.0 1.0 0.7000000000000011 0.0 
0.0 0.0 0.33749999999999697 0.7724999999999956 1.0 1.0 1.0 1.0 1.0 0.9325000000000009 0.3925000000000061 0.7975000000000014 1.0 1.0 1.0 1.0 0.7724999999999957 0.3374999999999968 0.0 0.0 
0.0 0.0 0.0 0.06749999999999835 0.22499999999999432 0.22499999999999432 0.7674999999999984 1.0 1.0 1.0 1.0 1.0 1.0 0.7674999999999991 0.22499999999999432 0.22499999999999432 0.06749999999999845 0.0 0.0 0.0 
