0.0 0.8499999999999986 1.0 1.0 0.4500000000000006 0.0 0.0 0.0 0.0 0.0 0.0 0.0 0.0 0.0 0.10999999999999975 0.5600000000000018 1.0 1.0 0.8499999999999979 0.0 
0.5699999999999985 0.9399999999999994 1.0 1.0 0.4500000000000006 0.0 0.0 0.0 0.0 0.0 0.0 0.0 0.0 0.3900000000000009 0.8200000000000001 1.0 1.0 1.0 0.8499999999999979 0.0 
4.218847493575588e-16 0.8499999999999988 1.0 1.0 0.4500000000000006 0.0 0.0 0.0 0.0 0.0 0.0 0.0 0.7499999999999997 0.9999999999999999 1.0 1.0 1.0 0.7499999999999966 3.774758283725523e-16 0.0 
0.0 0.8499999999999988 1.0 1.0 0.4500000000000006 0.0 0.0 0.0 0.0 0.0 0.0 0.8500000000000014 1.0 1.0 1.0 0.8199999999999991 0.3899999999999995 0.0 0.0 0.0 
0.0 0.8499999999999985 1.0 1.0 0.4500000000000006 0.0 0.0 0.0 0.0 0.04000000000000056 0.7599999999999992 0.9700000000000002 1.0 1.0 0.5599999999999996 0.10999999999999953 0.0 0.0 0.0 0.0 
0.0 0.8499999999999985 1.0 1.0 0.4500000000000006 0.0 0.0 0.050000000000000044 0.32000000000000045 1.0 1.0 1.0 1.0 0.8699999999999994 0.3599999999999994 0.0 0.0 0.0 0.0 0.0 
0.0 0.8499999999999986 1.0 1.0 0.78 0.5999999999999996 0.5999999999999996 0.6999999999999997 1.0 1.0 1.0 1.0 0.5500000000000003 0.13999999999999926 0.0 0.0 0.0 0.0 0.0 0.0 
0.0 0.8499999999999986 1.0 1.0 1.0 1.0 1.0 1.0 1.0 1.0 1.0 0.14999999999999858 0.0 0.0 0.0 0.0 0.0 0.0 0.0 0.0 
0.0 0.8499999999999986 1.0 1.0 1.0 1.0 1.0 1.0 0.9399999999999997 0.5699999999999993 0.03000000000000041 0.0 0.0 0.0 0.0 0.0 0.0 0.0 0.0 0.0 
0.0 0.8499999999999986 1.0 1.0 1.0 1.0 1.0 1.0 0.8499999999999996 0.0 0.0 0.0 0.0 0.0 0.0 0.0 0.0 0.0 0.0 0.0 
0.0 0.8499999999999986 1.0 1.0 1.0 1.0 1.0 1.0 0.8799999999999999 0.19000000000000086 0.010000000000000196 0.0 0.0 0.0 0.0 0.0 0.0 0.0 0.0 0.0 
0.0 0.8499999999999985 1.0 1.0 1.0 1.0 1.0 1.0 1.0 0.9499999999999993 0.05000000000000071 0.0 0.0 0.0 0.0 0.0 0.0 0.0 0.0 0.0 
0.0 0.8499999999999986 1.0 1.0 1.0 1.0 1.0 1.0 1.0 1.0 1.0 0.14999999999999858 0.0 0.0 0.0 0.0 0.0 0.0 0.0 0.0 
0.0 0.8499999999999985 1.0 1.0 1.0 0.5500000000000007 0.0 0.14999999999999947 0.6599999999999984 1.0 1.0 1.0 0.5500000000000016 0.1399999999999999 0.0 0.0 0.0 0.0 0.0 0.0 
0.0 0.8499999999999986 1.0 1.0 1.0 0.5500000000000007 0.0 0.0 0.029999999999999964 0.23999999999999988 0.9599999999999994 1.0 1.0 0.87 0.35999999999999976 0.0 0.0 0.0 0.0 0.0 
0.0 0.0 0.7499999999999989 1.0 1.0 0.5500000000000007 0.0 0.0 0.0 0.0 0.0 0.6799999999999987 0.9499999999999993 1.0 1.0 0.639999999999999 0.13000000000000156 0.0 0.0 0.0 
0.0 0.0 0.7499999999999989 1.0 1.0 0.5500000000000007 0.0 0.0 0.0 0.0 0.0 0.0 0.29999999999999893 0.7900000000000007 1.0 1.0 0.8599999999999999 0.44999999999999896 0.0 0.0 
0.0 0.0 0.7499999999999989 1.0 1.0 0.5500000000000007 0.0 0.0 0.0 0.0 0.0 0.0 0.0 0.6500000000000021 1.0 1.0 1.0 1.0 0.8499999999999979 0.0 
0.0 0.0 0.7499999999999989 1.0 1.0 0.5500000000000007 0.0 0.0 0.0 0.0 0.0 0.0 0.0 0.0 0.32999999999999924 0.78 1.0 1.0 1.0 0.9499999999999957 
0.0 0.0 0.7499999999999989 1.0 1.0 0.5500000000000007 0.0 0.0 0.0 0.0 0.0 0.0 0.0 0.0 0.0 0.09000000000000025 0.48000000000000065 1.0 0.8799999999999982 0.18999999999999848 
