0.0 0.0 0.0 0.02812500000000029 0.19687499999999603 0.22499999999999432 0.22499999999999432 0.3218749999999978 0.9031250000000021 1.0 1.0 0.9031249999999965 0.32187499999999364 0.22499999999999432 0.14062499999999606 0.0 0.0 0.0 0.0 0.0 
0.0 0.0 0.2531250000000013 0.7156249999999968 0.9593750000000008 1.0 1.0 1.0 1.0 1.0 1.0 1.0 1.0 1.0 0.8781249999999974 0.5906249999999942 0.08437499999999815 0.0 0.0 0.0 
0.0 0.6250000000000051 1.0 1.0 1.0 0.9218750000000024 0.5468749999999999 0.0 0.0 0.0 0.0 0.0 0.0 0.5468750000000047 0.9218750000000033 1.0 1.0 0.4531249999999954 0.07812499999999672 0.0 
0.5031249999999994 0.8406250000000006 1.0 0.928124999999998 0.4968750000000012 0.1593749999999997 0.0 0.0 0.0 0.0 0.0 0.0 0.0 0.0 0.3750000000000018 1.0 1.0 1.0 0.6249999999999982 0.0 
0.8750000000000053 1.0 1.0 0.8749999999999956 0.12499999999999556 0.0 0.0 0.0 0.0 0.0 0.0 0.0 0.0 0.0 0.0 0.12500000000000178 0.8750000000000018 1.0 1.0 0.8749999999999982 
0.8750000000000053 1.0 1.0 0.8749999999999956 0.12499999999999556 0.0 0.0 0.0 0.0 0.0 0.0 0.0 0.0 0.0 0.0 0.06562500000000142 0.45937500000000436 0.5250000000000039 0.5250000000000039 0.4593750000000025 
0.8750000000000053 1.0 1.0 0.8749999999999956 0.12499999999999556 0.0 0.0 0.0 0.0 0.0 0.0 0.0 0.0 0.0 0.0 0.0 0.0 0.0 0.0 0.0 
0.8750000000000053 1.0 1.0 0.8749999999999956 0.12499999999999556 0.0 0.0 0.0 0.0 0.0 0.0 0.0 0.0 0.0 0.0 0.0 0.0 0.0 0.0 0.0 
0.8750000000000053 1.0 1.0 0.8749999999999956 0.12499999999999556 0.0 0.0 0.0 0.0 0.0 0.0 0.0 0.0 0.0 0.0 0.0 0.0 0.0 0.0 0.0 
0.8750000000000053 1.0 1.0 0.9093749999999966 0.36562499999999554 0.7281250000000027 1.0 1.0 1.0 1.0 1.0 1.0 1.0 1.0 0.7281249999999981 0.2749999999999986 0.2749999999999986 0.10312499999999898 0.0 0.0 
0.8750000000000053 1.0 1.0 1.0 1.0 1.0 1.0 0.9093749999999977 0.3656249999999993 0.27500000000000213 0.27500000000000213 0.3656250000000044 0.9093750000000016 1.0 1.0 1.0 1.0 0.3749999999999982 0.0 0.0 
0.8750000000000053 1.0 1.0 0.9781249999999996 0.8468750000000017 0.3093749999999974 0.0 0.0 0.0 0.0 0.0 0.0 0.0 0.0 0.3750000000000018 1.0 1.0 1.0 0.6249999999999982 0.0 
0.8750000000000053 1.0 1.0 0.8749999999999956 0.12499999999999556 0.0 0.0 0.0 0.0 0.0 0.0 0.0 0.0 0.0 0.14062500000000067 0.4531250000000011 0.9218750000000011 1.0 0.8593749999999993 0.5468749999999989 
0.8750000000000053 1.0 1.0 0.8749999999999956 0.12499999999999556 0.0 0.0 0.0 0.0 0.0 0.0 0.0 0.0 0.0 0.0 0.12500000000000178 0.8750000000000018 1.0 1.0 0.8749999999999982 
0.8750000000000053 1.0 1.0 0.8749999999999956 0.12499999999999556 0.0 0.0 0.0 0.0 0.0 0.0 0.0 0.0 0.0 0.0 0.12500000000000178 0.8750000000000018 1.0 1.0 0.8749999999999982 
0.8750000000000053 1.0 1.0 0.8749999999999956 0.12499999999999556 0.0 0.0 0.0 0.0 0.0 0.0 0.0 0.0 0.0 0.0 0.12500000000000178 0.8750000000000018 1.0 1.0 0.8749999999999982 
0.8750000000000053 1.0 1.0 0.8749999999999956 0.12499999999999556 0.0 0.0 0.0 0.0 0.0 0.0 0.0 0.0 0.0 0.15937500000000102 0.4968750000000016 0.9281250000000011 1.0 0.6249999999999982 0.0 
0.10937500000000067 0.6718750000000044 1.0 0.9843749999999994 0.8906249999999994 0.3281249999999961 0.0 0.0 0.0 0.0 0.0 0.0 0.0 0.5468750000000016 0.9218750000000002 1.0 1.0 1.0 0.6249999999999982 0.0 
0.0 0.42187500000000167 0.7968749999999998 1.0 1.0 1.0 1.0 0.9156249999999979 0.4093750000000001 0.32500000000000284 0.5781250000000042 1.0 1.0 1.0 1.0 0.9593749999999991 0.715624999999997 0.2531249999999977 0.0 0.0 
0.0 0.0 0.0843750000000003 0.22499999999999787 0.22499999999999787 0.7093750000000026 1.0 1.0 1.0 1.0 1.0 1.0 1.0 0.5156249999999973 0.22499999999999787 0.19687499999999775 0.028124999999999335 0.0 0.0 0.0 
