0.0 0.7749999999999972 1.0 1.0 1.0 0.8250000000000028 0.0 0.0 0.0 0.0 0.0 0.0 0.0 0.0 0.16500000000000184 0.7399999999999987 1.0 1.0 1.0 0.9250000000000043 
0.0 0.7749999999999971 1.0 1.0 1.0 0.9300000000000016 0.5850000000000046 0.07500000000000194 0.0 0.0 0.0 0.0 0.0 0.0 0.8249999999999975 1.0 1.0 1.0 1.0 0.9250000000000043 
0.0 0.7749999999999971 1.0 1.0 1.0 1.0 0.9750000000000032 0.12500000000000266 0.0 0.0 0.0 0.0 3.330669073875375e-16 2.597921877622856e-15 0.824999999999998 1.0 1.0 1.0 1.0 0.9250000000000043 
0.0 0.7749999999999971 1.0 1.0 1.0 1.0 0.985000000000002 0.4750000000000035 0.11000000000000179 0.0 0.0 0.0 0.12499999999999645 0.9749999999999961 1.0 1.0 1.0 1.0 1.0 0.9250000000000043 
0.0 0.7749999999999971 1.0 1.0 1.0 1.0 1.0 1.0 0.275000000000003 0.0 0.0 0.2199999999999981 0.8250000000000015 0.9949999999999992 1.0 1.0 1.0 1.0 1.0 0.9250000000000043 
0.0 0.7749999999999972 1.0 1.0 1.0 1.0 1.0 1.0 1.0 0.4250000000000034 0.08500000000000064 0.4199999999999995 1.0 1.0 1.0 1.0 1.0 1.0 1.0 0.9250000000000043 
0.0 0.7749999999999971 1.0 1.0 1.0 1.0 1.0 1.0 1.0 0.7700000000000021 0.7699999999999997 1.0 1.0 1.0 1.0 1.0 1.0 1.0 1.0 0.9250000000000043 
0.0 0.7749999999999971 1.0 1.0 0.9999999999999994 0.9999999999999982 0.9999999999999982 0.9999999999999998 1.0 1.0 1.0 1.0 1.0 1.0 0.9999999999999986 0.9999999999999994 1.0 1.0 1.0 0.9250000000000043 
0.0 0.7749999999999971 1.0 1.0 0.6750000000000029 0.0 0.024999999999996803 0.8749999999999973 1.0 1.0 1.0 1.0 0.9500000000000012 0.6099999999999994 0.10500000000000112 0.6749999999999972 1.0 1.0 1.0 0.9250000000000043 
0.0 0.7749999999999971 1.0 1.0 0.6750000000000029 0.0 0.004999999999999298 0.1749999999999973 0.7799999999999969 1.0 1.0 1.0 0.8750000000000036 0.025000000000003908 0.0 0.6749999999999972 1.0 1.0 1.0 0.9250000000000043 
0.0 0.7749999999999972 1.0 1.0 0.6750000000000029 0.0 0.0 0.0 0.5799999999999955 0.7999999999999972 0.7999999999999972 0.5800000000000005 0.0 0.0 0.0 0.6749999999999972 1.0 1.0 1.0 0.9250000000000043 
0.0 0.7749999999999971 1.0 1.0 0.6750000000000029 0.0 0.0 0.0 0.0 0.0 0.0 0.0 0.0 0.0 0.0 0.6749999999999972 1.0 1.0 1.0 0.9250000000000043 
0.0 0.7749999999999971 1.0 1.0 0.6750000000000029 0.0 0.0 0.0 0.0 0.0 0.0 0.0 0.0 0.0 0.0 0.6749999999999972 1.0 1.0 1.0 0.9250000000000043 
0.0 0.7749999999999971 1.0 1.0 0.6750000000000029 0.0 0.0 0.0 0.0 0.0 0.0 0.0 0.0 0.0 0.0 0.6749999999999972 1.0 1.0 1.0 0.9250000000000043 
0.7399999999999984 0.9549999999999996 1.0 1.0 0.6750000000000029 0.0 0.0 0.0 0.0 0.0 0.0 0.0 0.0 0.0 0.0 0.6749999999999972 1.0 1.0 1.0 0.9250000000000043 
0.9249999999999972 1.0 1.0 1.0 0.6750000000000029 0.0 0.0 0.0 0.0 0.0 0.0 0.0 0.0 0.0 0.0 0.6749999999999972 1.0 1.0 1.0 0.9250000000000043 
0.9249999999999972 1.0 1.0 1.0 0.6750000000000029 0.0 0.0 0.0 0.0 0.0 0.0 0.0 0.0 0.0 0.0 0.6749999999999972 1.0 1.0 1.0 0.9250000000000043 
0.9249999999999972 1.0 1.0 1.0 0.6750000000000029 0.0 0.0 0.0 0.0 0.0 0.0 0.0 0.0 0.0 0.0 0.6749999999999972 1.0 1.0 1.0 0.9250000000000043 
0.9249999999999972 1.0 1.0 1.0 0.6750000000000029 0.0 0.0 0.0 0.0 0.0 0.0 0.0 0.0 0.0 0.0 0.6749999999999972 1.0 1.0 1.0 0.9250000000000043 
0.9249999999999972 1.0 1.0 1.0 0.6750000000000029 0.0 0.0 0.0 0.0 0.0 0.0 0.0 0.0 0.0 0.0 0.6749999999999972 1.0 1.0 1.0 0.9250000000000043 
