0.9749999999999943 1.0 1.0 1.0 1.0 1.0 1.0 1.0 1.0 1.0 1.0 1.0 1.0 1.0 1.0 1.0 1.0 1.0 0.9550000000000037 0.3899999999999902 
0.9749999999999943 1.0 1.0 1.0 1.0 1.0 1.0 1.0 1.0 1.0 1.0 1.0 1.0 1.0 1.0 1.0 1.0 1.0 0.9850000000000024 0.780000000000015 
9.958700530887596e-15 1.021405182655144e-14 1.021405182655144e-14 0.8249999999999957 0.22500000000001377 1.021405182655144e-14 1.021405182655144e-14 1.021405182655144e-14 1.021405182655144e-14 0.5249999999999981 1.0 1.0 1.0 1.0 1.0 1.0 1.0 0.8750000000000083 9.447997939560162e-15 0.0 
0.0 0.0 0.0 0.0 0.0 0.0 0.0 0.0 0.0 0.5249999999999932 1.0 1.0 0.924999999999998 0.8649999999999927 1.0 0.8200000000000066 0.16500000000000875 0.0 0.0 0.0 
0.0 0.0 0.0 0.0 0.0 0.0 0.0 0.37499999999999106 0.8299999999999941 1.0 1.0 1.0 1.0 0.8050000000000064 0.29000000000000875 0.0 0.0 0.0 0.0 0.0 
0.0 0.0 0.0 0.0 0.30999999999999245 0.39999999999999325 0.8049999999999939 1.0 1.0 1.0 1.0 0.8300000000000054 0.3750000000000085 0.0 0.0 0.0 0.0 0.0 0.0 0.0 
0.0 0.0 0.17499999999999355 0.8599999999999941 1.0 1.0 1.0 1.0 1.0 0.8950000000000045 0.4200000000000077 0.0 0.0 0.0 0.0 0.0 0.0 0.0 0.0 0.0 
0.0 0.9249999999999894 0.9999999999999993 1.0 1.0 1.0 1.0 1.0 1.0 0.9999999999999972 0.5250000000000029 0.0 0.0 0.0 0.0 0.0 0.0 0.0 0.0 0.0 
0.0 0.9249999999999943 1.0 1.0 1.0 1.0 1.0 1.0 1.0 1.0 1.0 1.0 1.0 0.9349999999999997 0.5800000000000021 0.0 0.0 0.0 0.0 0.0 
0.0 0.9249999999999943 1.0 1.0 1.0 1.0 1.0 1.0 1.0 1.0 1.0 1.0 1.0 1.0 1.0 1.0 0.8250000000000064 0.0 0.0 0.0 
0.0 0.0 0.0 0.0 0.0 0.0 0.0 0.0 0.0 0.0 0.28499999999999726 0.6000000000000014 0.749999999999998 1.0 1.0 1.0 1.0 0.925000000000004 0.3700000000000018 0.0 
0.0 0.0 0.0 0.0 0.0 0.0 0.0 0.0 0.0 0.0 0.0 0.0 0.0 0.32499999999999396 0.7800000000000052 0.3799999999999949 1.0 1.0 0.9250000000000078 0.0 
0.0 0.0 0.0 0.0 0.0 0.0 0.0 0.0 0.0 0.0 0.0 0.0 0.0 0.32499999999999396 1.0 1.0 1.0 1.0 0.9250000000000078 0.0 
0.0 0.0 0.0 0.0 0.0 0.0 0.0 0.0 0.0 0.0 0.0 0.0 0.0 0.32499999999999396 1.0 1.0 1.0 1.0 0.9250000000000078 0.0 
0.0 0.0 0.0 0.0 0.0 0.0 0.0 0.0 0.0 0.0 0.0 0.0 0.0 0.32499999999999396 1.0 1.0 1.0 1.0 0.9250000000000078 0.0 
0.9749999999999943 1.0 1.0 1.0 0.22500000000000586 0.0 0.0 0.0 0.0 0.0 0.0 0.0 0.0 0.32499999999999396 1.0 1.0 1.0 1.0 0.9250000000000078 0.0 
0.9749999999999943 1.0 1.0 1.0 1.0 0.2750000000000057 0.0 0.0 0.0 0.0 0.0 0.0 0.3749999999999929 1.0 1.0 1.0 1.0 0.8750000000000071 0.0 0.0 
0.9749999999999909 0.9999999999999998 1.0 1.0 1.0 1.0 1.0 0.37500000000000844 3.552713678800501e-15 3.552713678800501e-15 0.4749999999999962 1.0 1.0 1.0 1.0 1.0 0.8250000000000064 0.0 0.0 0.0 
0.0 0.18499999999998834 0.8999999999999939 1.0 1.0 1.0 1.0 1.0 1.0 1.0 1.0 1.0 1.0 1.0 1.0 0.820000000000002 0.1649999999999919 0.0 0.0 0.0 
0.0 0.0 0.0 0.3299999999999905 0.3999999999999915 0.8349999999999942 1.0 1.0 1.0 1.0 1.0 1.0 0.775000000000001 0.3999999999999915 0.28999999999999654 0.0 0.0 0.0 0.0 0.0 
