0.0 0.0 0.0 0.0 0.0 0.0 0.0 0.0 0.0 0.0 0.0 0.0 0.11250000000000053 0.30000000000000426 0.30000000000000426 0.30000000000000426 0.30000000000000426 0.38750000000000123 0.9250000000000043 0.0 
0.0 0.0 0.0 0.0 0.0 0.0 0.0 0.0 0.0 0.0 0.0 0.0 0.37499999999999645 1.0 1.0 1.0 1.0 1.0 0.9250000000000043 0.0 
0.0 0.0 0.0 0.0 0.0 0.0 0.0 0.0 0.0 0.0 0.0 0.42499999999999716 1.0 1.0 1.0 1.0 1.0 1.0 0.9250000000000043 0.0 
0.0 0.0 0.0 0.0 0.0 0.0 0.0 0.0 0.0 0.0 0.47499999999999787 1.0 1.0 1.0 1.0 1.0 1.0 1.0 0.9250000000000043 0.0 
0.0 0.0 0.0 0.0 0.0 0.0 0.0 0.0 0.0 0.3674999999999985 0.8425000000000014 1.0 1.0 1.0 1.0 1.0 1.0 1.0 0.9250000000000043 0.0 
0.0 0.0 0.0 0.0 0.0 0.0 0.0 0.0 0.17250000000000143 0.6674999999999985 1.0 1.0 1.0 1.0 1.0 1.0 1.0 1.0 0.9250000000000043 0.0 
0.0 0.0 0.0 0.0 0.0 0.0 0.0 0.0 0.5749999999999966 1.0 1.0 1.0 0.6625000000000018 0.09999999999999609 0.3474999999999927 1.0 1.0 1.0 0.9250000000000043 0.0 
0.0 0.0 0.0 0.0 0.0 0.0 0.0 0.6249999999999964 1.0 1.0 1.0 0.7874999999999999 0.31249999999999956 0.0 0.274999999999995 1.0 1.0 1.0 0.9250000000000043 0.0 
0.0 0.0 0.0 0.0 0.0 0.07250000000000202 0.7074999999999977 1.0 1.0 1.0 0.5250000000000021 0.0 0.0 0.0 0.274999999999995 1.0 1.0 1.0 0.9250000000000043 0.0 
0.0 0.0 0.0 0.0 0.0 0.724999999999997 1.0 1.0 1.0 0.6325000000000021 0.15749999999999914 0.0 0.0 0.0 0.274999999999995 1.0 1.0 1.0 0.9250000000000043 0.0 
0.0 0.0 0.0 0.0 0.7749999999999968 1.0 1.0 1.0 0.4250000000000034 0.0 0.0 0.0 0.0 0.0 0.274999999999995 1.0 1.0 0.912500000000003 0.27750000000000524 0.0 
0.0 0.0 0.0 0.7424999999999987 0.9775000000000001 1.0 1.0 0.4375000000000019 0.042499999999999434 0.0 0.0 0.0 0.0 0.0 0.274999999999995 1.0 1.0 1.0 0.9250000000000043 0.0 
0.0 0.0 0.43750000000000155 0.912499999999999 1.0 1.0 0.6624999999999994 0.18750000000000044 0.0 0.0 0.0 0.0 0.0 0.0 0.274999999999995 1.0 1.0 0.9375000000000013 0.46249999999999886 0.0 
0.0 0.09250000000000101 0.8874999999999974 1.0 1.0 0.9274999999999993 0.29250000000000287 0.0 0.0 0.0 0.0 0.0 0.0 0.0 0.274999999999995 1.0 1.0 0.8875000000000034 0.09250000000000175 0.0 
0.6825000000000007 0.9774999999999994 1.0 1.0 1.0 0.275000000000003 0.0 0.0 0.0 0.0 0.0 0.0 0.0 0.0 0.274999999999995 1.0 1.0 1.0 0.9250000000000043 0.0 
0.974999999999997 1.0 1.0 1.0 1.0 1.0 1.0 1.0 1.0 1.0 1.0 1.0 1.0 1.0 1.0 1.0 1.0 1.0 1.0 0.9750000000000014 
0.974999999999997 1.0 1.0 1.0 1.0 1.0 1.0 1.0 1.0 1.0 1.0 1.0 1.0 1.0 1.0 1.0 1.0 1.0 1.0 0.9750000000000014 
0.0 0.0 0.0 0.0 0.0 0.0 0.0 0.0 0.0 0.0 0.0 0.0 0.0 0.1624999999999967 0.637499999999995 1.0 1.0 0.9375000000000013 0.46249999999999886 0.0 
0.0 0.0 0.0 0.0 0.0 0.0 0.0 0.0 0.0 0.0 0.0 0.0 0.0 0.0 0.274999999999995 1.0 1.0 0.8750000000000036 0.0 0.0 
0.0 0.0 0.0 0.0 0.0 0.0 0.0 0.0 0.0 0.0 0.0 0.0 0.0 0.0 0.274999999999995 1.0 1.0 0.8750000000000036 0.0 0.0 
