0.0 0.0 0.0 0.0 0.0 0.0 0.0 0.0 0.0 0.0 0.0 0.0 0.0 0.0 0.3750000000000071 1.0 1.0 1.0 1.0 0.8749999999999911 
0.0 0.0 0.0 0.0 0.0 0.0 0.0 0.0 0.0 0.0 0.0 0.0 0.0 0.0 0.3750000000000071 1.0 1.0 1.0 1.0 0.8749999999999911 
0.0 0.0 0.0 0.0 0.0 0.0 0.0 0.0 0.0 0.0 0.0 0.0 0.0 0.0 0.3750000000000071 1.0 1.0 1.0 1.0 0.8749999999999911 
0.0 0.0 0.0 0.0 0.0 0.0 0.0 0.0 0.0 0.0 0.0 0.0 0.0 0.0 0.3750000000000071 1.0 1.0 1.0 1.0 0.8749999999999911 
0.0 0.0 0.0 0.0 0.0 0.0 0.0 0.0 0.0 0.0 0.0 0.0 0.0 0.0 0.3750000000000071 1.0 1.0 1.0 1.0 0.8749999999999911 
0.0 0.0 0.0 0.0 0.0 0.0 0.0 0.0 0.0 0.0 0.0 0.0 0.0 0.0 0.3750000000000071 1.0 1.0 1.0 1.0 0.8749999999999911 
0.0 0.0 0.0 0.0 0.0 0.0 0.0 0.0 0.0 0.0 0.0 0.0 0.0 0.0 0.3750000000000071 1.0 1.0 1.0 1.0 0.8749999999999911 
0.0 0.0 0.0 0.0 0.0 0.0 0.0 0.0 0.0 0.0 0.0 0.0 0.0 0.0 0.3750000000000071 1.0 1.0 1.0 1.0 0.8749999999999911 
0.0 0.0 0.0 0.0 0.0 0.0 0.0 0.0 0.0 0.0 0.0 0.0 0.0 0.0 0.3750000000000071 1.0 1.0 1.0 1.0 0.8749999999999911 
0.0 0.0 0.0 0.0 0.0 0.0 0.0 0.0 0.0 0.0 0.0 0.0 0.0 0.0 0.3750000000000071 1.0 1.0 1.0 1.0 0.8749999999999911 
0.0 0.0 0.0 0.0 0.0 0.0 0.0 0.0 0.0 0.0 0.0 0.0 0.0 0.0 0.3750000000000071 1.0 1.0 1.0 1.0 0.8749999999999911 
0.0 0.0 0.0 0.0 0.0 0.0 0.0 0.0 0.0 0.0 0.0 0.0 0.0 0.0 0.3750000000000071 1.0 1.0 1.0 1.0 0.8749999999999911 
0.0 0.0 0.0 0.0 0.0 0.0 0.0 0.0 0.0 0.0 0.0 0.0 0.0 0.0 0.3750000000000071 1.0 1.0 1.0 1.0 0.8749999999999911 
0.875 1.0 1.0 1.0 1.0 0.3749999999999978 0.0 0.0 0.0 0.0 0.0 0.0 0.0 0.0 0.3750000000000071 1.0 1.0 1.0 1.0 0.8749999999999911 
0.875 1.0 1.0 1.0 1.0 0.3749999999999978 0.0 0.0 0.0 0.0 0.0 0.0 0.0 0.0 0.3750000000000071 1.0 1.0 1.0 1.0 0.8749999999999911 
0.875 1.0 1.0 1.0 1.0 0.7812500000000006 0.4062499999999996 0.0 0.0 0.0 0.0 0.0 0.0 0.0 0.3750000000000071 1.0 1.0 1.0 1.0 0.8749999999999911 
0.04374999999999751 0.6437499999999994 1.0 1.0 1.0 1.0 0.981250000000001 0.8312499999999992 0.11874999999999698 0.0 0.0 0.0 0.0 0.5937500000000069 0.9687500000000021 1.0 1.0 1.0 1.0 0.8749999999999911 
0.0 0.4687499999999981 0.843749999999998 1.0 1.0 1.0 1.0 1.0 1.0 1.0 1.0 1.0 1.0 1.0 1.0 1.0 1.0 1.0 0.9062499999999969 0.6562499999999902 
0.0 0.0 0.1687499999999988 0.518749999999997 0.9312500000000005 1.0 1.0 1.0 1.0 1.0 1.0 1.0 1.0 1.0 1.0 1.0 1.0 0.6562499999999934 0.2812499999999941 0.0 
0.0 0.0 0.0 0.01874999999999958 0.13124999999999593 0.14999999999999503 0.46874999999999917 1.0 1.0 1.0 1.0 1.0 1.0 1.0 0.6812499999999921 0.14999999999999503 0.14999999999999503 0.056249999999997066 0.0 0.0 
