0.0 0.0 0.0 0.0 0.0 0.14625000000000032 0.3249999999999993 0.4937500000000007 1.0 1.0 1.0 1.0 1.0 0.5612499999999994 0.3249999999999993 0.3249999999999993 0.21124999999999966 0.0 0.0 0.0 
0.0 0.0 0.0 0.0 0.5362500000000017 0.9862499999999997 1.0 1.0 1.0 1.0 1.0 1.0 1.0 1.0 1.0 1.0 0.9912499999999999 0.7312499999999995 0.0 0.0 
0.0 0.0 0.46875000000000117 0.8687500000000006 1.0 1.0 1.0 0.843749999999999 0.37500000000000044 0.37500000000000044 0.37500000000000044 0.37500000000000044 0.37500000000000044 0.7812500000000004 1.0 1.0 1.0 1.0 0.8500000000000014 0.0 
0.0 0.8500000000000026 1.0 1.0 1.0 0.8762499999999998 0.47124999999999934 0.0 0.0 0.0 0.0 0.0 0.0 0.0 0.0 0.4499999999999993 1.0 1.0 1.0 0.9499999999999993 
0.0 0.8500000000000026 1.0 1.0 1.0 0.549999999999998 0.0 0.0 0.0 0.0 0.0 0.0 0.0 0.0 0.0 0.4499999999999993 1.0 1.0 1.0 0.9499999999999993 
0.0 0.8500000000000026 1.0 1.0 1.0 0.549999999999998 0.0 0.0 0.0 0.0 0.0 0.0 0.0 0.0 0.0 0.0 0.1487500000000001 0.4250000000000007 0.4250000000000007 0.4037500000000004 
0.0 0.8500000000000026 1.0 1.0 1.0 0.549999999999998 0.0 0.0 0.0 0.0 0.0 0.0 0.0 0.0 0.0 0.0 0.0 0.0 0.0 0.0 
0.0 0.8500000000000026 1.0 1.0 1.0 0.549999999999998 0.0 0.0 0.0 0.0 0.0 0.0 0.0 0.0 0.0 0.0 0.0 0.0 0.0 0.0 
0.0 0.8500000000000026 1.0 1.0 0.7112499999999987 0.26124999999999887 0.0 0.0 0.0 0.0 0.0 0.0 0.0 0.0 0.0 0.0 0.0 0.0 0.0 0.0 
0.9500000000000028 1.0 1.0 1.0 0.44999999999999796 0.0 0.0 0.0 0.0 0.05000000000000071 0.9500000000000011 1.0 1.0 1.0 1.0 1.0 1.0 1.0 1.0 0.9499999999999993 
0.9500000000000028 1.0 1.0 1.0 0.44999999999999796 0.0 0.0 0.0 0.0 0.05000000000000071 0.9500000000000011 1.0 1.0 1.0 1.0 1.0 1.0 1.0 1.0 0.9499999999999993 
0.9500000000000028 1.0 1.0 1.0 0.44999999999999796 0.0 0.0 0.0 0.0 0.0 0.0 0.0 0.0 0.0 0.0 0.4499999999999993 1.0 1.0 1.0 0.9499999999999993 
0.9500000000000028 1.0 1.0 1.0 0.44999999999999796 0.0 0.0 0.0 0.0 0.0 0.0 0.0 0.0 0.0 0.0 0.4499999999999993 1.0 1.0 1.0 0.9499999999999993 
0.9500000000000028 1.0 1.0 1.0 0.44999999999999796 0.0 0.0 0.0 0.0 0.0 0.0 0.0 0.0 0.0 0.0 0.4499999999999993 1.0 1.0 1.0 0.9499999999999993 
0.9500000000000028 1.0 1.0 1.0 0.44999999999999796 0.0 0.0 0.0 0.0 0.0 0.0 0.0 0.0 0.0 0.0 0.4499999999999993 1.0 1.0 1.0 0.9499999999999993 
0.8787499999999999 0.9887499999999998 1.0 1.0 0.44999999999999796 0.0 0.0 0.0 0.0 0.0 0.0 0.0 0.0 0.0 0.0 0.4499999999999993 1.0 1.0 0.9887499999999997 0.8787499999999966 
0.0 0.8500000000000025 1.0 1.0 0.8487500000000002 0.3987499999999994 0.0 0.0 0.0 0.0 0.0 0.0 0.0 0.0 0.39875000000000127 0.8487500000000006 1.0 1.0 0.8500000000000014 0.0 
0.0 0.5312500000000017 0.9062500000000009 1.0 1.0 1.0 0.7812499999999991 0.375 0.31874999999999953 0.0 0.0 0.0 0.28125 0.7812500000000002 1.0 1.0 1.0 0.75 0.0 0.0 
0.0 0.0 0.0 0.6337500000000007 0.9887499999999991 1.0 1.0 1.0 1.0 1.0 1.0 1.0 1.0 1.0 0.9862499999999988 0.5362499999999996 0.0 0.0 0.0 0.0 
0.0 0.0 0.0 0.0 0.17875000000000027 0.3249999999999993 0.3249999999999993 0.4937500000000007 1.0 0.9662499999999995 0.3587499999999986 0.3249999999999993 0.3249999999999993 0.3249999999999993 0.14624999999999944 0.0 0.0 0.0 0.0 0.0 
