0.0 0.0 0.0 0.0 0.0 0.0 0.0 0.24999999999999822 1.0 1.0 1.0 1.0 1.0 0.3500000000000014 0.0 0.0 0.0 0.0 0.0 0.0 
0.0 0.0 0.0 0.0 0.0 0.0 0.0 0.24999999999999822 1.0 1.0 1.0 1.0 1.0 0.3500000000000014 0.0 0.0 0.0 0.0 0.0 0.0 
0.0 0.0 0.0 0.0 0.0 0.0 0.34999999999999876 1.0 1.0 1.0 1.0 1.0 1.0 0.5937500000000003 0.16875000000000068 0.0 0.0 0.0 0.0 0.0 
0.0 0.0 0.0 0.0 0.0 0.0 0.34999999999999876 1.0 1.0 1.0 1.0 1.0 1.0 1.0 0.45000000000000284 0.0 0.0 0.0 0.0 0.0 
0.0 0.0 0.0 0.0 0.0 0.0 0.34999999999999876 1.0 1.0 1.0 1.0 1.0 1.0 1.0 0.45000000000000284 0.0 0.0 0.0 0.0 0.0 
0.0 0.0 0.0 0.0 0.0 0.4499999999999993 1.0 1.0 1.0 1.0 1.0 1.0 1.0 1.0 0.463750000000003 0.013750000000000257 0.0 0.0 0.0 0.0 
0.0 0.0 0.0 0.0 0.0 0.4499999999999993 1.0 1.0 1.0 1.0 1.0 1.0 1.0 1.0 1.0 0.5500000000000025 0.0 0.0 0.0 0.0 
0.0 0.0 0.0 0.0 0.0 0.4499999999999993 1.0 1.0 0.9812500000000002 0.8312500000000009 0.04375000000000062 0.7437499999999981 0.9687499999999998 1.0 1.0 0.5500000000000025 0.0 0.0 0.0 0.0 
0.0 0.0 0.0 0.0 0.3712499999999997 0.8212500000000001 1.0 1.0 0.8500000000000014 0.0 0.0 0.0 0.7499999999999982 1.0 1.0 0.8537500000000011 0.4387500000000019 0.0 0.0 0.0 
0.0 0.0 0.0 0.0 0.5499999999999989 1.0 1.0 0.9437500000000001 0.65875 0.0 0.0 0.0 0.7499999999999982 1.0 1.0 1.0 0.6500000000000021 0.0 0.0 0.0 
0.0 0.0 0.0 0.0 0.5499999999999989 1.0 1.0 0.7500000000000018 0.0 0.0 0.0 0.0 0.168749999999998 0.7287499999999981 1.0 1.0 0.6500000000000021 0.0 0.0 0.0 
0.0 0.0 0.0 0.649999999999999 1.0 1.0 1.0 0.7500000000000018 0.0 0.0 0.0 0.0 0.0 0.6499999999999986 1.0 1.0 1.0 0.7500000000000018 0.0 0.0 
0.0 0.0 0.0 0.649999999999999 1.0 1.0 1.0 0.7500000000000018 0.0 0.0 0.0 0.0 0.0 0.6499999999999986 1.0 1.0 1.0 0.7500000000000018 0.0 0.0 
0.0 0.0 0.31875000000000014 0.7987499999999996 1.0 1.0 0.6500000000000012 0.0 0.0 0.0 0.0 0.0 0.0 0.0 0.5499999999999972 1.0 1.0 0.7500000000000018 0.0 0.0 
0.0 0.0 0.7499999999999991 1.0 1.0 1.0 0.6500000000000012 0.0 0.0 0.0 0.0 0.0 0.0 0.0 0.5499999999999972 1.0 1.0 0.9937500000000004 0.8287500000000025 0.0 
0.0 0.0 0.7499999999999991 1.0 1.0 1.0 0.8337500000000013 0.5250000000000021 0.5250000000000021 0.5250000000000021 0.5250000000000021 0.5250000000000021 0.5250000000000021 0.5250000000000021 0.7862499999999997 1.0 1.0 1.0 0.8500000000000014 0.0 
0.0 0.8499999999999992 1.0 1.0 1.0 1.0 1.0 1.0 1.0 1.0 1.0 1.0 1.0 1.0 1.0 1.0 1.0 1.0 0.8612500000000017 0.07125000000000291 
0.0 0.8499999999999992 1.0 1.0 1.0 0.7187499999999989 0.37499999999999645 0.37499999999999645 0.37499999999999645 0.37499999999999645 0.37499999999999645 0.37499999999999645 0.37499999999999645 0.37499999999999645 0.37499999999999645 0.6562499999999964 1.0 1.0 1.0 0.9500000000000028 
0.16625000000000392 0.87625 1.0 1.0 0.9037499999999978 0.45374999999999827 0.0 0.0 0.0 0.0 0.0 0.0 0.0 0.0 0.0 0.371249999999996 0.8862499999999969 1.0 1.0 0.9500000000000028 
0.9499999999999993 1.0 1.0 1.0 0.45000000000000107 0.0 0.0 0.0 0.0 0.0 0.0 0.0 0.0 0.0 0.0 0.0 0.34999999999999787 1.0 1.0 0.9500000000000028 
