0.0 0.8499999999999972 1.0 1.0 1.0 1.0 1.0 1.0 1.0 1.0 1.0 1.0 1.0 1.0 1.0 1.0 1.0 1.0 1.0 0.95000000000001 
0.0 0.8499999999999972 1.0 1.0 1.0 1.0 1.0 1.0 1.0 1.0 1.0 1.0 1.0 1.0 1.0 1.0 1.0 1.0 1.0 0.95000000000001 
0.0 0.8499999999999972 1.0 1.0 1.0 0.7750000000000001 0.49999999999999556 0.49999999999999556 0.49999999999999556 0.49999999999999556 0.49999999999999556 0.49999999999999556 0.49999999999999556 0.49999999999999556 0.49999999999999556 0.49999999999999556 0.49999999999999556 0.49999999999999556 0.4250000000000005 0.0 
0.0 0.8499999999999972 1.0 1.0 1.0 0.5500000000000043 0.0 0.0 0.0 0.0 0.0 0.0 0.0 0.0 0.0 0.0 0.0 0.0 0.0 0.0 
0.0 0.8499999999999972 1.0 1.0 1.0 0.5500000000000043 0.0 0.0 0.0 0.0 0.0 0.0 0.0 0.0 0.0 0.0 0.0 0.0 0.0 0.0 
0.0 0.8499999999999972 1.0 1.0 1.0 0.5500000000000043 0.0 0.0 0.0 0.0 0.0 0.0 0.0 0.0 0.0 0.0 0.0 0.0 0.0 0.0 
0.0 0.8499999999999972 1.0 1.0 1.0 0.5500000000000043 0.0 0.22499999999999742 0.9000000000000057 0.9000000000000057 0.9000000000000057 0.9000000000000057 0.9000000000000057 0.31500000000000805 0.0 0.0 0.0 0.0 0.0 0.0 
0.0 0.8499999999999972 1.0 1.0 1.0 1.0 1.0 1.0 1.0 1.0 1.0 1.0 1.0 1.0 1.0 0.7750000000000064 0.32500000000000717 0.0 0.0 0.0 
0.0 0.8499999999999972 1.0 1.0 1.0 1.0 0.9649999999999986 0.899999999999995 0.7650000000000002 0.0 0.0 0.7649999999999907 0.899999999999995 0.899999999999995 0.9549999999999971 1.0 1.0 1.0 0.8500000000000085 0.0 
0.0 0.8499999999999972 1.0 1.0 1.0 0.6850000000000009 0.19499999999999817 0.0 0.0 0.0 0.0 0.0 0.0 0.0 0.5499999999999936 1.0 1.0 1.0 0.9550000000000032 0.6650000000000114 
0.0 0.0 0.0 0.0 0.0 0.0 0.0 0.0 0.0 0.0 0.0 0.0 0.0 0.0 0.0 0.4499999999999922 1.0 1.0 1.0 0.95000000000001 
0.0 0.0 0.0 0.0 0.0 0.0 0.0 0.0 0.0 0.0 0.0 0.0 0.0 0.0 0.0 0.4499999999999922 1.0 1.0 1.0 0.95000000000001 
0.0 0.0 0.0 0.0 0.0 0.0 0.0 0.0 0.0 0.0 0.0 0.0 0.0 0.0 0.0 0.4499999999999922 1.0 1.0 1.0 0.95000000000001 
0.0 0.0 0.0 0.0 0.0 0.0 0.0 0.0 0.0 0.0 0.0 0.0 0.0 0.0 0.0 0.4499999999999922 1.0 1.0 1.0 0.95000000000001 
0.6650000000000044 0.7000000000000064 0.7000000000000064 0.7000000000000064 0.3150000000000055 0.0 0.0 0.0 0.0 0.0 0.0 0.0 0.0 0.0 0.0 0.4499999999999922 1.0 1.0 1.0 0.95000000000001 
0.9499999999999975 1.0 1.0 1.0 0.45000000000000373 0.0 0.0 0.0 0.0 0.0 0.0 0.0 0.0 0.0 0.0 0.4499999999999922 1.0 1.0 1.0 0.95000000000001 
0.9499999999999975 1.0 1.0 1.0 0.9450000000000035 0.495000000000007 0.0 0.0 0.0 0.0 0.0 0.0 0.0 0.0 0.4949999999999974 0.9450000000000024 1.0 1.0 0.8650000000000069 0.09499999999999559 
0.0 0.8499999999999972 1.0 1.0 1.0 0.7750000000000054 0.32500000000000656 0.0 0.0 0.0 0.0 0.0 0.0 0.32500000000000123 0.775 1.0 1.0 0.8750000000000018 0.4249999999999982 0.0 
0.0 0.0 0.6749999999999935 0.964999999999998 1.0 1.0 1.0 1.0 1.0 1.0 1.0 1.0 1.0 1.0 1.0 0.9549999999999985 0.5850000000000035 0.0 0.0 0.0 
0.0 0.0 0.0 0.19499999999999487 0.2999999999999936 0.6149999999999936 1.0 1.0 1.0 1.0 1.0 1.0 1.0 1.0 0.6150000000000009 0.16499999999999881 0.0 0.0 0.0 0.0 
