0.9750000000000014 1.0 1.0 1.0 1.0 1.0 1.0 1.0 1.0 1.0 1.0 1.0 1.0 1.0 1.0 1.0 1.0 1.0 1.0 0.9749999999999872 
0.9750000000000014 1.0 1.0 1.0 1.0 1.0 1.0 1.0 1.0 1.0 1.0 1.0 1.0 1.0 1.0 1.0 1.0 1.0 1.0 0.9749999999999872 
0.24374999999999863 0.24999999999999822 0.24999999999999822 0.24999999999999822 0.24999999999999822 0.24999999999999822 0.24999999999999822 0.7187500000000033 1.0 1.0 1.0 1.0 0.718749999999994 0.24999999999999822 0.24999999999999822 0.24999999999999822 0.24999999999999822 0.24999999999999822 0.24999999999999822 0.24374999999999508 
0.0 0.0 0.0 0.0 0.0 0.0 0.0 0.6250000000000053 1.0 1.0 1.0 0.5749999999999922 0.0 0.0 0.0 0.0 0.0 0.0 0.0 0.0 
0.0 0.0 0.0 0.0 0.0 0.0 0.0 0.6250000000000053 1.0 1.0 1.0 0.5749999999999922 0.0 0.0 0.0 0.0 0.0 0.0 0.0 0.0 
0.0 0.0 0.0 0.0 0.0 0.0 0.0 0.6250000000000053 1.0 1.0 1.0 0.5749999999999922 0.0 0.0 0.0 0.0 0.0 0.0 0.0 0.0 
0.0 0.0 0.0 0.0 0.0 0.0 0.0 0.6250000000000053 1.0 1.0 1.0 0.5749999999999922 0.0 0.0 0.0 0.0 0.0 0.0 0.0 0.0 
0.0 0.0 0.0 0.0 0.0 0.0 0.0 0.6250000000000053 1.0 1.0 1.0 0.5749999999999922 0.0 0.0 0.0 0.0 0.0 0.0 0.0 0.0 
0.0 0.0 0.0 0.0 0.0 0.0 0.0 0.6250000000000053 1.0 1.0 1.0 0.5749999999999922 0.0 0.0 0.0 0.0 0.0 0.0 0.0 0.0 
0.0 0.0 0.0 0.0 0.0 0.0 0.0 0.6250000000000053 1.0 1.0 1.0 0.5749999999999922 0.0 0.0 0.0 0.0 0.0 0.0 0.0 0.0 
0.0 0.0 0.0 0.0 0.0 0.0 0.0 0.6250000000000053 1.0 1.0 1.0 0.5749999999999922 0.0 0.0 0.0 0.0 0.0 0.0 0.0 0.0 
0.0 0.0 0.0 0.0 0.0 0.0 0.0 0.6250000000000053 1.0 1.0 1.0 0.5749999999999922 0.0 0.0 0.0 0.0 0.0 0.0 0.0 0.0 
0.0 0.0 0.0 0.0 0.0 0.0 0.0 0.6250000000000053 1.0 1.0 1.0 0.5749999999999922 0.0 0.0 0.0 0.0 0.0 0.0 0.0 0.0 
0.0 0.0 0.0 0.0 0.0 0.0 0.0 0.6250000000000053 1.0 1.0 1.0 0.5749999999999922 0.0 0.0 0.0 0.0 0.0 0.0 0.0 0.0 
0.0 0.0 0.0 0.0 0.0 0.0 0.0 0.6250000000000053 1.0 1.0 1.0 0.5749999999999922 0.0 0.0 0.0 0.0 0.0 0.0 0.0 0.0 
0.0 0.0 0.0 0.0 0.0 0.0 0.0 0.6250000000000053 1.0 1.0 1.0 0.5749999999999922 0.0 0.0 0.0 0.0 0.0 0.0 0.0 0.0 
0.0 0.0 0.0 0.0 0.0 0.0 0.0 0.6250000000000053 1.0 1.0 1.0 0.5749999999999922 0.0 0.0 0.0 0.0 0.0 0.0 0.0 0.0 
0.0 0.0 0.0 0.0 0.0 0.0 0.0 0.6250000000000053 1.0 1.0 1.0 0.5749999999999922 0.0 0.0 0.0 0.0 0.0 0.0 0.0 0.0 
0.0 0.0 0.0 0.0 0.0 0.0 0.0 0.6250000000000053 1.0 1.0 1.0 0.5749999999999922 0.0 0.0 0.0 0.0 0.0 0.0 0.0 0.0 
0.0 0.0 0.0 0.0 0.0 0.0 0.0 0.6250000000000053 1.0 1.0 1.0 0.5749999999999922 0.0 0.0 0.0 0.0 0.0 0.0 0.0 0.0 
