0.38999999999998597 0.3999999999999879 0.3999999999999879 0.8949999999999942 0.5349999999999941 0.8349999999999933 1.0 0.6249999999999962 0.3999999999999879 0.3999999999999879 0.3999999999999879 0.3999999999999879 0.3999999999999879 0.3999999999999879 0.3999999999999879 0.3999999999999879 0.3999999999999879 0.3999999999999879 0.3999999999999879 0.3899999999999902 
0.9749999999999943 1.0 1.0 1.0 1.0 1.0 1.0 1.0 1.0 1.0 1.0 1.0 1.0 1.0 1.0 1.0 1.0 1.0 1.0 0.975000000000005 
0.9749999999999943 1.0 1.0 1.0 1.0 1.0 1.0 1.0 1.0 1.0 1.0 1.0 1.0 1.0 1.0 1.0 1.0 1.0 1.0 0.975000000000005 
0.0 0.0 0.0 0.0 0.0 0.0 0.0 0.0 0.0 0.0 0.0 0.0 0.0 0.32499999999999396 1.0 1.0 1.0 1.0 0.9400000000000069 0.19500000000000983 
0.0 0.0 0.0 0.0 0.0 0.0 0.0 0.0 0.0 0.0 0.0 0.0 0.2249999999999926 0.729999999999992 1.0 1.0 1.0 0.9250000000000053 0.3700000000000109 0.0 
0.0 0.0 0.0 0.0 0.0 0.0 0.0 0.0 0.0 0.0 0.0 0.0 0.3749999999999929 1.0 1.0 1.0 0.9300000000000037 0.5250000000000101 0.0 0.0 
0.0 0.0 0.0 0.0 0.0 0.0 0.0 0.0 0.0 0.0 0.0 0.4249999999999936 1.0 1.0 1.0 1.0 0.8250000000000064 0.0 0.0 0.0 
0.0 0.0 0.0 0.0 0.0 0.0 0.0 0.0 0.0 0.0 0.47499999999999176 0.9999999999999969 1.0 1.0 1.0 0.7750000000000069 4.396483177515654e-15 0.0 0.0 0.0 
0.0 0.0 0.0 0.0 0.0 0.0 0.0 0.0 0.0 0.41999999999999216 0.8949999999999965 1.0 1.0 1.0 0.7250000000000068 0.0 0.0 0.0 0.0 0.0 
0.0 0.0 0.0 0.0 0.0 0.0 0.0 0.0 0.34499999999999514 0.8099999999999963 1.0 1.0 1.0 0.675000000000006 0.0 0.0 0.0 0.0 0.0 0.0 
0.0 0.0 0.0 0.0 0.0 0.0 0.0 0.2499999999999966 0.7449999999999958 1.0 1.0 1.0 0.6250000000000071 0.0 0.0 0.0 0.0 0.0 0.0 0.0 
0.0 0.0 0.0 0.0 0.0 0.0 0.13499999999999823 0.6999999999999947 1.0 1.0 1.0 0.5750000000000064 0.0 0.0 0.0 0.0 0.0 0.0 0.0 0.0 
0.0 0.0 0.0 0.0 0.0 0.0 0.6749999999999936 1.0 1.0 1.0 0.5250000000000057 0.0 0.0 0.0 0.0 0.0 0.0 0.0 0.0 0.0 
0.0 0.0 0.0 0.0 0.0 0.7249999999999943 1.0 1.0 1.0 0.580000000000005 0.10500000000000076 0.0 0.0 0.0 0.0 0.0 0.0 0.0 0.0 0.0 
0.0 0.0 0.0 0.0 0.7749999999999941 1.0 1.0 1.0 0.6550000000000028 0.19000000000000203 0.0 0.0 0.0 0.0 0.0 0.0 0.0 0.0 0.0 0.0 
0.0 0.0 0.0 0.824999999999994 1.0 1.0 1.0 0.7500000000000011 0.2550000000000027 0.0 0.0 0.0 0.0 0.0 0.0 0.0 0.0 0.0 0.0 0.0 
0.0 0.0 0.8749999999999942 1.0 1.0 1.0 0.8649999999999993 0.30000000000000393 0.0 0.0 0.0 0.0 0.0 0.0 0.0 0.0 0.0 0.0 0.0 0.0 
0.0 0.9249999999999943 1.0 1.0 1.0 0.9999999999999974 0.32500000000000523 0.0 0.0 0.0 0.0 0.0 0.0 0.0 0.0 0.0 0.0 0.0 0.0 0.0 
0.7800000000000066 0.9849999999999997 1.0 1.0 1.0 0.2750000000000057 0.0 0.0 0.0 0.0 0.0 0.0 0.0 0.0 0.0 0.0 0.0 0.0 0.0 0.0 
0.9749999999999943 1.0 1.0 1.0 0.22500000000000586 0.0 0.0 0.0 0.0 0.0 0.0 0.0 0.0 0.0 0.0 0.0 0.0 0.0 0.0 0.0 
