0.0 0.0 0.0 0.0 0.0 0.30812500000000625 0.4250000000000078 0.4250000000000078 0.7556250000000044 1.0 1.0 1.0 0.7843750000000019 0.4250000000000078 0.30812500000000476 0.0 0.0 0.0 0.0 0.0 
0.0 0.0 0.0 0.2268750000000073 0.8368750000000031 1.0 1.0 1.0 1.0 1.0 1.0 1.0 1.0 1.0 1.0 1.0 0.8731249999999997 0.24062500000000633 0.0 0.0 
0.0 0.0 0.8750000000000016 1.0 1.0 1.0 1.0 0.9218749999999942 0.8749999999999911 0.4156249999999939 0.0 0.3718749999999984 0.8749999999999911 0.9156249999999944 1.0 1.0 1.0 0.890624999999998 0.11562500000000786 0.0 
0.0 0.9018750000000093 0.9968750000000011 1.0 1.0 1.0 0.3418749999999927 0.009374999999996757 0.0 0.0 0.0 0.0 0.0 0.0081249999999973 0.2931249999999959 1.0 1.0 1.0 0.9249999999999972 0.0 
0.0 0.9250000000000015 1.0 1.0 1.0 0.2749999999999986 0.0 0.0 0.0 0.0 0.0 0.0 0.0 0.0 0.048124999999997885 0.36062499999999564 1.0 1.0 1.0 0.9749999999999979 
0.0 0.3006249999999916 0.3249999999999904 0.3249999999999904 0.3249999999999904 0.0893749999999969 0.0 0.0 0.0 0.0 0.0 0.0 0.0 0.0 0.0 0.2250000000000032 1.0 1.0 1.0 0.9749999999999979 
0.0 0.0 0.0 0.0 0.0 0.0 0.0 0.0 0.0 0.0 0.0 0.0 0.0 0.0 0.14437500000000367 0.6318750000000086 1.0 1.0 1.0 0.9749999999999979 
0.0 0.0 0.0 0.0 0.0 0.0 0.0 0.0 0.0 0.0 0.0 0.0 0.0 0.12187500000000454 0.5468750000000091 1.0 1.0 1.0 0.9249999999999972 0.0 
0.0 0.0 0.0 0.0 0.0 0.0 0.0 0.14062500000000683 0.2250000000000103 0.2250000000000103 0.2250000000000103 0.2250000000000103 0.5156250000000078 1.0 1.0 1.0 0.9606249999999976 0.6781249999999882 0.0 0.0 
0.0 0.0 0.0 0.0 0.0 0.0 0.0 0.6250000000000018 1.0 1.0 1.0 1.0 1.0 1.0 1.0 0.7749999999999968 0.0 0.0 0.0 0.0 
0.0 0.0 0.0 0.0 0.0 0.0 0.0 0.6250000000000018 1.0 1.0 1.0 1.0 1.0 1.0 1.0 0.9831250000000024 0.763125000000007 0.0 0.0 0.0 
0.0 0.0 0.0 0.0 0.0 0.0 0.0 0.0 0.0 0.0 0.0 0.0 0.0843749999999956 0.47687499999999355 1.0 1.0 1.0 0.9718750000000008 0.7168750000000096 0.0 
0.0 0.0 0.0 0.0 0.0 0.0 0.0 0.0 0.0 0.0 0.0 0.0 0.0 0.0 0.10312499999999787 0.5156249999999938 1.0 1.0 1.0 0.9749999999999979 
0.0 0.0 0.0 0.0 0.0 0.0 0.0 0.0 0.0 0.0 0.0 0.0 0.0 0.0 0.0 0.2250000000000032 1.0 1.0 1.0 0.9749999999999979 
0.9750000000000014 1.0 1.0 1.0 0.2249999999999983 0.0 0.0 0.0 0.0 0.0 0.0 0.0 0.0 0.0 0.0 0.2250000000000032 1.0 1.0 1.0 0.9749999999999979 
0.9750000000000014 1.0 1.0 1.0 0.2249999999999983 0.0 0.0 0.0 0.0 0.0 0.0 0.0 0.0 0.0 0.0 0.2250000000000032 1.0 1.0 1.0 0.9749999999999979 
0.0 0.9250000000000015 1.0 1.0 1.0 0.2931250000000079 0.008125000000004117 0.0 0.0 0.0 0.0 0.0 0.0 0.0 0.27500000000000213 1.0 1.0 1.0 0.9981249999999989 0.9506249999999854 
0.0 0.11562499999998704 0.8906249999999996 1.0 1.0 1.0 0.9156250000000093 0.3281250000000038 0.0 0.0 0.0 0.0 0.3281250000000069 0.8750000000000142 0.9093750000000106 1.0 1.0 1.0 0.9249999999999972 0.0 
0.0 0.0 0.24062499999999296 0.8731249999999996 1.0 1.0 1.0 1.0 1.0 1.0 1.0 1.0 1.0 1.0 1.0 1.0 0.8731249999999967 0.24062499999999157 0.0 0.0 
0.0 0.0 0.0 0.0 0.0 0.3081249999999882 0.42499999999998295 0.7843749999999946 1.0 1.0 1.0 1.0 0.7843749999999926 0.42499999999998295 0.42499999999998295 0.32937499999998543 0.0 0.0 0.0 0.0 
