0.0 0.0 0.0 0.0 0.07500000000000062 0.4250000000000007 0.7750000000000008 1.0 1.0 1.0 1.0 1.0 1.0 1.0 1.0 1.0 1.0 1.0 1.0 0.6749999999999972 
0.0 0.025000000000000355 0.37500000000000044 0.7250000000000005 1.0 1.0 1.0 1.0 1.0 1.0 1.0 1.0 1.0 1.0 1.0 1.0 1.0 1.0 1.0 0.6749999999999972 
0.5906250000000021 0.8781250000000026 0.9218750000000018 0.9656250000000008 1.0 1.0 1.0 1.0 1.0 1.0 1.0 1.0 1.0 1.0 1.0 1.0 1.0 1.0 1.0 0.6749999999999972 
0.6750000000000003 1.0 1.0 1.0 1.0 1.0 1.0 1.0 1.0 1.0 1.0 1.0 1.0 1.0 1.0 1.0 1.0 1.0 1.0 0.6749999999999972 
0.42187499999999895 0.6249999999999982 0.6249999999999982 0.6249999999999982 0.6531249999999986 0.7843749999999993 0.9156249999999999 1.0 1.0 1.0 1.0 1.0 1.0 1.0 1.0 1.0 1.0 1.0 1.0 0.6749999999999972 
0.0 0.0 0.0 0.0 0.0 0.0 0.0 0.1250000000000009 0.475000000000001 0.8250000000000011 1.0 1.0 1.0 1.0 1.0 1.0 1.0 1.0 1.0 0.6749999999999972 
0.0 0.0 0.0 0.0 0.0 0.0 0.0 0.1250000000000009 0.475000000000001 0.8250000000000011 1.0 1.0 1.0 1.0 1.0 1.0 1.0 1.0 1.0 0.6749999999999972 
0.0 0.0 0.0 0.0 0.04687500000000039 0.26562500000000044 0.4843750000000005 0.6718750000000003 0.8031250000000003 0.9343750000000004 1.0 1.0 1.0 1.0 1.0 1.0 1.0 1.0 1.0 0.6749999999999972 
0.0 0.0 0.0 0.0 0.0 0.0 0.0 0.1250000000000009 0.475000000000001 0.8250000000000011 1.0 1.0 1.0 1.0 1.0 1.0 1.0 1.0 1.0 0.6749999999999972 
0.0 0.0 0.0 0.0 0.0 0.0 0.0 0.1250000000000009 0.475000000000001 0.8250000000000011 1.0 1.0 1.0 1.0 1.0 1.0 1.0 1.0 1.0 0.6749999999999972 
0.0 0.0 0.0 0.0 0.06562500000000054 0.3718750000000006 0.6781250000000008 0.8906250000000001 0.9343750000000002 0.9781250000000001 1.0 1.0 1.0 1.0 1.0 1.0 1.0 1.0 1.0 0.6749999999999972 
0.0 0.0 0.0 0.0 0.0 0.0 0.0 0.1250000000000009 0.475000000000001 0.8250000000000011 1.0 1.0 1.0 1.0 1.0 1.0 1.0 1.0 1.0 0.6749999999999972 
0.0 0.0 0.0 0.0 0.07500000000000062 0.4250000000000007 0.7750000000000008 1.0 1.0 1.0 1.0 1.0 1.0 1.0 1.0 1.0 1.0 1.0 1.0 0.6749999999999972 
0.0 0.0 0.0 0.0 0.07500000000000062 0.4250000000000007 0.7750000000000008 1.0 1.0 1.0 1.0 1.0 1.0 1.0 1.0 1.0 1.0 1.0 1.0 0.6749999999999972 
0.0 0.0 0.0 0.0 0.07500000000000062 0.4250000000000007 0.7750000000000008 1.0 1.0 1.0 1.0 1.0 1.0 1.0 1.0 1.0 1.0 1.0 1.0 0.6749999999999972 
0.0 0.0 0.0 0.0 0.07500000000000062 0.4250000000000007 0.7750000000000008 1.0 1.0 1.0 1.0 1.0 1.0 1.0 1.0 1.0 1.0 1.0 1.0 0.6749999999999972 
0.0 0.0 0.0 0.0 0.07500000000000062 0.4250000000000007 0.7750000000000008 1.0 1.0 1.0 1.0 1.0 1.0 1.0 1.0 1.0 1.0 1.0 1.0 0.6749999999999972 
0.0 0.0 0.0 0.0 0.07500000000000062 0.4250000000000007 0.7750000000000008 1.0 1.0 1.0 1.0 1.0 1.0 1.0 1.0 1.0 1.0 1.0 1.0 0.6749999999999972 
0.0 0.0 0.0 0.0 0.07500000000000062 0.4250000000000007 0.7750000000000008 1.0 1.0 1.0 1.0 1.0 1.0 1.0 1.0 1.0 1.0 1.0 1.0 0.6749999999999972 
0.0 0.0 0.0 0.0 0.07500000000000062 0.4250000000000007 0.7750000000000008 1.0 1.0 1.0 1.0 1.0 1.0 1.0 1.0 1.0 0.8281249999999987 0.6093749999999989 0.3906249999999991 0.25312499999999893 
