0.0 0.0 0.0 0.018750000000000024 0.13124999999999903 0.14999999999999858 0.4687500000000014 1.0 1.0 1.0 1.0 1.0 1.0 1.0 1.0 0.8937499999999938 0.2562499999999927 0.14999999999999858 0.09374999999999804 0.0 
0.0 0.0 0.16874999999999996 0.5187499999999997 0.9312500000000008 1.0 1.0 1.0 1.0 1.0 1.0 1.0 1.0 1.0 1.0 1.0 1.0 1.0 0.6249999999999929 0.0 
0.0 0.0 0.3750000000000009 1.0 1.0 1.0 1.0 1.0 1.0 0.5312499999999979 0.2500000000000009 0.3437500000000048 0.9062500000000041 1.0 1.0 1.0 1.0 1.0 0.9062499999999979 0.6562499999999926 
0.0 0.6250000000000004 1.0 1.0 1.0 1.0 0.6249999999999973 0.0 0.0 0.0 0.0 0.0 0.0 0.0 0.3750000000000071 1.0 1.0 1.0 1.0 0.8749999999999911 
0.0 0.6250000000000004 1.0 1.0 1.0 1.0 0.6249999999999973 0.0 0.0 0.0 0.0 0.0 0.0 0.0 0.24375000000000474 0.6937500000000028 0.9562500000000025 1.0 1.0 0.8749999999999911 
0.0 0.6250000000000004 1.0 1.0 1.0 1.0 0.6249999999999973 0.0 0.0 0.0 0.0 0.0 0.0 0.0 0.0 0.04375000000000244 0.3062500000000022 0.34999999999999964 0.34999999999999964 0.3062499999999966 
0.0 0.6250000000000004 1.0 1.0 1.0 1.0 0.6249999999999973 0.0 0.0 0.0 0.0 0.0 0.0 0.0 0.0 0.0 0.0 0.0 0.0 0.0 
0.0 0.6250000000000004 1.0 1.0 1.0 1.0 1.0 1.0 1.0 1.0 1.0 1.0 1.0 1.0 0.7187499999999947 0.21874999999999822 0.031249999999998224 0.0 0.0 0.0 
0.0 0.6250000000000004 1.0 1.0 1.0 1.0 1.0 1.0 1.0 1.0 1.0 1.0 1.0 1.0 1.0 0.9437499999999969 0.6062499999999974 0.20624999999999635 0.0 0.0 
0.0 0.6250000000000004 1.0 1.0 1.0 1.0 1.0 1.0 1.0 0.4687499999999961 0.4687500000000029 1.0 1.0 1.0 1.0 1.0 1.0 0.9062499999999998 0.5312499999999949 0.0 
0.0 0.6250000000000004 1.0 1.0 1.0 1.0 0.6249999999999973 0.0 0.0 0.0 0.0 0.0 0.0 0.5312500000000032 0.9062499999999998 1.0 1.0 1.0 1.0 0.8749999999999911 
0.0 0.6250000000000004 1.0 1.0 1.0 0.7187499999999983 0.3437499999999979 0.0 0.0 0.0 0.0 0.0 0.0 0.0 0.3750000000000071 1.0 1.0 1.0 1.0 0.8749999999999911 
0.6562500000000016 0.9062500000000008 1.0 1.0 1.0 0.3749999999999978 0.0 0.0 0.0 0.0 0.0 0.0 0.0 0.0 0.3750000000000071 1.0 1.0 1.0 1.0 0.8749999999999911 
0.875 1.0 1.0 1.0 1.0 0.3749999999999978 0.0 0.0 0.0 0.0 0.0 0.0 0.0 0.0 0.3750000000000071 1.0 1.0 1.0 1.0 0.8749999999999911 
0.875 1.0 1.0 1.0 1.0 0.3749999999999978 0.0 0.0 0.0 0.0 0.0 0.0 0.0 0.0 0.3750000000000071 1.0 1.0 1.0 1.0 0.8749999999999911 
0.30624999999999813 0.7562499999999994 1.0 1.0 1.0 0.7812500000000006 0.4062499999999996 0.0 0.0 0.0 0.0 0.0 0.0 0.0 0.3750000000000071 1.0 1.0 1.0 1.0 0.8749999999999911 
0.0 0.6250000000000004 1.0 1.0 1.0 1.0 0.6249999999999973 0.0 0.0 0.0 0.0 0.0 0.0 0.5937500000000069 0.9687500000000021 1.0 1.0 1.0 0.6437499999999922 0.04374999999999707 
0.0 0.4687499999999981 0.843749999999998 1.0 1.0 1.0 1.0 1.0 1.0 1.0 1.0 1.0 1.0 1.0 1.0 1.0 1.0 0.843749999999996 0.46874999999999245 0.0 
0.0 0.0 0.1687499999999988 0.518749999999997 0.9312500000000005 1.0 1.0 1.0 1.0 1.0 1.0 1.0 1.0 1.0 1.0 0.9312499999999956 0.5187499999999924 0.1687499999999952 0.0 0.0 
0.0 0.0 0.0 0.01874999999999958 0.13124999999999593 0.14999999999999503 0.14999999999999503 0.25624999999999865 0.8937500000000024 1.0 1.0 1.0 1.0 0.46874999999999234 0.14999999999999503 0.1312499999999946 0.018749999999998313 0.0 0.0 0.0 
