1.0 1.0 1.0 1.0 1.0 1.0 1.0 1.0 1.0 1.0 1.0 1.0 1.0 1.0 1.0 1.0 1.0 1.0 1.0 1.0 
1.0 1.0 1.0 1.0 1.0 1.0 1.0 1.0 1.0 1.0 1.0 1.0 1.0 1.0 1.0 1.0 1.0 1.0 1.0 1.0 
1.0 1.0 1.0 1.0 0.9999999999999988 0.9999999999999947 0.9999999999999947 0.9999999999999947 0.9999999999999947 0.9999999999999947 0.9999999999999947 0.9999999999999947 0.9999999999999947 0.9999999999999947 0.9999999999999986 1.0 1.0 1.0 1.0 1.0 
1.0 1.0 1.0 1.0 0.775000000000003 0.0 0.0 0.0 0.0 0.0 0.0 0.0 0.0 0.0 0.7249999999999979 1.0 1.0 1.0 1.0 0.21999999999999384 
1.0 1.0 1.0 1.0 0.775000000000003 0.0 0.0 0.0 0.0 0.0 0.0 0.0 0.0 0.4050000000000038 0.8900000000000006 1.0 1.0 1.0 0.44499999999999496 0.009999999999999308 
0.5999999999999943 0.5999999999999943 0.5999999999999943 0.4949999999999973 0.0 0.0 0.0 0.0 0.0 0.0 0.0 0.0 0.25000000000000355 0.8050000000000023 1.0 1.0 1.0 0.649999999999995 0.044999999999999145 0.0 
0.0 0.0 0.0 0.0 0.0 0.0 0.0 0.0 0.0 0.0 0.0 0.11500000000000252 0.7000000000000017 1.0 1.0 1.0 0.8349999999999963 0.09999999999999942 0.0 0.0 
0.0 0.0 0.0 0.0 0.0 0.0 0.0 0.0 0.0 0.0 1.865174681370258e-15 0.5750000000000008 1.0 1.0 1.0 0.9999999999999972 0.1750000000000001 0.0 0.0 0.0 
0.0 0.0 0.0 0.0 0.0 0.0 0.0 0.0 0.0 0.0 0.5249999999999986 1.0 1.0 1.0 1.0 0.22500000000000142 0.0 0.0 0.0 0.0 
0.0 0.0 0.0 0.0 0.0 0.0 0.0 0.0 0.0 0.47499999999999787 1.0 1.0 1.0 1.0 0.27500000000000213 0.0 0.0 0.0 0.0 0.0 
0.0 0.0 0.0 0.0 0.0 0.0 0.0 0.0 0.42499999999999716 1.0 1.0 1.0 1.0 0.3249999999999993 0.0 0.0 0.0 0.0 0.0 0.0 
0.0 0.0 0.0 0.0 0.0 0.0 0.0 0.37499999999999734 1.0 1.0 1.0 1.0 0.375 0.0 0.0 0.0 0.0 0.0 0.0 0.0 
0.0 0.0 0.0 0.0 0.0 0.0 0.3249999999999975 1.0 1.0 1.0 1.0 0.4250000000000007 0.0 0.0 0.0 0.0 0.0 0.0 0.0 0.0 
0.0 0.0 0.0 0.0 0.0 0.21999999999999933 0.8650000000000024 1.0 1.0 1.0 0.579999999999999 0.08499999999999833 0.0 0.0 0.0 0.0 0.0 0.0 0.0 0.0 
0.0 0.0 0.0 0.0 0.1349999999999985 0.7100000000000001 1.0 1.0 1.0 0.7150000000000005 0.1899999999999999 0.0 0.0 0.0 0.0 0.0 0.0 0.0 0.0 0.0 
0.0 0.0 0.0 0.06999999999999906 0.5349999999999998 1.0 1.0 1.0 0.8300000000000003 0.31500000000000017 0.0 0.0 0.0 0.0 0.0 0.0 0.0 0.0 0.0 0.0 
0.0 0.0 0.024999999999999644 0.33999999999999975 1.0 1.0 1.0 0.9249999999999995 0.46000000000000063 0.0 0.0 0.0 0.0 0.0 0.0 0.0 0.0 0.0 0.0 0.0 
0.0 2.66453525910024e-16 0.12499999999999956 1.0 1.0 1.0 0.9999999999999989 0.6250000000000004 0.0 0.0 0.0 0.0 0.0 0.0 0.0 0.0 0.0 0.0 0.0 0.0 
0.0 0.07499999999999618 1.0 1.0 1.0 1.0 0.6750000000000025 0.0 0.0 0.0 0.0 0.0 0.0 0.0 0.0 0.0 0.0 0.0 0.0 0.0 
0.024999999999995914 1.0 1.0 1.0 1.0 0.7250000000000023 0.0 0.0 0.0 0.0 0.0 0.0 0.0 0.0 0.0 0.0 0.0 0.0 0.0 0.0 
