0.17499999999999893 1.0 1.0 1.0 0.4249999999999998 0.0 0.0 0.0 0.0 0.0 0.0 0.0 0.0 0.0 0.03000000000000103 0.6550000000000018 1.0 1.0 1.0 0.67 
0.17499999999999893 1.0 1.0 1.0 0.4249999999999998 0.0 0.0 0.0 0.0 0.0 0.0 0.0 0.0 0.14499999999999977 1.0 1.0 1.0 0.9749999999999986 0.41999999999999926 0.0 
0.17499999999999893 1.0 1.0 1.0 0.4249999999999998 0.0 0.0 0.0 0.0 0.0 0.0 0.0 0.0 0.7250000000000014 1.0 1.0 1.0 0.0 0.0 0.0 
0.17499999999999893 1.0 1.0 1.0 0.4249999999999998 0.0 0.0 0.0 0.0 0.0 0.0 0.020000000000001725 0.8750000000000004 1.0 1.0 1.0 0.22499999999999432 0.0 0.0 0.0 
0.17499999999999893 1.0 1.0 1.0 0.4249999999999998 0.0 0.0 0.0 0.0 0.0 0.40500000000000247 1.0 1.0 1.0 0.9549999999999982 0.22999999999999748 0.0 0.0 0.0 0.0 
0.17499999999999893 1.0 1.0 1.0 0.4249999999999998 0.0 0.0 0.0 0.0 0.5950000000000021 1.0 1.0 1.0 0.7099999999999979 0.0 0.0 0.0 0.0 0.0 0.0 
0.17499999999999893 1.0 1.0 1.0 0.4249999999999998 0.0 0.0 0.12500000000000214 0.9800000000000012 1.0 1.0 1.0 0.625 0.0 0.0 0.0 0.0 0.0 0.0 0.0 
0.17499999999999893 1.0 1.0 1.0 0.4249999999999998 0.0 9.76996261670139e-16 0.6250000000000031 1.0 1.0 1.0 0.9749999999999944 0.0 0.0 0.0 0.0 0.0 0.0 0.0 0.0 
0.17499999999999893 1.0 1.0 1.0 0.4249999999999998 0.0 0.8550000000000032 1.0 1.0 1.0 0.45999999999999514 0.0 0.0 0.0 0.0 0.0 0.0 0.0 0.0 0.0 
0.17499999999999893 1.0 1.0 1.0 1.0 1.0 1.0 1.0 1.0 1.0 0.7300000000000024 0.0 0.0 0.0 0.0 0.0 0.0 0.0 0.0 0.0 
0.17499999999999893 1.0 1.0 1.0 1.0 1.0 1.0 1.0 1.0 1.0 1.0 0.9749999999999979 0.0 0.0 0.0 0.0 0.0 0.0 0.0 0.0 
0.17499999999999893 1.0 1.0 1.0 1.0 1.0 0.9449999999999982 0.29999999999999616 0.7799999999999949 1.0 1.0 1.0 0.7000000000000024 0.05500000000000147 0.0 0.0 0.0 0.0 0.0 0.0 
0.17499999999999893 1.0 1.0 1.0 1.0 0.9999999999999934 0.0 0.0 0.0 0.32500000000000107 1.0 1.0 1.0 0.27500000000000374 0.0 0.0 0.0 0.0 0.0 0.0 
0.17499999999999893 1.0 1.0 1.0 0.5399999999999954 0.01499999999999927 0.0 0.0 0.0 0.06499999999999767 0.7399999999999994 1.0 1.0 1.0 0.0 0.0 0.0 0.0 0.0 0.0 
0.17499999999999893 1.0 1.0 1.0 0.4249999999999998 0.0 0.0 0.0 0.0 0.0 0.0 1.0 1.0 1.0 0.9699999999999995 0.34500000000000236 0.0 0.0 0.0 0.0 
0.17499999999999893 1.0 1.0 0.7750000000000004 0.0 0.0 0.0 0.0 0.0 0.0 0.0 0.02500000000000213 1.0 1.0 1.0 0.7450000000000014 0.0899999999999998 0.0 0.0 0.0 
0.17499999999999893 1.0 1.0 0.7750000000000004 0.0 0.0 0.0 0.0 0.0 0.0 0.0 0.0 0.375 1.0 1.0 1.0 0.38000000000000317 0.0 0.0 0.0 
0.17500000000000773 1.0 1.0 0.7750000000000004 0.0 0.0 0.0 0.0 0.0 0.0 0.0 0.0 0.0 0.7249999999999936 1.0 1.0 1.0 0.8749999999999929 0.0 0.0 
1.0 1.0 1.0 0.7750000000000004 0.0 0.0 0.0 0.0 0.0 0.0 0.0 0.0 0.0 0.0 1.0 1.0 1.0 0.975 0.4200000000000048 0.0 
0.5049999999999865 1.0 1.0 0.7750000000000004 0.0 0.0 0.0 0.0 0.0 0.0 0.0 0.0 0.0 0.0 0.07500000000000284 1.0 1.0 1.0 0.8100000000000068 0.10500000000000104 
