0.024999999999995914 1.0 1.0 1.0 1.0 1.0 1.0 1.0 1.0 1.0 1.0 1.0 1.0 1.0 1.0 1.0 1.0 1.0 0.07499999999999929 0.0 
0.024999999999995914 1.0 1.0 1.0 1.0 1.0 1.0 1.0 1.0 1.0 1.0 1.0 1.0 1.0 1.0 1.0 1.0 1.0 0.07499999999999929 0.0 
0.024999999999995914 1.0 1.0 1.0 0.9999999999999988 0.9999999999999947 0.6749999999999989 0.0 0.0 0.0 0.0 0.0 0.0 0.0 0.724999999999994 0.9999999999999947 0.9999999999999947 0.9999999999999947 0.07499999999999889 0.0 
0.024999999999995914 1.0 1.0 1.0 0.775000000000003 0.0 0.0 0.0 0.0 0.0 0.0 0.0 0.0 0.0 0.0 0.0 0.0 0.0 0.0 0.0 
0.024999999999995914 1.0 1.0 1.0 0.775000000000003 0.0 0.0 0.0 0.0 0.0 0.0 0.0 0.0 0.0 0.0 0.0 0.0 0.0 0.0 0.0 
0.024999999999995914 1.0 1.0 1.0 0.775000000000003 0.0 0.0 0.0 0.0 0.0 0.0 0.0 0.0 0.0 0.0 0.0 0.0 0.0 0.0 0.0 
0.024999999999995914 1.0 1.0 1.0 0.8200000000000035 0.14500000000000382 0.0 0.0 0.0 0.0 0.0 0.0 0.0 0.0 0.0 0.0 0.0 0.0 0.0 0.0 
0.024999999999995914 1.0 1.0 1.0 1.0 1.0 1.0 1.0 1.0 1.0 1.0 1.0 1.0 0.3250000000000017 3.552713678800501e-15 7.993605777301178e-16 0.0 0.0 0.0 0.0 
0.024999999999995914 1.0 1.0 1.0 1.0 1.0 1.0 1.0 1.0 1.0 1.0 1.0 1.0 1.0 1.0 0.8450000000000036 0.8000000000000043 0.10000000000000053 0.0 0.0 
1.0 1.0 1.0 1.0 1.0 1.0 1.0 1.0 1.0 0.714999999999999 0.7149999999999967 1.0 1.0 1.0 1.0 1.0 1.0 1.0 0.07499999999999929 0.0 
1.0 1.0 1.0 1.0 0.9099999999999999 0.5999999999999943 0.40499999999999764 0.0 0.0 0.0 0.0 0.0 0.37499999999999645 0.5999999999999943 0.8899999999999976 1.0 1.0 1.0 1.0 0.02499999999999858 
0.0 0.0 0.0 0.0 0.0 0.0 0.0 0.0 0.0 0.0 0.0 0.0 0.0 0.0 0.5799999999999962 0.9549999999999991 1.0 1.0 1.0 1.0 
0.0 0.0 0.0 0.0 0.0 0.0 0.0 0.0 0.0 0.0 0.0 0.0 0.0 0.0 0.0 0.7749999999999986 1.0 1.0 1.0 1.0 
0.0 0.0 0.0 0.0 0.0 0.0 0.0 0.0 0.0 0.0 0.0 0.0 0.0 0.0 0.0 0.7749999999999986 1.0 1.0 1.0 1.0 
0.0 0.0 0.0 0.0 0.0 0.0 0.0 0.0 0.0 0.0 0.0 0.0 0.0 0.0 0.0 0.7749999999999986 1.0 1.0 1.0 1.0 
0.40000000000000213 0.40000000000000213 0.40000000000000213 0.40000000000000213 0.3100000000000029 0.0 0.0 0.0 0.0 0.0 0.0 0.0 0.0 0.0 0.2900000000000007 0.8649999999999995 1.0 1.0 1.0 0.6099999999999973 
0.8049999999999964 1.0 1.0 1.0 1.0 0.7800000000000026 0.13500000000000242 0.0 0.0 0.0 0.0 0.0 0.12500000000000178 0.20000000000000284 0.779999999999999 1.0 1.0 1.0 0.8149999999999973 0.019999999999998793 
0.024999999999995824 0.9999999999999967 1.0 1.0 1.0 1.0 1.0 1.0 1.0 1.0 1.0 1.0 1.0 1.0 1.0 1.0 1.0 0.9999999999999969 0.07499999999999903 0.0 
0.0 0.014999999999998917 0.29999999999999344 1.0 1.0 1.0 1.0 1.0 1.0 1.0 1.0 1.0 1.0 1.0 1.0 0.37999999999999784 0.19999999999999574 0.024999999999999467 0.0 0.0 
0.0 0.0 0.0 0.0 0.08999999999999847 0.3999999999999986 0.5949999999999975 1.0 1.0 1.0 1.0 1.0 0.6249999999999991 0.3999999999999986 0.11000000000000046 0.0 0.0 0.0 0.0 0.0 
