0.0 0.0 0.0 0.0 0.23250000000000234 0.30000000000000426 0.30000000000000426 0.7374999999999992 1.0 1.0 1.0 1.0 0.737500000000004 0.30000000000000426 0.21750000000000458 0.0 0.0 0.0 0.0 0.0 
0.0 0.0 0.0 0.7425000000000004 0.9775000000000006 1.0 1.0 1.0 1.0 1.0 1.0 1.0 1.0 1.0 0.9725000000000016 0.9000000000000041 0.7425000000000059 0.0 0.0 0.0 
0.0 0.4625000000000022 0.9374999999999989 1.0 1.0 1.0 0.6624999999999992 0.499999999999996 0.499999999999996 0.2375000000000006 0.23749999999999705 0.499999999999996 0.499999999999996 0.6624999999999952 1.0 1.0 1.0 0.8750000000000036 0.0 0.0 
0.0 0.9249999999999969 1.0 1.0 0.9224999999999971 0.2475000000000016 0.0 0.0 0.0 0.0 0.0 0.0 0.0 0.0 0.2474999999999944 0.9224999999999967 1.0 1.0 0.9250000000000043 0.0 
0.6825000000000015 0.9774999999999994 1.0 1.0 0.2250000000000032 0.0 0.0 0.0 0.0 0.0 0.0 0.0 0.0 0.0 0.0 0.22499999999999787 1.0 1.0 0.9775000000000016 0.6825000000000047 
0.974999999999997 1.0 1.0 1.0 0.2250000000000032 0.0 0.0 0.0 0.0 0.0 0.0 0.0 0.0 0.0 0.0 0.15749999999999756 0.6999999999999957 0.6999999999999957 0.6999999999999957 0.6824999999999969 
0.974999999999997 1.0 1.0 1.0 0.2250000000000032 0.0 0.0 0.0 0.0 0.0 0.0 0.0 0.0 0.0 0.0 0.0 0.0 0.0 0.0 0.0 
0.974999999999997 1.0 1.0 1.0 0.2250000000000032 0.0 0.0 0.0 0.0 0.0 0.0 0.0 0.0 0.0 0.0 0.0 0.0 0.0 0.0 0.0 
0.0 0.9249999999999969 1.0 1.0 0.2250000000000032 0.0 0.0 0.0 0.0 0.0 0.0 0.0 0.0 0.0 0.0 0.0 0.0 0.0 0.0 0.0 
0.0 0.9249999999999969 1.0 1.0 0.2250000000000032 0.0 0.0 0.0 0.0 0.0 0.33249999999999985 0.7000000000000028 0.7000000000000028 0.7000000000000028 0.7000000000000028 0.7000000000000028 0.7000000000000028 0.7000000000000028 0.7000000000000028 0.6825000000000038 
0.0 0.9249999999999969 1.0 1.0 0.2250000000000032 0.0 0.0 0.0 0.0 0.0 0.33249999999999647 0.6999999999999957 0.8124999999999962 1.0 1.0 1.0 1.0 1.0 1.0 0.9750000000000014 
0.0 0.9249999999999969 1.0 1.0 0.2250000000000032 0.0 0.0 0.0 0.0 0.0 0.0 0.0 0.03749999999999885 0.09999999999999787 0.09999999999999787 0.30249999999999644 1.0 1.0 1.0 0.9750000000000014 
0.0 0.9249999999999969 1.0 1.0 0.2250000000000032 0.0 0.0 0.0 0.0 0.0 0.0 0.0 0.0 0.0 0.0 0.22499999999999787 1.0 1.0 1.0 0.9750000000000014 
0.0 0.9249999999999969 1.0 1.0 0.2250000000000032 0.0 0.0 0.0 0.0 0.0 0.0 0.0 0.0 0.0 0.0 0.22499999999999787 1.0 1.0 1.0 0.9750000000000014 
0.0 0.9249999999999969 1.0 1.0 0.2250000000000032 0.0 0.0 0.0 0.0 0.0 0.0 0.0 0.0 0.0 0.0 0.22499999999999787 1.0 1.0 1.0 0.9750000000000014 
0.0 0.9249999999999969 1.0 1.0 1.0 0.275000000000003 0.0 0.0 0.0 0.0 0.0 0.0 0.0 0.0 0.0 0.22499999999999787 1.0 1.0 1.0 0.9750000000000014 
0.0 0.09249999999999772 0.887499999999997 1.0 1.0 0.275000000000003 0.0 0.0 0.0 0.0 0.0 0.0 0.0 0.0 0.0 0.22499999999999787 1.0 1.0 1.0 0.9750000000000014 
0.0 0.0 0.43749999999999534 0.9124999999999976 1.0 1.0 0.6625000000000043 0.5000000000000036 0.2125000000000032 0.0 0.0 0.0 0.18749999999999956 0.5000000000000036 0.6375000000000001 1.0 1.0 1.0 0.9250000000000043 0.0 
0.0 0.0 0.0 0.0 0.697499999999996 0.9724999999999993 1.0 1.0 1.0 1.0 1.0 1.0 1.0 1.0 1.0 0.9774999999999999 0.8999999999999986 0.787500000000002 0.0 0.0 
0.0 0.0 0.0 0.0 0.0 0.21749999999999703 0.29999999999999716 0.29999999999999716 0.7024999999999963 1.0 1.0 1.0 1.0 0.7725000000000021 0.29999999999999716 0.23249999999999843 0.0 0.0 0.0 0.0 
