0.0 0.0 0.0 0.0 0.23250000000000234 0.30000000000000426 0.7724999999999989 1.0 1.0 1.0 1.0 1.0 1.0 1.0 0.8075000000000047 0.30000000000000426 0.24750000000000438 0.0 0.0 0.0 
0.0 0.0 0.0 0.7425000000000004 0.9775000000000006 1.0 1.0 1.0 1.0 1.0 1.0 1.0 1.0 1.0 1.0 1.0 0.982500000000001 0.7875000000000069 0.0 0.0 
0.0 0.0 0.8749999999999969 1.0 1.0 1.0 0.6624999999999992 0.18750000000000028 0.0 0.0 0.0 0.0 0.18749999999999672 0.499999999999996 0.6374999999999946 1.0 1.0 0.9375000000000022 0.46250000000000585 0.0 
0.0 0.9249999999999969 1.0 1.0 1.0 0.275000000000003 0.0 0.0 0.0 0.0 0.0 0.0 0.0 0.0 0.2474999999999944 0.9224999999999967 1.0 1.0 0.9325000000000041 0.09750000000000413 
0.0 0.9249999999999969 1.0 1.0 1.0 0.275000000000003 0.0 0.0 0.0 0.0 0.0 0.0 0.0 0.0 0.0 0.22499999999999787 1.0 1.0 1.0 0.9750000000000014 
0.0 0.9249999999999969 1.0 1.0 1.0 0.275000000000003 0.0 0.0 0.0 0.0 0.0 0.0 0.0 0.0 0.0 0.22499999999999787 1.0 1.0 1.0 0.9750000000000014 
0.0 0.9249999999999969 1.0 1.0 1.0 0.275000000000003 0.0 0.0 0.0 0.0 0.0 0.0 0.0 0.0 0.2474999999999966 0.9225000000000028 1.0 1.0 0.9325000000000035 0.09749999999999633 
0.0 0.0 0.8749999999999969 1.0 1.0 0.6375000000000041 0.16250000000000303 0.0 0.0 0.0 0.0 0.0 0.0 0.16249999999999903 0.6375000000000001 1.0 1.0 0.9375000000000013 0.46249999999999886 0.0 
0.0 0.0 0.0 0.7424999999999943 0.9774999999999989 1.0 1.0 1.0 0.48250000000000487 0.1000000000000032 0.1000000000000032 0.48249999999999926 1.0 1.0 1.0 0.9774999999999995 0.7424999999999999 0.0 0.0 0.0 
0.0 0.0 0.0 0.0 0.23249999999999685 0.8074999999999971 1.0 1.0 1.0 1.0 1.0 1.0 1.0 1.0 1.0 0.7750000000000021 0.0 0.0 0.0 0.0 
0.0 0.0 0.2625000000000028 0.30000000000000426 0.8424999999999987 1.0 0.7974999999999982 0.6999999999999957 0.6999999999999957 0.6999999999999957 0.6999999999999957 0.6999999999999957 0.6999999999999957 0.7974999999999959 1.0 1.0 0.8775000000000027 0.2625000000000048 0.0 0.0 
0.0 0.8324999999999992 0.9874999999999999 1.0 1.0 0.34750000000000114 0.03249999999999968 0.0 0.0 0.0 0.0 0.0 0.0 0.032499999999998884 0.347499999999994 1.0 1.0 0.9875000000000006 0.8325000000000058 0.0 
0.48750000000000193 0.9624999999999988 1.0 1.0 0.2250000000000032 0.0 0.0 0.0 0.0 0.0 0.0 0.0 0.0 0.0 0.0 0.22499999999999787 1.0 1.0 0.9625000000000024 0.48750000000000415 
0.974999999999997 1.0 1.0 1.0 0.2250000000000032 0.0 0.0 0.0 0.0 0.0 0.0 0.0 0.0 0.0 0.0 0.22499999999999787 1.0 1.0 1.0 0.9750000000000014 
0.974999999999997 1.0 1.0 1.0 0.2250000000000032 0.0 0.0 0.0 0.0 0.0 0.0 0.0 0.0 0.0 0.0 0.22499999999999787 1.0 1.0 1.0 0.9750000000000014 
0.6824999999999972 0.977499999999999 1.0 1.0 0.2250000000000032 0.0 0.0 0.0 0.0 0.0 0.0 0.0 0.0 0.0 0.0 0.22499999999999787 1.0 1.0 0.9775000000000011 0.6825000000000003 
0.0 0.9249999999999969 1.0 1.0 0.922500000000002 0.2475000000000033 0.0 0.0 0.0 0.0 0.0 0.0 0.0 0.0 0.2474999999999961 0.9225000000000014 1.0 1.0 0.9250000000000043 0.0 
0.0 0.0 0.8749999999999969 1.0 1.0 1.0 0.6625000000000043 0.5000000000000036 0.2125000000000032 0.0 0.0 0.21250000000000008 0.5000000000000036 0.6625000000000003 1.0 1.0 1.0 0.8750000000000036 0.0 0.0 
0.0 0.0 0.0 0.7424999999999958 0.8999999999999986 0.9724999999999993 1.0 1.0 1.0 1.0 1.0 1.0 1.0 1.0 0.9725000000000001 0.8999999999999986 0.7425000000000014 0.0 0.0 0.0 
0.0 0.0 0.0 0.0 0.0 0.21749999999999703 0.29999999999999716 0.29999999999999716 0.7024999999999963 1.0 1.0 0.7025000000000008 0.29999999999999716 0.29999999999999716 0.21749999999999944 0.0 0.0 0.0 0.0 0.0 
