0.0 0.0 0.0 0.0 0.23250000000000234 0.30000000000000426 0.7724999999999989 1.0 1.0 1.0 1.0 1.0 1.0 0.7725000000000044 0.30000000000000426 0.23250000000000395 0.0 0.0 0.0 0.0 
0.0 0.0 0.0 0.7425000000000004 0.9775000000000006 1.0 1.0 1.0 1.0 1.0 1.0 1.0 1.0 1.0 1.0 0.9775000000000011 0.9000000000000041 0.7875000000000069 0.0 0.0 
0.0 0.4625000000000022 0.9374999999999989 1.0 1.0 1.0 0.6624999999999992 0.499999999999996 0.2125 0.0 0.0 0.0 0.18749999999999672 0.499999999999996 0.6374999999999946 1.0 1.0 0.9375000000000022 0.46250000000000585 0.0 
0.0 0.9249999999999969 1.0 1.0 1.0 0.275000000000003 0.0 0.0 0.0 0.0 0.0 0.0 0.0 0.0 0.0 0.22499999999999787 1.0 1.0 0.9325000000000041 0.09750000000000413 
0.6825000000000015 0.9774999999999994 1.0 1.0 0.45749999999999935 0.08249999999999988 0.0 0.0 0.0 0.0 0.0 0.0 0.0 0.0 0.0 0.22499999999999787 1.0 1.0 1.0 0.9750000000000014 
0.974999999999997 1.0 1.0 1.0 0.2250000000000032 0.0 0.0 0.0 0.0 0.0 0.0 0.0 0.0 0.0 0.0 0.22499999999999787 1.0 1.0 1.0 0.9750000000000014 
0.974999999999997 1.0 1.0 1.0 0.2250000000000032 0.0 0.0 0.0 0.0 0.0 0.0 0.0 0.0 0.0 0.0 0.22499999999999787 1.0 1.0 1.0 0.9750000000000014 
0.48749999999999505 0.9624999999999981 1.0 1.0 0.6125000000000044 0.13750000000000248 0.0 0.0 0.0 0.0 0.0 0.0 0.0 0.0 0.0 0.22499999999999787 1.0 1.0 1.0 0.9750000000000014 
0.0 0.9249999999999969 1.0 1.0 1.0 0.347500000000005 0.03250000000000141 0.0 0.0 0.0 0.0 0.0 0.0 0.03250000000000061 0.3474999999999978 1.0 1.0 1.0 1.0 0.9750000000000014 
0.0 0.27749999999999647 0.9124999999999974 1.0 1.0 1.0 0.797500000000003 0.7000000000000028 0.7000000000000028 0.33250000000000485 0.0 0.2974999999999992 0.7000000000000028 0.7975000000000007 1.0 1.0 1.0 1.0 1.0 0.9750000000000014 
0.0 0.0 0.0 0.5774999999999941 0.6999999999999957 0.917499999999998 1.0 1.0 1.0 1.0 1.0 1.0 0.8874999999999995 0.6999999999999957 0.7824999999999954 1.0 1.0 1.0 1.0 0.9750000000000014 
0.0 0.0 0.0 0.0 0.0 0.07249999999999815 0.09999999999999787 0.09999999999999787 0.09999999999999787 0.09999999999999787 0.09999999999999787 0.09999999999999787 0.06249999999999902 0.0 0.027499999999998918 0.30249999999999644 1.0 1.0 1.0 0.9750000000000014 
0.0 0.0 0.0 0.0 0.0 0.0 0.0 0.0 0.0 0.0 0.0 0.0 0.0 0.0 0.0 0.22499999999999787 1.0 1.0 1.0 0.9750000000000014 
0.0 0.0 0.0 0.0 0.0 0.0 0.0 0.0 0.0 0.0 0.0 0.0 0.0 0.0 0.0 0.22499999999999787 1.0 1.0 0.9250000000000043 0.0 
0.6825000000000007 0.7000000000000028 0.7000000000000028 0.7000000000000028 0.1575000000000029 0.0 0.0 0.0 0.0 0.0 0.0 0.0 0.0 0.0 0.0 0.22499999999999787 1.0 1.0 0.9250000000000043 0.0 
0.974999999999997 1.0 1.0 1.0 0.2250000000000032 0.0 0.0 0.0 0.0 0.0 0.0 0.0 0.0 0.0 0.0824999999999987 0.457499999999999 1.0 1.0 0.9250000000000043 0.0 
0.974999999999997 1.0 1.0 1.0 0.2250000000000032 0.0 0.0 0.0 0.0 0.0 0.0 0.0 0.0 0.0 0.274999999999995 1.0 1.0 1.0 0.9250000000000043 0.0 
0.0 0.4624999999999952 0.937499999999998 1.0 1.0 0.6375000000000041 0.5000000000000036 0.5000000000000036 0.2125000000000032 0.0 0.0 0.21250000000000008 0.5000000000000036 0.6625000000000003 1.0 1.0 0.9125000000000008 0.43749999999999867 0.0 0.0 
0.0 0.0 0.0 0.7424999999999958 0.9774999999999994 1.0 1.0 1.0 1.0 1.0 1.0 1.0 1.0 1.0 0.9725000000000001 0.6975000000000008 0.0 0.0 0.0 0.0 
0.0 0.0 0.0 0.0 0.23249999999999685 0.29999999999999716 0.29999999999999716 0.7374999999999965 1.0 1.0 1.0 0.7025000000000008 0.29999999999999716 0.29999999999999716 0.21749999999999944 0.0 0.0 0.0 0.0 0.0 
