0.0 0.0 0.0 0.0 0.19249999999999595 0.34999999999999076 0.5774999999999961 1.0 1.0 1.0 1.0 0.4474999999999889 0.34999999999999076 0.34999999999999076 0.15749999999999434 0.0 0.0 0.0 0.0 0.0 
0.0 0.0 0.037499999999993996 0.6674999999999995 1.0 1.0 1.0 1.0 1.0 1.0 1.0 1.0 1.0 1.0 1.0 0.5724999999999902 0.04999999999999183 0.03749999999999352 0.0 0.0 
0.0 0.6374999999999952 0.9374999999999987 1.0 1.0 1.0 0.7375000000000003 0.25000000000000755 0.25000000000000755 0.25000000000000755 0.25000000000000755 0.25000000000000755 0.8125000000000046 1.0 1.0 1.0 1.0 0.7499999999999929 0.0 0.0 
0.4274999999999943 0.9175000000000002 1.0 1.0 0.7525000000000025 0.30250000000000227 0.0 0.0 0.0 0.0 0.0 0.0 0.0 0.35750000000000764 0.797500000000005 1.0 1.0 1.0 0.8499999999999943 0.0 
0.950000000000002 1.0 1.0 1.0 0.44999999999999707 0.0 0.0 0.0 0.0 0.0 0.0 0.0 0.0 0.0 0.0 0.4500000000000064 1.0 1.0 1.0 0.9499999999999922 
0.950000000000002 1.0 1.0 0.4475000000000015 0.06750000000000211 0.0 0.0 0.0 0.0 0.0 0.0 0.0 0.0 0.0 0.0 0.06750000000000352 0.15000000000000568 0.15000000000000568 0.15000000000000568 0.14250000000000423 
0.950000000000002 1.0 1.0 0.3499999999999974 0.0 0.0 0.0 0.0 0.0 0.0 0.0 0.0 0.0 0.0 0.0 0.0 0.0 0.0 0.0 0.0 
0.950000000000002 1.0 1.0 0.3499999999999974 0.0 0.0 0.0 0.0 0.0 0.0 0.0 0.0 0.0 0.0 0.0 0.0 0.0 0.0 0.0 0.0 
0.950000000000002 1.0 1.0 0.3499999999999974 0.0 0.0 0.0 0.0 0.0 0.0 0.0 0.0 0.0 0.0 0.0 0.0 0.0 0.0 0.0 0.0 
0.950000000000002 1.0 1.0 0.7724999999999982 0.29249999999999743 0.0 0.0 0.0 0.0 0.0325000000000027 0.6175000000000005 0.6499999999999986 0.6499999999999986 0.6499999999999986 0.6499999999999986 0.6499999999999986 0.6499999999999986 0.6499999999999986 0.6499999999999986 0.6174999999999936 
0.950000000000002 1.0 1.0 1.0 0.44999999999999707 0.0 0.0 0.0 0.0 0.05000000000000426 0.9500000000000028 1.0 1.0 1.0 1.0 1.0 1.0 1.0 1.0 0.9499999999999922 
0.950000000000002 1.0 1.0 1.0 0.44999999999999707 0.0 0.0 0.0 0.0 0.0 0.0 0.0 0.0 0.0 0.0 0.4500000000000064 1.0 1.0 1.0 0.9499999999999922 
0.950000000000002 1.0 1.0 1.0 0.44999999999999707 0.0 0.0 0.0 0.0 0.0 0.0 0.0 0.0 0.0 0.0 0.4500000000000064 1.0 1.0 1.0 0.9499999999999922 
0.950000000000002 1.0 1.0 1.0 0.44999999999999707 0.0 0.0 0.0 0.0 0.0 0.0 0.0 0.0 0.0 0.0 0.4500000000000064 1.0 1.0 1.0 0.9499999999999922 
0.950000000000002 1.0 1.0 1.0 0.44999999999999707 0.0 0.0 0.0 0.0 0.0 0.0 0.0 0.0 0.0 0.0 0.0 0.350000000000005 1.0 1.0 0.9499999999999922 
0.950000000000002 1.0 1.0 1.0 0.44999999999999707 0.0 0.0 0.0 0.0 0.0 0.0 0.0 0.0 0.0 0.0 0.38250000000000767 0.902500000000004 1.0 1.0 0.9499999999999922 
0.4274999999999968 0.9175000000000006 1.0 1.0 0.7525000000000011 0.30250000000000077 0.0 0.0 0.0 0.0 0.0 0.0 0.0 0.0 0.0 0.4500000000000064 1.0 1.0 0.9174999999999962 0.42749999999999244 
0.0 0.6374999999999986 0.9374999999999998 1.0 1.0 0.6624999999999994 0.25000000000000355 0.18750000000000178 0.0 0.0 0.0 0.0 0.0 0.16250000000000372 0.6625000000000048 1.0 1.0 0.9374999999999973 0.6374999999999927 0.0 
0.0 0.0 0.03749999999999533 0.6675000000000002 1.0 1.0 1.0 0.9875000000000014 0.9500000000000064 0.9500000000000064 0.9500000000000064 0.9500000000000064 0.9500000000000064 0.9825000000000025 1.0 1.0 1.0 0.7499999999999929 0.0 0.0 
0.0 0.0 0.0 0.0 0.1924999999999979 0.3499999999999943 0.5774999999999983 1.0 1.0 1.0 1.0 1.0 1.0 1.0 0.6424999999999941 0.19249999999999465 0.0 0.0 0.0 0.0 
