0.0 0.0 0.0 0.0 0.19249999999999595 0.34999999999999076 0.34999999999999076 0.5124999999999954 1.0 1.0 1.0 0.4474999999999889 0.34999999999999076 0.34999999999999076 0.15749999999999434 0.0 0.0 0.0 0.0 0.0 
0.0 0.0 0.037499999999993996 0.6674999999999995 1.0 1.0 1.0 1.0 1.0 1.0 1.0 1.0 1.0 1.0 1.0 1.0 0.6674999999999924 0.03749999999999352 0.0 0.0 
0.0 0.6374999999999952 0.9374999999999987 1.0 1.0 1.0 1.0 1.0 1.0 0.9624999999999971 0.28750000000000503 0.25000000000000755 0.8125000000000046 1.0 1.0 1.0 1.0 0.7499999999999929 0.0 0.0 
0.950000000000002 1.0 1.0 1.0 1.0 1.0 0.8425000000000009 0.5500000000000069 0.5500000000000069 0.5225000000000042 0.027499999999998782 0.0 0.0 0.35750000000000764 0.797500000000005 1.0 1.0 1.0 0.8499999999999943 0.0 
0.950000000000002 1.0 1.0 1.0 0.44999999999999707 0.0 0.0 0.0 0.0 0.0 0.0 0.0 0.0 0.0 0.0 0.4500000000000064 1.0 1.0 0.8724999999999943 0.14249999999999327 
0.1425000000000057 0.8725000000000027 1.0 0.4475000000000015 0.06750000000000211 0.0 0.0 0.0 0.0 0.0 0.0 0.0 0.0 0.0 0.0 0.4500000000000064 1.0 1.0 1.0 0.9499999999999922 
0.0 0.0 0.0 0.0 0.0 0.0 0.0 0.0 0.0 0.0 0.0 0.0 0.0 0.0 0.5500000000000043 1.0 1.0 1.0 0.8499999999999943 0.0 
0.0 0.0 0.0 0.0 0.0 0.0 0.0 0.0 0.0 0.0 0.0 0.0 0.0 0.16249999999999912 0.6625000000000016 1.0 1.0 1.0 0.8499999999999943 0.0 
0.0 0.0 0.0 0.0 0.0 0.0 0.0 0.0 0.0 0.0 0.0 0.0 0.7125000000000015 0.9824999999999994 1.0 1.0 1.0 0.7624999999999938 0.04250000000000183 0.0 
0.0 0.0 0.0 0.0 0.0 0.0 0.0 0.0 0.0 0.0 0.0 0.552500000000002 0.9125000000000009 1.0 1.0 1.0 0.649999999999995 0.0 0.0 0.0 
0.0 0.0 0.0 0.0 0.0 0.0 0.0 0.0 0.052500000000001046 0.38250000000000073 0.9675000000000017 1.0 1.0 1.0 0.8074999999999997 0.35749999999999704 0.0 0.0 0.0 0.0 
0.0 0.0 0.0 0.0 0.0 0.0 0.0 0.012500000000000355 0.1925000000000043 1.0 1.0 1.0 1.0 0.3499999999999943 0.0 0.0 0.0 0.0 0.0 0.0 
0.0 0.0 0.0 0.0 0.0 0.0 0.2625000000000024 0.8125000000000009 1.0 1.0 1.0 1.0 0.43749999999999734 0.08749999999999858 0.0 0.0 0.0 0.0 0.0 0.0 
0.0 0.0 0.0 0.0 0.0 0.20250000000000257 0.6425000000000036 1.0 1.0 1.0 1.0 0.14999999999999503 0.0 0.0 0.0 0.0 0.0 0.0 0.0 0.0 
0.0 0.0 0.0 0.09750000000000177 0.6175000000000035 1.0 1.0 1.0 0.9774999999999991 0.8074999999999943 0.04249999999999748 0.0 0.0 0.0 0.0 0.0 0.0 0.0 0.0 0.0 
0.0 0.0 0.0 0.6500000000000026 1.0 1.0 1.0 1.0 0.8499999999999961 0.0 0.0 0.0 0.0 0.0 0.0 0.0 0.0 0.0 0.0 0.0 
0.0 0.0 0.7500000000000024 1.0 1.0 1.0 0.8074999999999968 0.3374999999999952 0.0 0.0 0.0 0.0 0.0 0.0 0.0 0.0 0.0 0.0 0.0 0.0 
0.23750000000000387 0.8875000000000022 1.0 1.0 1.0 1.0 0.6499999999999968 0.0 0.0 0.0 0.0 0.0 0.0 0.0 0.0 0.0 0.0 0.0 0.0 0.0 
0.950000000000002 1.0 1.0 1.0 1.0 1.0 0.982500000000002 0.9500000000000064 0.9500000000000064 0.9500000000000064 0.9500000000000064 0.9500000000000064 0.9500000000000064 0.9500000000000064 0.9500000000000064 0.9500000000000064 0.9500000000000064 0.9500000000000064 0.9500000000000064 0.9024999999999986 
0.950000000000002 1.0 1.0 1.0 1.0 1.0 1.0 1.0 1.0 1.0 1.0 1.0 1.0 1.0 1.0 1.0 1.0 1.0 1.0 0.9499999999999922 
