0.0 0.0 0.0 0.0 0.20624999999999552 0.3749999999999929 0.3749999999999929 0.531249999999993 1.0 1.0 1.0 1.0 0.5312499999999969 0.3749999999999929 0.3749999999999929 0.20624999999999902 0.0 0.0 0.0 0.0 
0.0 0.0 0.09374999999999492 0.6937499999999968 1.0 1.0 1.0 1.0 1.0 1.0 1.0 1.0 1.0 1.0 1.0 1.0 1.0 0.7500000000000071 0.0 0.0 
0.0 0.0 0.7499999999999993 1.0 1.0 1.0 1.0 1.0 1.0 0.9562500000000028 0.16875000000000964 0.8687499999999959 1.0 1.0 1.0 1.0 1.0 0.9687499999999993 0.7437500000000021 0.0 
0.593749999999995 0.9437499999999991 1.0 1.0 1.0 1.0 0.7812500000000032 0.37500000000000533 0.31875000000000575 0.0 0.0 0.0 0.0 0.2437500000000016 0.7187499999999984 1.0 1.0 1.0 1.0 0.95000000000001 
0.9500000000000002 1.0 1.0 1.0 0.4500000000000015 0.0 0.0 0.0 0.0 0.0 0.0 0.0 0.0 0.0 0.0 0.4499999999999922 1.0 1.0 1.0 0.95000000000001 
0.9500000000000002 1.0 1.0 1.0 0.4500000000000015 0.0 0.0 0.0 0.0 0.0 0.0 0.0 0.0 0.0 0.0 0.0 0.3062499999999969 0.8750000000000053 0.743750000000012 0.0 
0.9500000000000002 1.0 1.0 1.0 0.4500000000000015 0.0 0.0 0.0 0.0 0.0 0.0 0.0 0.0 0.0 0.0 0.0 0.0 0.0 0.0 0.0 
0.9500000000000002 1.0 1.0 1.0 0.4500000000000015 0.0 0.0 0.0 0.0 0.0 0.0 0.0 0.0 0.0 0.0 0.0 0.0 0.0 0.0 0.0 
0.9500000000000002 1.0 1.0 1.0 0.4500000000000015 0.0 0.0 0.09374999999999811 0.37499999999999645 0.37499999999999645 0.37499999999999645 0.37499999999999645 0.37499999999999645 0.37499999999999645 0.1687500000000008 0.0 0.0 0.0 0.0 0.0 
0.9500000000000002 1.0 1.0 1.0 1.0 1.0 1.0 1.0 1.0 1.0 1.0 1.0 1.0 1.0 1.0 1.0 0.6937500000000038 0.09374999999999822 0.0 0.0 
0.9500000000000002 1.0 1.0 1.0 1.0 1.0 1.0 0.7812500000000032 0.12500000000000355 0.12500000000000355 0.12500000000000355 0.12500000000000355 0.7812499999999978 1.0 1.0 1.0 1.0 0.96875 0.7437500000000045 0.0 
0.9500000000000002 1.0 1.0 1.0 0.6562500000000029 0.20625000000000254 0.0 0.0 0.0 0.0 0.0 0.0 0.0 0.24375000000000044 0.7187499999999976 1.0 1.0 1.0 0.9437500000000026 0.5937500000000029 
0.9500000000000002 1.0 1.0 1.0 0.4500000000000015 0.0 0.0 0.0 0.0 0.0 0.0 0.0 0.0 0.0 0.0 0.4499999999999922 1.0 1.0 1.0 0.95000000000001 
0.9500000000000002 1.0 1.0 1.0 0.4500000000000015 0.0 0.0 0.0 0.0 0.0 0.0 0.0 0.0 0.0 0.0 0.4499999999999922 1.0 1.0 1.0 0.95000000000001 
0.9500000000000002 1.0 1.0 1.0 0.4500000000000015 0.0 0.0 0.0 0.0 0.0 0.0 0.0 0.0 0.0 0.0 0.4499999999999922 1.0 1.0 1.0 0.95000000000001 
0.9500000000000002 1.0 1.0 1.0 0.4500000000000015 0.0 0.0 0.0 0.0 0.0 0.0 0.0 0.0 0.0 0.0 0.4499999999999922 1.0 1.0 1.0 0.95000000000001 
0.5937500000000001 0.9437499999999999 1.0 1.0 0.6562500000000009 0.2062500000000006 0.0 0.0 0.0 0.0 0.0 0.0 0.0 0.0 0.2062499999999976 0.6562499999999951 1.0 1.0 0.9437500000000032 0.5937500000000062 
0.0 0.7437499999999998 0.9687499999999999 1.0 1.0 1.0 0.6937500000000019 0.125 0.125 0.125 0.125 0.125 0.125 0.6937499999999956 1.0 1.0 1.0 0.9687500000000009 0.7437500000000075 0.0 
0.0 0.0 0.09374999999999992 0.6937499999999992 1.0 1.0 1.0 1.0 1.0 1.0 1.0 1.0 1.0 1.0 1.0 1.0 0.693750000000005 0.09375000000000089 0.0 0.0 
0.0 0.0 0.0 0.0 0.0 0.1687499999999994 0.375 0.5312499999999983 1.0 1.0 1.0 1.0 0.5312500000000022 0.375 0.375 0.20625000000000293 0.0 0.0 0.0 0.0 
