0.9500000000000028 1.0 1.0 1.0 1.0 1.0 1.0 1.0 1.0 1.0 1.0 1.0 1.0 1.0 1.0 1.0 1.0 1.0 1.0 0.9499999999999993 
0.9500000000000028 1.0 1.0 1.0 1.0 1.0 1.0 1.0 1.0 1.0 1.0 1.0 1.0 1.0 1.0 1.0 1.0 1.0 1.0 0.9499999999999993 
0.3562500000000015 0.37500000000000044 0.37500000000000044 0.37500000000000044 0.37500000000000044 0.37500000000000044 0.37500000000000044 0.5312500000000014 1.0 1.0 1.0 1.0 0.5312500000000003 0.37500000000000044 0.37500000000000044 0.37500000000000044 0.37500000000000044 0.37500000000000044 0.37500000000000044 0.3562500000000002 
0.0 0.0 0.0 0.0 0.0 0.0 0.0 0.2500000000000018 1.0 1.0 1.0 1.0 0.25 0.0 0.0 0.0 0.0 0.0 0.0 0.0 
0.0 0.0 0.0 0.0 0.0 0.0 0.0 0.2500000000000018 1.0 1.0 1.0 1.0 0.25 0.0 0.0 0.0 0.0 0.0 0.0 0.0 
0.0 0.0 0.0 0.0 0.0 0.0 0.0 0.2500000000000018 1.0 1.0 1.0 1.0 0.25 0.0 0.0 0.0 0.0 0.0 0.0 0.0 
0.0 0.0 0.0 0.0 0.0 0.0 0.0 0.2500000000000018 1.0 1.0 1.0 1.0 0.25 0.0 0.0 0.0 0.0 0.0 0.0 0.0 
0.0 0.0 0.0 0.0 0.0 0.0 0.0 0.2500000000000018 1.0 1.0 1.0 1.0 0.25 0.0 0.0 0.0 0.0 0.0 0.0 0.0 
0.0 0.0 0.0 0.0 0.0 0.0 0.0 0.2500000000000018 1.0 1.0 1.0 1.0 0.25 0.0 0.0 0.0 0.0 0.0 0.0 0.0 
0.0 0.0 0.0 0.0 0.0 0.0 0.0 0.2500000000000018 1.0 1.0 1.0 0.14999999999999858 0.0 0.0 0.0 0.0 0.0 0.0 0.0 0.0 
0.0 0.0 0.0 0.0 0.0 0.0 0.0 0.2500000000000018 1.0 1.0 1.0 0.14999999999999858 0.0 0.0 0.0 0.0 0.0 0.0 0.0 0.0 
0.0 0.0 0.0 0.0 0.0 0.0 0.0 0.2500000000000018 1.0 1.0 1.0 0.14999999999999858 0.0 0.0 0.0 0.0 0.0 0.0 0.0 0.0 
0.0 0.0 0.0 0.0 0.0 0.0 0.0 0.2500000000000018 1.0 1.0 1.0 0.14999999999999858 0.0 0.0 0.0 0.0 0.0 0.0 0.0 0.0 
0.0 0.0 0.0 0.0 0.0 0.0 0.0 0.2500000000000018 1.0 1.0 1.0 0.14999999999999858 0.0 0.0 0.0 0.0 0.0 0.0 0.0 0.0 
0.0 0.0 0.0 0.0 0.0 0.0 0.3500000000000014 1.0 1.0 1.0 1.0 0.14999999999999858 0.0 0.0 0.0 0.0 0.0 0.0 0.0 0.0 
0.0 0.0 0.0 0.0 0.0 0.0 0.3500000000000014 1.0 1.0 1.0 1.0 0.14999999999999858 0.0 0.0 0.0 0.0 0.0 0.0 0.0 0.0 
0.0 0.0 0.0 0.0 0.0 0.0 0.3500000000000014 1.0 1.0 1.0 1.0 0.14999999999999858 0.0 0.0 0.0 0.0 0.0 0.0 0.0 0.0 
0.0 0.0 0.0 0.0 0.0 0.0 0.3500000000000014 1.0 1.0 1.0 1.0 0.14999999999999858 0.0 0.0 0.0 0.0 0.0 0.0 0.0 0.0 
0.0 0.0 0.0 0.0 0.0 0.0 0.3500000000000014 1.0 1.0 1.0 1.0 0.14999999999999858 0.0 0.0 0.0 0.0 0.0 0.0 0.0 0.0 
0.0 0.0 0.0 0.0 0.0 0.0 0.3500000000000014 1.0 1.0 1.0 1.0 0.14999999999999858 0.0 0.0 0.0 0.0 0.0 0.0 0.0 0.0 
