0.9999999999999973 1.0 1.0 1.0 1.0 1.0 1.0 1.0 1.0 1.0 1.0 1.0 0.2750000000000047 0.27500000000000213 0.27500000000000213 0.27500000000000213 0.27500000000000213 0.27500000000000213 0.27500000000000213 1.9539925233402907e-15 
0.9999999999999973 1.0 1.0 1.0 1.0 1.0 1.0 1.0 1.0 1.0 1.0 1.0 1.0 1.0 1.0 1.0 1.0 1.0 1.0 7.105427357601002e-15 
0.6249999999999961 0.6249999999999978 0.6249999999999978 0.6249999999999978 0.6249999999999978 0.6249999999999978 0.6249999999999978 0.6249999999999978 0.6249999999999978 0.6249999999999978 0.6249999999999978 0.6249999999999978 0.6249999999999978 0.9999999999999987 1.0 1.0 1.0 1.0 1.0 7.105427357601002e-15 
0.0 0.0 0.0 0.0 0.0 0.0 0.0 0.0 0.0 0.0 0.0 0.0 0.0 0.9999999999999964 1.0 1.0 1.0 1.0 0.07500000000000409 5.329070518200575e-16 
0.0 0.0 0.0 0.0 0.0 0.0 0.0 0.0 0.0 0.0 0.0 0.0 0.9999999999999964 1.0 1.0 1.0 1.0 0.525000000000001 3.7303493627405096e-15 0.0 
0.0 0.0 0.0 0.0 0.0 0.0 0.0 0.0 0.0 0.0 0.0 0.9999999999999964 1.0 1.0 1.0 1.0 0.974999999999998 6.927791673660962e-15 0.0 0.0 
0.0 0.0 0.0 0.0 0.0 0.0 0.0 0.0 0.0 0.0 0.5750000000000008 0.9999999999999984 1.0 1.0 1.0 1.0 3.552713678800501e-15 0.0 0.0 0.0 
0.0 0.0 0.0 0.0 0.0 0.0 0.0 0.0 0.0 0.12500000000000133 0.9999999999999969 1.0 1.0 1.0 0.8749999999999987 3.108624468950432e-15 0.0 0.0 0.0 0.0 
0.0 0.0 0.0 0.0 0.0 0.0 0.0 0.0 0.0 0.9999999999999964 1.0 1.0 1.0 1.0 3.552713678800501e-15 0.0 0.0 0.0 0.0 0.0 
0.0 0.0 0.0 0.0 0.0 0.0 0.0 0.2250000000000024 0.9999999999999972 1.0 1.0 1.0 1.0 3.552713678800501e-15 0.0 0.0 0.0 0.0 0.0 0.0 
0.0 0.0 0.0 0.0 0.0 0.0 0.0 0.9999999999999964 1.0 1.0 1.0 1.0 0.22500000000000062 7.993605777301051e-16 0.0 0.0 0.0 0.0 0.0 0.0 
0.0 0.0 0.0 0.0 0.0 0.0 0.9999999999999964 1.0 1.0 1.0 1.0 0.6749999999999983 2.398081733190328e-15 0.0 0.0 0.0 0.0 0.0 0.0 0.0 
0.0 0.0 0.0 0.0 0.0 0.8750000000000004 0.9999999999999996 1.0 1.0 1.0 0.12499999999999956 4.4408920985005e-16 0.0 0.0 0.0 0.0 0.0 0.0 0.0 0.0 
0.0 0.0 0.0 0.0 0.42500000000000293 0.999999999999998 1.0 1.0 1.0 0.5749999999999973 2.042810365310273e-15 0.0 0.0 0.0 0.0 0.0 0.0 0.0 0.0 0.0 
0.0 0.0 0.0 0.0 0.9999999999999969 1.0 1.0 1.0 1.0 3.552713678800501e-15 0.0 0.0 0.0 0.0 0.0 0.0 0.0 0.0 0.0 0.0 
0.0 0.0 0.5250000000000006 0.9999999999999984 1.0 1.0 1.0 1.0 3.552713678800501e-15 0.0 0.0 0.0 0.0 0.0 0.0 0.0 0.0 0.0 0.0 0.0 
0.0 0.07500000000000263 0.9999999999999973 1.0 1.0 1.0 1.0 3.552713678800501e-15 0.0 0.0 0.0 0.0 0.0 0.0 0.0 0.0 0.0 0.0 0.0 0.0 
0.0 0.9999999999999971 1.0 1.0 1.0 1.0 1.0 0.6250000000000049 0.6250000000000036 0.6250000000000036 0.6250000000000036 0.6250000000000036 0.6250000000000036 0.6250000000000036 0.6250000000000036 0.6250000000000036 0.6250000000000036 0.6250000000000036 0.6250000000000036 0.6250000000000036 
0.0 0.9999999999999971 1.0 1.0 1.0 1.0 1.0 1.0 1.0 1.0 1.0 1.0 1.0 1.0 1.0 1.0 1.0 1.0 1.0 1.0 
0.0 0.2749999999999978 0.9999999999999979 1.0 1.0 1.0 1.0 1.0 1.0 1.0 1.0 1.0 1.0 1.0 1.0 1.0 1.0 1.0 1.0 1.0 
