0.0 0.0 0.0 0.17499999999999638 0.17499999999999716 0.9999999999999956 1.0 1.0 1.0 1.0 1.0 1.0 1.0 0.17500000000000301 0.17499999999999716 1.554312234475194e-15 0.0 0.0 0.0 0.0 
0.0 0.0 0.524999999999995 0.9999999999999979 1.0 1.0 1.0 1.0 1.0 1.0 1.0 1.0 1.0 1.0 1.0 0.5250000000000015 4.662936703425633e-15 0.0 0.0 0.0 
0.0 0.8749999999999939 0.9999999999999994 1.0 1.0 1.0 1.0 1.0 1.0 1.0 1.0 1.0 1.0 1.0 1.0 1.0 0.8749999999999984 9.325873406851287e-15 0.0 0.0 
0.9999999999999964 1.0 1.0 1.0 1.0 1.0 0.7750000000000034 0.7750000000000021 4.818367926873193e-15 0.0 0.0 0.7749999999999966 0.7750000000000021 0.9999999999999984 1.0 1.0 1.0 1.0 0.22500000000000614 2.3980817331903154e-15 
0.425000000000001 0.4250000000000025 0.4250000000000025 0.4250000000000025 0.4250000000000025 0.4250000000000025 2.2648549702353326e-15 0.0 0.0 0.0 0.0 0.0 0.0 0.4249999999999995 0.9999999999999949 1.0 1.0 1.0 1.0 1.0658141036401503e-14 
0.0 0.0 0.0 0.0 0.0 0.0 0.0 0.0 0.0 0.0 0.0 0.0 0.0 0.0 0.9999999999999911 1.0 1.0 1.0 1.0 1.0658141036401503e-14 
0.0 0.0 0.0 0.0 0.0 0.0 0.0 0.0 0.0 0.0 0.0 0.0 0.0 0.0 0.9999999999999911 1.0 1.0 1.0 1.0 1.0658141036401503e-14 
0.0 0.0 0.0 0.0 0.0 0.0 0.0 0.0 0.0 0.0 0.0 0.0 0.0 0.6249999999999938 0.9999999999999967 1.0 1.0 1.0 1.0 1.0658141036401503e-14 
0.0 0.0 0.0 0.0 0.0 0.0 0.0 0.0 0.9749999999999918 0.9749999999999979 0.9749999999999979 0.9749999999999979 0.9749999999999979 0.9999999999999998 1.0 1.0 1.0 1.0 0.025000000000012523 2.664535259100603e-16 
0.0 0.0 0.0 0.0 0.0 0.0 0.0 0.9999999999999938 1.0 1.0 1.0 1.0 1.0 1.0 1.0 1.0 1.0 1.0658141036401503e-14 0.0 0.0 
0.0 0.0 0.0 0.0 0.0 0.0 0.0 0.9999999999999938 1.0 1.0 1.0 1.0 1.0 1.0 1.0 1.0 1.0 1.0658141036401503e-14 0.0 0.0 
0.0 0.0 0.0 0.0 0.0 0.0 0.0 0.0 0.0 0.9749999999999945 0.9750000000000014 0.9750000000000014 0.9750000000000014 0.9999999999999998 1.0 1.0 1.0 1.0 0.02500000000000897 2.664535259100224e-16 
0.0 0.0 0.0 0.0 0.0 0.0 0.0 0.0 0.0 0.0 0.0 0.0 0.0 0.6249999999999956 0.9999999999999967 1.0 1.0 1.0 1.0 1.0658141036401503e-14 
0.0 0.0 0.0 0.0 0.0 0.0 0.0 0.0 0.0 0.0 0.0 0.0 0.0 0.0 0.9999999999999911 1.0 1.0 1.0 1.0 1.0658141036401503e-14 
0.0 0.0 0.0 0.0 0.0 0.0 0.0 0.0 0.0 0.0 0.0 0.0 0.0 0.0 0.9999999999999911 1.0 1.0 1.0 1.0 0.9250000000000015 
0.0 0.4249999999999955 0.42499999999999716 0.42499999999999716 0.42499999999999716 0.42499999999999716 0.42499999999999716 2.642330798607855e-15 0.0 0.0 0.0 0.0 0.0 0.0 0.9999999999999911 1.0 1.0 1.0 1.0 1.0658141036401503e-14 
0.0 0.9999999999999961 1.0 1.0 1.0 1.0 1.0 0.775 0.7749999999999986 5.506706202140766e-15 0.0 0.774999999999993 0.7749999999999986 0.7749999999999986 0.999999999999998 1.0 1.0 1.0 1.0 1.0658141036401503e-14 
0.0 0.0 0.8749999999999963 0.9999999999999994 1.0 1.0 1.0 1.0 1.0 1.0 1.0 1.0 1.0 1.0 1.0 1.0 1.0 0.8750000000000013 9.325873406851315e-15 0.0 
0.0 0.0 0.0 0.5249999999999998 0.5250000000000021 0.9999999999999974 1.0 1.0 1.0 1.0 1.0 1.0 1.0 1.0 1.0 1.0 0.5250000000000064 5.595524044110812e-15 0.0 0.0 
0.0 0.0 0.0 0.0 0.0 0.17499999999999977 0.1750000000000007 0.1750000000000007 0.9999999999999949 1.0 1.0 1.0 1.0 0.17500000000000657 0.1750000000000007 0.1750000000000007 1.5543122344752255e-15 0.0 0.0 0.0 
