0.0 0.0 0.0 0.0 0.0 0.0 0.0 0.0 0.0 0.09187500000000012 0.5668749999999987 1.0 1.0 1.0 1.0 0.7750000000000021 0.0 0.0 0.0 0.0 
0.0 0.0 0.0 0.0 0.0 0.0 0.0 0.0 0.0 0.5249999999999986 1.0 1.0 1.0 1.0 1.0 0.7750000000000021 0.0 0.0 0.0 0.0 
0.0 0.0 0.0 0.0 0.0 0.0 0.0 0.0 0.5031250000000015 0.9406250000000009 1.0 1.0 1.0 1.0 0.7593750000000007 0.09687499999999855 0.0 0.0 0.0 0.0 
0.0 0.0 0.0 0.0 0.0 0.0 0.0 0.1406250000000022 0.6706250000000015 1.0 1.0 1.0 1.0 0.9268749999999991 0.5618749999999988 0.0 0.0 0.0 0.0 0.0 
0.0 0.0 0.0 0.0 0.0 0.0 0.0 0.6250000000000009 1.0 1.0 1.0 1.0 0.7843749999999986 0.28687499999999777 0.0 0.0 0.0 0.0 0.0 0.0 
0.0 0.0 0.0 0.0 0.0 0.0 0.6243750000000036 0.9718750000000017 1.0 1.0 1.0 1.0 0.625 0.0 0.0 0.0 0.0 0.0 0.0 0.0 
0.0 0.0 0.0 0.0 0.0 0.19937500000000427 0.7643750000000024 1.0 1.0 1.0 1.0 0.5749999999999993 0.0 0.0 0.0 0.0 0.0 0.0 0.0 0.0 
0.0 0.0 0.0 0.0 0.0 0.7250000000000005 1.0 1.0 1.0 1.0 0.7031249999999988 0.21562499999999668 0.0 0.0 0.0 0.0 0.0 0.0 0.0 0.0 
0.0 0.0 0.0 0.0 0.7556250000000064 0.9931250000000019 1.0 1.0 1.0 1.0 0.5250000000000021 0.0 0.0 0.0 0.0 0.0 0.0 0.0 0.0 0.0 
0.0 0.0 0.0 0.2681250000000072 0.8481250000000027 1.0 1.0 1.0 0.8131249999999952 0.32062499999999705 0.0 0.0 0.12187500000000306 0.32500000000000817 0.32500000000000817 0.32500000000000817 0.32500000000000817 0.2843750000000083 0.0 0.0 
0.0 0.0 0.5906250000000081 0.9431250000000019 1.0 1.0 1.0 1.0 0.4249999999999998 0.0 0.0 0.0 0.375 1.0 1.0 1.0 1.0 0.8750000000000036 0.0 0.0 
0.0 0.023125000000008597 0.8781250000000029 1.0 1.0 1.0 1.0 0.3749999999999991 0.0 0.0 0.0 0.0 0.375 1.0 1.0 1.0 1.0 0.8750000000000036 0.0 0.0 
0.0 0.925000000000002 1.0 1.0 1.0 1.0 0.7468749999999925 0.23437499999999545 0.0 0.0 0.0 0.0 0.375 1.0 1.0 1.0 1.0 0.8750000000000036 0.0 0.0 
0.7068750000000135 0.9793750000000014 1.0 1.0 1.0 1.0 0.3249999999999993 0.0 0.0 0.0 0.0 0.0 0.375 1.0 1.0 1.0 1.0 0.8750000000000036 0.0 0.0 
0.9750000000000023 1.0 1.0 1.0 1.0 1.0 1.0 1.0 1.0 1.0 1.0 1.0 1.0 1.0 1.0 1.0 1.0 1.0 1.0 0.975000000000005 
0.9750000000000023 1.0 1.0 1.0 1.0 1.0 1.0 1.0 1.0 1.0 1.0 1.0 1.0 1.0 1.0 1.0 1.0 1.0 1.0 0.975000000000005 
0.9750000000000023 1.0 1.0 1.0 1.0 1.0 1.0 1.0 1.0 1.0 1.0 1.0 1.0 1.0 1.0 1.0 1.0 1.0 1.0 0.975000000000005 
0.0 0.0 0.0 0.0 0.0 0.0 0.0 0.0 0.0 0.0 0.0 0.4250000000000007 1.0 1.0 1.0 1.0 0.8250000000000028 0.0 0.0 0.0 
0.0 0.0 0.0 0.0 0.0 0.0 0.0 0.0 0.0 0.0 0.0 0.4250000000000007 1.0 1.0 1.0 1.0 0.8250000000000028 0.0 0.0 0.0 
0.0 0.0 0.0 0.0 0.0 0.0 0.0 0.0 0.0 0.0 0.0 0.07437499999999439 0.48437499999999156 1.0 1.0 1.0 0.8250000000000028 0.0 0.0 0.0 
