0.0 0.9250000000000037 1.0 1.0 1.0 1.0 1.0 1.0 1.0 1.0 1.0 1.0 1.0 1.0 1.0 1.0 1.0 1.0 0.9250000000000007 0.0 
0.0 0.9250000000000037 1.0 1.0 1.0 1.0 1.0 1.0 1.0 1.0 1.0 1.0 1.0 1.0 1.0 1.0 1.0 1.0 0.9250000000000007 0.0 
0.0 0.9250000000000037 1.0 1.0 1.0 1.0 1.0 1.0 1.0 1.0 1.0 1.0 1.0 1.0 1.0 1.0 1.0 1.0 0.9250000000000007 0.0 
0.0 0.9250000000000038 1.0 1.0 1.0 1.0 0.3249999999999984 0.0 0.0 0.0 0.0 0.0 0.0 0.0 0.0 0.0 0.0 0.0 0.0 0.0 
0.0 0.9250000000000038 1.0 1.0 1.0 1.0 0.3249999999999984 0.0 0.0 0.0 0.0 0.0 0.0 0.0 0.0 0.0 0.0 0.0 0.0 0.0 
0.0 0.9250000000000037 1.0 1.0 1.0 1.0 0.3249999999999984 0.0 0.0 0.0 0.0 0.0 0.0 0.0 0.0 0.0 0.0 0.0 0.0 0.0 
0.0 0.9250000000000037 1.0 1.0 1.0 1.0 0.3249999999999984 0.0 0.0 0.0 0.0 0.0 0.0 0.0 0.0 0.0 0.0 0.0 0.0 0.0 
0.0 0.9250000000000037 1.0 1.0 1.0 1.0 0.4937500000000012 0.25000000000000355 0.6812500000000024 1.0 1.0 1.0 1.0 0.7562500000000016 0.25000000000000355 0.19375000000000328 0.0 0.0 0.0 0.0 
0.0 0.9250000000000038 1.0 1.0 1.0 1.0 1.0 1.0 1.0 1.0 1.0 1.0 1.0 1.0 1.0 0.8987500000000019 0.5500000000000043 0.48125000000000373 0.0 0.0 
0.8287500000000083 0.9887500000000009 1.0 1.0 1.0 1.0 1.0 1.0 1.0 1.0 1.0 1.0 1.0 1.0 1.0 1.0 1.0 0.9812500000000006 0.7862500000000052 0.0 
0.9750000000000041 1.0 1.0 1.0 1.0 1.0 0.8987499999999972 0.8499999999999961 0.3612499999999974 0.0 0.0 0.0 0.31874999999999853 0.8987499999999973 1.0 1.0 1.0 1.0 0.9362500000000009 0.14625000000000402 
0.5362499999999994 0.5499999999999972 0.5499999999999972 0.5499999999999972 0.5499999999999972 0.5499999999999972 0.1787499999999982 0.0 0.0 0.0 0.0 0.0 0.0 0.1787499999999987 0.6737499999999973 1.0 1.0 1.0 1.0 0.9750000000000014 
0.0 0.0 0.0 0.0 0.0 0.0 0.0 0.0 0.0 0.0 0.0 0.0 0.0 0.0 0.2749999999999986 1.0 1.0 1.0 1.0 0.9750000000000014 
0.0 0.0 0.0 0.0 0.0 0.0 0.0 0.0 0.0 0.0 0.0 0.0 0.0 0.0 0.2749999999999986 1.0 1.0 1.0 1.0 0.9750000000000014 
0.0 0.0 0.0 0.0 0.0 0.0 0.0 0.0 0.0 0.0 0.0 0.0 0.0 0.0 0.2749999999999986 1.0 1.0 1.0 1.0 0.9750000000000014 
0.0 0.0 0.0 0.0 0.0 0.0 0.0 0.0 0.0 0.0 0.0 0.0 0.0 0.21125000000000024 0.7462500000000011 1.0 1.0 1.0 0.9512500000000003 0.34124999999999844 
0.9262500000000067 0.9500000000000028 0.9500000000000028 0.9500000000000028 0.9500000000000028 0.2612499999999986 0.0 0.0 0.0 0.0 0.0 0.0 0.35625000000000107 0.9662500000000018 1.0 1.0 1.0 1.0 0.9250000000000007 0.0 
0.0 0.9250000000000037 1.0 1.0 1.0 1.0 1.0 1.0 1.0 1.0 1.0 1.0 1.0 1.0 1.0 1.0 0.95625 0.6562499999999969 0.0 0.0 
0.0 0.41624999999999773 0.44999999999999574 0.9037500000000008 1.0 1.0 1.0 1.0 1.0 1.0 1.0 1.0 1.0 1.0 1.0 0.8762500000000002 0.37124999999999775 0.0 0.0 0.0 
0.0 0.0 0.0 0.12374999999999925 0.14999999999999858 0.7662500000000015 1.0 1.0 1.0 1.0 1.0 1.0 1.0 0.7237500000000001 0.14999999999999858 0.11624999999999922 0.0 0.0 0.0 0.0 
