1.0 1.0 1.0 0.8762499999999984 0.1912499999999966 0.0 0.0 0.0 0.0 0.0 0.0 0.0 0.0 0.0 0.4499999999999922 0.4499999999999922 0.4499999999999922 0.4499999999999922 0.7112500000000026 0.5462499999999881 
1.0 1.0 1.0 1.0 0.4249999999999998 0.0 0.0 0.0 0.0 0.0 0.0 0.0 0.0 0.7250000000000085 1.0 1.0 1.0 1.0 0.8337499999999995 0.11374999999999491 
1.0 1.0 1.0 1.0 0.4249999999999998 0.0 0.0 0.0 0.0 0.0 0.0 0.006250000000001222 0.5312500000000003 1.0 1.0 1.0 1.0 0.8749999999999893 0.0 0.0 
1.0 1.0 1.0 1.0 0.4249999999999998 0.0 0.0 0.0 0.0 0.0 0.10124999999999489 1.0 1.0 1.0 1.0 1.0 0.8837500000000053 0.0 0.0 0.0 
1.0 1.0 1.0 1.0 0.4249999999999998 0.0 0.0 0.0 0.0 0.016249999999997575 0.6912500000000014 1.0 1.0 1.0 0.9962500000000003 0.5462499999999972 0.0 0.0 0.0 0.0 
1.0 1.0 1.0 1.0 0.4249999999999998 0.0 0.0 0.0 0.0 0.966249999999995 1.0 1.0 1.0 1.0 0.04625000000000691 0.0 0.0 0.0 0.0 0.0 
1.0 1.0 1.0 1.0 0.4249999999999998 0.0 0.0 0.5312499999999958 0.9962500000000003 1.0 1.0 1.0 0.6812499999999975 0.04125000000000126 0.0 0.0 0.0 0.0 0.0 0.0 
0.3812500000000052 1.0 1.0 0.7750000000000004 0.0 0.0 0.20624999999999916 0.9062499999999971 1.0 1.0 1.0 0.9749999999999943 0.0 0.0 0.0 0.0 0.0 0.0 0.0 0.0 
0.4637500000000052 1.0 1.0 1.0 0.4249999999999998 0.6012499999999926 1.0 1.0 1.0 1.0 0.561250000000003 0.0 0.0 0.0 0.0 0.0 0.0 0.0 0.0 0.0 
0.5462500000000067 1.0 1.0 1.0 1.0 1.0 1.0 1.0 1.0 1.0 0.6962499999999914 0.0 0.0 0.0 0.0 0.0 0.0 0.0 0.0 0.0 
0.17499999999999716 1.0 1.0 1.0 1.0 1.0 1.0 1.0 1.0 1.0 1.0 0.4387499999999898 0.0 0.0 0.0 0.0 0.0 0.0 0.0 0.0 
1.0 1.0 1.0 1.0 1.0 1.0 0.9037500000000018 0.6500000000000092 0.9912500000000013 1.0 1.0 1.0 0.6249999999999929 0.0 0.0 0.0 0.0 0.0 0.0 0.0 
1.0 1.0 1.0 1.0 1.0 1.0 0.0 0.0 0.7312500000000128 1.0 1.0 1.0 1.0 0.2749999999999915 0.0 0.0 0.0 0.0 0.0 0.0 
1.0 1.0 1.0 1.0 0.4249999999999998 0.0 0.0 0.0 0.0 0.3250000000000046 1.0 1.0 1.0 1.0 0.13874999999999116 0.0 0.0 0.0 0.0 0.0 
1.0 1.0 1.0 0.7750000000000004 0.0 0.0 0.0 0.0 0.0 0.0 0.6412500000000108 1.0 1.0 1.0 0.9287499999999932 0.028749999999993888 0.0 0.0 0.0 0.0 
1.0 1.0 1.0 0.7750000000000004 0.0 0.0 0.0 0.0 0.0 0.0 0.0 0.07375000000001303 1.0 1.0 1.0 0.9787499999999962 0.21374999999998948 0.0 0.0 0.0 
1.0 1.0 1.0 1.0 0.4249999999999998 0.0 0.0 0.0 0.0 0.0 0.0 0.0037500000000010836 0.4687500000000118 1.0 1.0 1.0 0.8837499999999915 0.0 0.0 0.0 
1.0 1.0 1.0 1.0 0.4249999999999998 0.0 0.0 0.0 0.0 0.0 0.0 0.0 0.0937500000000071 0.7937500000000103 1.0 1.0 1.0 0.8749999999999893 0.0 0.0 
1.0 1.0 1.0 1.0 0.4249999999999998 0.0 0.0 0.0 0.0 0.0 0.0 0.0 0.0 0.2537500000000092 1.0 1.0 1.0 1.0 0.8337499999999918 0.11374999999999204 
0.45000000000000284 0.45000000000000284 0.45000000000000284 0.45000000000000284 0.19125000000000114 0.0 0.0 0.0 0.0 0.0 0.0 0.0 0.0 0.0 0.03375000000000309 0.683750000000006 1.0 1.0 0.7387499999999947 0.07874999999999602 
