0.0 0.0 0.0 0.0 0.0 0.11687500000000728 0.4250000000000149 0.6406250000000134 1.0 1.0 0.6981250000000025 0.4250000000000149 0.4250000000000149 0.4250000000000149 0.11687500000000048 0.0 0.0 0.0 0.0 0.0 
0.0 0.0 0.03437500000000353 0.40187500000001675 1.0 1.0 1.0 1.0 1.0 1.0 1.0 1.0 1.0 1.0 1.0 0.4381250000000046 0.27500000000001457 0.03437499999999889 0.0 0.0 
0.0031250000000010657 0.19062500000001836 1.0 1.0 1.0 1.0 1.0 1.0 1.0 1.0 1.0 1.0 1.0 1.0 1.0 1.0 1.0 0.2343750000000031 0.009374999999999644 0.0 
0.025000000000005684 1.0 1.0 1.0 1.0 1.0 1.0 1.0 0.5856249999999869 0.024999999999987033 0.024999999999987033 0.5856250000000025 1.0 1.0 1.0 1.0 1.0 1.0 0.9768750000000117 0.024374999999988548 
1.0 1.0 1.0 1.0 1.0 0.7731249999999904 0.11812499999999021 0.0 0.0 0.0 0.0 0.0 0.0 0.11812499999999317 0.7731250000000036 1.0 1.0 1.0 1.0 0.8293750000000102 
1.0 1.0 1.0 1.0 0.8481249999999929 0.23562499999998934 0.0 0.0 0.0 0.0 0.0 0.0 0.0 0.0 0.23562499999999453 0.8481250000000037 1.0 1.0 1.0 1.0 
1.0 1.0 1.0 1.0 0.7749999999999932 0.0 0.0 0.0 0.0 0.0 0.0 0.0 0.0 0.0 0.0 0.7750000000000092 1.0 1.0 1.0 1.0 
1.0 1.0 1.0 1.0 1.0 0.7249999999999925 0.0 0.0 0.0 0.0 0.0 0.0 0.0 0.2531250000000108 0.8281250000000082 1.0 1.0 1.0 1.0 0.634374999999985 
0.025000000000005684 1.0 1.0 1.0 1.0 1.0 0.7481249999999977 0.2250000000000103 0.2250000000000103 0.2250000000000103 0.2250000000000103 0.2250000000000103 0.7093750000000107 1.0 1.0 1.0 1.0 1.0 0.7918749999999879 0.019374999999990383 
0.0 0.06937500000000475 0.9343749999999917 1.0 1.0 1.0 1.0 1.0 1.0 1.0 1.0 1.0 1.0 1.0 1.0 1.0 1.0 0.9343749999999905 0.06937499999998874 0.0 
0.0 0.0 0.12500000000000622 1.0 1.0 1.0 1.0 1.0 1.0 1.0 1.0 1.0 1.0 1.0 1.0 1.0 1.0 0.12499999999998934 0.0 0.0 
0.019375000000004635 0.7918750000000099 1.0 1.0 1.0 1.0 1.0 1.0 1.0 1.0 1.0 1.0 1.0 1.0 1.0 1.0 1.0 0.8031250000000056 0.058124999999991885 0.0 
1.0 1.0 1.0 1.0 1.0 0.8281249999999933 0.2531249999999925 0.0 0.0 0.0 0.0 0.0 0.2343749999999989 0.7968750000000037 1.0 1.0 1.0 1.0 1.0 0.02499999999998792 
1.0 1.0 1.0 1.0 0.7749999999999932 0.0 0.0 0.0 0.0 0.0 0.0 0.0 0.0 0.0 0.7250000000000085 1.0 1.0 1.0 1.0 0.488125000000002 
1.0 1.0 1.0 1.0 0.7749999999999932 0.0 0.0 0.0 0.0 0.0 0.0 0.0 0.0 0.0 0.7250000000000085 1.0 1.0 1.0 1.0 1.0 
1.0 1.0 1.0 1.0 0.7749999999999932 0.0 0.0 0.0 0.0 0.0 0.0 0.0 0.0 0.0 0.7250000000000085 1.0 1.0 1.0 1.0 0.02499999999998792 
0.9756249999999946 1.0 1.0 1.0 1.0 0.7318749999999943 0.025000000000005684 0.015625000000003376 0.0 0.0 0.0 0.0 0.015625000000003775 0.6831250000000112 1.0 1.0 1.0 1.0 0.9768749999999945 0.02437499999998808 
0.025000000000005684 1.0 1.0 1.0 1.0 1.0 1.0 0.9531250000000004 0.8750000000000036 0.8750000000000036 0.8750000000000036 0.8750000000000036 0.9531250000000024 1.0 1.0 1.0 1.0 1.0 0.07499999999998863 0.0 
0.0 0.020625000000000997 0.36562499999999704 1.0 1.0 1.0 1.0 1.0 1.0 1.0 1.0 1.0 1.0 1.0 1.0 1.0 0.40187499999998577 0.034374999999996006 0.0 0.0 
0.0 0.0 0.0 0.07437500000000226 0.42499999999999716 0.5831250000000022 1.0 1.0 1.0 1.0 1.0 1.0 1.0 0.6118749999999926 0.42499999999999716 0.09562499999999544 0.0 0.0 0.0 0.0 
