0.2874999999999962 0.6375000000000026 0.43749999999999867 0.48750000000000004 0.08124999999999889 0.0 0.7312500000000038 0.0 0.0 0.0 0.14374999999999866 0.06874999999999867 0.21874999999999778 0.243749999999996 0.0 0.08125000000000045 0.24999999999999645 0.09374999999999778 0.0 0.6937500000000092 
0.23125000000000348 0.05625000000000044 0.43750000000000044 0.4875000000000004 0.5874999999999988 0.7499999999999967 0.7499999999999967 0.7499999999999967 0.7499999999999967 0.4312499999999976 0.14375000000000263 0.06875000000000056 0.2187500000000038 0.24375000000000271 0.13125000000000261 0.8312499999999994 1.0 0.843749999999997 0.7499999999999967 0.7499999999999967 
0.9250000000000016 0.0 0.09374999999999861 0.11874999999999866 0.0 0.8250000000000002 1.0 1.0 1.0 0.5749999999999993 0.0 0.0 0.0 0.02500000000000213 1.0 1.0 1.0 1.0 1.0 0.7687500000000009 
0.9812500000000002 0.5812499999999988 0.09375000000000078 0.1187500000000014 0.0 0.20625000000000224 0.9812500000000005 1.0 1.0 0.5749999999999993 0.0 0.0 0.0 0.756249999999998 1.0 1.0 1.0 1.0 0.4187499999999978 0.018749999999998247 
1.0 0.8312500000000004 0.24999999999999734 0.11874999999999887 0.5062500000000016 0.13125000000000034 0.9750000000000005 1.0 1.0 0.5749999999999993 0.14374999999999918 0.06874999999999891 0.21874999999999856 1.0 1.0 1.0 0.8812500000000001 0.28124999999999833 0.0 0.0 
1.0 1.0 0.7187500000000017 0.1187500000000014 0.0 0.0 0.9750000000000005 1.0 1.0 0.5749999999999993 0.14375000000000224 0.6124999999999996 0.9687500000000006 1.0 1.0 0.7562499999999961 0.13125000000000014 0.0 0.0 0.0 
0.0 0.0 0.0 0.0 0.0 0.0 0.9750000000000005 1.0 1.0 0.5749999999999993 0.14374999999999968 0.7937500000000006 1.0 1.0 0.9562499999999993 0.5062499999999964 0.0 0.0 0.0 0.0 
0.0 0.0 0.0 0.0 0.0 0.0 0.9750000000000005 1.0 1.0 0.893749999999999 0.8937499999999999 1.0 1.0 1.0 0.8249999999999957 0.0 0.0 0.0 0.0 0.0 
0.0 0.0 0.0 0.0 0.0 0.0 0.9750000000000005 1.0 1.0 1.0 1.0 1.0 1.0 0.7312500000000002 0.0 0.0 0.0 0.0 0.0 0.0 
0.0 0.0 0.0 0.0 0.0 0.0 0.9750000000000005 1.0 1.0 1.0 1.0 1.0 0.3437499999999989 0.0 0.0 0.0 0.0 0.0 0.0 0.0 
0.23124999999999876 0.0 0.0 0.0 0.0 0.0 0.9750000000000005 1.0 1.0 1.0 1.0 1.0 0.12499999999999645 0.0 0.0 0.0 0.0 0.0 0.0 0.0 
0.9250000000000016 0.0 0.0 0.0 0.0 0.0 0.9750000000000005 1.0 1.0 1.0 1.0 1.0 0.7812499999999991 0.0 0.0 0.0 0.0 0.0 0.0 0.0 
1.0 0.8312500000000009 0.15625000000000022 0.0 0.0 0.0 0.9750000000000005 1.0 1.0 1.0 1.0 1.0 1.0 0.9749999999999979 0.0 0.0 0.0 0.0 0.0 0.0 
1.0 1.0 0.6250000000000009 0.0 0.0 0.0 0.9750000000000005 1.0 1.0 0.6812499999999995 0.6812500000000021 1.0 1.0 0.9937499999999995 0.6187499999999968 0.0 0.0 0.0 0.0 0.0 
1.0 1.0 0.6250000000000009 0.0 0.0 0.0 0.9750000000000005 1.0 1.0 0.5749999999999993 0.0 0.7250000000000014 1.0 1.0 1.0 0.7562499999999952 0.13124999999999876 0.0 0.0 0.0 
1.0 1.0 0.6250000000000009 0.0 0.0 0.0 0.9750000000000005 1.0 1.0 0.5749999999999993 0.0 0.18125000000000036 0.9062500000000027 1.0 1.0 1.0 0.524999999999995 0.0 0.0 0.0 
1.0 0.9437500000000003 0.46875000000000067 0.0 0.0 0.0 0.9750000000000005 1.0 1.0 0.5749999999999993 0.0 0.0 0.0 0.7562500000000005 1.0 1.0 1.0 0.5312499999999973 0.05624999999999858 0.0 
1.0 0.7750000000000012 0.0 0.0 0.0 0.0 0.9750000000000005 1.0 1.0 0.5749999999999993 0.0 0.0 0.0 0.02500000000000213 1.0 1.0 1.0 1.0 0.22499999999999432 0.0 
0.6937500000000012 0.05624999999999969 0.15625000000000022 0.0 0.0 0.0 0.9750000000000005 1.0 1.0 0.5749999999999993 0.0 0.0 0.0 0.0 0.1312500000000032 0.8312500000000016 1.0 1.0 1.0 0.30624999999999414 
0.0 0.05624999999999969 0.15625000000000022 0.0 0.0 0.0 0.24375000000000013 1.0 1.0 0.5749999999999993 0.0 0.0 0.0 0.0 0.0 0.0812500000000016 0.6062500000000037 1.0 1.0 1.0 
