0.0 0.0 0.0 0.0 0.0 0.0 0.0 0.0 0.0 0.5749999999999966 1.0 1.0 1.0 1.0 1.0 0.32500000000000284 0.0 0.0 0.0 0.0 
0.0 0.0 0.0 0.0 0.0 0.0 0.0 0.0 0.43500000000000016 0.8299999999999998 1.0 1.0 1.0 1.0 1.0 0.32500000000000284 0.0 0.0 0.0 0.0 
0.0 0.0 0.0 0.0 0.0 0.0 0.0 0.0 0.724999999999997 1.0 1.0 1.0 1.0 1.0 1.0 0.32500000000000284 0.0 0.0 0.0 0.0 
0.0 0.0 0.0 0.0 0.0 0.0 0.009999999999998774 0.3500000000000008 0.8349999999999989 1.0 1.0 1.0 1.0 1.0 1.0 0.5950000000000031 0.19000000000000228 0.0 0.0 0.0 
0.0 0.0 0.0 0.0 0.0 0.0 0.024999999999996803 0.8749999999999973 1.0 1.0 1.0 1.0 1.0 1.0 1.0 1.0 0.4750000000000032 0.0 0.0 0.0 
0.0 0.0 0.0 0.0 0.0 0.03499999999999993 0.22000000000000022 0.8999999999999982 1.0 1.0 1.0 1.0 1.0 1.0 1.0 1.0 0.4750000000000032 0.0 0.0 0.0 
0.0 0.0 0.0 0.0 0.0 0.17499999999999716 1.0 1.0 1.0 1.0 1.0 1.0 1.0 1.0 1.0 1.0 0.4750000000000032 0.0 0.0 0.0 
0.0 0.0 0.0 0.0 5.773159728050762e-16 0.17499999999999863 1.0 1.0 1.0 0.999999999999999 0.5750000000000018 0.0 0.12499999999999645 0.9749999999999961 1.0 1.0 1.0 0.6250000000000036 0.0 0.0 
0.0 0.0 0.0 0.0 0.32499999999999707 1.0 1.0 1.0 1.0 0.4250000000000034 0.0 0.0 0.12499999999999645 0.9749999999999961 1.0 1.0 1.0 0.6250000000000036 0.0 0.0 
0.0 0.0 0.0 0.0 0.32499999999999707 1.0 1.0 1.0 1.0 0.4250000000000034 0.0 0.0 0.12499999999999645 0.9749999999999961 1.0 1.0 1.0 0.6250000000000036 0.0 0.0 
0.0 0.0 0.0 0.09500000000000075 0.4599999999999996 1.0 1.0 1.0 0.275000000000003 0.0 0.0 0.0 0.0999999999999968 0.7799999999999941 0.964999999999999 1.0 1.0 0.6250000000000036 0.0 0.0 
0.0 0.0 0.0 0.474999999999997 1.0 1.0 1.0 1.0 0.275000000000003 0.0 0.0 0.0 0.0 0.0 0.8249999999999975 1.0 1.0 0.850000000000002 0.46500000000000347 0.0 
0.0 0.0 0.6249999999999971 1.0 1.0 1.0 0.9750000000000032 0.12500000000000266 0.0 0.0 0.0 0.0 0.0 0.0 0.8249999999999975 1.0 1.0 1.0 0.7750000000000039 0.0 
0.0 0.0 0.6249999999999971 1.0 1.0 1.0 0.9750000000000032 0.12500000000000266 0.0 0.0 0.0 0.0 0.0 0.0 0.8249999999999975 1.0 1.0 1.0 0.7750000000000039 0.0 
0.0 0.6199999999999982 0.9249999999999997 1.0 1.0 1.0 0.9750000000000032 0.12500000000000266 0.0 0.0 0.0 0.0 0.0 0.0 0.8249999999999975 1.0 1.0 1.0 0.7750000000000039 0.0 
0.0 0.7749999999999972 1.0 1.0 1.0 1.0 1.0 1.0 1.0 1.0 1.0 1.0 1.0 1.0 1.0 1.0 1.0 1.0 1.0 0.9250000000000043 
0.0 0.7749999999999971 1.0 1.0 1.0 1.0 1.0 1.0 1.0 1.0 1.0 1.0 1.0 1.0 1.0 1.0 1.0 1.0 1.0 0.9250000000000043 
0.9249999999999972 1.0 1.0 1.0 1.0 0.8250000000000028 0.0 0.0 0.0 0.0 0.0 0.0 0.0 0.0 0.0 0.6749999999999972 1.0 1.0 1.0 0.9250000000000043 
0.9249999999999972 1.0 1.0 1.0 0.6750000000000029 0.0 0.0 0.0 0.0 0.0 0.0 0.0 0.0 0.0 0.0 0.40499999999999686 0.8099999999999977 1.0 1.0 0.9250000000000043 
0.9249999999999972 1.0 1.0 0.6200000000000021 0.13500000000000012 0.0 0.0 0.0 0.0 0.0 0.0 0.0 0.0 0.0 0.0 0.0 0.5249999999999968 1.0 1.0 0.9250000000000043 
