0.0 0.0 0.0 0.0 0.16500000000000123 0.30000000000000426 0.545 1.0 1.0 1.0 1.0 1.0 1.0 0.5450000000000075 0.30000000000000426 0.30000000000000426 0.195000000000005 0.0 0.0 0.0 
0.0 0.0 0.0 0.585 0.9550000000000016 1.0 1.0 1.0 1.0 1.0 1.0 1.0 1.0 1.0 1.0 1.0 0.9650000000000023 0.6750000000000097 0.0 0.0 
0.0 0.8499999999999972 1.0 1.0 1.0 0.7750000000000001 0.32499999999999907 0.0 0.0 0.0 0.0 0.0 0.0 0.32499999999999374 0.7749999999999948 1.0 1.0 1.0 0.9250000000000049 0.4750000000000092 
0.9499999999999975 1.0 1.0 1.0 0.45000000000000373 0.0 0.0 0.0 0.0 0.0 0.0 0.0 0.0 0.0 0.0 0.4049999999999907 0.9349999999999961 1.0 1.0 0.95000000000001 
0.9499999999999975 1.0 1.0 0.5449999999999993 0.13499999999999904 0.0 0.0 0.0 0.0 0.0 0.0 0.0 0.0 0.0 0.0 0.0 0.34999999999999254 1.0 1.0 0.95000000000001 
0.9499999999999975 1.0 1.0 0.3500000000000032 0.0 0.0 0.0 0.0 0.0 0.0 0.0 0.0 0.0 0.0 0.0 0.0 0.34999999999999254 1.0 1.0 0.95000000000001 
0.9499999999999975 1.0 1.0 0.935000000000004 0.4050000000000059 0.0 0.0 0.0 0.0 0.0 0.0 0.0 0.0 0.0 0.0 0.0 0.34999999999999254 1.0 1.0 0.95000000000001 
0.9499999999999975 1.0 1.0 1.0 0.45000000000000373 0.0 0.0 0.0 0.0 0.0 0.0 0.0 0.0 0.0 0.0 0.0 0.34999999999999254 1.0 1.0 0.95000000000001 
0.0 0.8499999999999972 1.0 1.0 0.5050000000000061 0.055000000000003164 0.0 0.0 0.0 0.0 0.0 0.0 0.0 0.0 0.055000000000002096 0.5049999999999957 1.0 1.0 1.0 0.95000000000001 
0.0 0.25499999999999523 0.8249999999999966 1.0 1.0 0.8650000000000033 0.7000000000000046 0.7000000000000046 0.5950000000000074 0.0 0.0 0.595 0.7000000000000046 0.7000000000000046 0.8650000000000002 1.0 1.0 1.0 1.0 0.95000000000001 
0.0 0.0 0.0 0.45499999999999496 0.6999999999999957 0.8349999999999964 1.0 1.0 1.0 1.0 1.0 1.0 1.0 0.8049999999999993 0.6999999999999957 0.6999999999999957 0.804999999999995 1.0 1.0 0.95000000000001 
0.0 0.0 0.0 0.0 0.0 0.044999999999997015 0.09999999999999432 0.09999999999999432 0.09999999999999432 0.09999999999999432 0.09999999999999432 0.09999999999999432 0.09999999999999432 0.034999999999998685 0.0 0.0 0.34999999999999254 1.0 1.0 0.95000000000001 
0.0 0.0 0.0 0.0 0.0 0.0 0.0 0.0 0.0 0.0 0.0 0.0 0.0 0.0 0.0 0.0 0.34999999999999254 1.0 1.0 0.95000000000001 
0.0 0.0 0.0 0.0 0.0 0.0 0.0 0.0 0.0 0.0 0.0 0.0 0.0 0.0 0.0 0.0 0.34999999999999254 1.0 1.0 0.95000000000001 
0.6650000000000044 0.7000000000000064 0.7000000000000064 0.7000000000000064 0.3150000000000055 0.0 0.0 0.0 0.0 0.0 0.0 0.0 0.0 0.0 0.0 0.0 0.34999999999999254 1.0 1.0 0.95000000000001 
0.9499999999999975 1.0 1.0 1.0 0.45000000000000373 0.0 0.0 0.0 0.0 0.0 0.0 0.0 0.0 0.0 0.0 0.13499999999999956 0.5449999999999975 1.0 1.0 0.95000000000001 
0.09499999999999435 0.8649999999999967 1.0 1.0 0.45000000000000373 0.0 0.0 0.0 0.0 0.0 0.0 0.0 0.0 0.0 0.0 0.4499999999999922 1.0 1.0 1.0 0.95000000000001 
0.0 0.42499999999999255 0.8749999999999967 1.0 1.0 0.7750000000000054 0.5000000000000071 0.37500000000000755 0.0 0.0 0.0 0.0 0.37500000000000266 0.5000000000000071 0.775 1.0 1.0 0.8750000000000018 0.4249999999999982 0.0 
0.0 0.0 0.0 0.5849999999999939 0.899999999999995 0.9449999999999968 1.0 1.0 1.0 1.0 1.0 1.0 1.0 1.0 0.944999999999998 0.899999999999995 0.5850000000000035 0.0 0.0 0.0 
0.0 0.0 0.0 0.0 0.0 0.13499999999999585 0.2999999999999936 0.2999999999999936 0.4049999999999911 1.0 1.0 0.40499999999999853 0.2999999999999936 0.2999999999999936 0.13499999999999904 0.0 0.0 0.0 0.0 0.0 
