0.9750000000000005 0.32937500000000147 0.9093750000000009 1.0 1.0 1.0 1.0 1.0 1.0 1.0 1.0 1.0 1.0 1.0 1.0 1.0 1.0 1.0 1.0 0.9749999999999943 
0.9750000000000005 1.0 1.0 1.0 1.0 1.0 1.0 1.0 1.0 1.0 1.0 1.0 1.0 1.0 1.0 1.0 1.0 1.0 1.0 0.9749999999999943 
0.0 0.0 0.0 0.0 0.0 0.0 0.0 0.0 0.0 0.0 0.0 0.0 0.0 0.20312500000000133 0.7281249999999998 1.0 1.0 1.0 0.9249999999999972 0.0 
0.0 0.0 0.0 0.0 0.0 0.0 0.0 0.0 0.0 0.0 0.0 0.0 0.0 0.0 0.27500000000000213 1.0 1.0 1.0 0.9249999999999972 0.0 
0.0 0.0 0.0 0.0 0.0 0.0 0.0 0.0 0.0 0.0 0.0 0.0 0.0 0.32500000000000284 1.0 1.0 1.0 0.8749999999999964 0.0 0.0 
0.0 0.0 0.0 0.0 0.0 0.0 0.0 0.0 0.0 0.0 0.0 0.0 0.37500000000000355 1.0 1.0 0.9943749999999998 0.8043749999999955 0.0 0.0 0.0 
0.0 0.0 0.0 0.0 0.0 0.0 0.0 0.0 0.0 0.0 0.0 0.24437500000000215 0.7343750000000011 1.0 1.0 0.774999999999995 0.0 0.0 0.0 0.0 
0.0 0.0 0.0 0.0 0.0 0.0 0.0 0.0 0.0 0.0 0.4750000000000014 1.0 1.0 1.0 0.7249999999999979 0.0 0.0 0.0 0.0 0.0 
0.0 0.0 0.0 0.0 0.0 0.0 0.0 0.0 0.0 0.3543750000000009 0.8293749999999999 1.0 1.0 0.7806249999999983 0.23562500000000008 0.0 0.0 0.0 0.0 0.0 
0.0 0.0 0.0 0.0 0.0 0.0 0.0 0.0 0.1293749999999992 0.6318750000000006 1.0 1.0 0.915625 0.5231249999999993 0.0 0.0 0.0 0.0 0.0 0.0 
0.0 0.0 0.0 0.0 0.0 0.0 0.0 0.0 0.575000000000002 1.0 1.0 1.0 0.6249999999999964 0.0 0.0 0.0 0.0 0.0 0.0 0.0 
0.0 0.0 0.0 0.0 0.0 0.0 0.0 0.6250000000000018 1.0 1.0 0.8456249999999998 0.38812499999999756 0.0 0.0 0.0 0.0 0.0 0.0 0.0 0.0 
0.0 0.0 0.0 0.0 0.0 0.0 0.590624999999999 0.9531249999999989 1.0 1.0 0.5249999999999986 0.0 0.0 0.0 0.0 0.0 0.0 0.0 0.0 0.0 
0.0 0.0 0.0 0.0 0.0 0.30812499999999854 0.813125 1.0 1.0 0.47499999999999787 0.0 0.0 0.0 0.0 0.0 0.0 0.0 0.0 0.0 0.0 
0.0 0.0 0.0 0.0 0.0 0.7250000000000014 1.0 1.0 0.4393749999999993 0.01187500000000096 0.0 0.0 0.0 0.0 0.0 0.0 0.0 0.0 0.0 0.0 
0.0 0.0 0.0 0.0 0.7750000000000012 1.0 1.0 0.6718750000000022 0.2018750000000012 0.0 0.0 0.0 0.0 0.0 0.0 0.0 0.0 0.0 0.0 0.0 
0.0 0.0 0.06562499999999634 0.8381250000000002 1.0 1.0 0.9493750000000027 0.34687499999999993 0.0 0.0 0.0 0.0 0.0 0.0 0.0 0.0 0.0 0.0 0.0 0.0 
0.0 0.0 0.8750000000000009 1.0 1.0 0.5468750000000017 0.12187500000000055 0.0 0.0 0.0 0.0 0.0 0.0 0.0 0.0 0.0 0.0 0.0 0.0 0.0 
0.0 0.9250000000000007 1.0 1.0 0.8643750000000048 0.22687500000000058 0.0 0.0 0.0 0.0 0.0 0.0 0.0 0.0 0.0 0.0 0.0 0.0 0.0 0.0 
0.7068749999999948 0.9793749999999998 1.0 1.0 0.22499999999999876 0.0 0.0 0.0 0.0 0.0 0.0 0.0 0.0 0.0 0.0 0.0 0.0 0.0 0.0 0.0 
