0.9750000000000032 1.0 1.0 1.0 1.0 1.0 1.0 1.0 1.0 1.0 1.0 1.0 1.0 1.0 0.8143749999999945 0.2518749999999994 0.0 0.0 0.0 0.0 
0.9750000000000032 1.0 1.0 1.0 1.0 1.0 1.0 1.0 1.0 1.0 1.0 1.0 1.0 1.0 1.0 0.9943750000000005 0.9750000000000028 0.8531249999999955 0.0 0.0 
0.9750000000000032 1.0 1.0 1.0 1.0 0.5468749999999949 0.37499999999999734 0.37499999999999734 0.37499999999999734 0.37499999999999734 0.37499999999999734 0.37499999999999734 0.37499999999999734 0.5781250000000033 1.0 1.0 1.0 0.9531249999999977 0.5781249999999962 0.0 
0.9750000000000032 1.0 1.0 1.0 0.2249999999999952 0.0 0.0 0.0 0.0 0.0 0.0 0.0 0.0 0.0 0.1993750000000061 0.7868750000000007 1.0 1.0 0.92499999999999 0.0 
0.9750000000000032 1.0 1.0 1.0 0.2249999999999952 0.0 0.0 0.0 0.0 0.0 0.0 0.0 0.0 0.0 0.0 0.22500000000000853 1.0 1.0 0.92499999999999 0.0 
0.4143749999999986 0.9568750000000018 1.0 1.0 0.2249999999999952 0.0 0.0 0.0 0.0 0.0 0.0 0.0 0.0 0.0 0.0 0.22500000000000853 1.0 1.0 0.956874999999994 0.4143749999999918 
0.0 0.9250000000000036 1.0 1.0 0.2249999999999952 0.0 0.0 0.0 0.0 0.0 0.0 0.0 0.0 0.0 0.0 0.22500000000000853 1.0 1.0 0.92499999999999 0.0 
0.0 0.9250000000000036 1.0 1.0 0.2249999999999952 0.0 0.0 0.0 0.0 0.0 0.0 0.0 0.0 0.0 0.0 0.22500000000000853 1.0 1.0 0.92499999999999 0.0 
0.0 0.9250000000000036 1.0 1.0 0.2249999999999952 0.0 0.0 0.0 0.0 0.0 0.0 0.0 0.0 0.0 0.0 0.22500000000000853 1.0 1.0 0.9643749999999954 0.5118749999999954 
0.0 0.9250000000000036 1.0 1.0 0.2249999999999952 0.0 0.0 0.0 0.0 0.0 0.0 0.0 0.0 0.0 0.0 0.22500000000000853 1.0 1.0 1.0 0.9749999999999872 
0.0 0.9250000000000036 1.0 1.0 0.2249999999999952 0.0 0.0 0.0 0.0 0.0 0.0 0.0 0.0 0.0 0.0 0.22500000000000853 1.0 1.0 1.0 0.9749999999999872 
0.0 0.9250000000000036 1.0 1.0 0.5931249999999986 0.13062499999999802 0.0 0.0 0.0 0.0 0.0 0.0 0.0 0.0 0.0 0.22500000000000853 1.0 1.0 1.0 0.9749999999999872 
0.0 0.9250000000000036 1.0 1.0 1.0 0.274999999999995 0.0 0.0 0.0 0.0 0.0 0.0 0.0 0.0 0.0 0.22500000000000853 1.0 1.0 1.0 0.9749999999999872 
0.0 0.9250000000000036 1.0 1.0 1.0 0.274999999999995 0.0 0.0 0.0 0.0 0.0 0.0 0.0 0.0 0.0 0.22500000000000853 1.0 1.0 1.0 0.9749999999999872 
0.0 0.9250000000000036 1.0 1.0 1.0 0.274999999999995 0.0 0.0 0.0 0.0 0.0 0.0 0.0 0.0 0.0 0.22500000000000853 1.0 1.0 1.0 0.9749999999999872 
0.0 0.9250000000000036 1.0 1.0 1.0 0.274999999999995 0.0 0.0 0.0 0.0 0.0 0.0 0.0 0.0 0.0 0.22500000000000853 1.0 1.0 1.0 0.9749999999999872 
0.0 0.9250000000000036 1.0 1.0 1.0 0.274999999999995 0.0 0.0 0.0 0.0 0.0 0.0 0.0 0.0 0.19937500000000707 0.7868750000000034 1.0 1.0 0.9456249999999927 0.2681249999999951 
0.0 0.9250000000000036 1.0 1.0 1.0 0.5468749999999969 0.375 0.375 0.375 0.375 0.375 0.375 0.375 0.5781250000000051 1.0 1.0 1.0 0.9531249999999973 0.5781249999999938 0.0 
0.0 0.9250000000000036 1.0 1.0 1.0 1.0 1.0 1.0 1.0 1.0 1.0 1.0 1.0 1.0 1.0 0.9943749999999993 0.8043749999999888 0.0 0.0 0.0 
0.0 0.9250000000000036 0.4093749999999967 0.3249999999999993 0.3249999999999993 0.3249999999999993 0.3249999999999993 0.3249999999999993 0.3249999999999993 0.3249999999999993 0.3249999999999993 0.3249999999999993 0.3249999999999993 0.3249999999999993 0.3249999999999993 0.2518749999999967 0.0 0.0 0.0 0.0 
