0.0 0.9249999999999995 1.0 1.0 1.0 1.0 1.0 1.0 1.0 1.0 1.0 1.0 1.0 1.0 1.0 0.8200000000000015 0.1999999999999993 0.17499999999999938 0.0 0.0 
0.0 0.9249999999999994 1.0 1.0 1.0 1.0 1.0 1.0 1.0 1.0 1.0 1.0 1.0 1.0 1.0 1.0 1.0 0.9499999999999998 0.5550000000000016 0.0 
0.0 0.9249999999999995 1.0 1.0 1.0 1.0 0.32500000000000195 1.3322676295501878e-15 1.3322676295501878e-15 1.3322676295501878e-15 0.4749999999999986 0.5750000000000034 1.3322676295501878e-15 0.3249999999999984 1.0 1.0 1.0 1.0 0.9999999999999999 0.9750000000000001 
0.0 0.9249999999999996 1.0 1.0 1.0 0.27500000000000124 0.0 0.0 0.0 0.0 0.0 0.0 0.0 0.0 0.16499999999999848 0.6900000000000003 1.0 1.0 1.0 0.9750000000000014 
0.0 0.9249999999999995 1.0 1.0 1.0 0.27500000000000124 0.0 0.0 0.0 0.0 0.0 0.0 0.0 0.0 0.0 0.22499999999999787 1.0 1.0 1.0 0.9750000000000014 
0.0 0.9249999999999995 1.0 1.0 1.0 0.27500000000000124 0.0 0.0 0.0 0.0 0.0 0.0 0.0 0.0 0.0 0.22499999999999787 1.0 1.0 1.0 0.9750000000000014 
0.0 0.9249999999999995 1.0 1.0 1.0 0.27500000000000124 0.0 0.0 0.0 0.0 0.0 0.0 0.0 0.0 0.0 0.22499999999999787 1.0 1.0 1.0 0.9750000000000014 
0.0 0.9249999999999995 1.0 1.0 1.0 0.27500000000000124 0.0 0.0 0.0 0.0 0.0 0.0 0.0 0.0 0.0 0.22499999999999787 1.0 1.0 1.0 0.9750000000000014 
0.0 0.9249999999999994 1.0 1.0 1.0 0.5649999999999984 0.3999999999999968 0.3999999999999968 0.3999999999999968 0.3999999999999968 0.3999999999999968 0.3999999999999968 0.3999999999999968 0.5949999999999963 1.0 1.0 1.0 1.0 0.9250000000000043 0.0 
0.0 0.9249999999999995 1.0 1.0 1.0 1.0 1.0 1.0 1.0 1.0 1.0 1.0 1.0 1.0 1.0 1.0 0.8600000000000028 0.20000000000000284 0.1850000000000035 0.0 
0.0 0.9249999999999995 1.0 1.0 1.0 1.0 0.8650000000000031 0.9250000000000013 1.0 1.0 1.0 1.0 1.0 1.0 0.9450000000000018 0.620000000000005 0.0 0.0 0.0 0.0 
0.0 0.9249999999999995 1.0 1.0 1.0 0.5650000000000036 0.1300000000000017 0.2500000000000017 0.4000000000000039 0.4000000000000039 0.6850000000000007 1.0 1.0 1.0 0.8900000000000001 0.46499999999999825 0.0 0.0 0.0 0.0 
0.0 0.9249999999999995 1.0 1.0 1.0 0.27500000000000124 0.0 0.0 0.0 0.0 1.6875389974302304e-15 0.4249999999999992 1.0 1.0 1.0 0.7750000000000021 0.0 0.0 0.0 0.0 
0.0 0.9249999999999995 1.0 1.0 1.0 0.27500000000000124 0.0 0.0 0.0 0.0 0.0 0.42499999999999716 1.0 1.0 1.0 0.8650000000000002 0.329999999999997 0.0 0.0 0.0 
0.7799999999999935 0.9849999999999994 1.0 1.0 0.3800000000000058 0.055000000000002006 0.0 0.0 0.0 0.0 0.0 0.08500000000000214 0.5000000000000026 1.0 1.0 1.0 0.8250000000000028 0.0 0.0 0.0 
0.9749999999999996 1.0 1.0 1.0 0.22500000000000098 0.0 0.0 0.0 0.0 0.0 0.0 0.0 0.3749999999999982 1.0 1.0 1.0 0.8600000000000015 0.17499999999999627 0.0 0.0 
0.9749999999999996 1.0 1.0 1.0 0.22500000000000098 0.0 0.0 0.0 0.0 0.0 0.0 0.0 0.1500000000000014 0.5950000000000023 1.0 1.0 1.0 0.875 0.0 0.0 
0.9749999999999996 1.0 1.0 1.0 0.22500000000000098 0.0 0.0 0.0 0.0 0.0 0.0 0.0 0.0 0.3249999999999975 1.0 1.0 1.0 0.9999999999999991 0.9249999999999977 0.0 
0.9749999999999996 1.0 1.0 1.0 0.22500000000000098 0.0 0.0 0.0 0.0 0.0 0.0 0.0 0.0 0.19500000000000012 0.7100000000000023 1.0 1.0 1.0 0.9250000000000043 0.0 
0.9749999999999996 1.0 1.0 1.0 0.22500000000000098 0.0 0.0 0.0 0.0 0.0 0.0 0.0 0.0 0.0 0.2749999999999968 1.0 1.0 1.0 0.9250000000000043 0.0 
