0.0 0.0 0.0 0.0 0.0 0.0 0.0 0.0 0.0 0.0 0.0 0.0 1.598721155460267e-15 0.30000000000001154 1.0 1.0 1.0 1.0 0.9999999999999929 0.0 
0.0 0.0 0.0 0.0 0.0 0.0 0.0 0.0 0.0 0.0 0.0 3.1974423109204773e-15 0.900000000000008 1.0 1.0 1.0 1.0 1.0 0.9999999999999929 0.0 
0.0 0.0 0.0 0.0 0.0 0.0 0.0 0.0 0.0 0.0 1.7763568394002757e-15 0.5000000000000089 1.0 1.0 1.0 1.0 1.0 1.0 0.9999999999999929 0.0 
0.0 0.0 0.0 0.0 0.0 0.0 0.0 0.0 0.0 3.5527136788007407e-16 0.10000000000000994 1.0 1.0 1.0 1.0 1.0 1.0 1.0 0.9999999999999929 0.0 
0.0 0.0 0.0 0.0 0.0 0.0 0.0 0.0 0.0 3.552713678800501e-15 1.0 1.0 1.0 1.0 1.0 1.0 1.0 1.0 0.9999999999999929 0.0 
0.0 0.0 0.0 0.0 0.0 0.0 0.0 0.0 3.552713678800501e-15 1.0 1.0 1.0 0.9999999999999984 0.6999999999999955 1.0 1.0 1.0 1.0 0.9999999999999929 0.0 
0.0 0.0 0.0 0.0 0.0 0.0 0.0 3.197442310920471e-15 0.900000000000006 1.0 1.0 1.0 0.9999999999999947 5.329070518200448e-16 0.09999999999999912 1.0 1.0 1.0 0.9999999999999929 0.0 
0.0 0.0 0.0 0.0 0.0 0.0 3.552713678800501e-15 1.0 1.0 1.0 1.0 0.9999999999999964 0.0 0.0 5.329070518200751e-15 1.0 1.0 1.0 0.9999999999999929 0.0 
0.0 0.0 0.0 0.0 0.0 2.6645352591003757e-15 1.0 1.0 1.0 0.9999999999999997 0.8999999999999918 0.0 0.0 0.0 5.329070518200751e-15 1.0 1.0 1.0 0.9999999999999929 0.0 
0.0 0.0 0.0 0.0 1.8651746813702753e-15 0.7000000000000054 1.0 1.0 1.0 0.9999999999999964 0.0 0.0 0.0 0.0 5.329070518200751e-15 1.0 1.0 1.0 0.9999999999999929 0.0 
0.0 0.0 0.0 7.993605777301241e-16 0.30000000000000615 1.0 1.0 1.0 0.9999999999999964 0.0 0.0 0.0 0.0 0.0 5.329070518200751e-15 1.0 1.0 1.0 0.9999999999999929 0.0 
0.0 0.0 1.9984014443252865e-15 0.9000000000000024 1.0 1.0 1.0 0.9999999999999968 0.09999999999999751 0.0 0.0 0.0 0.0 0.0 5.329070518200751e-15 1.0 1.0 0.9999999999999936 0.09999999999999716 0.0 
0.0 9.99200722162648e-16 0.5000000000000047 1.0 1.0 1.0 0.9999999999999982 0.49999999999999467 0.0 0.0 0.0 0.0 0.0 0.0 5.329070518200751e-15 1.0 1.0 0.9999999999999929 0.0 0.0 
1.7763568394003388e-16 0.10000000000000678 1.0 1.0 1.0 0.9999999999999973 0.0 0.0 0.0 0.0 0.0 0.0 0.0 0.0 5.329070518200751e-15 1.0 1.0 0.9999999999999929 0.0 0.0 
1.7763568394002505e-15 1.0 1.0 1.0 1.0 0.9999999999999973 0.0 0.0 0.0 0.0 0.0 0.0 0.0 3.730349362740541e-15 0.7000000000000044 1.0 1.0 0.9999999999999979 0.6999999999999978 0.0 
1.0 1.0 1.0 1.0 1.0 1.0 1.0 1.0 1.0 1.0 1.0 1.0 1.0 1.0 1.0 1.0 1.0 1.0 0.999999999999995 0.2999999999999986 
1.0 1.0 1.0 1.0 1.0 1.0 1.0 1.0 1.0 1.0 1.0 1.0 1.0 1.0 1.0 1.0 1.0 1.0 0.9999999999999936 0.09999999999999716 
0.0 0.0 0.0 0.0 0.0 0.0 0.0 0.0 0.0 0.0 0.0 0.0 2.6645352591003568e-15 0.4999999999999991 1.0 1.0 1.0 0.9999999999999964 0.4999999999999929 0.0 
0.0 0.0 0.0 0.0 0.0 0.0 0.0 0.0 0.0 0.0 0.0 0.0 0.0 5.329070518200751e-15 1.0 1.0 1.0 0.9999999999999929 0.0 0.0 
0.0 0.0 0.0 0.0 0.0 0.0 0.0 0.0 0.0 0.0 0.0 0.0 0.0 5.329070518200751e-15 1.0 1.0 1.0 0.9999999999999929 0.0 0.0 
