0.0 0.0 0.0 0.0 0.0 0.14625000000000032 0.3249999999999993 0.4937500000000007 1.0 1.0 1.0 1.0 1.0 0.5612499999999994 0.3249999999999993 0.17874999999999985 0.0 0.0 0.0 0.0 
0.0 0.0 0.0 0.0 0.5362500000000017 0.9862499999999997 1.0 1.0 1.0 1.0 1.0 1.0 1.0 1.0 1.0 0.9887499999999998 0.9749999999999994 0.7312499999999995 0.0 0.0 
0.0 0.0 0.7500000000000024 1.0 1.0 1.0 1.0 0.843749999999999 0.37500000000000044 0.37500000000000044 0.37500000000000044 0.37500000000000044 0.37500000000000044 0.7812500000000004 1.0 1.0 1.0 1.0 0.8500000000000014 0.0 
0.0 0.8500000000000026 1.0 1.0 1.0 0.8762499999999998 0.47124999999999934 0.0 0.0 0.0 0.0 0.0 0.0 0.0 0.3987500000000008 0.8487500000000001 1.0 1.0 1.0 0.9499999999999993 
0.0 0.8500000000000026 1.0 1.0 1.0 0.549999999999998 0.0 0.0 0.0 0.0 0.0 0.0 0.0 0.0 0.0 0.4499999999999993 1.0 1.0 1.0 0.9499999999999993 
0.9500000000000028 1.0 1.0 1.0 0.44999999999999796 0.0 0.0 0.0 0.0 0.0 0.0 0.0 0.0 0.0 0.0 0.19125000000000003 0.4250000000000007 0.4250000000000007 0.4250000000000007 0.4037500000000004 
0.9500000000000028 1.0 1.0 1.0 0.44999999999999796 0.0 0.0 0.0 0.0 0.0 0.0 0.0 0.0 0.0 0.0 0.0 0.0 0.0 0.0 0.0 
0.9500000000000028 1.0 1.0 1.0 0.44999999999999796 0.0 0.0 0.0 0.0 0.0 0.0 0.0 0.0 0.0 0.0 0.0 0.0 0.0 0.0 0.0 
0.9500000000000028 1.0 1.0 1.0 0.44999999999999796 0.0 0.0 0.0 0.0 0.0 0.0 0.0 0.0 0.0 0.0 0.0 0.0 0.0 0.0 0.0 
0.9500000000000028 1.0 1.0 1.0 0.44999999999999796 0.0 0.0 0.0 0.0 0.0 0.0 0.0 0.0 0.0 0.0 0.0 0.0 0.0 0.0 0.0 
0.9500000000000028 1.0 1.0 1.0 0.44999999999999796 0.0 0.0 0.0 0.0 0.0 0.0 0.0 0.0 0.0 0.0 0.0 0.0 0.0 0.0 0.0 
0.9500000000000028 1.0 1.0 1.0 0.44999999999999796 0.0 0.0 0.0 0.0 0.0 0.0 0.0 0.0 0.0 0.0 0.0 0.0 0.0 0.0 0.0 
0.9500000000000028 1.0 1.0 1.0 0.44999999999999796 0.0 0.0 0.0 0.0 0.0 0.0 0.0 0.0 0.0 0.0 0.0 0.0 0.0 0.0 0.0 
0.9500000000000028 1.0 1.0 1.0 0.44999999999999796 0.0 0.0 0.0 0.0 0.0 0.0 0.0 0.0 0.0 0.0 0.0 0.0 0.0 0.0 0.0 
0.9500000000000028 1.0 1.0 1.0 0.44999999999999796 0.0 0.0 0.0 0.0 0.0 0.0 0.0 0.0 0.0 0.23375000000000068 0.4250000000000007 0.4250000000000007 0.4250000000000007 0.3612500000000012 0.0 
0.9500000000000028 1.0 1.0 1.0 0.44999999999999796 0.0 0.0 0.0 0.0 0.0 0.0 0.0 0.0 0.0 0.5500000000000007 1.0 1.0 1.0 0.8500000000000014 0.0 
0.9500000000000028 1.0 1.0 1.0 0.44999999999999796 0.0 0.0 0.0 0.0 0.0 0.0 0.0 0.0 0.47125000000000117 0.8762500000000009 1.0 1.0 0.8187499999999996 0.23374999999999918 0.0 
0.0 0.8500000000000026 1.0 1.0 1.0 1.0 0.7812499999999991 0.375 0.375 0.375 0.375 0.375 0.84375 1.0 1.0 1.0 0.8687500000000001 0.46875 0.0 0.0 
0.0 0.0 0.7312500000000007 0.9912499999999993 1.0 1.0 1.0 1.0 1.0 1.0 1.0 1.0 1.0 0.9837499999999986 0.9749999999999979 0.5362499999999996 0.0 0.0 0.0 0.0 
0.0 0.0 0.0 0.21125000000000024 0.3249999999999993 0.3249999999999993 0.5612500000000005 1.0 1.0 1.0 1.0 0.42624999999999846 0.3249999999999993 0.11374999999999963 0.0 0.0 0.0 0.0 0.0 0.0 
