0.0 0.0 0.06874999999999891 0.15124999999999747 0.233749999999996 0.38374999999999637 0.6012499999999981 0.8187499999999994 1.0 1.0 1.0 1.0 1.0 1.0 1.0 1.0 1.0 1.0 0.9499999999999975 0.6499999999999977 
0.0 0.0 0.25000000000000056 0.5500000000000007 0.8500000000000008 1.0 1.0 1.0 1.0 1.0 1.0 1.0 1.0 1.0 1.0 1.0 1.0 1.0 0.9499999999999975 0.6499999999999977 
0.6500000000000004 0.9500000000000004 1.0 1.0 1.0 1.0 1.0 1.0 1.0 1.0 1.0 1.0 1.0 1.0 1.0 1.0 1.0 1.0 0.9499999999999975 0.6499999999999977 
0.6500000000000004 0.9500000000000004 1.0 1.0 1.0 1.0 1.0 1.0 1.0 1.0 1.0 1.0 1.0 1.0 1.0 1.0 1.0 1.0 0.9499999999999975 0.6499999999999977 
0.0 0.0 0.13125000000000128 0.2887500000000025 0.4462500000000037 0.5962500000000037 0.7387500000000027 0.8812500000000014 1.0 1.0 1.0 1.0 1.0 1.0 1.0 1.0 1.0 1.0 0.9499999999999975 0.6499999999999977 
0.0 0.0 0.0 0.0 0.0 0.1500000000000008 0.45000000000000107 0.7500000000000009 1.0 1.0 1.0 1.0 1.0 1.0 1.0 1.0 1.0 1.0 0.9499999999999975 0.6499999999999977 
0.0 0.0 0.0 0.0 0.0 0.1500000000000008 0.45000000000000107 0.7500000000000009 1.0 1.0 1.0 1.0 1.0 1.0 1.0 1.0 1.0 1.0 0.9499999999999975 0.6499999999999977 
0.0 0.0 0.0 0.0 0.0 0.1500000000000008 0.45000000000000107 0.7500000000000009 1.0 1.0 1.0 1.0 1.0 1.0 1.0 1.0 1.0 1.0 0.9499999999999975 0.6499999999999977 
0.0 0.0 0.0 0.0 0.0 0.1500000000000008 0.45000000000000107 0.7500000000000009 1.0 1.0 1.0 1.0 1.0 1.0 1.0 1.0 1.0 1.0 0.9499999999999975 0.6499999999999977 
0.0 0.0 0.0 0.0 0.0 0.1500000000000008 0.45000000000000107 0.7500000000000009 1.0 1.0 1.0 1.0 1.0 1.0 1.0 1.0 1.0 1.0 0.9499999999999975 0.6499999999999977 
0.0 0.0 0.0 0.0 0.0 0.1500000000000008 0.45000000000000107 0.7500000000000009 1.0 1.0 1.0 1.0 1.0 1.0 1.0 1.0 1.0 1.0 0.9499999999999975 0.6499999999999977 
0.0 0.0 0.0 0.0 0.0 0.1500000000000008 0.45000000000000107 0.7500000000000009 1.0 1.0 1.0 1.0 1.0 1.0 1.0 0.9512499999999995 0.8537499999999997 0.75625 0.641249999999999 0.4387499999999989 
0.0 0.0 0.0 0.0 0.0 0.1500000000000008 0.45000000000000107 0.7500000000000009 1.0 1.0 1.0 1.0 1.0 1.0 1.0 0.8499999999999979 0.549999999999998 0.24999999999999822 0.0 0.0 
0.0 0.0 0.0 0.0 0.0 0.1500000000000008 0.45000000000000107 0.7500000000000009 1.0 1.0 1.0 1.0 1.0 1.0 1.0 0.8499999999999979 0.549999999999998 0.24999999999999822 0.0 0.0 
0.0 0.0 0.0 0.0 0.0 0.1500000000000008 0.45000000000000107 0.7500000000000009 1.0 1.0 1.0 1.0 1.0 1.0 1.0 0.8499999999999979 0.549999999999998 0.24999999999999822 0.0 0.0 
0.0 0.0 0.0 0.0 0.0 0.1500000000000008 0.45000000000000107 0.7500000000000009 1.0 1.0 1.0 1.0 1.0 1.0 1.0 0.8499999999999979 0.549999999999998 0.24999999999999822 0.0 0.0 
0.0 0.0 0.0 0.0 0.0 0.1500000000000008 0.45000000000000107 0.7500000000000009 1.0 1.0 1.0 1.0 1.0 1.0 1.0 0.8499999999999979 0.549999999999998 0.24999999999999822 0.0 0.0 
0.0 0.0 0.15625000000000033 0.34375000000000044 0.5312500000000004 0.6812500000000004 0.7937500000000004 0.9062500000000003 1.0 1.0 1.0 1.0 1.0 1.0 1.0 0.8499999999999979 0.549999999999998 0.24999999999999822 0.0 0.0 
0.0 0.0 0.25000000000000056 0.5500000000000007 0.8500000000000008 1.0 1.0 1.0 1.0 1.0 1.0 1.0 1.0 1.0 1.0 0.8499999999999979 0.549999999999998 0.24999999999999822 0.0 0.0 
0.0 0.0 0.25000000000000056 0.5500000000000007 0.8500000000000008 1.0 1.0 1.0 1.0 1.0 1.0 1.0 1.0 1.0 1.0 0.8499999999999979 0.549999999999998 0.24999999999999822 0.0 0.0 
