0.0 0.0 0.0 0.0 0.2906250000000024 0.8281250000000008 1.0 1.0 1.0 1.0 1.0 1.0 0.7656249999999991 0.37500000000000355 0.2718750000000004 0.0 0.0 0.0 0.0 0.0 
0.0 0.0 0.874999999999998 1.0 1.0 1.0 1.0 1.0 1.0 1.0 1.0 1.0 1.0 1.0 1.0 0.8031249999999964 0.1031250000000024 0.0 0.0 0.0 
0.0 0.8093750000000007 0.9843750000000001 1.0 1.0 1.0 0.40937499999999805 0.12499999999999689 0.12499999999999689 0.12499999999999689 0.12499999999999689 0.12499999999999689 0.45312500000000117 1.0 1.0 1.0 0.8249999999999957 0.0 0.0 0.0 
0.6093750000000007 0.9718749999999993 1.0 1.0 0.5156249999999986 0.1031249999999994 0.0 0.0 0.0 0.0 0.0 0.0 0.0 0.32500000000000284 1.0 1.0 1.0 0.9531249999999977 0.5781249999999984 0.0 
0.974999999999997 1.0 1.0 1.0 0.22500000000000098 0.0 0.0 0.0 0.0 0.0 0.0 0.0 0.0 0.0 0.17187500000000283 0.6249999999999973 0.6249999999999973 0.6249999999999973 0.5781249999999936 0.0 
0.974999999999997 1.0 1.0 1.0 0.22500000000000098 0.0 0.0 0.0 0.0 0.0 0.0 0.0 0.0 0.0 0.0 0.0 0.0 0.0 0.0 0.0 
0.12187499999999789 0.9343749999999976 1.0 1.0 0.9031250000000015 0.2406250000000008 0.0 0.0 0.0 0.0 0.0 0.0 0.0 0.0 0.0 0.0 0.0 0.0 0.0 0.0 
0.0 0.34687499999999744 0.9218749999999986 1.0 1.0 1.0 0.7468750000000013 0.2343750000000001 0.0 0.0 0.0 0.0 0.0 0.0 0.0 0.0 0.0 0.0 0.0 0.0 
0.0 0.0 0.5468749999999972 0.9343749999999991 1.0 1.0 1.0 1.0 1.0 0.6718749999999996 0.1968750000000004 0.0 0.0 0.0 0.0 0.0 0.0 0.0 0.0 0.0 
0.0 0.0 0.0 0.0 0.0 0.6343749999999997 0.959375 1.0 1.0 1.0 1.0 1.0 0.6718749999999969 0.08437499999999964 0.0 0.0 0.0 0.0 0.0 0.0 
0.0 0.0 0.0 0.0 0.0 0.0 0.08437499999999998 0.125 0.6281250000000009 1.0 1.0 1.0 1.0 0.9593749999999996 0.875 0.6781249999999956 0.0 0.0 0.0 0.0 
0.0 0.0 0.0 0.0 0.0 0.0 0.0 0.0 0.0 0.1968750000000008 0.375 0.6406250000000027 1.0 1.0 1.0 1.0 0.9343749999999984 0.5468749999999956 0.0 0.0 
0.0 0.0 0.0 0.0 0.0 0.0 0.0 0.0 0.0 0.0 0.0 0.0 0.23437500000000222 0.7468750000000011 1.0 1.0 1.0 0.9218749999999956 0.3468749999999976 0.0 
0.0 0.0 0.0 0.0 0.0 0.0 0.0 0.0 0.0 0.0 0.0 0.0 0.0 0.0 0.2750000000000057 1.0 1.0 1.0 0.9343749999999944 0.12187499999999885 
0.0 0.0 0.0 0.0 0.0 0.0 0.0 0.0 0.0 0.0 0.0 0.0 0.0 0.0 0.03437500000000071 0.32187500000000435 1.0 1.0 1.0 0.9749999999999908 
0.974999999999997 1.0 1.0 1.0 0.22500000000000098 0.0 0.0 0.0 0.0 0.0 0.0 0.0 0.0 0.0 0.0 0.22500000000000497 1.0 1.0 1.0 0.9749999999999908 
0.6093749999999981 0.971874999999999 1.0 1.0 0.5156250000000007 0.10312500000000013 0.0 0.0 0.0 0.0 0.0 0.0 0.0 0.0 0.2750000000000057 1.0 1.0 1.0 0.9718749999999976 0.6093749999999942 
0.0 0.0 0.874999999999998 1.0 1.0 1.0 0.40937500000000016 0.125 0.125 0.125 0.125 0.125 0.125 0.4093750000000025 1.0 1.0 1.0 0.9843749999999991 0.8093749999999944 0.0 
0.0 0.0 0.10937499999999975 0.8468749999999986 1.0 1.0 1.0 1.0 1.0 1.0 1.0 1.0 1.0 1.0 1.0 1.0 0.8468749999999963 0.10937499999999911 0.0 0.0 
0.0 0.0 0.0 0.0 0.0 0.27187499999999987 0.7968749999999999 1.0 1.0 1.0 1.0 1.0 1.0 0.7968749999999982 0.375 0.29062499999999813 0.0 0.0 0.0 0.0 
