0.9750000000000014 1.0 1.0 1.0 1.0 1.0 1.0 1.0 1.0 1.0 1.0 1.0 1.0 1.0 1.0 1.0 1.0 1.0 1.0 0.9749999999999872 
0.9262499999999998 0.9499999999999984 0.9499999999999984 0.9499999999999984 0.9499999999999984 0.9499999999999984 0.9499999999999984 0.9812499999999996 1.0 1.0 1.0 1.0 0.9812499999999991 0.9499999999999984 0.9499999999999984 0.9499999999999984 0.9499999999999984 0.9499999999999984 0.9499999999999984 0.9262499999999863 
0.0 0.0 0.0 0.0 0.0 0.0 0.0 0.15625000000000022 0.6812500000000034 1.0 1.0 1.0 0.6249999999999929 0.0 0.0 0.0 0.0 0.0 0.0 0.0 
0.0 0.0 0.0 0.0 0.0 0.0 0.0 0.0 0.5750000000000055 1.0 1.0 1.0 0.6249999999999929 0.0 0.0 0.0 0.0 0.0 0.0 0.0 
0.0 0.0 0.0 0.0 0.0 0.0 0.0 0.0 0.5750000000000055 1.0 1.0 1.0 0.6249999999999929 0.0 0.0 0.0 0.0 0.0 0.0 0.0 
0.0 0.0 0.0 0.0 0.0 0.0 0.0 0.0 0.5750000000000055 1.0 1.0 1.0 0.6249999999999929 0.0 0.0 0.0 0.0 0.0 0.0 0.0 
0.0 0.0 0.0 0.0 0.0 0.0 0.0 0.0 0.5750000000000055 1.0 1.0 1.0 0.6249999999999929 0.0 0.0 0.0 0.0 0.0 0.0 0.0 
0.0 0.0 0.0 0.0 0.0 0.0 0.0 0.0 0.5750000000000055 1.0 1.0 1.0 0.6249999999999929 0.0 0.0 0.0 0.0 0.0 0.0 0.0 
0.0 0.0 0.0 0.0 0.0 0.0 0.0 0.0 0.5750000000000055 1.0 1.0 1.0 0.6249999999999929 0.0 0.0 0.0 0.0 0.0 0.0 0.0 
0.0 0.0 0.0 0.0 0.0 0.0 0.0 0.0 0.5750000000000055 1.0 1.0 1.0 0.6249999999999929 0.0 0.0 0.0 0.0 0.0 0.0 0.0 
0.0 0.0 0.0 0.0 0.0 0.0 0.0 0.0 0.5750000000000055 1.0 1.0 1.0 0.6249999999999929 0.0 0.0 0.0 0.0 0.0 0.0 0.0 
0.0 0.0 0.0 0.0 0.0 0.0 0.0 0.0 0.5750000000000055 1.0 1.0 1.0 0.6249999999999929 0.0 0.0 0.0 0.0 0.0 0.0 0.0 
0.0 0.0 0.0 0.0 0.0 0.0 0.0 0.0 0.5750000000000055 1.0 1.0 1.0 0.6249999999999929 0.0 0.0 0.0 0.0 0.0 0.0 0.0 
0.0 0.0 0.0 0.0 0.0 0.0 0.0 0.0 0.5750000000000055 1.0 1.0 1.0 0.7937499999999972 0.30374999999999824 0.0 0.0 0.0 0.0 0.0 0.0 
0.0 0.0 0.0 0.0 0.0 0.0 0.0 0.0 0.5750000000000055 1.0 1.0 1.0 0.9437499999999968 0.5737499999999892 0.0 0.0 0.0 0.0 0.0 0.0 
0.0 0.0 0.0 0.0 0.0 0.0 0.0 0.0 0.5750000000000055 1.0 1.0 1.0 0.6249999999999929 0.0 0.0 0.0 0.0 0.0 0.0 0.0 
0.0 0.0 0.0 0.0 0.0 0.0 0.0 0.0 0.0 0.5250000000000057 1.0 1.0 1.0 0.6749999999999918 0.0 0.0 0.0 0.0 0.0 0.0 
0.0 0.0 0.0 0.0 0.0 0.0 0.0 0.0 0.0 0.5250000000000057 1.0 1.0 1.0 0.6749999999999918 0.0 0.0 0.0 0.0 0.0 0.0 
0.0 0.0 0.0 0.0 0.0 0.0 0.0 0.0 0.0 0.5250000000000057 1.0 1.0 1.0 0.6749999999999918 0.0 0.0 0.0 0.0 0.0 0.0 
0.0 0.0 0.0 0.0 0.0 0.0 0.0 0.0 0.0 0.5250000000000057 1.0 1.0 0.6249999999999929 0.0 0.0 0.0 0.0 0.0 0.0 0.0 
