0.0 0.0 0.0 0.0 0.0 0.724999999999997 0.5275000000000055 0.30000000000000426 0.30000000000000426 0.30000000000000426 0.30000000000000426 0.30000000000000426 0.18750000000000372 0.0 0.0 0.0 0.0 0.0 0.0 0.0 
0.0 0.0 0.0 0.0 0.0 0.724999999999997 1.0 1.0 1.0 1.0 1.0 1.0 0.6250000000000036 0.0 0.0 0.0 0.0 0.0 0.0 0.0 
0.0 0.0 0.0 0.4125000000000016 0.8874999999999993 1.0 1.0 1.0 1.0 1.0 1.0 1.0 1.0 0.8375000000000035 0.3625000000000054 0.0 0.0 0.0 0.0 0.0 
0.0 0.9249999999999969 1.0 1.0 1.0 1.0 0.9324999999999977 0.8999999999999959 0.8999999999999959 0.8999999999999959 0.8999999999999959 0.8999999999999959 0.9374999999999971 1.0 1.0 1.0 0.8425000000000032 0.08750000000000394 0.0 0.0 
0.6825000000000015 0.9774999999999994 1.0 1.0 1.0 0.4924999999999994 0.0974999999999999 0.0 0.0 0.0 0.0 0.0 0.11249999999999753 0.5274999999999945 1.0 1.0 1.0 0.8750000000000036 0.0 0.0 
0.974999999999997 1.0 1.0 1.0 0.2250000000000032 0.0 0.0 0.0 0.0 0.0 0.0 0.0 0.0 0.0 0.274999999999995 1.0 1.0 1.0 0.9250000000000043 0.0 
0.974999999999997 1.0 1.0 1.0 0.2250000000000032 0.0 0.0 0.0 0.0 0.0 0.0 0.0 0.0 0.0 0.02749999999999843 0.30249999999999505 1.0 0.8875000000000027 0.09249999999999681 0.0 
0.974999999999997 1.0 1.0 1.0 0.2250000000000032 0.0 0.0 0.0 0.0 0.0 0.0 0.0 0.0 0.0 0.0 0.0 0.0 0.0 0.0 0.0 
0.0 0.9249999999999969 1.0 1.0 1.0 0.347500000000005 0.03250000000000141 0.0 0.0 0.0 0.0 0.0 0.0 0.0 0.0 0.0 0.0 0.0 0.0 0.0 
0.0 0.27749999999999647 0.9124999999999974 1.0 1.0 1.0 0.797500000000003 0.7000000000000028 0.2975000000000036 0.0 0.0 0.0 0.0 0.0 0.0 0.0 0.0 0.0 0.0 0.0 
0.0 0.0 0.0 0.5774999999999941 0.6999999999999957 0.917499999999998 1.0 1.0 1.0 1.0 1.0 1.0 0.737500000000004 0.30000000000000426 0.21750000000000458 0.0 0.0 0.0 0.0 0.0 
0.0 0.0 0.0 0.0 0.0 0.07249999999999815 0.09999999999999787 0.662499999999996 1.0 1.0 1.0 1.0 1.0 1.0 0.972500000000001 0.9000000000000021 0.7425000000000043 0.0 0.0 0.0 
0.0 0.0 0.0 0.0 0.0 0.0 0.0 0.0 0.0 0.0 0.0 0.21249999999999708 0.49999999999999645 0.6624999999999954 1.0 1.0 1.0 0.8750000000000036 0.0 0.0 
0.0 0.0 0.0 0.0 0.0 0.0 0.0 0.0 0.0 0.0 0.0 0.0 0.0 0.0 0.24749999999999514 0.9224999999999987 1.0 1.0 0.9250000000000043 0.0 
0.0 0.0 0.0 0.0 0.0 0.0 0.0 0.0 0.0 0.0 0.0 0.0 0.0 0.0 0.0 0.22499999999999787 1.0 1.0 0.9775000000000015 0.6825000000000038 
0.6824999999999972 0.977499999999999 1.0 1.0 0.2250000000000032 0.0 0.0 0.0 0.0 0.0 0.0 0.0 0.0 0.0 0.0 0.22499999999999787 1.0 1.0 1.0 0.9750000000000014 
0.0 0.9249999999999969 1.0 1.0 0.922500000000002 0.2475000000000033 0.0 0.0 0.0 0.0 0.0 0.0 0.0 0.0 0.2474999999999961 0.9225000000000014 1.0 1.0 0.9325000000000037 0.09749999999999806 
0.0 0.0 0.8749999999999969 1.0 1.0 1.0 0.6625000000000043 0.5000000000000036 0.2125000000000032 0.0 0.0 0.21250000000000008 0.5000000000000036 0.6625000000000003 1.0 1.0 1.0 0.9375000000000013 0.46249999999999886 0.0 
0.0 0.0 0.0 0.7424999999999958 0.8999999999999986 0.9724999999999993 1.0 1.0 1.0 1.0 1.0 1.0 1.0 1.0 1.0 0.9774999999999999 0.8999999999999986 0.787500000000002 0.0 0.0 
0.0 0.0 0.0 0.0 0.0 0.21749999999999703 0.29999999999999716 0.7374999999999965 1.0 1.0 1.0 1.0 1.0 0.7725000000000021 0.29999999999999716 0.23249999999999843 0.0 0.0 0.0 0.0 
