0.0 0.9250000000000007 1.0 1.0 1.0 1.0 1.0 1.0 1.0 1.0 1.0 1.0 1.0 1.0 1.0 1.0 1.0 1.0 0.9249999999999972 0.0 
0.0 0.9250000000000007 1.0 1.0 1.0 1.0 1.0 1.0 1.0 1.0 1.0 1.0 1.0 1.0 1.0 1.0 1.0 1.0 0.9249999999999972 0.0 
0.0 0.9250000000000007 1.0 1.0 1.0 0.7281249999999985 0.20312499999999856 0.0 0.0 0.0 0.0 0.0 0.0 0.0 0.0 0.0 0.0 0.0 0.0 0.0 
0.0 0.9250000000000007 1.0 1.0 1.0 0.2749999999999986 0.0 0.0 0.0 0.0 0.0 0.0 0.0 0.0 0.0 0.0 0.0 0.0 0.0 0.0 
0.0 0.9250000000000007 1.0 1.0 1.0 0.2749999999999986 0.0 0.0 0.0 0.0 0.0 0.0 0.0 0.0 0.0 0.0 0.0 0.0 0.0 0.0 
0.0 0.9250000000000007 1.0 1.0 1.0 0.2749999999999986 0.0 0.0 0.0 0.0 0.0 0.0 0.0 0.0 0.0 0.0 0.0 0.0 0.0 0.0 
0.0 0.9250000000000007 1.0 1.0 1.0 0.2749999999999986 0.0 0.35937500000000056 0.5749999999999993 0.5749999999999993 0.5749999999999993 0.5749999999999993 0.5749999999999993 0.3881249999999979 0.0 0.0 0.0 0.0 0.0 0.0 
0.0 0.9250000000000007 1.0 1.0 1.0 1.0 1.0 1.0 1.0 1.0 1.0 1.0 1.0 1.0 1.0 0.8031249999999956 0.10312499999999947 0.0 0.0 0.0 
0.0 0.9250000000000007 1.0 1.0 1.0 1.0 0.5443749999999996 0.32500000000000107 0.32500000000000107 0.32500000000000107 0.32500000000000107 0.32500000000000107 0.32500000000000107 0.5443750000000026 1.0 1.0 0.9431249999999984 0.5906249999999966 0.0 0.0 
0.0 0.7168750000000025 0.7750000000000021 0.7750000000000021 0.7750000000000021 0.21312499999999948 0.0 0.0 0.0 0.0 0.0 0.0 0.0 0.0 0.27500000000000213 1.0 1.0 1.0 0.9249999999999972 0.0 
0.0 0.0 0.0 0.0 0.0 0.0 0.0 0.0 0.0 0.0 0.0 0.0 0.0 0.0 0.061875000000000874 0.3993750000000049 1.0 1.0 0.9831249999999992 0.7556249999999942 
0.0 0.0 0.0 0.0 0.0 0.0 0.0 0.0 0.0 0.0 0.0 0.0 0.0 0.0 0.0 0.22500000000000497 1.0 1.0 1.0 0.9749999999999943 
0.0 0.0 0.0 0.0 0.0 0.0 0.0 0.0 0.0 0.0 0.0 0.0 0.0 0.0 0.0 0.22500000000000497 1.0 1.0 1.0 0.9749999999999943 
0.0 0.0 0.0 0.0 0.0 0.0 0.0 0.0 0.0 0.0 0.0 0.0 0.0 0.0 0.0 0.22500000000000497 1.0 1.0 1.0 0.9749999999999943 
0.9506249999999984 0.9749999999999979 0.12187499999999887 0.0 0.0 0.0 0.0 0.0 0.0 0.0 0.0 0.0 0.0 0.0 0.0 0.22500000000000497 1.0 1.0 1.0 0.9749999999999943 
0.9750000000000005 1.0 1.0 1.0 0.22499999999999876 0.0 0.0 0.0 0.0 0.0 0.0 0.0 0.0 0.0 0.0 0.22500000000000497 1.0 1.0 0.960624999999999 0.4631250000000022 
0.9018750000000046 0.9943750000000003 1.0 1.0 0.2831249999999955 0.02062499999999872 0.0 0.0 0.0 0.0 0.0 0.0 0.0 0.024374999999998828 0.32937499999999886 1.0 1.0 1.0 0.9249999999999972 0.0 
0.0 0.34687500000000354 0.921875000000001 1.0 1.0 0.7281249999999969 0.20312499999999784 0.0 0.0 0.0 0.0 0.0 0.2343750000000009 0.7468749999999986 1.0 1.0 1.0 0.9218749999999982 0.3468750000000022 0.0 
0.0 0.0 0.7218750000000064 0.8250000000000064 0.9606250000000016 1.0 1.0 1.0 1.0 1.0 1.0 1.0 1.0 1.0 1.0 0.9606250000000005 0.6806250000000018 0.0 0.0 0.0 
0.0 0.0 0.0 0.0 0.21312500000000476 0.2750000000000057 0.764375000000003 1.0 1.0 1.0 1.0 1.0 1.0 0.7643749999999998 0.2750000000000057 0.21312500000000303 0.0 0.0 0.0 0.0 
