0.0 0.0 0.0 0.11875000000000227 0.25000000000000355 0.3812500000000048 1.0 1.0 1.0 1.0 1.0 1.0 1.0 1.0 0.3812500000000008 0.25000000000000355 0.11875000000000116 0.0 0.0 0.0 
0.0 0.0 0.46875000000000394 0.8687500000000024 1.0 1.0 1.0 1.0 1.0 1.0 1.0 1.0 1.0 1.0 1.0 1.0 0.8687500000000012 0.4687500000000007 0.0 0.0 
0.2312500000000035 0.8312500000000026 1.0 1.0 0.9187499999999984 0.6187499999999956 0.0 0.0 0.0 0.0 0.0 0.0 0.09375000000000094 0.7312499999999981 0.7499999999999969 0.9187499999999996 1.0 1.0 0.7749999999999986 0.0 
0.9250000000000025 1.0 1.0 1.0 0.6749999999999976 0.0 0.0 0.0 0.0 0.0 0.0 0.0 0.0 0.0 0.0 0.6750000000000025 1.0 1.0 0.9437500000000003 0.6937500000000003 
0.9250000000000025 1.0 1.0 0.5249999999999977 0.0 0.0 0.0 0.0 0.0 0.0 0.0 0.0 0.0 0.0 0.0 0.5062500000000001 0.7499999999999973 0.7499999999999973 0.7499999999999973 0.6937499999999954 
0.9250000000000025 1.0 1.0 0.5249999999999977 0.0 0.0 0.0 0.0 0.0 0.0 0.0 0.0 0.0 0.0 0.0 0.0 0.0 0.0 0.0 0.0 
0.9250000000000025 1.0 1.0 0.5249999999999977 0.0 0.0 0.0 0.0 0.0 0.0 0.0 0.0 0.0 0.0 0.0 0.0 0.0 0.0 0.0 0.0 
0.9250000000000025 1.0 1.0 0.5249999999999977 0.0 0.0 0.0 0.0 0.0 0.0 0.0 0.0 0.0 0.0 0.0 0.0 0.0 0.0 0.0 0.0 
0.9250000000000025 1.0 1.0 0.5249999999999977 0.0 0.0 0.006250000000000577 0.21875000000000222 0.2500000000000018 0.2500000000000018 0.2500000000000018 0.2500000000000018 0.2500000000000018 0.2500000000000018 0.2500000000000018 0.08124999999999996 0.0 0.0 0.0 0.0 
0.9250000000000025 1.0 1.0 0.8812500000000003 0.7500000000000018 0.7500000000000018 0.7562500000000023 0.9687500000000009 1.0 1.0 1.0 1.0 1.0 1.0 1.0 0.8312500000000006 0.35624999999999923 0.0 0.0 0.0 
0.9250000000000025 1.0 1.0 1.0 1.0 0.956249999999999 0.7499999999999982 0.7499999999999982 0.20624999999999777 0.0 0.0 0.2062500000000011 0.7499999999999982 0.7499999999999982 0.9562500000000004 1.0 1.0 0.7187499999999993 0.19375000000000103 0.0 
0.9250000000000025 1.0 1.0 1.0 0.7562499999999982 0.20624999999999938 0.0 0.0 0.0 0.0 0.0 0.0 0.0 0.0 0.2062500000000007 0.7562500000000019 1.0 1.0 0.9437499999999996 0.6937499999999979 
0.9250000000000025 1.0 1.0 0.5249999999999977 0.0 0.0 0.0 0.0 0.0 0.0 0.0 0.0 0.0 0.0 0.0 0.5062500000000019 0.8812500000000005 1.0 1.0 0.9249999999999972 
0.9250000000000025 1.0 1.0 0.5249999999999977 0.0 0.0 0.0 0.0 0.0 0.0 0.0 0.0 0.0 0.0 0.0 0.0 0.5250000000000021 1.0 1.0 0.9249999999999972 
0.9250000000000025 1.0 1.0 0.5249999999999977 0.0 0.0 0.0 0.0 0.0 0.0 0.0 0.0 0.0 0.0 0.0 0.0 0.5250000000000021 1.0 1.0 0.9249999999999972 
0.9250000000000025 1.0 1.0 0.5249999999999977 0.0 0.0 0.0 0.0 0.0 0.0 0.0 0.0 0.0 0.0 0.0 0.0 0.5250000000000021 1.0 1.0 0.9249999999999972 
0.0 0.7750000000000025 1.0 1.0 0.6749999999999976 0.0 0.0 0.0 0.0 0.0 0.0 0.0 0.0 0.0 0.0 0.6750000000000025 1.0 1.0 0.9437499999999996 0.6937499999999979 
0.0 0.19375000000000062 0.7187500000000018 1.0 0.9187499999999994 0.6187499999999981 0.0 0.0 0.0 0.0 0.0 0.0 0.0 0.0 0.6187500000000021 0.9187500000000006 1.0 1.0 0.7749999999999986 0.0 
0.0 0.0 0.46875000000000183 0.75 0.8312500000000006 1.0 1.0 1.0 1.0 0.5687499999999985 0.5687500000000019 1.0 1.0 1.0 1.0 1.0 0.8687499999999995 0.46874999999999867 0.0 0.0 
0.0 0.0 0.0 0.0 0.0812500000000006 0.25 0.2687500000000016 0.906250000000002 1.0 1.0 1.0 1.0 1.0 1.0 0.38124999999999787 0.25 0.11874999999999947 0.0 0.0 0.0 
