0.0 0.0 0.0 0.16250000000000425 0.2500000000000071 0.587500000000002 1.0 1.0 1.0 1.0 1.0 1.0 1.0 1.0 0.5875000000000073 0.2500000000000071 0.16250000000000603 0.0 0.0 0.0 
0.0 0.0 0.5625000000000043 0.9125000000000021 1.0 1.0 1.0 1.0 1.0 1.0 1.0 1.0 1.0 1.0 1.0 1.0 0.9125000000000039 0.5625000000000093 0.0 0.0 
0.0 0.849999999999999 1.0 1.0 1.0 0.8874999999999974 0.487499999999997 0.0 0.0 0.0 0.0 0.0 0.0 0.48749999999999166 0.8874999999999956 1.0 1.0 1.0 0.850000000000005 0.0 
0.0 0.849999999999999 1.0 1.0 0.5874999999999976 0.1374999999999967 0.0 0.0 0.0 0.0 0.0 0.0 0.0 0.0 0.5499999999999954 1.0 1.0 1.0 0.9625000000000024 0.7125000000000116 
0.9499999999999993 1.0 1.0 1.0 0.45000000000000195 0.0 0.0 0.0 0.0 0.0 0.0 0.0 0.0 0.0 0.0 0.44999999999999396 1.0 1.0 0.9625000000000001 0.712499999999998 
0.9499999999999993 1.0 1.0 1.0 0.45000000000000195 0.0 0.0 0.0 0.0 0.0 0.0 0.0 0.0 0.0 0.0 0.1124999999999953 0.2499999999999929 0.2499999999999929 0.2124999999999952 0.0 
0.9499999999999993 1.0 1.0 1.0 0.45000000000000195 0.0 0.0 0.0 0.0 0.0 0.0 0.0 0.0 0.0 0.0 0.0 0.0 0.0 0.0 0.0 
0.9499999999999993 1.0 1.0 1.0 0.45000000000000195 0.0 0.0 0.0 0.0 0.0 0.0 0.0 0.0 0.0 0.0 0.0 0.0 0.0 0.0 0.0 
0.9499999999999993 1.0 1.0 1.0 0.5875000000000054 0.2500000000000071 0.2500000000000071 0.2500000000000071 0.2500000000000071 0.28750000000000464 0.9624999999999971 0.362500000000009 0.2500000000000071 0.2500000000000071 0.11250000000000435 0.0 0.0 0.0 0.0 0.0 
0.9499999999999993 1.0 1.0 1.0 1.0 1.0 1.0 1.0 1.0 1.0 1.0 1.0 1.0 1.0 0.862500000000005 0.7500000000000071 0.48750000000000887 0.0 0.0 0.0 
0.9499999999999993 1.0 1.0 1.0 1.0 0.8874999999999974 0.7499999999999929 0.7499999999999929 0.7499999999999929 0.7499999999999929 0.7499999999999929 0.7499999999999929 0.7499999999999929 0.9124999999999963 1.0 1.0 1.0 0.8125000000000058 0.2125000000000073 0.0 
0.9499999999999993 1.0 1.0 1.0 0.5874999999999976 0.1374999999999967 0.0 0.0 0.0 0.0 0.0 0.0 0.0 0.16249999999999415 0.6624999999999933 1.0 1.0 1.0 0.850000000000005 0.0 
0.9499999999999993 1.0 1.0 1.0 0.45000000000000195 0.0 0.0 0.0 0.0 0.0 0.0 0.0 0.0 0.0 0.0 0.44999999999999396 1.0 1.0 0.850000000000005 0.0 
0.9499999999999993 1.0 1.0 1.0 0.45000000000000195 0.0 0.0 0.0 0.0 0.0 0.0 0.0 0.0 0.0 0.0 0.44999999999999396 1.0 1.0 0.9625000000000024 0.7125000000000116 
0.9499999999999993 1.0 1.0 1.0 0.45000000000000195 0.0 0.0 0.0 0.0 0.0 0.0 0.0 0.0 0.0 0.0 0.44999999999999396 1.0 1.0 0.9625000000000001 0.712499999999998 
0.9499999999999993 1.0 1.0 1.0 0.45000000000000195 0.0 0.0 0.0 0.0 0.0 0.0 0.0 0.0 0.0 0.0 0.44999999999999396 1.0 1.0 0.850000000000005 0.0 
0.7124999999999927 0.9624999999999987 1.0 1.0 0.5875000000000054 0.13750000000000454 0.0 0.0 0.0 0.0 0.0 0.0 0.0 0.0 0.5499999999999954 1.0 1.0 1.0 0.850000000000005 0.0 
0.0 0.2124999999999937 0.8124999999999972 1.0 1.0 0.8875000000000038 0.4875000000000062 0.0 0.0 0.0 0.0 0.0 0.5625000000000027 0.7500000000000071 0.8875000000000021 1.0 1.0 0.8125000000000022 0.2124999999999952 0.0 
0.0 0.0 0.5624999999999937 0.7499999999999929 0.8874999999999963 1.0 1.0 1.0 1.0 1.0 1.0 1.0 1.0 1.0 1.0 0.8874999999999983 0.48749999999999966 0.0 0.0 0.0 
0.0 0.0 0.0 0.0 0.1374999999999956 0.5874999999999942 1.0 1.0 1.0 1.0 1.0 1.0 1.0 0.5124999999999991 0.2499999999999929 0.1374999999999976 0.0 0.0 0.0 0.0 
