0.0 0.0 0.0 0.0 0.0 0.45000000000000195 1.0 1.0 1.0 1.0 1.0 1.0 1.0 0.5612499999999994 0.14624999999999944 0.0 0.0 0.0 0.0 0.0 
0.0 0.0 0.0 0.0 0.0 0.45000000000000195 1.0 1.0 1.0 1.0 1.0 1.0 1.0 1.0 0.4499999999999993 0.0 0.0 0.0 0.0 0.0 
0.0 0.0 0.0 0.0 0.550000000000002 1.0 1.0 1.0 1.0 1.0 1.0 1.0 1.0 1.0 0.4499999999999993 0.0 0.0 0.0 0.0 0.0 
0.0 0.0 0.0 0.0 0.550000000000002 1.0 1.0 1.0 1.0 1.0 1.0 1.0 1.0 1.0 0.4499999999999993 0.0 0.0 0.0 0.0 0.0 
0.0 0.0 0.0 0.0 0.550000000000002 1.0 1.0 1.0 0.8612499999999988 0.12125000000000083 0.953750000000001 1.0 1.0 1.0 0.9587499999999999 0.5087500000000006 0.0 0.0 0.0 0.0 
0.0 0.0 0.0 0.0 0.550000000000002 1.0 1.0 0.7499999999999982 0.0 0.0 0.0 0.8500000000000014 1.0 1.0 1.0 0.5500000000000007 0.0 0.0 0.0 0.0 
0.0 0.0 0.0 0.6500000000000021 1.0 1.0 1.0 0.7499999999999982 0.0 0.0 0.0 0.8500000000000014 1.0 1.0 1.0 0.5500000000000007 0.0 0.0 0.0 0.0 
0.0 0.0 0.0 0.6500000000000021 1.0 1.0 1.0 0.7499999999999982 0.0 0.0 0.0 0.8500000000000014 1.0 1.0 1.0 0.5500000000000007 0.0 0.0 0.0 0.0 
0.0 0.0 0.0 0.6500000000000021 1.0 1.0 0.6499999999999986 0.0 0.0 0.0 0.0 0.4037500000000004 0.8687499999999999 1.0 1.0 1.0 0.6500000000000004 0.0 0.0 0.0 
0.0 0.0 0.13125000000000095 0.711250000000002 1.0 1.0 0.6499999999999986 0.0 0.0 0.0 0.0 0.0 0.75 1.0 1.0 1.0 0.6500000000000004 0.0 0.0 0.0 
0.0 0.0 0.7500000000000024 1.0 1.0 1.0 0.6499999999999986 0.0 0.0 0.0 0.0 0.0 0.75 1.0 1.0 1.0 0.6500000000000004 0.0 0.0 0.0 
0.0 0.0 0.7500000000000024 1.0 1.0 1.0 0.6499999999999986 0.0 0.0 0.0 0.0 0.0 0.75 1.0 1.0 1.0 0.8162500000000007 0.35625000000000107 0.0 0.0 
0.0 0.0 0.7500000000000024 1.0 1.0 1.0 0.6499999999999986 0.0 0.0 0.0 0.0 0.0 0.75 1.0 1.0 1.0 1.0 0.75 0.0 0.0 
0.0 0.0 0.7500000000000024 1.0 1.0 1.0 0.6499999999999986 0.0 0.0 0.0 0.0 0.0 0.75 1.0 1.0 1.0 1.0 0.75 0.0 0.0 
0.0 0.8500000000000026 1.0 1.0 1.0 1.0 1.0 1.0 1.0 1.0 1.0 1.0 1.0 1.0 1.0 1.0 1.0 0.75 0.0 0.0 
0.0 0.8500000000000026 1.0 1.0 1.0 1.0 0.9737499999999989 0.943749999999998 1.0 1.0 1.0 1.0 1.0 1.0 1.0 1.0 1.0 1.0 0.8500000000000014 0.0 
0.0 0.8500000000000025 1.0 1.0 1.0 0.673749999999998 0.1787499999999987 0.06875000000000013 0.2749999999999986 0.2749999999999986 0.2749999999999986 0.2749999999999986 0.2749999999999986 0.7462499999999997 1.0 1.0 1.0 1.0 0.8500000000000014 0.0 
0.35625000000000107 0.9062500000000017 1.0 1.0 1.0 0.549999999999998 0.0 0.0 0.0 0.0 0.0 0.0 0.0 0.4062500000000002 0.8312500000000003 1.0 1.0 1.0 0.8500000000000014 0.0 
0.9500000000000028 1.0 1.0 1.0 0.44999999999999796 0.0 0.0 0.0 0.0 0.0 0.0 0.0 0.0 0.0 0.5500000000000007 1.0 1.0 1.0 0.8537500000000017 0.023750000000002006 
0.9500000000000028 1.0 1.0 1.0 0.44999999999999796 0.0 0.0 0.0 0.0 0.0 0.0 0.0 0.0 0.0 0.5500000000000007 1.0 1.0 1.0 1.0 0.9499999999999993 
