0.0 0.323750000000002 0.9187500000000017 1.0 0.49624999999999886 0.09624999999999896 0.0 0.0 0.0 0.0 0.0 0.0 0.0 0.0 0.0 0.0 0.06125000000000361 0.3500000000000014 0.3500000000000014 0.3412499999999969 
0.0 0.9250000000000019 1.0 1.0 1.0 0.31124999999999725 0.016250000000000306 0.0 0.0 0.0 0.0 0.0 0.0 0.0 0.013750000000000902 0.26375000000000937 1.0 1.0 1.0 0.9749999999999872 
0.0 0.9250000000000019 1.0 1.0 1.0 1.0 0.32499999999999574 0.0 0.0 0.0 0.0 0.0 0.0 0.0 0.27500000000000924 1.0 1.0 1.0 1.0 0.9749999999999872 
0.0 0.9250000000000019 1.0 1.0 1.0 1.0 1.0 0.37499999999999467 0.0 0.0 0.0 0.0 0.0 0.32500000000000817 1.0 1.0 1.0 1.0 1.0 0.9749999999999872 
0.0 0.9250000000000019 1.0 1.0 1.0 1.0 1.0 0.4687499999999968 0.06375000000000008 0.0 0.0 0.06375000000000208 0.4687500000000074 1.0 1.0 1.0 1.0 1.0 1.0 0.9749999999999872 
0.0 0.925000000000002 1.0 1.0 1.0 1.0 1.0 1.0 0.91375 0.40374999999999583 0.0 0.4250000000000078 1.0 1.0 1.0 1.0 1.0 1.0 1.0 0.9749999999999872 
0.0 0.9250000000000019 1.0 1.0 1.0 1.0 1.0 1.0 1.0 1.0 1.0 1.0 1.0 1.0 1.0 1.0 1.0 1.0 1.0 0.9749999999999872 
0.0 0.9250000000000019 1.0 1.0 1.0 0.2749999999999959 0.0 0.4687500000000018 0.8937499999999998 1.0 1.0 0.5749999999999922 0.0 0.24375000000000496 0.8187499999999998 1.0 1.0 1.0 1.0 0.9749999999999872 
0.0 0.9250000000000019 1.0 1.0 1.0 0.2749999999999959 0.0 0.0 0.5750000000000055 1.0 1.0 0.5749999999999922 0.0 0.0 0.27500000000000924 1.0 1.0 1.0 1.0 0.9749999999999872 
0.0 0.925000000000002 1.0 1.0 1.0 0.2749999999999959 0.0 0.0 0.5750000000000055 1.0 0.6912499999999946 0.20124999999999604 0.0 0.0 0.27500000000000924 1.0 1.0 1.0 1.0 0.9749999999999872 
0.0 0.9250000000000019 1.0 1.0 1.0 0.2749999999999959 0.0 0.0 0.0 0.34125000000000294 0.3412499999999949 0.0 0.0 0.0 0.27500000000000924 1.0 1.0 1.0 1.0 0.9749999999999872 
0.0 0.9250000000000019 1.0 1.0 1.0 0.2749999999999959 0.0 0.0 0.0 0.0 0.0 0.0 0.0 0.0 0.27500000000000924 1.0 1.0 1.0 0.9962499999999992 0.9262499999999837 
0.0 0.9250000000000019 1.0 1.0 1.0 0.2749999999999959 0.0 0.0 0.0 0.0 0.0 0.0 0.0 0.0 0.27500000000000924 1.0 1.0 1.0 0.92499999999999 0.0 
0.0 0.925000000000002 1.0 1.0 1.0 0.2749999999999959 0.0 0.0 0.0 0.0 0.0 0.0 0.0 0.0 0.27500000000000924 1.0 1.0 1.0 0.92499999999999 0.0 
0.0 0.9250000000000018 1.0 1.0 1.0 0.2749999999999959 0.0 0.0 0.0 0.0 0.0 0.0 0.0 0.0 0.27500000000000924 1.0 1.0 1.0 0.92499999999999 0.0 
0.0 0.9250000000000019 1.0 1.0 1.0 0.2749999999999959 0.0 0.0 0.0 0.0 0.0 0.0 0.0 0.0 0.27500000000000924 1.0 1.0 1.0 0.92499999999999 0.0 
0.0 0.9250000000000019 1.0 1.0 1.0 0.2749999999999959 0.0 0.0 0.0 0.0 0.0 0.0 0.0 0.0 0.27500000000000924 1.0 1.0 1.0 0.92499999999999 0.0 
0.9750000000000014 1.0 1.0 1.0 1.0 0.2749999999999959 0.0 0.0 0.0 0.0 0.0 0.0 0.0 0.0 0.27500000000000924 1.0 1.0 1.0 0.92499999999999 0.0 
0.0487499999999973 0.9287500000000016 1.0 1.0 1.0 0.2749999999999959 0.0 0.0 0.0 0.0 0.0 0.0 0.0 0.0 0.27500000000000924 1.0 1.0 1.0 0.92499999999999 0.0 
0.34124999999999495 0.9512500000000008 1.0 1.0 0.4962499999999933 0.096249999999997 0.0 0.0 0.0 0.0 0.0 0.0 0.0 0.0 0.27500000000000924 1.0 1.0 1.0 0.92499999999999 0.0 
