0.0 0.8499999999999992 1.0 1.0 1.0 1.0 1.0 1.0 1.0 1.0 1.0 1.0 1.0 1.0 0.6012500000000013 0.2749999999999986 0.17874999999999966 0.0 0.0 0.0 
0.0 0.8499999999999992 1.0 1.0 1.0 1.0 1.0 1.0 1.0 1.0 1.0 1.0 1.0 1.0 1.0 1.0 0.93875 0.6187500000000006 0.0 0.0 
0.0 0.8499999999999992 1.0 1.0 0.7937500000000008 0.6250000000000009 0.40625000000000133 0.0 0.0 0.0 0.0 0.0 0.46874999999999956 0.6250000000000009 0.8312499999999994 1.0 1.0 1.0 0.8500000000000014 0.0 
0.0 0.8499999999999992 1.0 1.0 0.45000000000000107 0.0 0.0 0.0 0.0 0.0 0.0 0.0 0.0 0.0 0.04125000000000037 0.4912499999999983 1.0 1.0 0.9887499999999999 0.8787500000000016 
0.0 0.8499999999999992 1.0 1.0 0.45000000000000107 0.0 0.0 0.0 0.0 0.0 0.0 0.0 0.0 0.0 0.0 0.4499999999999975 1.0 1.0 1.0 0.9500000000000028 
0.0 0.8499999999999992 1.0 1.0 0.45000000000000107 0.0 0.0 0.0 0.0 0.0 0.0 0.0 0.0 0.0 0.0 0.4499999999999975 1.0 1.0 1.0 0.9500000000000028 
0.0 0.8499999999999992 1.0 1.0 0.45000000000000107 0.0 0.0 0.0 0.0 0.0 0.0 0.0 0.0 0.0 0.0 0.4499999999999975 1.0 1.0 1.0 0.9500000000000028 
0.0 0.8499999999999992 1.0 1.0 0.45000000000000107 0.0 0.0 0.0 0.0 0.0 0.0 0.0 0.0 0.0 0.0 0.4499999999999975 1.0 1.0 0.9812500000000002 0.8312500000000025 
0.0 0.8499999999999992 1.0 1.0 0.45000000000000107 0.0 0.0 0.0 0.0 0.0 0.0 0.0 0.0 0.0 0.0 0.4499999999999975 1.0 1.0 0.8500000000000014 0.0 
0.0 0.8499999999999992 1.0 1.0 0.45000000000000107 0.0 0.0 0.0 0.0 0.0 0.0 0.0 0.0 0.0 0.0 0.4499999999999975 1.0 1.0 0.8500000000000014 0.0 
0.0 0.8499999999999992 1.0 1.0 0.45000000000000107 0.0 0.0 0.0 0.0 0.0 0.0 0.0 0.0 0.0 0.0 0.4499999999999975 1.0 1.0 0.8500000000000014 0.0 
0.0 0.8499999999999992 1.0 1.0 0.45000000000000107 0.0 0.0 0.0 0.0 0.0 0.0 0.0 0.0 0.0 0.0 0.4499999999999975 1.0 1.0 0.8500000000000014 0.0 
0.8312499999999994 0.98125 1.0 1.0 0.45000000000000107 0.0 0.0 0.0 0.0 0.0 0.0 0.0 0.0 0.0 0.0 0.4499999999999975 1.0 1.0 0.8500000000000014 0.0 
0.9499999999999993 1.0 1.0 1.0 0.45000000000000107 0.0 0.0 0.0 0.0 0.0 0.0 0.0 0.0 0.0 0.0 0.4499999999999975 1.0 1.0 0.8500000000000014 0.0 
0.9499999999999993 1.0 1.0 1.0 0.45000000000000107 0.0 0.0 0.0 0.0 0.0 0.0 0.0 0.0 0.0 0.0 0.4499999999999975 1.0 1.0 0.8500000000000014 0.0 
0.9499999999999993 1.0 1.0 1.0 0.45000000000000107 0.0 0.0 0.0 0.0 0.0 0.0 0.0 0.0 0.0 0.0 0.4499999999999975 1.0 1.0 0.8500000000000014 0.0 
0.9499999999999993 1.0 1.0 1.0 0.45000000000000107 0.0 0.0 0.0 0.0 0.0 0.0 0.0 0.0 0.0 0.04125000000000135 0.49124999999999924 1.0 1.0 0.8500000000000014 0.0 
0.9499999999999993 1.0 1.0 1.0 0.45000000000000107 0.0 0.0 0.0 0.0 0.0 0.0 0.0 0.0 0.0 0.5499999999999972 1.0 1.0 0.8437500000000002 0.31874999999999754 0.0 
0.7837499999999954 0.9737499999999992 1.0 1.0 1.0 0.6287500000000026 0.17500000000000426 0.17500000000000426 0.17500000000000426 0.21625000000000316 0.9587499999999997 1.0 1.0 1.0 1.0 0.9212499999999986 0.8249999999999957 0.6187499999999982 0.0 0.0 
0.6887500000000042 0.9587500000000005 1.0 1.0 1.0 1.0 1.0 1.0 1.0 1.0 1.0 1.0 1.0 1.0 0.6012499999999994 0.15124999999999794 0.0 0.0 0.0 0.0 
