0.0 0.0 0.0 0.0 0.08937500000000226 0.40187500000000587 1.0 1.0 1.0 1.0 1.0 1.0 1.0 1.0 1.0 0.5106250000000045 0.1306250000000031 0.0 0.0 0.0 
0.0 0.0 0.0 0.39187500000000414 0.881875000000004 1.0 1.0 1.0 1.0 1.0 1.0 1.0 1.0 1.0 1.0 1.0 0.9081250000000032 0.5156250000000049 0.0 0.0 
0.0 0.29062500000000496 0.7656250000000032 1.0 1.0 0.9343749999999984 0.609374999999994 0.07812499999999878 0.0 0.0 0.0 0.0 0.0 0.0 0.5156249999999951 0.8781249999999978 1.0 1.0 0.7750000000000021 0.0 
0.0 0.7750000000000022 1.0 1.0 0.699374999999997 0.06187499999999563 0.0 0.0 0.0 0.0 0.0 0.0 0.0 0.0 0.0 0.6749999999999989 1.0 1.0 0.9831250000000014 0.8556250000000087 
0.9250000000000025 1.0 1.0 1.0 0.6749999999999985 0.0 0.0 0.0 0.0 0.0 0.0 0.0 0.0 0.0 0.0 0.0 0.5249999999999986 1.0 1.0 0.9250000000000043 
0.9250000000000025 1.0 1.0 0.5249999999999981 0.0 0.0 0.0 0.0 0.0 0.0 0.0 0.0 0.0 0.0 0.0 0.0 0.0 0.0 0.0 0.0 
0.9250000000000025 1.0 1.0 0.5249999999999981 0.0 0.0 0.0 0.0 0.0 0.0 0.0 0.0 0.0 0.0 0.0 0.0 0.0 0.0 0.0 0.0 
0.9250000000000025 1.0 1.0 0.5249999999999981 0.0 0.0 0.0 0.0 0.0 0.0 0.0 0.0 0.0 0.0 0.0 0.0 0.0 0.0 0.0 0.0 
0.9250000000000025 1.0 1.0 0.8456250000000014 0.45562500000000183 0.0 0.0 0.0 0.0 0.0 0.28687500000000227 0.48937500000000284 0.0 0.0 0.0 0.0 0.0 0.0 0.0 0.0 
0.9250000000000025 1.0 1.0 1.0 0.7481250000000005 0.3606250000000053 1.0 1.0 1.0 1.0 1.0 1.0 1.0 1.0 1.0 0.47687500000000416 0.22500000000000497 0.1406250000000035 0.0 0.0 
0.9250000000000025 1.0 1.0 1.0 1.0 1.0 0.980624999999999 0.3218749999999959 0.2249999999999961 0.2249999999999961 0.2249999999999961 0.2249999999999961 0.3218749999999966 0.9806249999999996 1.0 1.0 1.0 0.6250000000000018 0.0 0.0 
0.9250000000000025 1.0 1.0 1.0 0.8943749999999986 0.5568749999999966 0.0 0.0 0.0 0.0 0.0 0.0 0.0 0.0 0.0 0.6749999999999989 1.0 1.0 0.8481250000000021 0.30062500000000403 
0.9250000000000025 1.0 1.0 1.0 0.6749999999999985 0.0 0.0 0.0 0.0 0.0 0.0 0.0 0.0 0.0 0.0 0.08437499999999747 0.5843749999999971 1.0 1.0 0.9250000000000043 
0.9250000000000025 1.0 1.0 0.5249999999999981 0.0 0.0 0.0 0.0 0.0 0.0 0.0 0.0 0.0 0.0 0.0 0.0 0.5249999999999986 1.0 1.0 0.9250000000000043 
0.9250000000000025 1.0 1.0 0.5249999999999981 0.0 0.0 0.0 0.0 0.0 0.0 0.0 0.0 0.0 0.0 0.0 0.0 0.5249999999999986 1.0 1.0 0.9250000000000043 
0.9250000000000025 1.0 1.0 0.5249999999999981 0.0 0.0 0.0 0.0 0.0 0.0 0.0 0.0 0.0 0.0 0.0 0.0 0.5249999999999986 1.0 1.0 0.9250000000000043 
0.0 0.7750000000000021 1.0 1.0 0.6749999999999985 0.0 0.0 0.0 0.0 0.0 0.0 0.0 0.0 0.0 0.0 0.050625000000001835 0.560625 1.0 0.9831249999999995 0.8556250000000013 
0.0 0.2906249999999981 0.765625 1.0 0.8781250000000006 0.5156250000000019 0.0 0.0 0.0 0.0 0.0 0.0 0.0 0.0 0.5156250000000024 0.8781250000000007 1.0 1.0 0.7750000000000021 0.0 
0.0 0.0 0.515624999999999 0.9081249999999981 1.0 1.0 0.9793749999999991 0.278125000000003 0.17500000000000426 0.17500000000000426 0.17500000000000426 0.17500000000000426 0.27812500000000373 0.9793749999999998 1.0 1.0 0.9081249999999981 0.5156249999999988 0.0 0.0 
0.0 0.0 0.0 0.13062499999999982 0.2749999999999986 0.401875 1.0 1.0 1.0 1.0 1.0 1.0 1.0 1.0 0.4018749999999993 0.2749999999999986 0.1306249999999997 0.0 0.0 0.0 
