0.0 0.0 0.0 0.0 0.09749999999999966 0.14999999999999858 0.14999999999999858 0.14999999999999858 0.532500000000004 1.0 1.0 0.5324999999999933 0.14999999999999858 0.14999999999999858 0.05249999999999812 0.0 0.0 0.0 0.0 0.0 
0.0 0.0 0.112500000000001 0.42750000000000016 0.8075000000000017 1.0 1.0 1.0 1.0 1.0 1.0 1.0 1.0 1.0 0.6424999999999939 0.4499999999999984 0.42749999999999494 0.1124999999999948 0.0 0.0 
0.0 0.41250000000000103 0.8124999999999994 0.9875000000000008 1.0 0.7374999999999976 0.2500000000000018 0.2500000000000018 0.2500000000000018 0.2500000000000018 0.2500000000000018 0.2500000000000018 0.2500000000000018 0.2500000000000018 0.7375000000000076 1.0 0.9874999999999979 0.812499999999996 0.41249999999999154 0.0 
0.042499999999998456 0.5725000000000017 1.0 1.0 0.3499999999999961 0.0 0.0 0.0 0.0 0.0 0.0 0.0 0.0 0.0 0.0 0.3500000000000085 1.0 1.0 0.5724999999999897 0.04249999999999788 
0.8500000000000023 1.0 1.0 1.0 0.3499999999999961 0.0 0.0 0.0 0.0 0.0 0.0 0.0 0.0 0.0 0.0 0.3500000000000085 1.0 1.0 1.0 0.8499999999999908 
0.8500000000000023 1.0 1.0 1.0 0.3499999999999961 0.0 0.0 0.0 0.0 0.0 0.0 0.0 0.0 0.0 0.0 0.3500000000000085 1.0 1.0 1.0 0.8499999999999908 
0.8500000000000023 1.0 1.0 1.0 0.3499999999999961 0.0 0.0 0.0 0.0 0.0 0.0 0.0 0.0 0.0 0.0 0.017500000000001296 0.09750000000000979 0.7625000000000107 1.0 0.8499999999999908 
0.8500000000000023 1.0 1.0 1.0 0.3499999999999961 0.0 0.0 0.0 0.0 0.0 0.0 0.0 0.0 0.0 0.0 0.3500000000000085 1.0 1.0 1.0 0.8499999999999908 
0.38250000000000345 0.7525000000000028 1.0 1.0 0.7074999999999964 0.35749999999999593 0.0 0.0 0.0 0.0 0.0 0.0 0.0 0.0 0.0 0.3500000000000085 1.0 1.0 1.0 0.8499999999999908 
0.0 0.08250000000000157 0.36250000000000426 0.9575000000000032 1.0 0.6499999999999959 0.0 0.0 0.0 0.0 0.0 0.0 0.0 0.0 0.5525000000000064 0.9024999999999999 1.0 1.0 1.0 0.8499999999999908 
0.0 0.0 0.0 0.0 0.5525000000000054 0.9025000000000027 1.0 1.0 1.0 1.0 1.0 1.0 0.9624999999999997 0.857500000000002 0.8500000000000032 0.9025000000000034 1.0 1.0 1.0 0.8499999999999908 
0.0 0.0 0.0 0.0 0.0 0.19250000000000375 0.5500000000000043 0.5500000000000043 0.5500000000000043 0.5500000000000043 0.5500000000000043 0.5500000000000043 0.4124999999999993 0.027499999999996697 0.0 0.1925000000000062 0.5725000000000076 0.8875000000000058 1.0 0.8499999999999908 
0.0 0.0 0.0 0.0 0.0 0.0 0.0 0.0 0.0 0.0 0.0 0.0 0.0 0.0 0.0 0.0 0.050000000000007816 0.7500000000000107 1.0 0.8499999999999908 
0.0 0.0 0.0 0.0 0.0 0.0 0.0 0.0 0.0 0.0 0.0 0.0 0.0 0.0 0.0 0.0 0.050000000000007816 0.7500000000000107 1.0 0.8499999999999908 
0.0 0.1924999999999978 0.3499999999999943 0.3499999999999943 0.12249999999999664 0.0 0.0 0.0 0.0 0.0 0.0 0.0 0.0 0.0 0.0 0.0 0.050000000000007816 0.7500000000000107 1.0 0.8499999999999908 
0.0 0.5500000000000027 1.0 1.0 0.3499999999999961 0.0 0.0 0.0 0.0 0.0 0.0 0.0 0.0 0.0 0.0 0.0 0.050000000000007816 0.7500000000000107 1.0 0.8499999999999908 
0.0 0.5500000000000027 1.0 1.0 0.3499999999999961 0.0 0.0 0.0 0.0 0.0 0.0 0.0 0.0 0.0 0.0 0.0 0.050000000000007816 0.7500000000000107 1.0 0.8499999999999908 
0.0 0.0 0.2500000000000031 0.9500000000000037 1.0 0.7374999999999957 0.23749999999999533 0.06249999999999778 0.0 0.0 0.0 0.0 0.0 0.0 0.1625 0.5125000000000041 1.0 1.0 0.8874999999999991 0.6374999999999961 
0.0 0.0 0.11250000000000211 0.4275000000000044 0.45000000000000284 0.6425000000000041 0.9774999999999976 0.6624999999999954 0.5499999999999972 0.5499999999999972 0.5499999999999972 0.5499999999999972 0.5499999999999972 0.5499999999999972 0.8425000000000031 1.0 0.9724999999999958 0.5874999999999962 0.24749999999999708 0.0 
0.0 0.0 0.0 0.0 0.0 0.0525000000000026 0.19250000000000977 0.787500000000006 1.0 1.0 1.0 1.0 1.0 1.0 1.0 0.7024999999999948 0.14250000000000423 0.037499999999999825 0.0 0.0 
