0.12749999999999914 0.14999999999999858 0.14999999999999858 0.14999999999999858 0.7025000000000028 0.702499999999996 0.19250000000000303 0.7875000000000042 1.0 1.0 1.0 1.0 1.0 1.0 1.0 1.0 1.0 1.0 0.6174999999999908 0.1274999999999974 
0.8500000000000023 1.0 1.0 1.0 1.0 1.0 1.0 1.0 1.0 1.0 1.0 1.0 1.0 1.0 1.0 1.0 1.0 1.0 1.0 0.8499999999999908 
0.21250000000000208 0.2500000000000018 0.2500000000000018 0.2500000000000018 0.2500000000000018 0.2500000000000018 0.2500000000000018 0.2500000000000018 0.2500000000000018 0.2500000000000018 0.2500000000000018 0.2500000000000018 0.2500000000000018 0.2500000000000018 0.7375000000000076 1.0 1.0 1.0 0.6624999999999933 0.2124999999999992 
0.0 0.0 0.0 0.0 0.0 0.0 0.0 0.0 0.0 0.0 0.0 0.0 0.0 0.0 0.6500000000000092 1.0 0.9974999999999997 0.9625000000000009 0.5224999999999916 0.0 
0.0 0.0 0.0 0.0 0.0 0.0 0.0 0.0 0.0 0.0 0.0 0.0 0.08750000000000195 0.33250000000000024 0.7725000000000053 1.0 0.9499999999999922 0.24999999999998934 0.0 0.0 
0.0 0.0 0.0 0.0 0.0 0.0 0.0 0.0 0.0 0.0 0.0 0.0 0.2500000000000071 0.9500000000000064 1.0 1.0 0.9499999999999922 0.24999999999998934 0.0 0.0 
0.0 0.0 0.0 0.0 0.0 0.0 0.0 0.0 0.0 0.0 0.0 0.5225000000000052 0.9624999999999985 0.9975000000000002 1.0 0.6674999999999928 0.04750000000000197 0.01250000000000009 0.0 0.0 
0.0 0.0 0.0 0.0 0.0 0.0 0.0 0.0 0.0 0.03750000000000089 0.21249999999999844 0.6625000000000036 1.0 1.0 0.8375 0.48749999999999594 0.0 0.0 0.0 0.0 
0.0 0.0 0.0 0.0 0.0 0.0 0.0 0.0 0.0 0.15000000000000568 0.8500000000000059 1.0 1.0 1.0 0.34999999999999076 0.0 0.0 0.0 0.0 0.0 
0.0 0.0 0.0 0.0 0.0 0.0 0.0 0.0 0.0 0.15000000000000568 0.8500000000000059 1.0 0.7874999999999945 0.1924999999999966 0.05249999999999936 0.0 0.0 0.0 0.0 0.0 
0.0 0.0 0.0 0.0 0.0 0.0 0.0 0.0 0.4500000000000055 1.0 1.0 1.0 0.7499999999999929 0.049999999999993605 0.0 0.0 0.0 0.0 0.0 0.0 
0.0 0.0 0.0 0.0 0.0 0.0 0.022500000000002105 0.3374999999999992 0.6975000000000007 1.0 1.0 0.7524999999999993 0.4124999999999993 0.027499999999996697 0.0 0.0 0.0 0.0 0.0 0.0 
0.0 0.0 0.0 0.0 0.0 0.0 0.05000000000000515 0.7500000000000053 1.0 1.0 1.0 0.44999999999999307 0.0 0.0 0.0 0.0 0.0 0.0 0.0 0.0 
0.0 0.0 0.0 0.0 0.0 0.3500000000000041 1.0 1.0 1.0 0.8499999999999943 0.14999999999999414 0.0 0.0 0.0 0.0 0.0 0.0 0.0 0.0 0.0 
0.0 0.0 0.0 0.0 0.0 0.3500000000000041 1.0 1.0 0.8425000000000007 0.5525000000000011 0.09749999999999705 0.0 0.0 0.0 0.0 0.0 0.0 0.0 0.0 0.0 
0.0 0.0 0.0 0.0 0.4224999999999993 0.7724999999999982 1.0 1.0 0.5499999999999945 0.0 0.0 0.0 0.0 0.0 0.0 0.0 0.0 0.0 0.0 0.0 
0.0 0.0 0.0 0.0 0.6500000000000039 1.0 0.9524999999999954 0.28749999999999815 0.027500000000002068 0.0 0.0 0.0 0.0 0.0 0.0 0.0 0.0 0.0 0.0 0.0 
0.0 0.0 0.2500000000000031 0.9500000000000037 1.0 1.0 0.9499999999999948 0.24999999999999467 0.0 0.0 0.0 0.0 0.0 0.0 0.0 0.0 0.0 0.0 0.0 0.0 
0.0 0.30249999999999994 0.6624999999999993 0.9775000000000016 1.0 0.8074999999999988 0.4275000000000004 0.11249999999999831 0.0 0.0 0.0 0.0 0.0 0.0 0.0 0.0 0.0 0.0 0.0 0.0 
0.0 0.5500000000000027 1.0 1.0 1.0 0.6499999999999959 0.0 0.0 0.0 0.0 0.0 0.0 0.0 0.0 0.0 0.0 0.0 0.0 0.0 0.0 
