0.0 0.0 0.031249999999999584 0.11874999999999838 0.6937500000000001 1.0 1.0 1.0 1.0 1.0 1.0 0.5187499999999968 0.12499999999999822 0.12499999999999822 0.04374999999999889 0.0 0.0 0.0 0.0 0.0 
0.0 0.206249999999999 0.5312499999999988 0.9687500000000003 1.0 0.8687500000000002 0.6250000000000018 0.6250000000000018 0.6250000000000018 0.6250000000000018 0.6250000000000018 0.8312500000000017 1.0 1.0 0.5937499999999964 0.24374999999999764 0.0 0.0 0.0 0.0 
0.5312499999999982 0.8312499999999992 1.0 1.0 0.5937500000000007 0.2437500000000008 0.0 0.0 0.0 0.0 0.0 0.2062500000000019 0.3750000000000018 0.3750000000000018 0.7812500000000031 0.8687499999999981 0.5937499999999957 0.15624999999999623 0.0 0.0 
0.8499999999999996 1.0 0.7812500000000002 0.16875000000000115 0.043750000000000525 0.0 0.0 0.0 0.0 0.0 0.0 0.0 0.0 0.0 0.6500000000000039 1.0 0.9499999999999957 0.24999999999999467 0.0 0.0 
0.8499999999999996 1.0 0.7499999999999998 0.04999999999999938 0.0 0.0 0.0 0.0 0.0 0.0 0.0 0.0 0.0 0.0 0.0 0.3062500000000034 0.8312499999999979 0.21874999999999578 0.0 0.0 
0.8499999999999996 1.0 0.7499999999999998 0.04999999999999938 0.0 0.0 0.0 0.0 0.0 0.0 0.0 0.0 0.0 0.0 0.0 0.0 0.0 0.0 0.0 0.0 
0.8499999999999996 1.0 0.7499999999999998 0.04999999999999938 0.0 0.0 0.0 0.0 0.0 0.0 0.0 0.0 0.0 0.0 0.0 0.0 0.0 0.0 0.0 0.0 
0.8499999999999996 1.0 0.7499999999999998 0.04999999999999938 0.0 0.0 0.0 0.0 0.0 0.0 0.0 0.0 0.0 0.0 0.0 0.0 0.0 0.0 0.0 0.0 
0.8499999999999996 1.0 0.7499999999999998 0.04999999999999938 0.0 0.0 0.0 0.0 0.0 0.0 0.0 0.0 0.0 0.0 0.0 0.0 0.0 0.0 0.0 0.0 
0.8499999999999996 1.0 0.7499999999999998 0.04999999999999938 0.0 0.0 0.0 0.0 0.0 0.056250000000000536 0.31874999999999937 0.3749999999999982 0.3749999999999982 0.3749999999999982 0.3749999999999982 0.3749999999999982 0.3749999999999982 0.3749999999999982 0.2062499999999973 0.0 
0.8499999999999996 1.0 0.9062499999999994 0.643749999999998 0.2187499999999989 0.0 0.0 0.0 0.0 0.05625000000000106 0.31875000000000236 0.7187500000000023 1.0 1.0 1.0 1.0 1.0 1.0 0.5499999999999954 0.0 
0.8499999999999996 1.0 0.7812500000000002 0.16875000000000115 0.043750000000000525 0.0 0.0 0.0 0.0 0.0 0.0 0.06875000000000128 0.12500000000000178 0.12500000000000178 0.12500000000000178 0.43125000000000396 1.0 1.0 0.9437499999999986 0.7437499999999935 
0.8499999999999996 1.0 0.7812499999999993 0.16874999999999776 0.043749999999999276 0.0 0.0 0.0 0.0 0.0 0.0 0.0 0.0 0.0 0.0 0.3500000000000032 1.0 1.0 1.0 0.8499999999999943 
0.8499999999999996 1.0 1.0 1.0 0.3499999999999992 0.0 0.0 0.0 0.0 0.0 0.0 0.0 0.0 0.0 0.0 0.3500000000000032 1.0 1.0 1.0 0.8499999999999943 
0.8499999999999996 1.0 1.0 1.0 0.3499999999999992 0.0 0.0 0.0 0.0 0.0 0.0 0.0 0.0 0.0 0.0 0.3500000000000032 1.0 1.0 1.0 0.8499999999999943 
0.10624999999999996 0.60625 1.0 1.0 0.3499999999999992 0.0 0.0 0.0 0.0 0.0 0.0 0.0 0.0 0.0 0.0 0.3500000000000032 1.0 1.0 1.0 0.8499999999999943 
0.0 0.5499999999999999 1.0 1.0 0.4312499999999993 0.08124999999999988 0.0 0.0 0.0 0.0 0.0 0.0 0.0 0.0 0.0 0.3500000000000032 1.0 1.0 0.9437499999999994 0.743749999999995 
0.0 0.34374999999999994 0.7187500000000001 0.9812500000000002 1.0 0.7812499999999993 0.3562499999999994 0.09374999999999933 0.0 0.0 0.0 0.0 0.0 0.0 0.24375000000000147 0.593750000000002 1.0 1.0 0.5499999999999954 0.0 
0.0 0.0 0.09375000000000008 0.35625000000000023 0.7812500000000004 1.0 0.9812499999999994 0.7187499999999993 0.625 0.625 0.625 0.625 0.625 0.625 0.8687500000000015 1.0 0.9687499999999973 0.5312499999999967 0.20624999999999827 0.0 
0.0 0.0 0.0 0.0 0.0812500000000001 0.43125000000000085 1.0 1.0 1.0 1.0 1.0 1.0 1.0 1.0 1.0 0.6937499999999972 0.11874999999999947 0.031249999999999334 0.0 0.0 
