0.6000000000000009 0.8000000000000005 0.9999999999999997 0.7999999999999999 0.6000000000000002 0.40000000000000047 0.20000000000000073 9.992007221626409e-16 0.0 0.0 0.0 0.0 0.0 0.0 0.0 0.0 0.0 0.0 0.0 0.0 
0.6000000000000009 0.8000000000000006 0.9999999999999997 0.7999999999999999 0.6000000000000002 0.40000000000000047 0.20000000000000073 9.992007221626409e-16 0.0 0.0 0.0 0.0 0.0 0.0 0.0 0.0 0.0 0.0 0.0 0.0 
0.6000000000000009 0.8000000000000006 0.9999999999999997 0.7999999999999999 0.6000000000000002 0.40000000000000047 0.20000000000000073 9.992007221626409e-16 0.0 0.0 0.0 0.0 0.0 0.0 0.0 0.0 0.0 0.0 0.0 0.0 
0.6000000000000009 0.8000000000000006 0.9999999999999997 0.7999999999999999 0.6000000000000002 0.40000000000000047 0.20000000000000073 9.992007221626409e-16 0.0 0.0 0.0 0.0 0.0 0.0 0.0 0.0 0.0 0.0 0.0 0.0 
0.6000000000000009 0.8000000000000006 0.9999999999999997 0.7999999999999999 0.6000000000000002 0.40000000000000047 0.20000000000000073 9.992007221626409e-16 0.0 0.0 0.0 0.0 0.0 0.0 0.0 0.0 0.0 0.0 0.0 0.0 
0.6000000000000009 0.8000000000000006 0.9999999999999997 0.7999999999999999 0.6000000000000002 0.40000000000000047 0.20000000000000073 9.992007221626409e-16 0.0 0.0 0.0 0.0 0.0 0.0 0.0 0.0 0.0 0.0 0.0 0.0 
0.6000000000000009 0.8000000000000006 0.9999999999999997 0.7999999999999999 0.6000000000000002 0.40000000000000047 0.20000000000000073 9.992007221626409e-16 0.0 0.0 0.0 0.0 0.0 0.0 0.0 0.0 0.0 0.0 0.0 0.0 
0.6000000000000009 0.8000000000000005 0.9999999999999997 0.7999999999999999 0.6000000000000002 0.40000000000000047 0.20000000000000073 9.992007221626409e-16 0.0 0.0 0.0 0.0 0.0 0.0 0.0 0.0 0.0 0.0 0.0 0.0 
0.6000000000000009 0.8000000000000006 0.9999999999999997 0.8 0.6000000000000002 0.40000000000000047 0.20000000000000073 9.992007221626409e-16 0.0 0.0 0.0 0.0 0.0 0.0 0.0 0.0 0.0 0.0 0.0 0.0 
0.6000000000000009 0.8000000000000005 0.9999999999999997 0.7999999999999999 0.6000000000000002 0.40000000000000047 0.20000000000000073 9.992007221626409e-16 0.0 0.0 0.0 0.0 0.0 0.0 0.0 0.0 0.0 0.0 0.0 0.0 
0.6000000000000009 0.8000000000000006 0.9999999999999997 0.7999999999999999 0.6000000000000002 0.40000000000000047 0.20000000000000073 9.992007221626409e-16 0.0 0.0 0.0 0.0 0.0 0.0 0.0 0.0 0.0 0.0 0.0 0.0 
0.6000000000000009 0.8000000000000006 0.9999999999999999 0.95 0.9 0.8500000000000001 0.8000000000000002 0.7500000000000002 0.6000000000000009 0.45000000000000107 0.30000000000000127 0.15000000000000147 1.6653345369377348e-15 0.0 0.0 0.0 0.0 0.0 0.0 0.0 
0.6000000000000009 0.8000000000000006 1.0 1.0 1.0 1.0 1.0 1.0 0.8000000000000012 0.6000000000000014 0.4000000000000017 0.20000000000000195 2.220446049250313e-15 0.0 0.0 0.0 0.0 0.0 0.0 0.0 
0.6000000000000009 0.8000000000000006 1.0 1.0 1.0 1.0 1.0 1.0 0.8000000000000012 0.6000000000000014 0.4000000000000017 0.20000000000000195 2.220446049250313e-15 0.0 0.0 0.0 0.0 0.0 0.0 0.0 
0.6000000000000009 0.8000000000000006 1.0 1.0 1.0 1.0 1.0 1.0 0.8000000000000012 0.6000000000000014 0.4000000000000017 0.20000000000000195 2.220446049250313e-15 0.0 0.0 0.0 0.0 0.0 0.0 0.0 
0.6000000000000009 0.8000000000000006 1.0 1.0 1.0 1.0 1.0 1.0 0.8000000000000012 0.6000000000000014 0.4000000000000017 0.20000000000000195 2.220446049250313e-15 0.0 0.0 0.0 0.0 0.0 0.0 0.0 
0.6000000000000009 0.8000000000000006 1.0 1.0 1.0 1.0 1.0 1.0 0.8000000000000012 0.6000000000000014 0.4000000000000017 0.20000000000000195 2.220446049250313e-15 0.0 0.0 0.0 0.0 0.0 0.0 0.0 
0.6000000000000009 0.8000000000000006 1.0 1.0 1.0 1.0 1.0 1.0 0.8000000000000012 0.6000000000000014 0.4000000000000017 0.20000000000000195 2.220446049250313e-15 0.0 0.0 0.0 0.0 0.0 0.0 0.0 
0.6000000000000009 0.8000000000000006 1.0 1.0 1.0 1.0 1.0 1.0 1.0 1.0 1.0 1.0 1.0 0.8000000000000025 0.6000000000000028 0.400000000000003 0.2000000000000033 3.552713678800501e-15 0.0 0.0 
0.6000000000000009 0.8000000000000005 1.0 1.0 1.0 1.0 1.0 1.0 1.0 1.0 1.0 1.0 1.0 0.9500000000000021 0.9000000000000035 0.850000000000005 0.8000000000000065 0.750000000000008 0.6000000000000085 0.45000000000000734 
