0.0 0.0 0.0 0.0 0.03187500000000136 0.07500000000000284 0.07500000000000284 0.4218750000000042 1.0 1.0 1.0 1.0 0.4218749999999985 0.07500000000000284 0.07500000000000284 0.03187500000000086 0.0 0.0 0.0 0.0 
0.0 0.0 0.028125000000000695 0.1743750000000025 0.5543750000000032 1.0 1.0 1.0 1.0 1.0 1.0 1.0 1.0 1.0 1.0 0.5543749999999981 0.174375000000001 0.028124999999999144 0.0 0.0 
0.0 0.17812500000000175 0.45312500000000333 0.8593750000000017 1.0 1.0 1.0 0.859374999999998 0.6249999999999973 0.6249999999999973 0.6249999999999973 0.6249999999999973 0.6249999999999973 0.7281249999999996 0.9718750000000014 1.0 0.8593749999999976 0.453124999999999 0.17812499999999915 0.0 
0.0 0.4750000000000013 1.0 1.0 1.0 0.9606249999999985 0.6193749999999969 0.2968749999999971 0.0 0.0 0.0 0.0 0.0 0.13062500000000116 0.4393749999999996 0.7768750000000013 1.0 1.0 0.4749999999999943 0.0 
0.5568750000000028 0.8293750000000017 1.0 1.0 0.7131249999999976 0.3006249999999969 0.08937499999999857 0.0 0.0 0.0 0.0 0.0 0.0 0.0 0.0 0.5750000000000046 1.0 1.0 0.8293749999999994 0.556874999999998 
0.14437499999999784 0.17499999999999716 0.17499999999999716 0.17499999999999716 0.10062499999999801 0.0 0.0 0.0 0.0 0.0 0.0 0.0 0.0 0.0 0.0 0.5750000000000046 1.0 1.0 1.0 0.824999999999994 
0.0 0.0 0.0 0.0 0.0 0.0 0.0 0.0 0.0 0.0 0.0 0.0 0.0 0.0 0.0 0.5750000000000046 1.0 1.0 0.48812499999999326 0.020624999999997944 
0.0 0.0 0.0 0.0 0.0 0.0 0.0 0.0 0.0 0.0 0.0 0.0 0.07812500000000155 0.3656250000000047 0.9343750000000038 1.0 1.0 1.0 0.4749999999999943 0.0 
0.0 0.0 0.0 0.0 0.0 0.0 0.0 0.0 0.0 0.0 0.0 0.0 0.6250000000000036 1.0 1.0 1.0 0.9381249999999981 0.7593749999999967 0.3443749999999949 0.0 
0.0 0.0 0.0 0.0 0.0 0.0 0.0 0.0 0.0 0.0 0.13812500000000238 0.41437500000000416 0.7843750000000029 1.0 1.0 0.7556249999999967 0.4456249999999952 0.07187499999999662 0.0 0.0 
0.0 0.0 0.0 0.0 0.0 0.0 0.0 0.0 0.014375000000001808 0.3881250000000039 0.7131250000000036 0.9893750000000018 1.0 1.0 1.0 0.4249999999999954 0.0 0.0 0.0 0.0 
0.0 0.0 0.0 0.0 0.0 0.0 0.0 0.0 0.02500000000000302 0.6750000000000034 1.0 1.0 1.0 0.8006249999999968 0.3293749999999956 0.11687499999999812 0.0 0.0 0.0 0.0 
0.0 0.0 0.0 0.0 0.0 0.0 0.0 0.328125000000003 0.8781250000000022 0.959375000000001 1.0 1.0 0.4531249999999958 0.09062499999999822 0.009374999999999334 0.0 0.0 0.0 0.0 0.0 
0.0 0.0 0.0 0.0 0.0 0.0750000000000024 0.7250000000000023 1.0 1.0 1.0 0.9918749999999992 0.9756249999999979 0.36562499999999576 0.0 0.0 0.0 0.0 0.0 0.0 0.0 
0.0 0.0 0.0 0.0 0.07437500000000066 0.23687500000000264 0.7731250000000021 1.0 1.0 1.0 0.6749999999999963 0.024999999999995914 0.0 0.0 0.0 0.0 0.0 0.0 0.0 0.0 
0.0 0.0 0.04062500000000086 0.25187500000000274 0.611875000000003 1.0 1.0 1.0 0.991874999999999 0.780624999999997 0.45562499999999556 0.01687499999999717 0.0 0.0 0.0 0.0 0.0 0.0 0.0 0.0 
0.0 0.0 0.12500000000000155 0.7750000000000017 1.0 1.0 1.0 0.8218749999999981 0.5118749999999971 0.17062499999999778 0.0 0.0 0.0 0.0 0.0 0.0 0.0 0.0 0.0 0.0 
0.0 0.29687500000000083 0.6718750000000006 0.9156250000000006 1.0 1.0 1.0 0.859374999999999 0.625 0.625 0.625 0.625 0.625 0.625 0.625 0.625 0.4843749999999969 0.07812499999999667 0.32812500000000355 0.5156249999999962 
0.0 0.4750000000000013 1.0 1.0 1.0 1.0 1.0 1.0 1.0 1.0 1.0 1.0 1.0 1.0 1.0 1.0 0.9493749999999994 0.8031250000000006 0.8931250000000023 0.824999999999994 
0.0 0.4750000000000013 1.0 1.0 1.0 1.0 1.0 1.0 1.0 1.0 1.0 1.0 1.0 1.0 1.0 1.0 1.0 1.0 1.0 0.824999999999994 
