0.0 0.0 0.0 0.0 0.0 0.10000000000000497 1.0 1.0 1.0 1.0 1.0 1.0 1.0 1.0 1.0 1.0 1.0 1.0 1.0 1.0 
0.0 0.0 0.0 0.0 0.0 0.10000000000000497 1.0 1.0 1.0 1.0 1.0 1.0 1.0 1.0 1.0 1.0 1.0 1.0 1.0 1.0 
0.0 0.0 0.0 0.0 0.0 0.10000000000000497 1.0 1.0 1.0 0.774999999999993 0.6749999999999916 0.0 0.0 0.0 0.0 0.0 0.0 0.0 0.0 0.0 
0.0 0.0 0.0 0.0 0.0 0.10000000000000497 1.0 1.0 1.0 0.09999999999999609 0.0 0.0 0.0 0.0 0.0 0.0 0.0 0.0 0.0 0.0 
0.0 0.0 0.0 0.0 0.0 0.10000000000000497 1.0 1.0 1.0 0.09999999999999609 0.0 0.0 0.0 0.0 0.0 0.0 0.0 0.0 0.0 0.0 
0.0 0.0 0.0 0.0 0.0 0.10000000000000497 1.0 1.0 1.0 0.09999999999999609 0.0 0.0 0.0 0.0 0.0 0.0 0.0 0.0 0.0 0.0 
0.0 0.0 0.0 0.0 0.0 0.10000000000000497 1.0 1.0 1.0 1.0 1.0 1.0 1.0 1.0 1.0 0.9249999999999995 0.25000000000000533 0.12500000000000266 0.0 0.0 
0.0 0.0 0.0 0.0 0.0 0.10000000000000497 1.0 1.0 1.0 1.0 1.0 1.0 1.0 1.0 1.0 1.0 1.0 0.8750000000000027 0.22499999999999948 0.0 
0.0 0.0 0.0 0.0 0.0 0.10000000000000497 1.0 1.0 1.0 0.7749999999999942 0.0 0.0 0.0 0.0 0.0 0.7749999999999956 1.0 1.0 1.0 0.32500000000000584 
0.6749999999999997 0.0 0.0 0.0 0.0 0.02500000000000071 0.24999999999999467 0.24999999999999467 0.24999999999999467 0.02499999999999849 0.0 0.0 0.0 0.0 0.0 0.02499999999999982 0.4749999999999995 1.0 1.0 1.0 
0.8999999999999932 0.0 0.0 0.0 0.0 0.0 0.0 0.0 0.0 0.0 0.0 0.0 0.0 0.0 0.0 0.0 0.30000000000000426 1.0 1.0 1.0 
0.8999999999999932 0.0 0.0 0.0 0.0 0.0 0.0 0.0 0.0 0.0 0.0 0.0 0.0 0.0 0.0 0.0 0.30000000000000426 1.0 1.0 1.0 
0.8999999999999932 0.0 0.0 0.0 0.0 0.0 0.0 0.0 0.0 0.0 0.0 0.0 0.0 0.0 0.0 0.0 0.30000000000000426 1.0 1.0 1.0 
0.8999999999999932 0.0 0.0 0.0 0.0 0.07500000000000409 0.7500000000000036 0.7500000000000036 0.2249999999999976 0.0 0.0 0.0 0.0 0.0 0.0 0.0 0.30000000000000426 1.0 1.0 1.0 
0.8999999999999932 0.0 0.0 0.0 0.0 1.0 1.0 1.0 0.47499999999999903 0.024999999999999377 0.0 0.0 0.0 0.0 0.0 0.0 0.30000000000000426 1.0 1.0 1.0 
0.8999999999999932 0.0 0.0 0.0 0.0 0.3250000000000005 1.0 1.0 1.0 0.09999999999999609 0.0 0.0 0.0 0.0 0.0 0.07500000000000143 0.8250000000000035 1.0 1.0 1.0 
0.0 0.0 0.0 0.0 0.0 0.07500000000000337 0.8249999999999988 1.0 1.0 1.0 0.25000000000000355 0.25000000000000355 0.25000000000000355 0.25000000000000355 0.25000000000000355 1.0 1.0 1.0 0.8249999999999968 0.0750000000000007 
0.0 0.0 0.0 0.0 0.0 0.0 0.07500000000000022 0.6250000000000022 1.0 1.0 1.0 1.0 1.0 1.0 1.0 1.0 1.0 0.6249999999999982 0.07499999999999822 0.0 
0.0 0.0 0.0 0.0 0.0 0.0 0.0 0.0 0.0 0.6749999999999997 0.7499999999999964 0.8249999999999986 1.0 0.8249999999999968 0.7499999999999964 0.6749999999999957 0.0 0.0 0.0 0.0 
0.7500000000000036 0.7500000000000036 0.7500000000000036 0.7500000000000036 0.7500000000000036 0.7500000000000036 0.7500000000000036 0.7500000000000036 0.7500000000000036 0.7500000000000036 0.7500000000000036 0.8250000000000035 1.0 0.8250000000000017 0.7500000000000036 0.7500000000000036 0.7500000000000036 0.3750000000000018 0.0 0.6750000000000022 
