0.774999999999999 1.0 1.0 1.0 1.0 1.0 1.0 1.0 1.0 1.0 1.0 1.0 1.0 1.0 1.0 1.0 1.0 1.0 1.0 0.774999999999995 
0.774999999999999 1.0 1.0 1.0 1.0 1.0 1.0 1.0 1.0 1.0 1.0 1.0 1.0 1.0 1.0 1.0 1.0 1.0 1.0 0.774999999999995 
0.774999999999999 1.0 1.0 1.0 1.0 0.8031250000000019 0.625000000000004 0.625000000000004 0.625000000000004 0.625000000000004 0.625000000000004 0.625000000000004 0.625000000000004 0.625000000000004 0.625000000000004 0.625000000000004 0.625000000000004 0.625000000000004 0.625000000000004 0.484375 
0.774999999999999 1.0 1.0 1.0 1.0 0.4749999999999992 0.0 0.0 0.0 0.0 0.0 0.0 0.0 0.0 0.0 0.0 0.0 0.0 0.0 0.0 
0.774999999999999 1.0 1.0 1.0 1.0 0.4749999999999992 0.0 0.0 0.0 0.0 0.0 0.0 0.0 0.0 0.0 0.0 0.0 0.0 0.0 0.0 
0.774999999999999 1.0 1.0 1.0 1.0 0.4749999999999992 0.0 0.0 0.0 0.0 0.0 0.0 0.0 0.0 0.0 0.0 0.0 0.0 0.0 0.0 
0.774999999999999 1.0 1.0 1.0 1.0 0.4749999999999992 0.0 0.0 0.0 0.0 0.0 0.0 0.0 0.0 0.0 0.0 0.0 0.0 0.0 0.0 
0.774999999999999 1.0 1.0 1.0 1.0 0.4749999999999992 0.0 0.0 0.0 0.0 0.0 0.0 0.0 0.0 0.0 0.0 0.0 0.0 0.0 0.0 
0.774999999999999 1.0 1.0 1.0 1.0 0.6193749999999978 0.2749999999999968 0.2749999999999968 0.2268749999999967 0.07562499999999824 0.0756249999999997 0.22687499999999813 0.2749999999999968 0.2749999999999968 0.14437499999999695 0.0 0.0 0.0 0.0 0.0 
0.774999999999999 1.0 1.0 1.0 1.0 1.0 1.0 1.0 0.899374999999998 0.5831249999999961 0.5831249999999992 0.8993750000000011 1.0 1.0 0.524999999999995 0.0 0.0 0.0 0.0 0.0 
0.774999999999999 1.0 1.0 1.0 1.0 1.0 1.0 1.0 1.0 1.0 1.0 1.0 1.0 1.0 0.524999999999995 0.0 0.0 0.0 0.0 0.0 
0.774999999999999 1.0 1.0 1.0 1.0 0.6193750000000006 0.27500000000000213 0.27500000000000213 0.27500000000000213 0.27500000000000213 0.27500000000000213 0.27500000000000213 0.27500000000000213 0.27500000000000213 0.14437499999999975 0.0 0.0 0.0 0.0 0.0 
0.774999999999999 1.0 1.0 1.0 1.0 0.4749999999999992 0.0 0.0 0.0 0.0 0.0 0.0 0.0 0.0 0.0 0.0 0.0 0.0 0.0 0.0 
0.774999999999999 1.0 1.0 1.0 1.0 0.4749999999999992 0.0 0.0 0.0 0.0 0.0 0.0 0.0 0.0 0.0 0.0 0.0 0.0 0.0 0.0 
0.774999999999999 1.0 1.0 1.0 1.0 0.4749999999999992 0.0 0.0 0.0 0.0 0.0 0.0 0.0 0.0 0.0 0.0 0.0 0.0 0.0 0.0 
0.774999999999999 1.0 1.0 1.0 1.0 0.4749999999999992 0.0 0.0 0.0 0.0 0.0 0.0 0.0 0.0 0.0 0.0 0.0 0.0 0.0 0.0 
0.774999999999999 1.0 1.0 1.0 1.0 0.4749999999999992 0.0 0.0 0.0 0.0 0.0 0.0 0.0 0.0 0.0 0.0 0.0 0.0 0.0 0.0 
0.774999999999999 1.0 1.0 1.0 1.0 0.8031249999999979 0.6249999999999964 0.6249999999999964 0.6249999999999964 0.6249999999999964 0.6249999999999964 0.6249999999999964 0.6249999999999964 0.6249999999999964 0.6249999999999964 0.6093749999999941 0.2656249999999956 0.07812500000000289 0.4218750000000014 0.4843749999999941 
0.774999999999999 1.0 1.0 1.0 1.0 1.0 1.0 1.0 1.0 1.0 1.0 1.0 1.0 1.0 1.0 0.9943749999999991 0.8706249999999982 0.803125 0.9268750000000009 0.774999999999995 
0.774999999999999 1.0 1.0 1.0 1.0 1.0 1.0 1.0 1.0 1.0 1.0 1.0 1.0 1.0 1.0 1.0 1.0 1.0 1.0 0.774999999999995 
