0.3500000000000014 0.5449999999999987 1.0 1.0 1.0 1.0 1.0 1.0 1.0 1.0 1.0 1.0 1.0 1.0 1.0 1.0 0.895000000000003 0.6499999999999986 0.8949999999999956 1.0 
0.14499999999999857 1.0 1.0 1.0 1.0 1.0 1.0 1.0 1.0 1.0 1.0 1.0 1.0 1.0 1.0 0.9499999999999984 0.9499999999999984 0.4750000000000093 0.03500000000000055 0.005000000000000764 
1.0 1.0 1.0 1.0 1.0 0.24999999999999778 0.24999999999999778 0.24999999999999778 0.24999999999999778 0.24999999999999778 0.24999999999999778 0.24999999999999778 0.24999999999999778 0.24999999999999778 0.24999999999999778 0.0 0.0 0.0 0.1749999999999956 0.025000000000002798 
0.09999999999999698 1.0 1.0 0.30000000000000426 0.0 0.0 0.0 0.0 0.0 0.0 0.0 0.0 0.0 0.0 0.0 0.0 0.0 0.0 0.0 0.0 
0.09999999999999698 1.0 1.0 0.30000000000000426 0.0 0.0 0.0 0.0 0.0 0.0 0.0 0.0 0.0 0.0 0.0 0.0 0.0 0.0 0.0 0.0 
0.09999999999999698 1.0 1.0 0.30000000000000426 0.0 0.0 0.0 0.0 0.0 0.0 0.0 0.0 0.0 0.0 0.0 0.0 0.0 0.0 0.0 0.0 
0.09999999999999698 1.0 1.0 0.30000000000000426 0.0 0.0 0.0 0.0 0.0 0.0 0.0 0.0 0.0 0.0 0.0 0.0 0.0 0.0 0.0 0.0 
0.09999999999999698 1.0 1.0 0.30000000000000426 0.0 0.0 0.0 0.0 0.0 0.0 0.0 0.0 0.0 0.0 0.0 0.0 0.0 0.0 0.0 0.0 
0.09999999999999698 1.0 1.0 0.9650000000000034 0.09500000000000519 0.0 0.0 0.0 0.0 0.0 0.0 0.0 0.0 0.0 0.0 0.0 0.0 0.0 0.0 0.0 
0.09999999999999698 1.0 1.0 1.0 1.0 1.0 1.0 1.0 1.0 1.0 1.0 1.0 1.0 1.0 1.0 0.9000000000000092 0.0 0.0 0.0 0.0 
0.09999999999999698 0.8949999999999998 0.649999999999995 0.894999999999997 1.0 1.0 1.0 0.6750000000000071 0.8049999999999964 1.0 1.0 1.0 1.0 1.0 1.0 0.9000000000000092 0.0 0.0 0.0 0.0 
0.09999999999999698 1.0 1.0 0.9649999999999972 0.0950000000000043 0.0 0.0 0.0 0.0 0.0 0.0 0.0 0.0 0.0 0.0 0.0 0.0 0.0 0.0 0.0 
0.09999999999999698 1.0 1.0 0.30000000000000426 0.0 0.0 0.0 0.0 0.0 0.0 0.0 0.0 0.0 0.0 0.0 0.0 0.0 0.0 0.0 0.0 
0.09999999999999698 1.0 1.0 0.30000000000000426 0.0 0.0 0.0 0.0 0.0 0.0 0.0 0.0 0.0 0.0 0.0 0.0 0.0 0.0 0.0 0.0 
0.09999999999999698 1.0 1.0 0.30000000000000426 0.0 0.0 0.0 0.0 0.0 0.0 0.0 0.0 0.0 0.0 0.0 0.0 0.0 0.0 0.0 0.0 
0.09999999999999698 1.0 1.0 0.30000000000000426 0.0 0.0 0.0 0.0 0.0 0.0 0.0 0.0 0.0 0.0 0.0 0.0 0.0 0.0 0.0 0.0 
0.09999999999999698 1.0 1.0 0.30000000000000426 0.0 0.0 0.0 0.0 0.0 0.0 0.0 0.0 0.0 0.0 0.0 0.0 0.0 0.0 0.0 0.0 
0.3250000000000041 1.0 1.0 1.0 1.0 0.2500000000000071 0.2500000000000071 0.2500000000000071 0.2500000000000071 0.2500000000000071 0.2500000000000071 0.2500000000000071 0.2500000000000071 0.2500000000000071 0.2500000000000071 0.2500000000000071 0.2500000000000071 0.2500000000000071 0.7749999999999936 0.32500000000001544 
1.0 1.0 1.0 1.0 1.0 1.0 1.0 1.0 1.0 1.0 1.0 1.0 1.0 1.0 1.0 1.0 1.0 1.0 1.0 1.0 
0.09999999999999698 1.0 1.0 1.0 1.0 1.0 1.0 1.0 1.0 1.0 1.0 1.0 1.0 1.0 1.0 1.0 0.8050000000000048 0.3499999999999943 0.3499999999999943 0.3499999999999943 
