0.0 0.0 0.0 0.0 0.0 0.23562500000000366 0.32500000000000284 0.7468750000000053 1.0 1.0 1.0 1.0 1.0 0.7806249999999955 0.32500000000000284 0.2518749999999994 0.0 0.0 0.0 0.0 
0.0 0.0 0.0 0.8043750000000067 0.9750000000000028 0.9931250000000009 1.0 1.0 1.0 1.0 1.0 1.0 1.0 1.0 0.7318749999999903 0.23875000000000657 0.804374999999993 0.0 0.0 0.0 
0.0 0.0 0.32812499999999917 0.8906250000000024 1.0 1.0 1.0 0.6093749999999944 0.37499999999999734 0.37499999999999734 0.37499999999999734 0.37499999999999734 0.6093750000000039 1.0 1.0 1.0 1.0 0.8749999999999929 0.0 0.0 
0.26812500000000294 0.9456250000000027 1.0 1.0 0.786874999999997 0.1993749999999958 0.0 0.0 0.0 0.0 0.0 0.0 0.0 0.23562500000000522 0.800625000000001 1.0 1.0 1.0 0.92499999999999 0.0 
0.07312499999999782 0.07499999999999751 0.07499999999999751 0.07499999999999751 0.01687499999999908 0.0 0.0 0.0 0.0 0.0 0.0 0.0 0.0 0.0 0.27500000000000924 1.0 0.8381249999999907 0.1906250000000044 0.9943749999999995 0.9018749999999905 
0.0 0.0 0.0 0.0 0.0 0.0 0.0 0.0 0.0 0.0 0.0 0.0 0.0 0.0 0.0 0.22500000000000853 1.0 1.0 1.0 0.9749999999999872 
0.0 0.0 0.0 0.0 0.0 0.0 0.0 0.0 0.0 0.0 0.0 0.0 0.0 0.0 0.0 0.0 0.03937500000000241 0.22500000000000142 0.283125000000009 0.9749999999999872 
0.0 0.0 0.0 0.0 0.0 0.0 0.0 0.0 0.0 0.0 0.0 0.0 0.0 0.0 0.0 0.0 0.1750000000000096 1.0 0.9343749999999912 0.12187499999999667 
0.0 0.0 0.0 0.0 0.0 0.0 0.0 0.0 0.0 0.0 0.0 0.0 0.19687500000000546 0.5250000000000021 0.6556250000000059 0.8931249999999964 0.6081250000000064 0.934374999999996 0.4393749999999933 0.0 
0.0 0.0 0.0 0.0 0.0 0.0 0.0 0.0 0.5750000000000064 1.0 1.0 1.0 1.0 1.0 1.0 1.0 0.8249999999999904 0.0 0.0 0.0 
0.0 0.0 0.0 0.0 0.0 0.0 0.0 0.0 0.5750000000000064 1.0 1.0 0.6493749999999923 0.48437500000000555 1.0 1.0 0.8143749999999923 0.14437499999999598 0.0 0.0 0.0 
0.0 0.0 0.0 0.0 0.0 0.0 0.0 0.0 0.30187500000000256 0.5249999999999986 0.5249999999999986 0.5249999999999986 0.5249999999999986 0.679375000000003 1.0 1.0 1.0 0.8749999999999929 0.0 0.0 
0.0 0.0 0.0 0.0 0.0 0.0 0.0 0.0 0.0 0.0 0.0 0.0 0.0 0.0 0.24062500000000808 0.7062499999999936 0.2781250000000084 0.9843749999999991 0.8187499999999925 0.1218749999999984 
0.0 0.0 0.0 0.0 0.0 0.0 0.0 0.0 0.0 0.0 0.0 0.0 0.0 0.0 0.0 0.05062500000000144 0.36062500000000564 0.9718749999999987 0.7918750000000042 0.9749999999999872 
0.0 0.0 0.0 0.0 0.0 0.0 0.0 0.0 0.0 0.0 0.0 0.0 0.0 0.0 0.0 0.0 0.1750000000000096 0.928124999999996 0.4681250000000064 0.9749999999999872 
0.0 0.0 0.0 0.0 0.0 0.0 0.0 0.0 0.0 0.0 0.0 0.0 0.0 0.0 0.0 0.0 0.0 0.1250000000000071 1.0 0.9749999999999872 
0.0 0.6706250000000039 0.09062499999999728 0.5981250000000046 0.7250000000000014 0.19937499999999678 0.0 0.0 0.0 0.0 0.0 0.0 0.0 0.0 0.0 0.0 0.0 0.1250000000000071 0.9456249999999927 0.2681249999999951 
0.0 0.5781250000000022 0.9531250000000016 1.0 1.0 1.0 1.0 0.6093749999999961 0.375 0.1781249999999972 0.0 0.15937500000000293 0.23437499999999667 0.12187500000000306 0.27187499999999654 0.22500000000000853 1.0 0.9531249999999973 0.5781249999999938 0.0 
0.0 0.0 0.0 0.8043750000000027 0.9943749999999997 1.0 1.0 1.0 1.0 1.0 1.0 1.0 1.0 0.6831249999999928 0.29312500000001057 0.9943749999999993 0.8043749999999888 0.0 0.0 0.0 
0.0 0.0 0.0 0.0 0.251875000000001 0.3249999999999993 0.7806250000000039 1.0 1.0 1.0 1.0 1.0 1.0 0.7806249999999942 0.3249999999999993 0.2518749999999967 0.0 0.0 0.0 0.0 
