0.0 0.0 0.0 0.0 0.0 0.0 0.0 0.0 0.0 0.5250000000000075 1.0 1.0 1.0 0.6749999999999918 0.0 0.0 0.0 0.0 0.0 0.0 
0.0 0.0 0.0 0.0 0.0 0.0 0.0 0.0 0.5606250000000078 0.9881250000000015 1.0 1.0 0.6343749999999903 0.016874999999997937 0.0 0.0 0.0 0.0 0.0 0.0 
0.0 0.0 0.0 0.0 0.0 0.0 0.0 0.39062500000000555 0.8406250000000035 1.0 1.0 1.0 0.6249999999999911 0.0 0.0 0.0 0.0 0.0 0.0 0.0 
0.0 0.0 0.0 0.0 0.0 0.0 0.0 0.6250000000000062 1.0 1.0 1.0 0.5749999999999922 0.0 0.0 0.0 0.0 0.0 0.0 0.0 0.0 
0.0 0.0 0.0 0.0 0.0 0.0 0.6243750000000072 0.9718750000000014 1.0 1.0 0.5606249999999926 0.043124999999997984 0.0 0.0 0.0 0.0 0.0 0.0 0.0 0.0 
0.0 0.0 0.0 0.0 0.0 0.41687500000000494 0.8618750000000035 1.0 1.0 1.0 0.5249999999999932 0.0 0.0 0.0 0.0 0.0 0.0 0.0 0.0 0.0 
0.0 0.0 0.0 0.0 0.0 0.725000000000005 1.0 1.0 1.0 0.47499999999999254 0.0 0.0 0.0 0.0 0.0 0.0 0.0 0.0 0.0 0.0 
0.0 0.0 0.0 0.0 0.0 0.725000000000005 1.0 1.0 0.4968749999999934 0.05937499999999822 0.0 0.0 0.0 0.0 0.0 0.0 0.0 0.0 0.0 0.0 
0.0 0.0 0.0 0.0 0.7750000000000048 1.0 1.0 1.0 0.4249999999999936 0.0 0.0 0.0 0.0 0.0 0.0 0.0 0.0 0.0 0.0 0.0 
0.0 0.0 0.0 0.14437500000000286 0.8143750000000045 0.4018749999999977 0.7318750000000058 0.8906249999999973 0.3506249999999937 0.0 0.0 0.0 0.0 0.0 0.0 0.0 0.0 0.0 0.0 0.0 
0.0 0.0 0.0 0.8250000000000046 1.0 1.0 1.0 0.3749999999999938 0.0 0.0 0.0 0.0 0.3093750000000084 0.8250000000000028 0.8250000000000028 0.8250000000000028 0.6806249999999945 0.0 0.0 0.0 
0.0 0.0 0.875000000000004 1.0 1.0 1.0 0.32499999999999396 0.0 0.0 0.0 0.0 0.0 0.17812500000000475 0.6456250000000052 1.0 1.0 0.8249999999999904 0.0 0.0 0.0 
0.0 0.9250000000000036 1.0 1.0 1.0 0.9093749999999994 0.2843749999999947 0.0 0.0 0.0 0.0 0.0 0.3750000000000089 1.0 1.0 1.0 0.8249999999999904 0.0 0.0 0.0 
0.0 0.9250000000000036 1.0 1.0 1.0 0.274999999999995 0.0 0.0 0.0 0.0 0.0 0.0 0.3750000000000089 1.0 1.0 1.0 0.8249999999999904 0.0 0.0 0.0 
0.41437500000000205 0.9568750000000021 1.0 1.0 1.0 1.0 0.32499999999999396 0.0 0.24437500000000312 0.4250000000000007 0.4250000000000007 0.4250000000000007 0.6406250000000056 1.0 1.0 1.0 1.0 0.928124999999996 0.4250000000000007 0.4143749999999953 
0.9018750000000002 0.994375 1.0 1.0 1.0 1.0 1.0 1.0 1.0 1.0 1.0 1.0 1.0 1.0 1.0 1.0 1.0 1.0 1.0 0.9749999999999872 
0.7068750000000037 0.9793750000000011 1.0 1.0 1.0 1.0 1.0 1.0 1.0 1.0 1.0 1.0 1.0 1.0 1.0 1.0 1.0 1.0 1.0 0.9749999999999872 
0.0 0.0 0.0 0.0 0.0 0.0 0.0 0.0 0.0 0.0 0.0 0.0 0.3750000000000089 1.0 1.0 1.0 0.9343749999999964 0.5468749999999956 0.0 0.0 
0.0 0.0 0.0 0.0 0.0 0.0 0.0 0.0 0.0 0.0 0.0 0.0 0.3750000000000089 1.0 1.0 1.0 0.8249999999999904 0.0 0.0 0.0 
0.0 0.0 0.0 0.0 0.0 0.0 0.0 0.0 0.0 0.0 0.0 0.0 0.3750000000000089 1.0 1.0 1.0 0.8249999999999904 0.0 0.0 0.0 
