0.9000000000000039 1.0 1.0 1.0 0.9099999999999961 0.18999999999999456 0.0299999999999989 0.0 0.0 0.0 0.0 0.0 0.0 0.0 0.0 0.0 0.0 0.0 0.0 0.0 
0.9000000000000039 1.0 1.0 1.0 1.0 1.0 0.2999999999999954 0.0 0.0 0.0 0.0 0.0 0.0 0.0 0.0 0.0 0.0 0.0 0.0 0.0 
0.9000000000000039 1.0 1.0 1.0 1.0 1.0 0.2999999999999954 0.0 0.0 0.0 0.0 0.0 0.0 0.0 0.0 0.0 0.0 0.0 0.0 0.0 
0.9000000000000039 1.0 1.0 1.0 1.0 1.0 0.2999999999999954 0.0 0.0 0.0 0.0 0.0 0.0 0.0 0.0 0.0 0.0 0.0 0.0 0.0 
0.9000000000000039 1.0 1.0 1.0 1.0 1.0 0.2999999999999954 0.0 0.0 0.0 0.0 0.0 0.0 0.0 0.0 0.0 0.0 0.0 0.0 0.0 
0.0 0.700000000000004 1.0 1.0 1.0 1.0 0.2999999999999954 0.0 0.0 0.0 0.0 0.0 0.0 0.0 0.0 0.0 0.0 0.0 0.0 0.0 
0.0 0.700000000000004 1.0 1.0 1.0 1.0 0.2999999999999954 0.0 0.0 0.0 0.0 0.0 0.0 0.0 0.0 0.0 0.0 0.0 0.0 0.0 
0.0 0.700000000000004 1.0 1.0 1.0 1.0 0.2999999999999954 0.0 0.0 0.0 0.0 0.0 0.0 0.0 0.0 0.0 0.0 0.0 0.0 0.0 
0.0 0.700000000000004 1.0 1.0 1.0 1.0 0.2999999999999954 0.0 0.0 0.0 0.0 0.0 0.0 0.0 0.0 0.0 0.0 0.0 0.0 0.0 
0.0 0.700000000000004 1.0 1.0 1.0 1.0 0.2999999999999954 0.0 0.0 0.0 0.0 0.0 0.0 0.0 0.0 0.0 0.0 0.0 0.0 0.0 
0.0 0.700000000000004 1.0 1.0 1.0 1.0 0.2999999999999954 0.0 0.0 0.0 0.0 0.0 0.0 0.0 0.0 0.0 0.0 0.0 0.0 0.0 
0.0 0.700000000000004 1.0 1.0 1.0 1.0 0.2999999999999954 0.0 0.0 0.0 0.0 0.0 0.0 0.0 0.0 0.0 0.0 0.0 0.0 0.0 
0.0 0.700000000000004 1.0 1.0 1.0 1.0 0.2999999999999954 0.0 0.0 0.0 0.0 0.0 0.0 0.0 0.0 0.0 0.0 0.0 0.0 0.0 
0.0 0.700000000000004 1.0 1.0 1.0 1.0 0.2999999999999954 0.0 0.0 0.0 0.0 0.0 0.0 0.0 0.0 0.0 0.0 0.0 0.0 0.0 
0.0 0.700000000000004 1.0 1.0 1.0 1.0 0.2999999999999954 0.0 0.0 0.0 0.0 0.0 0.0 0.0 0.0 0.0 0.0 0.0 0.0 0.0 
0.0 0.700000000000004 1.0 1.0 1.0 1.0 0.2999999999999954 0.0 0.0 0.0 0.0 0.0 0.0 0.0 0.0 0.0 0.0 0.0 0.0 0.0 
0.0 0.700000000000004 1.0 1.0 1.0 1.0 0.5099999999999972 0.14999999999999902 0.0 0.0 0.0 0.0 0.0 0.0 0.0 0.0 0.0 0.0 0.0 0.0 
0.0 0.700000000000004 1.0 1.0 1.0 1.0 1.0 0.7499999999999978 0.5 0.5 0.5 0.5 0.5 0.5 0.5 0.5 0.5 0.5 0.5 0.4499999999999975 
0.0 0.700000000000004 1.0 1.0 1.0 1.0 1.0 1.0 1.0 1.0 1.0 1.0 1.0 1.0 1.0 1.0 1.0 1.0 1.0 0.899999999999995 
0.0 0.700000000000004 1.0 1.0 1.0 1.0 1.0 1.0 1.0 1.0 1.0 1.0 1.0 1.0 1.0 1.0 1.0 1.0 1.0 0.899999999999995 
