0.0 0.0 0.0 0.0 0.0 0.0 0.0 0.0 0.0 0.0 0.034375000000001245 0.10312500000000306 0.12500000000000355 0.12500000000000355 0.5406250000000031 1.0 1.0 0.8906249999999973 0.4093750000000002 0.09687500000000235 
0.0 0.0 0.0 0.0 0.0 0.0 0.0 0.0 0.06562500000000089 0.2718750000000031 0.5468750000000039 0.8906250000000013 1.0 1.0 1.0 1.0 1.0 1.0 1.0 0.7749999999999968 
0.0 0.0 0.0 0.0 0.0 0.0 0.04687500000000065 0.3906250000000028 0.6906250000000032 0.8968750000000015 1.0 1.0 1.0 1.0 1.0 1.0 1.0 1.0 1.0 0.7749999999999968 
0.0 0.0 0.0 0.0 0.0 0.4593750000000026 0.8843750000000034 0.9531250000000014 1.0 1.0 1.0 1.0 1.0 1.0 1.0 1.0 1.0 1.0 1.0 0.7749999999999968 
0.09687500000000274 0.40937500000000243 0.8906250000000007 1.0 1.0 1.0 1.0 1.0 1.0 1.0 1.0 1.0 1.0 1.0 1.0 1.0 1.0 1.0 1.0 0.7749999999999968 
0.7749999999999999 1.0 1.0 1.0 1.0 1.0 1.0 1.0 1.0 1.0 1.0 1.0 1.0 1.0 1.0 1.0 1.0 1.0 1.0 0.7749999999999968 
0.2906249999999972 0.5781249999999977 0.9218749999999997 1.0 1.0 0.6718749999999976 0.37499999999999645 0.37499999999999645 0.37499999999999645 0.37499999999999645 0.37499999999999645 0.37499999999999645 0.6093749999999989 0.9531250000000013 1.0 1.0 1.0 1.0 1.0 0.7749999999999968 
0.0 0.040624999999998856 0.10937499999999692 0.12499999999999645 0.12499999999999645 0.059374999999998214 0.0 0.0 0.0 0.0 0.0 0.0 0.3750000000000018 0.9250000000000025 1.0 1.0 1.0 1.0 1.0 0.7749999999999968 
0.0 0.0 0.0 0.0 0.0 0.0 0.0 0.0 0.0 0.0 0.0 0.0 0.3750000000000018 0.9250000000000025 1.0 1.0 1.0 1.0 1.0 0.7749999999999968 
0.0 0.0 0.0 0.0 0.0 0.0 0.0 0.0 0.0 0.0 0.0 0.0 0.3750000000000018 0.9250000000000025 1.0 1.0 1.0 1.0 1.0 0.7749999999999968 
0.0 0.0 0.0 0.0 0.0 0.0 0.0 0.0 0.0 0.0 0.0 0.0 0.3750000000000018 0.9250000000000025 1.0 1.0 1.0 1.0 1.0 0.7749999999999968 
0.0 0.0 0.0 0.0 0.0 0.0 0.0 0.0 0.0 0.0 0.0 0.0 0.3750000000000018 0.9250000000000025 1.0 1.0 1.0 1.0 1.0 0.7749999999999968 
0.0 0.0 0.0 0.0 0.0 0.0 0.0 0.0 0.0 0.0 0.0 0.0 0.3750000000000018 0.9250000000000025 1.0 1.0 1.0 1.0 1.0 0.7749999999999968 
0.0 0.0 0.0 0.0 0.0 0.0 0.0 0.0 0.0 0.0 0.0 0.0 0.3750000000000018 0.9250000000000025 1.0 1.0 1.0 1.0 1.0 0.7749999999999968 
0.0 0.0 0.0 0.0 0.0 0.0 0.0 0.0 0.0 0.0 0.0 0.0 0.3750000000000018 0.9250000000000025 1.0 1.0 1.0 0.9218749999999973 0.578124999999996 0.290624999999996 
0.0 0.0 0.0 0.0 0.0 0.0 0.0 0.0 0.0 0.0 0.0 0.0 0.3750000000000018 0.9250000000000025 1.0 1.0 1.0 0.8749999999999964 0.3249999999999975 0.0 
0.0 0.0 0.0 0.0 0.0 0.0 0.0 0.0 0.0 0.0 0.034375000000001245 0.10312500000000306 0.4531250000000038 0.9343750000000024 1.0 1.0 1.0 0.8749999999999964 0.3249999999999975 0.0 
0.0 0.0 0.0 0.0 0.0 0.0 0.0 0.0 0.0 0.0 0.17187500000000036 0.5156249999999978 0.7656249999999984 0.9718750000000007 1.0 1.0 1.0 0.8749999999999964 0.3249999999999975 0.0 
0.0 0.0 0.0 0.0 0.0 0.0 0.0 0.0 0.0 0.0 0.0 0.0 0.3750000000000018 0.9250000000000025 1.0 1.0 1.0 0.8749999999999964 0.3249999999999975 0.0 
0.0 0.0 0.0 0.0 0.0 0.0 0.0 0.0 0.0 0.0 0.0 0.0 0.3750000000000018 0.9250000000000025 1.0 0.978124999999998 0.49687499999999546 0.10937499999999645 0.04062499999999854 0.0 
