0.0 0.0 0.0 0.0 0.10562499999999839 0.32499999999999574 0.32499999999999574 0.32499999999999574 0.8143749999999974 0.6118749999999993 0.32499999999999574 0.32499999999999574 0.32499999999999574 0.32499999999999574 0.05687500000000064 0.0 0.0 0.0 0.0 0.0 
0.0 0.0 0.6093749999999977 0.9749999999999963 0.9831249999999975 1.0 1.0 1.0 1.0 1.0 1.0 1.0 1.0 1.0 0.9793749999999971 0.9749999999999963 0.4631250000000031 0.0 0.0 0.0 
0.0 0.7750000000000004 1.0 1.0 1.0 1.0 1.0 1.0 1.0 1.0 1.0 1.0 1.0 1.0 1.0 1.0 1.0 0.6250000000000053 0.0 0.0 
0.9250000000000007 1.0 1.0 1.0 1.0 0.9518750000000007 0.7068750000000033 0.09062500000000158 0.0 0.0 0.0 0.0 0.09062499999999771 0.7068749999999994 0.9518749999999992 1.0 1.0 1.0 0.7750000000000057 0.0 
0.9250000000000007 1.0 1.0 1.0 0.6993750000000013 0.06187500000000169 0.0 0.0 0.0 0.0 0.0 0.0 0.0 0.0 0.8249999999999957 1.0 1.0 1.0 0.983125 0.8556250000000054 
0.9250000000000007 1.0 1.0 1.0 0.6750000000000007 0.0 0.0 0.0 0.0 0.0 0.0 0.0 0.0 0.0 0.0 0.2868749999999985 0.4250000000000007 0.4250000000000007 0.4250000000000007 0.393125000000004 
0.9250000000000007 1.0 1.0 1.0 0.6750000000000007 0.0 0.0 0.0 0.0 0.0 0.0 0.0 0.0 0.0 0.0 0.0 0.0 0.0 0.0 0.0 
0.11562500000000009 0.8031250000000003 1.0 1.0 0.9593750000000001 0.7218750000000009 0.0 0.0 0.0 0.0 0.0 0.0 0.0 0.0 0.0 0.0 0.0 0.0 0.0 0.0 
0.0 0.36812499999999987 0.8031249999999999 1.0 1.0 1.0 1.0 1.0 0.6556250000000012 0.22312500000000146 0.0 0.0 0.0 0.0 0.0 0.0 0.0 0.0 0.0 0.0 
0.0 0.0 0.0 0.39187499999999936 0.8249999999999993 0.8556249999999992 1.0 1.0 1.0 1.0 0.6493750000000027 0.1750000000000007 0.15312500000000123 0.004375000000000701 0.0 0.0 0.0 0.0 0.0 0.0 
0.0 0.0 0.0 0.0 0.0 0.030624999999999316 0.19562499999999605 0.8968749999999982 1.0 1.0 1.0 1.0 0.978125000000001 0.8293750000000034 0.14437500000000403 0.0 0.0 0.0 0.0 0.0 
0.0 0.0 0.0 0.0 0.0 0.0 0.0 0.0 0.0 0.3018749999999979 0.7268749999999978 1.0 1.0 1.0 1.0 0.6456250000000034 0.4750000000000014 0.29687500000000344 0.0 0.0 
0.0 0.0 0.0 0.0 0.0 0.0 0.0 0.0 0.0 0.0 0.0 0.0 0.10937499999999645 0.8531249999999931 0.9781249999999988 1.0 1.0 0.671875000000006 0.09687500000000346 0.0 
0.0 0.0 0.0 0.0 0.0 0.0 0.0 0.0 0.0 0.0 0.0 0.0 0.0 0.0 0.1856249999999973 0.7481249999999957 1.0 1.0 0.7750000000000057 0.0 
0.0 0.0 0.0 0.0 0.0 0.0 0.0 0.0 0.0 0.0 0.0 0.0 0.0 0.0 0.0 0.6749999999999954 1.0 1.0 1.0 0.9250000000000078 
0.9250000000000007 1.0 1.0 0.5250000000000004 0.0 0.0 0.0 0.0 0.0 0.0 0.0 0.0 0.0 0.0 0.0 0.6749999999999954 1.0 1.0 1.0 0.9250000000000078 
0.9250000000000007 1.0 1.0 0.8693750000000025 0.4893750000000039 0.0 0.0 0.0 0.0 0.0 0.0 0.0 0.0 0.0 0.0 0.6749999999999954 1.0 1.0 1.0 0.9250000000000078 
0.5781249999999939 0.9156249999999986 1.0 1.0 0.7968750000000028 0.3750000000000071 0.36562500000000747 0.046875000000001554 0.0 0.0 0.0 0.10312500000000076 0.3750000000000071 0.3750000000000071 0.8906249999999986 1.0 1.0 1.0 0.7750000000000057 0.0 
0.0 0.0 0.6093749999999964 0.9868749999999971 1.0 1.0 1.0 1.0 1.0 1.0 1.0 1.0 1.0 1.0 1.0 1.0 0.9868749999999972 0.6093750000000017 0.0 0.0 
0.0 0.0 0.0 0.15437499999999618 0.5443749999999943 1.0 1.0 1.0 1.0 1.0 1.0 1.0 1.0 1.0 0.44312499999999644 0.3249999999999922 0.1543749999999979 0.0 0.0 0.0 
