0.9499999999999975 1.0 1.0 1.0 1.0 1.0 1.0 1.0 1.0 1.0 1.0 1.0 1.0 1.0 1.0 1.0 1.0 1.0 1.0 0.95000000000001 
0.9499999999999975 1.0 1.0 1.0 1.0 1.0 1.0 1.0 1.0 1.0 1.0 1.0 1.0 1.0 1.0 1.0 1.0 1.0 1.0 0.95000000000001 
0.0 0.4249999999999948 0.49999999999999556 0.49999999999999556 0.49999999999999556 0.49999999999999556 0.49999999999999556 0.49999999999999556 0.49999999999999556 0.49999999999999556 0.49999999999999556 0.49999999999999556 0.49999999999999556 0.49999999999999556 0.7749999999999948 1.0 1.0 1.0 1.0 0.95000000000001 
0.0 0.0 0.0 0.0 0.0 0.0 0.0 0.0 0.0 0.0 0.0 0.0 0.0 0.0 0.5499999999999936 1.0 1.0 1.0 0.8500000000000085 0.0 
0.0 0.0 0.0 0.0 0.0 0.0 0.0 0.0 0.0 0.0 0.0 0.0 0.0 0.4549999999999983 0.8650000000000002 1.0 1.0 0.8250000000000038 0.2549999999999986 0.0 
0.0 0.0 0.0 0.0 0.0 0.0 0.0 0.0 0.0 0.0 0.0 0.0 0.2250000000000016 0.7549999999999968 1.0 1.0 0.8950000000000007 0.5250000000000018 0.0 0.0 
0.0 0.0 0.0 0.0 0.0 0.0 0.0 0.0 0.0 0.0 0.0 0.7649999999999997 0.9750000000000009 1.0 1.0 1.0 0.6500000000000075 0.0 0.0 0.0 
0.0 0.0 0.0 0.0 0.0 0.0 0.0 0.0 0.0 0.024999999999997958 0.47500000000000203 0.9249999999999979 1.0 1.0 1.0 0.5500000000000078 0.0 0.0 0.0 0.0 
0.0 0.0 0.0 0.0 0.0 0.0 0.0 0.0 0.01500000000000025 0.14500000000000057 0.9549999999999949 1.0 1.0 1.0 0.4500000000000064 0.0 0.0 0.0 0.0 0.0 
0.0 0.0 0.0 0.0 0.0 0.0 0.0 0.0 0.14999999999999503 1.0 1.0 1.0 1.0 0.5450000000000017 0.13499999999999984 0.0 0.0 0.0 0.0 0.0 
0.0 0.0 0.0 0.0 0.0 0.0 0.0 0.07499999999999973 0.40500000000000014 1.0 1.0 1.0 0.25000000000000533 0.0 0.0 0.0 0.0 0.0 0.0 0.0 
0.0 0.0 0.0 0.0 0.0 0.0 0.0 0.24999999999999556 1.0 1.0 1.0 1.0 0.25000000000000533 0.0 0.0 0.0 0.0 0.0 0.0 0.0 
0.0 0.0 0.0 0.0 0.0 0.0 0.3499999999999961 1.0 1.0 0.975000000000002 0.5249999999999962 0.07500000000000177 0.0 0.0 0.0 0.0 0.0 0.0 0.0 0.0 
0.0 0.0 0.0 0.0 0.0 0.44999999999999574 1.0 1.0 0.9849999999999998 0.8549999999999994 0.04500000000000519 0.0 0.0 0.0 0.0 0.0 0.0 0.0 0.0 0.0 
0.0 0.0 0.0 0.0 0.3850000000000009 0.8350000000000022 1.0 1.0 0.850000000000005 0.0 0.0 0.0 0.0 0.0 0.0 0.0 0.0 0.0 0.0 0.0 
0.0 0.0 0.0 0.1950000000000018 0.6849999999999994 1.0 1.0 0.7500000000000044 0.0 0.0 0.0 0.0 0.0 0.0 0.0 0.0 0.0 0.0 0.0 0.0 
0.0 0.0 0.0 0.6499999999999968 1.0 1.0 1.0 0.7500000000000044 0.0 0.0 0.0 0.0 0.0 0.0 0.0 0.0 0.0 0.0 0.0 0.0 
0.0 0.0 0.7499999999999969 1.0 1.0 0.7749999999999989 0.32499999999999735 0.0 0.0 0.0 0.0 0.0 0.0 0.0 0.0 0.0 0.0 0.0 0.0 0.0 
0.0 0.8499999999999972 1.0 1.0 0.9449999999999976 0.4950000000000011 0.0 0.0 0.0 0.0 0.0 0.0 0.0 0.0 0.0 0.0 0.0 0.0 0.0 0.0 
0.6650000000000044 0.9550000000000001 1.0 1.0 0.45000000000000373 0.0 0.0 0.0 0.0 0.0 0.0 0.0 0.0 0.0 0.0 0.0 0.0 0.0 0.0 0.0 
