0.0 0.0 0.0 0.0 0.0 0.1687499999999962 0.3749999999999929 0.531249999999993 1.0 1.0 1.0 0.4687499999999975 0.3749999999999929 0.13124999999999937 0.0 0.0 0.0 0.0 0.0 0.0 
0.0 0.0 0.0 0.08124999999999555 0.6062499999999957 1.0 1.0 1.0 1.0 1.0 1.0 1.0 1.0 1.0 0.5187500000000019 0.12499999999999334 0.08124999999999638 0.0 0.0 0.0 
0.0 0.0 0.6562499999999948 0.3875000000000026 0.6062500000000015 1.0 0.6937500000000041 0.12500000000000622 0.12500000000000622 0.12500000000000622 0.12500000000000622 0.12500000000000622 0.7812499999999984 1.0 1.0 0.6062500000000096 0.08125000000000475 0.0 0.0 0.0 
0.593749999999995 0.9437499999999991 1.0 1.0 0.6562500000000039 0.20625000000000354 0.0 0.0 0.0 0.0 0.0 0.0 0.0 0.0 0.5499999999999936 1.0 0.7812500000000054 0.28125000000000666 0.0 0.0 
0.9500000000000002 1.0 1.0 1.0 0.4500000000000015 0.0 0.0 0.0 0.0 0.0 0.0 0.0 0.0 0.0 0.0 0.4499999999999922 1.0 0.8437500000000031 0.4687499999999901 0.95000000000001 
0.9500000000000002 1.0 0.34374999999999656 0.6937499999999973 0.4500000000000015 0.0 0.0 0.0 0.0 0.0 0.0 0.0 0.0 0.0 0.0 0.0 0.0 0.0 0.0 0.0 
0.9500000000000002 1.0 1.0 1.0 0.4500000000000015 0.0 0.0 0.0 0.0 0.0 0.0 0.0 0.0 0.0 0.0 0.0 0.0 0.0 0.0 0.0 
0.9500000000000002 1.0 1.0 1.0 0.4500000000000015 0.0 0.0 0.0 0.0 0.0 0.0 0.0 0.0 0.0 0.0 0.0 0.0 0.0 0.0 0.0 
0.9500000000000002 1.0 1.0 1.0 0.4500000000000015 0.0 0.0 0.0 0.0 0.0 0.0 0.0 0.0 0.0 0.0 0.0 0.0 0.0 0.0 0.0 
0.9500000000000002 1.0 1.0 1.0 0.4500000000000015 0.0 0.0 0.0 0.0 0.0 0.0 0.0 0.0 0.0 0.0 0.0 0.0 0.0 0.0 0.0 
0.9500000000000002 1.0 1.0 1.0 0.4500000000000015 0.0 0.0 0.0 0.0 0.0 0.0 0.0 0.0 0.0 0.0 0.0 0.0 0.0 0.0 0.0 
0.9500000000000002 1.0 1.0 1.0 0.4500000000000015 0.0 0.0 0.0 0.0 0.0 0.0 0.0 0.0 0.0 0.0 0.0 0.0 0.0 0.0 0.0 
0.9500000000000002 1.0 1.0 1.0 0.4500000000000015 0.0 0.0 0.0 0.0 0.0 0.0 0.0 0.0 0.0 0.0 0.0 0.0 0.0 0.0 0.0 
0.9500000000000002 1.0 1.0 1.0 0.4500000000000015 0.0 0.0 0.0 0.0 0.0 0.0 0.0 0.0 0.0 0.0 0.0 0.0 0.0 0.0 0.0 
0.9500000000000002 1.0 1.0 1.0 0.4500000000000015 0.0 0.0 0.0 0.0 0.0 0.0 0.0 0.0 0.0 0.0 0.0 0.0 0.0 0.0 0.0 
0.9500000000000002 1.0 1.0 1.0 0.4500000000000015 0.0 0.0 0.0 0.0 0.0 0.0 0.0 0.0 0.0 0.0 0.4499999999999922 1.0 1.0 0.9437500000000032 0.5937500000000062 
0.5937500000000001 0.9437499999999999 1.0 1.0 0.4500000000000015 0.0 0.0 0.0 0.0 0.0 0.0 0.0 0.0 0.0 0.2062499999999976 0.6562499999999951 1.0 1.0 0.9437500000000032 0.5937500000000062 
0.0 0.7437499999999998 0.9687499999999999 1.0 1.0 0.6062500000000014 0.08125000000000027 0.031249999999999667 0.125 0.125 0.125 0.125 0.7812499999999969 1.0 1.0 1.0 1.0 0.9687500000000009 0.7437500000000075 0.0 
0.0 0.0 0.09374999999999992 0.6937499999999992 1.0 1.0 0.9562500000000003 0.9062499999999997 1.0 1.0 1.0 1.0 1.0 1.0 1.0 1.0 0.693750000000005 0.09375000000000089 0.0 0.0 
0.0 0.0 0.0 0.0 0.20624999999999943 0.375 0.5937499999999987 1.0 1.0 0.9812500000000011 0.6437500000000016 0.9437499999999979 1.0 0.5937500000000031 0.375 0.20625000000000293 0.0 0.0 0.0 0.0 
