0.0 0.0 0.0 0.0 0.07499999999999973 0.4249999999999998 0.7749999999999999 1.0 1.0 1.0 1.0 1.0 1.0 1.0 1.0 1.0 0.8212499999999991 0.5937499999999987 0.366249999999997 0.23624999999999818 
0.0 0.0012499999999999246 0.018749999999999246 0.03624999999999857 0.12124999999999794 0.4537499999999987 0.7862499999999994 1.0 1.0 1.0 1.0 1.0 1.0 1.0 1.0 1.0 0.9862500000000005 0.9687500000000012 0.9512500000000018 0.6412500000000003 
0.0 0.024999999999999467 0.37499999999999956 0.7249999999999996 1.0 1.0 1.0 1.0 1.0 1.0 1.0 1.0 1.0 1.0 1.0 1.0 0.9312499999999996 0.8437499999999991 0.7562499999999983 0.5062499999999983 
0.6749999999999994 1.0 1.0 1.0 1.0 1.0 1.0 1.0 1.0 1.0 1.0 1.0 1.0 1.0 1.0 1.0 1.0 1.0 1.0 0.6749999999999989 
0.0 0.02124999999999956 0.3187499999999998 0.6162500000000001 0.8612500000000004 0.9137500000000003 0.96625 1.0 1.0 1.0 1.0 1.0 1.0 1.0 1.0 1.0 1.0 1.0 1.0 0.6749999999999989 
0.0 0.0 0.0 0.0 0.011249999999999987 0.06375000000000013 0.11625000000000026 0.2562500000000003 0.5537500000000002 0.8512500000000002 1.0 1.0 1.0 1.0 1.0 1.0 1.0 1.0 1.0 0.6749999999999989 
0.0 0.0 0.0 0.0 0.0 0.0 0.0 0.125 0.4750000000000001 0.8250000000000002 1.0 1.0 1.0 1.0 1.0 1.0 0.7249999999999996 0.375 0.02499999999999858 0.0 
0.0 0.0 0.0 0.0 0.0 0.0 0.0 0.125 0.4750000000000001 0.8250000000000002 1.0 1.0 1.0 1.0 1.0 1.0 0.7249999999999996 0.375 0.02499999999999858 0.0 
0.0 0.0 0.0 0.0 0.0 0.0 0.0 0.125 0.4750000000000001 0.8250000000000002 1.0 1.0 1.0 1.0 1.0 1.0 0.7249999999999996 0.375 0.02499999999999858 0.0 
0.0 0.0 0.0 0.0 0.0 0.0 0.0 0.125 0.4750000000000001 0.8250000000000002 1.0 1.0 1.0 1.0 1.0 1.0 0.7249999999999996 0.375 0.02499999999999858 0.0 
0.0 0.0 0.0 0.0 0.0 0.0 0.0 0.125 0.4750000000000001 0.8250000000000002 1.0 1.0 1.0 1.0 1.0 1.0 0.7249999999999996 0.375 0.02499999999999858 0.0 
0.0 0.0 0.0 0.0 0.0 0.0 0.0 0.125 0.4750000000000001 0.8250000000000002 1.0 1.0 1.0 1.0 1.0 1.0 0.7249999999999996 0.375 0.02499999999999858 0.0 
0.0 0.0 0.0 0.0 0.0 0.0 0.0 0.125 0.4750000000000001 0.8250000000000002 1.0 1.0 1.0 1.0 1.0 1.0 0.7249999999999996 0.375 0.02499999999999858 0.0 
0.0 0.0 0.0 0.0 0.0 0.0 0.0 0.125 0.4750000000000001 0.8250000000000002 1.0 1.0 1.0 1.0 1.0 1.0 0.7249999999999996 0.375 0.02499999999999858 0.0 
0.0 0.0 0.0 0.0 0.0 0.0 0.0 0.125 0.4750000000000001 0.8250000000000002 1.0 1.0 1.0 1.0 1.0 1.0 1.0 1.0 1.0 0.6749999999999989 
0.0 0.0 0.0 0.0 0.0 0.0 0.0 0.125 0.4750000000000001 0.8250000000000002 1.0 1.0 1.0 1.0 1.0 1.0 1.0 1.0 1.0 0.6749999999999989 
0.0 0.0 0.0 0.0 0.0 0.0 0.0 0.125 0.4750000000000001 0.8250000000000002 1.0 1.0 1.0 1.0 1.0 1.0 1.0 1.0 1.0 0.6749999999999989 
0.0 0.0 0.0 0.0 0.0 0.0 0.0 0.125 0.4750000000000001 0.8250000000000002 1.0 1.0 1.0 1.0 1.0 1.0 1.0 1.0 1.0 0.6749999999999989 
0.0 0.0 0.0 0.0 0.0 0.0 0.0 0.125 0.4750000000000001 0.8250000000000002 1.0 1.0 1.0 1.0 1.0 1.0 1.0 1.0 1.0 0.6749999999999989 
0.0 0.0 0.0 0.0 0.0 0.0 0.0 0.125 0.4750000000000001 0.8250000000000002 1.0 1.0 1.0 1.0 1.0 1.0 1.0 1.0 1.0 0.6749999999999989 
