0.0 0.0 0.0 0.0 0.0 0.0 0.0 0.2500000000000018 1.0 1.0 1.0 1.0 0.49374999999999947 0.11374999999999963 0.0 0.0 0.0 0.0 0.0 0.0 
0.0 0.0 0.0 0.0 0.0 0.0 0.0 0.2500000000000018 1.0 1.0 1.0 1.0 1.0 0.34999999999999964 0.0 0.0 0.0 0.0 0.0 0.0 
0.0 0.0 0.0 0.0 0.0 0.0 0.3500000000000014 1.0 1.0 1.0 1.0 1.0 1.0 0.34999999999999964 0.0 0.0 0.0 0.0 0.0 0.0 
0.0 0.0 0.0 0.0 0.0 0.0 0.3500000000000014 1.0 1.0 1.0 1.0 1.0 1.0 0.5287499999999994 0.12374999999999957 0.0 0.0 0.0 0.0 0.0 
0.0 0.0 0.0 0.0 0.0 0.0 0.3500000000000014 1.0 1.0 1.0 1.0 1.0 1.0 1.0 0.4499999999999993 0.0 0.0 0.0 0.0 0.0 
0.0 0.0 0.0 0.0 0.0 0.45000000000000195 1.0 1.0 1.0 1.0 1.0 1.0 1.0 1.0 0.4499999999999993 0.0 0.0 0.0 0.0 0.0 
0.0 0.0 0.0 0.0 0.0 0.45000000000000195 1.0 1.0 1.0 1.0 1.0 1.0 1.0 1.0 0.4499999999999993 0.0 0.0 0.0 0.0 0.0 
0.0 0.0 0.0 0.0 0.4812500000000018 0.9312500000000002 1.0 1.0 1.0 1.0 1.0 1.0 1.0 1.0 0.9312499999999999 0.4812500000000006 0.0 0.0 0.0 0.0 
0.0 0.0 0.0 0.0 0.550000000000002 1.0 1.0 1.0 1.0 1.0 1.0 1.0 1.0 1.0 1.0 0.5500000000000007 0.0 0.0 0.0 0.0 
0.0 0.0 0.0 0.0 0.550000000000002 1.0 1.0 1.0 0.8499999999999988 0.0 0.0 0.8500000000000014 1.0 1.0 1.0 0.5500000000000007 0.0 0.0 0.0 0.0 
0.0 0.0 0.0 0.5362500000000013 0.92125 1.0 1.0 1.0 0.8499999999999988 0.0 0.0 0.8500000000000014 1.0 1.0 1.0 0.9212499999999998 0.5362499999999998 0.0 0.0 0.0 
0.0 0.0 0.0 0.6500000000000021 1.0 1.0 1.0 1.0 0.8499999999999988 0.0 0.0 0.44624999999999954 0.8812499999999996 1.0 1.0 1.0 0.6500000000000004 0.0 0.0 0.0 
0.0 0.0 0.0 0.6500000000000021 1.0 1.0 1.0 0.7499999999999982 0.0 0.0 0.0 0.0 0.75 1.0 1.0 1.0 0.6500000000000004 0.0 0.0 0.0 
0.0 0.0 0.5812500000000035 0.9212500000000012 1.0 1.0 1.0 0.7499999999999982 0.0 0.0 0.0 0.0 0.75 1.0 1.0 1.0 0.9212500000000008 0.5812500000000016 0.0 0.0 
0.0 0.0 0.7500000000000024 1.0 1.0 1.0 1.0 1.0 0.9137499999999994 0.4250000000000007 0.4250000000000007 0.4250000000000007 0.8562500000000002 1.0 1.0 1.0 1.0 0.75 0.0 0.0 
0.0 0.06375000000000261 0.7687500000000029 1.0 1.0 1.0 1.0 1.0 1.0 1.0 1.0 1.0 1.0 1.0 1.0 1.0 1.0 0.7687500000000007 0.06375000000000253 0.0 
0.0 0.8500000000000025 1.0 1.0 1.0 1.0 1.0 1.0 1.0 1.0 1.0 1.0 1.0 1.0 1.0 1.0 1.0 1.0 0.8500000000000014 0.0 
0.0 0.8500000000000026 1.0 1.0 1.0 1.0 0.8687499999999995 0.4687499999999989 0.0 0.0 0.0 0.0 0.46875 0.8687500000000001 1.0 1.0 1.0 1.0 0.8500000000000014 0.0 
0.9500000000000028 1.0 1.0 1.0 1.0 1.0 0.6499999999999986 0.0 0.0 0.0 0.0 0.0 0.0 0.6500000000000004 1.0 1.0 1.0 1.0 1.0 0.9499999999999993 
0.30875000000000025 0.8987500000000017 1.0 1.0 1.0 0.6962499999999984 0.21124999999999908 0.0 0.0 0.0 0.0 0.0 0.0 0.21124999999999966 0.6962500000000001 1.0 1.0 1.0 0.8987500000000008 0.3087499999999991 
