0.0 0.774999999999998 1.0 0.6675000000000052 0.5275000000000039 1.0 1.0 1.0 1.0 1.0 0.7025000000000052 0.3000000000000078 0.3000000000000078 0.3000000000000078 0.3000000000000078 0.09750000000000339 0.0 0.0 0.0 0.0 
0.0 0.774999999999998 1.0 1.0 1.0 1.0 1.0 1.0 1.0 1.0 1.0 1.0 1.0 1.0 1.0 0.9325000000000052 0.4275000000000047 0.0 0.0 0.0 
0.0 0.774999999999998 1.0 1.0 1.0 0.9124999999999999 0.49999999999999334 0.49999999999999334 0.49999999999999334 0.49999999999999334 0.49999999999999334 0.6374999999999944 1.0 1.0 1.0 1.0 1.0 0.8125000000000042 0.38750000000000623 0.0 
0.0 0.774999999999998 1.0 1.0 1.0 0.825000000000002 0.0 0.0 0.0 0.0 0.0 0.0 0.0 0.0 0.8249999999999993 1.0 1.0 1.0 1.0 0.9250000000000043 
0.0 0.774999999999998 1.0 1.0 1.0 0.825000000000002 0.0 0.0 0.0 0.0 0.0 0.0 0.0 0.0 0.24749999999999525 0.7724999999999962 1.0 1.0 1.0 0.9250000000000043 
0.0 0.774999999999998 1.0 1.0 1.0 0.825000000000002 0.0 0.0 0.0 0.0 0.0 0.0 0.0 0.0 0.0 0.6749999999999972 1.0 1.0 1.0 0.9250000000000043 
0.0 0.774999999999998 1.0 1.0 1.0 0.825000000000002 0.0 0.0 0.0 0.0 0.0 0.0 0.0 0.0 0.0 0.6749999999999972 1.0 1.0 1.0 0.9250000000000043 
0.0 0.774999999999998 1.0 1.0 1.0 0.825000000000002 0.0 0.0 0.0 0.0 0.0 0.0 0.0 0.0 0.8249999999999993 1.0 1.0 1.0 0.8875000000000003 0.46249999999999886 
0.09250000000000276 0.797499999999999 1.0 1.0 1.0 0.825000000000002 0.002499999999999849 0.08750000000000262 0.1000000000000032 0.1000000000000032 0.1000000000000032 0.1000000000000032 0.2124999999999996 0.9774999999999981 1.0 1.0 1.0 0.9624999999999991 0.6974999999999995 0.0 
0.924999999999998 1.0 1.0 1.0 1.0 0.9475000000000011 0.7075000000000021 0.9624999999999998 1.0 1.0 1.0 1.0 1.0 1.0 1.0 1.0 0.6324999999999995 0.18749999999999928 0.0 0.0 
0.924999999999998 1.0 1.0 1.0 1.0 1.0 1.0 1.0 1.0 1.0 1.0 1.0 1.0 1.0 1.0 1.0 0.6325000000000032 0.18750000000000372 0.0 0.0 
0.924999999999998 1.0 1.0 1.0 1.0 0.8425000000000014 0.09999999999999787 0.09999999999999787 0.09999999999999787 0.09999999999999787 0.09999999999999787 0.34749999999999714 1.0 1.0 1.0 1.0 1.0 0.6250000000000036 0.0 0.0 
0.924999999999998 1.0 1.0 1.0 0.837500000000001 0.412500000000001 0.0 0.0 0.0 0.0 0.0 0.0 0.062499999999998224 0.48749999999999893 0.9124999999999996 1.0 1.0 1.0 0.8875000000000011 0.46250000000000213 
0.924999999999998 1.0 1.0 1.0 0.675000000000002 0.0 0.0 0.0 0.0 0.0 0.0 0.0 0.0 0.0 0.7424999999999982 0.9674999999999992 1.0 1.0 1.0 0.9250000000000043 
0.924999999999998 1.0 1.0 1.0 0.675000000000002 0.0 0.0 0.0 0.0 0.0 0.0 0.0 0.0 0.0 0.0 0.6749999999999972 1.0 1.0 1.0 0.9250000000000043 
0.924999999999998 1.0 1.0 1.0 0.675000000000002 0.0 0.0 0.0 0.0 0.0 0.0 0.0 0.0 0.0 0.8249999999999993 1.0 1.0 1.0 0.9325000000000004 0.6475000000000023 
0.924999999999998 1.0 1.0 1.0 0.675000000000002 0.0 0.0 0.0 0.0 0.0 0.0 0.0 0.11249999999999663 0.8774999999999967 0.9824999999999997 1.0 1.0 1.0 0.7750000000000021 0.0 
0.924999999999998 1.0 1.0 1.0 0.8374999999999999 0.41249999999999803 0.0 0.0 0.3624999999999964 0.49999999999999645 0.49999999999999645 0.6374999999999967 1.0 1.0 1.0 1.0 1.0 0.8125000000000031 0.38750000000000384 0.0 
0.924999999999998 1.0 1.0 1.0 1.0 1.0 1.0 1.0 1.0 1.0 1.0 1.0 1.0 1.0 1.0 0.9325000000000018 0.42750000000000227 0.0 0.0 0.0 
0.924999999999998 1.0 1.0 1.0 1.0 1.0 1.0 1.0 1.0 1.0 1.0 1.0 0.912500000000003 0.31750000000000567 0.30000000000000426 0.09750000000000224 0.0 0.0 0.0 0.0 
