0.0 0.0 0.0 0.0 0.0 0.0 0.07875000000000267 0.41875000000000717 1.0 1.0 1.0 1.0 0.2499999999999929 0.0 0.0 0.0 0.0 0.0 0.0 0.0 
0.0 0.0 0.0 0.0 0.0 0.0 0.3500000000000041 1.0 1.0 1.0 1.0 1.0 0.2499999999999929 0.0 0.0 0.0 0.0 0.0 0.0 0.0 
0.0 0.0 0.0 0.0 0.0 0.0 0.3500000000000041 1.0 1.0 1.0 1.0 1.0 0.3437499999999968 0.04375000000000047 0.0 0.0 0.0 0.0 0.0 0.0 
0.0 0.0 0.0 0.0 0.0 0.2587500000000038 0.7237500000000041 1.0 1.0 1.0 1.0 1.0 1.0 0.34999999999999254 0.0 0.0 0.0 0.0 0.0 0.0 
0.0 0.0 0.0 0.0 0.0 0.45000000000000373 1.0 1.0 1.0 1.0 1.0 1.0 1.0 0.34999999999999254 0.0 0.0 0.0 0.0 0.0 0.0 
0.0 0.0 0.0 0.0 0.0 0.45000000000000373 1.0 1.0 1.0 1.0 1.0 1.0 1.0 0.6587499999999976 0.21374999999999733 0.0 0.0 0.0 0.0 0.0 
0.0 0.0 0.0 0.0 0.508750000000004 0.9587500000000017 1.0 1.0 1.0 1.0 1.0 1.0 1.0 1.0 0.4499999999999922 0.0 0.0 0.0 0.0 0.0 
0.0 0.0 0.0 0.0 0.5500000000000029 1.0 1.0 0.7499999999999956 0.0 0.0 0.0 0.8500000000000068 1.0 1.0 0.4499999999999922 0.0 0.0 0.0 0.0 0.0 
0.0 0.0 0.0 0.0 0.5500000000000029 1.0 1.0 0.7499999999999956 0.0 0.0 0.0 0.8500000000000068 1.0 1.0 0.9037499999999992 0.4537499999999938 0.0 0.0 0.0 0.0 
0.0 0.0 0.0 0.6500000000000026 1.0 1.0 0.9037499999999987 0.5437499999999965 0.0 0.0 0.0 0.0 0.7500000000000071 1.0 1.0 0.5499999999999918 0.0 0.0 0.0 0.0 
0.0 0.0 0.0 0.6500000000000026 1.0 1.0 0.6499999999999959 0.0 0.0 0.0 0.0 0.0 0.7500000000000071 1.0 1.0 0.5499999999999918 0.0 0.0 0.0 0.0 
0.0 0.0 0.13124999999999823 0.7112500000000012 1.0 1.0 0.6499999999999959 0.0 0.0 0.0 0.0 0.0 0.618750000000008 0.9387500000000023 1.0 1.0 0.6499999999999915 0.0 0.0 0.0 
0.0 0.0 0.750000000000002 1.0 1.0 0.7187499999999977 0.24374999999999847 0.0 0.0 0.0 0.0 0.0 0.0 0.6500000000000075 1.0 1.0 0.6499999999999915 0.0 0.0 0.0 
0.0 0.0 0.750000000000002 1.0 1.0 0.5499999999999963 0.0 0.0 0.0 0.0 0.0 0.0 0.0 0.6012500000000074 0.9662500000000009 1.0 0.6762499999999919 0.0562499999999988 0.0 0.0 
0.0 0.0 0.750000000000002 1.0 1.0 0.5499999999999963 0.0 0.0 0.0 0.0 0.0 0.0 0.0 0.0 0.5500000000000078 1.0 1.0 0.7499999999999911 0.0 0.0 
0.0 0.8287499999999997 0.9937499999999995 1.0 1.0 0.9887499999999989 0.9749999999999979 0.7312499999999941 0.0 0.0 0.0 0.0 0.0 0.6337500000000059 0.9887499999999992 1.0 1.0 0.7499999999999911 0.0 0.0 
0.0 0.8500000000000015 1.0 1.0 1.0 1.0 1.0 1.0 1.0 1.0 1.0 1.0 1.0 1.0 1.0 1.0 1.0 0.8562499999999942 0.36124999999999213 0.0 
0.0 0.8500000000000015 1.0 1.0 0.5187499999999994 0.12500000000000355 0.12500000000000355 0.12500000000000355 0.12500000000000355 0.12500000000000355 0.12500000000000355 0.12500000000000355 0.12500000000000355 0.12500000000000355 0.12500000000000355 0.5187500000000091 1.0 1.0 0.8499999999999872 0.0 
0.9500000000000011 1.0 1.0 0.3499999999999974 0.0 0.0 0.0 0.0 0.0 0.0 0.0 0.0 0.0 0.0 0.0 0.45000000000000817 1.0 1.0 0.8499999999999872 0.0 
0.21375000000000496 0.22500000000000497 0.22500000000000497 0.07875000000000117 0.0 0.0 0.0 0.0 0.0 0.0 0.0 0.0 0.0 0.0 0.0 0.10125000000000407 0.49625000000000985 1.0 0.9662499999999964 0.7362499999999864 
