0.0 0.0 0.0 0.0 0.0 0.0 0.0 0.0 0.0 0.0 0.0 0.0 0.0 0.1462500000000049 0.6512500000000083 1.0 1.0 1.0 1.0 0.9499999999999886 
0.0 0.0 0.0 0.0 0.0 0.0 0.0 0.0 0.0 0.0 0.0 0.0 0.0 0.6500000000000075 1.0 1.0 1.0 1.0 1.0 0.9499999999999886 
0.0 0.0 0.0 0.0 0.0 0.0 0.0 0.0 0.0 0.0 0.0 0.10625000000000424 0.7812500000000072 1.0 1.0 1.0 1.0 1.0 1.0 0.9499999999999886 
0.0 0.0 0.0 0.0 0.0 0.0 0.0 0.0 0.0 0.0 0.0 0.8500000000000068 1.0 1.0 1.0 1.0 1.0 1.0 1.0 0.9499999999999886 
0.0 0.0 0.0 0.0 0.0 0.0 0.0 0.0 0.0037500000000005728 0.07375000000000875 0.9512500000000064 1.0 1.0 1.0 1.0 1.0 1.0 1.0 1.0 0.9499999999999886 
0.0 0.0 0.0 0.0 0.0 0.0 0.0 0.0 0.1500000000000048 1.0 1.0 1.0 1.0 0.6912499999999949 0.5249999999999977 0.7387500000000026 1.0 1.0 1.0 0.9499999999999886 
0.0 0.0 0.0 0.0 0.0 0.0 0.0 0.23125000000000473 0.9362500000000025 1.0 1.0 1.0 0.3062499999999916 0.02624999999999857 0.0 0.45000000000000817 1.0 1.0 1.0 0.9499999999999886 
0.0 0.0 0.0 0.0 0.0 0.0 0.13125000000000214 0.5312500000000041 1.0 1.0 1.0 0.6812499999999959 0.15624999999999512 0.0 0.0 0.45000000000000817 1.0 1.0 1.0 0.9499999999999886 
0.0 0.0 0.0 0.0 0.0 0.0 0.3500000000000041 1.0 1.0 0.958749999999995 0.21624999999999373 0.02624999999999866 0.0 0.0 0.0 0.45000000000000817 1.0 1.0 0.8762499999999893 0.166249999999997 
0.0 0.0 0.0 0.0 0.151250000000001 0.601250000000003 1.0 1.0 0.9587499999999987 0.6887499999999953 0.03624999999999535 0.0 0.0 0.0 0.0 0.45000000000000817 1.0 1.0 0.8499999999999872 0.0 
0.0 0.0 0.0 0.0 0.5500000000000029 1.0 1.0 0.8187499999999969 0.233749999999999 0.0 0.0 0.0 0.0 0.0 0.0 0.45000000000000817 1.0 1.0 0.8499999999999872 0.0 
0.0 0.0 0.13124999999999823 0.7112500000000012 1.0 1.0 0.9387500000000003 0.6187499999999985 0.0 0.0 0.0 0.0 0.0 0.0 0.0 0.45000000000000817 1.0 1.0 0.8499999999999872 0.0 
0.0 0.0 0.750000000000002 1.0 1.0 0.7187499999999977 0.24374999999999847 0.0 0.0 0.0 0.0 0.0 0.0 0.0 0.0 0.45000000000000817 1.0 1.0 0.8499999999999872 0.0 
0.07124999999999941 0.8612500000000013 1.0 1.0 1.0 0.5499999999999963 0.0 0.0 0.0 0.0 0.0 0.0 0.0 0.0 0.0 0.45000000000000817 1.0 1.0 0.8499999999999872 0.0 
0.9500000000000011 1.0 1.0 1.0 1.0 0.5499999999999963 0.0 0.0 0.0 0.0 0.0 0.0 0.0 0.0 0.28875000000000334 0.7387500000000031 1.0 1.0 0.9287499999999937 0.4987499999999927 
0.9500000000000011 1.0 1.0 1.0 1.0 0.9887499999999989 0.9749999999999979 0.9749999999999979 0.9749999999999979 0.9749999999999979 0.9749999999999979 0.9749999999999979 0.9749999999999979 0.9749999999999979 0.9887499999999992 1.0 1.0 1.0 1.0 0.9499999999999886 
0.5462500000000033 0.5750000000000028 0.5750000000000028 0.5750000000000028 0.5750000000000028 0.7662500000000032 0.8512499999999993 0.681250000000004 0.9362499999999984 0.5962500000000053 0.9787500000000029 0.6387499999999995 0.8937500000000037 1.0 1.0 1.0 1.0 1.0 1.0 0.9499999999999886 
0.0 0.0 0.0 0.0 0.0 0.05625000000000206 0.08125000000000179 0.03125000000000144 0.10625000000000243 0.006250000000000933 0.11875000000000417 0.01874999999999969 0.09375000000000355 0.12500000000000355 0.6062500000000084 1.0 1.0 1.0 0.8687499999999894 0.11875000000000195 
0.0 0.0 0.0 0.0 0.0 0.0 0.0 0.0 0.0 0.0 0.0 0.0 0.0 0.0 0.0 0.45000000000000817 1.0 1.0 0.8499999999999872 0.0 
0.0 0.0 0.0 0.0 0.0 0.0 0.0 0.0 0.0 0.0 0.0 0.0 0.0 0.0 0.42625000000000335 0.8762499999999991 1.0 1.0 0.8499999999999872 0.0 
