0.0 0.0 0.0 0.0 0.0 0.0 0.0 0.0 0.0 0.0 0.0 0.0 0.0 0.0 0.11249999999999467 0.3874999999999876 0.912499999999995 1.0 1.0 0.8750000000000053 
0.0 0.0 0.0 0.0 0.0 0.0 0.0 0.0 0.0 0.0 0.0 0.0 0.0 0.0 0.37499999999999467 1.0 1.0 1.0 1.0 0.8750000000000053 
0.0 0.0 0.0 0.0 0.0 0.0 0.0 0.0 0.0 0.0 0.0 0.0 0.0 0.0 0.37499999999999467 1.0 1.0 1.0 1.0 0.8750000000000053 
0.0 0.0 0.0 0.0 0.0 0.0 0.0 0.0 0.0 0.0 0.0 0.0 0.0 0.0 0.37499999999999467 1.0 1.0 1.0 1.0 0.8750000000000053 
0.0 0.0 0.0 0.0 0.0 0.0 0.0 0.0 0.0 0.0 0.0 0.0 0.0 0.0 0.37499999999999467 1.0 1.0 1.0 1.0 0.8750000000000053 
0.0 0.0 0.0 0.0 0.0 0.0 0.0 0.0 0.0 0.0 0.0 0.0 0.0 0.0 0.37499999999999467 1.0 1.0 1.0 1.0 0.8750000000000053 
0.0 0.0 0.0 0.0 0.0 0.0 0.0 0.0 0.0 0.0 0.0 0.0 0.0 0.0 0.37499999999999467 1.0 1.0 1.0 1.0 0.8750000000000053 
0.0 0.0 0.0 0.0 0.0 0.0 0.0 0.0 0.0 0.0 0.0 0.0 0.0 0.0 0.37499999999999467 1.0 1.0 1.0 1.0 0.8750000000000053 
0.0 0.0 0.0 0.0 0.0 0.0 0.0 0.0 0.0 0.0 0.0 0.0 0.0 0.0 0.37499999999999467 1.0 1.0 1.0 1.0 0.8750000000000053 
0.0 0.0 0.0 0.0 0.0 0.0 0.0 0.0 0.0 0.0 0.0 0.0 0.0 0.0 0.37499999999999467 1.0 1.0 1.0 1.0 0.8750000000000053 
0.0 0.0 0.0 0.0 0.0 0.0 0.0 0.0 0.0 0.0 0.0 0.0 0.0 0.0 0.37499999999999467 1.0 1.0 1.0 1.0 0.8750000000000053 
0.0 0.0 0.0 0.0 0.0 0.0 0.0 0.0 0.0 0.0 0.0 0.0 0.0 0.0 0.37499999999999467 1.0 1.0 1.0 1.0 0.8750000000000053 
0.0 0.0 0.0 0.0 0.0 0.0 0.0 0.0 0.0 0.0 0.0 0.0 0.0 0.0 0.37499999999999467 1.0 1.0 1.0 1.0 0.8750000000000053 
0.0 0.0 0.0 0.0 0.0 0.0 0.0 0.0 0.0 0.0 0.0 0.0 0.0 0.0 0.37499999999999467 1.0 1.0 1.0 1.0 0.8750000000000053 
0.0 0.0 0.0 0.0 0.0 0.0 0.0 0.0 0.0 0.0 0.0 0.0 0.0 0.0 0.37499999999999467 1.0 1.0 1.0 1.0 0.8750000000000053 
0.0 0.0 0.0 0.0 0.0 0.0 0.0 0.0 0.0 0.0 0.0 0.0 0.0 0.18750000000000105 0.5624999999999989 1.0 1.0 1.0 1.0 0.8750000000000053 
0.0 0.0 0.0 0.0 0.0 0.0 0.0 0.0 0.0 0.0 0.0 0.11249999999999591 0.7875000000000002 0.9625000000000016 1.0 1.0 1.0 1.0 0.6625000000000026 0.08749999999999555 
0.0 0.3125000000000026 0.6875000000000026 0.9375000000000029 0.5625000000000082 0.5000000000000071 0.5000000000000071 0.5000000000000071 0.5000000000000071 0.8125000000000004 1.0 1.0 1.0 1.0 1.0 1.0 1.0 0.37500000000000533 0.0 0.0 
0.7874999999999893 0.9624999999999965 1.0 1.0 1.0 1.0 1.0 1.0 1.0 1.0 1.0 1.0 1.0 0.9374999999999952 0.8999999999999915 0.7874999999999973 0.11250000000000374 0.0 0.0 0.0 
0.0 0.18749999999999267 0.29999999999999005 0.3874999999999885 0.912499999999996 1.0 1.0 1.0 1.0 1.0 1.0 0.9125000000000025 0.387499999999995 0.11249999999999787 0.0 0.0 0.0 0.0 0.0 0.0 
