0.0 0.0 0.0 0.1306250000000032 0.2750000000000057 0.3537500000000044 0.7137499999999941 0.3312500000000039 0.2750000000000057 0.2750000000000057 0.46625000000000116 0.7249999999999943 0.634374999999995 0.018125000000000117 0.0 0.0 0.0 0.0 0.0 0.0 
0.0 0.0 0.0 0.47500000000000187 1.0 0.9693750000000007 0.8293750000000056 0.9781250000000008 1.0 1.0 0.9256250000000023 0.8250000000000055 0.7218750000000048 0.02062500000000043 0.0 0.5568750000000028 0.3918750000000038 0.0 0.0 0.0 
0.0 0.29062500000000496 0.7656250000000032 1.0 0.6749999999999985 0.0 0.0 0.0 0.0 0.0 0.0 0.0 0.0 0.0 0.0 0.2531250000000032 0.7031250000000017 0.7656250000000031 0.2906250000000049 0.0 
0.8556250000000071 0.9831250000000014 1.0 1.0 0.6749999999999985 0.0 0.0 0.0 0.0 0.0 0.0 0.0 0.0 0.0 0.0 0.050624999999996444 0.07499999999999485 0.07499999999999485 0.058124999999996166 0.0 
0.9250000000000025 1.0 0.374999999999998 0.0 0.0 0.0 0.0 0.0 0.0 0.0 0.0 0.0 0.0 0.0 0.0 0.0 0.24937500000000193 0.29687500000000394 0.10687500000000011 0.4393750000000066 
0.0 0.7750000000000022 0.3906250000000016 0.013125000000002938 0.0 0.0 0.0 0.0 0.0 0.0 0.0 0.0 0.0 0.0 0.0 0.0 0.0 0.0 0.22499999999999787 0.9250000000000043 
0.5318750000000056 0.9043750000000019 1.0 0.5249999999999981 0.0 0.0 0.0 0.0 0.0 0.0 0.0 0.0 0.0 0.0 0.0 0.0 0.0 0.0 0.22499999999999787 0.9250000000000043 
0.9250000000000025 1.0 1.0 0.5249999999999981 0.0 0.0 0.0 0.0 0.0 0.0 0.0 0.0 0.0 0.0 0.0 0.0 0.0 0.0 0.19687499999999733 0.8093750000000004 
0.9250000000000025 1.0 1.0 0.5249999999999981 0.0 0.0 0.0 0.0 0.0 0.0 0.0 0.0 0.0 0.0 0.0 0.0 0.0 0.0 0.0 0.0 
0.9250000000000025 1.0 1.0 0.5249999999999981 0.0 0.0 0.0 0.0 0.0 0.0 0.0 0.0 0.0 0.0 0.0 0.0 0.1181250000000023 0.1406250000000035 0.05062500000000064 0.20812500000000556 
0.9250000000000025 1.0 1.0 0.5249999999999981 0.0 0.0 0.0 0.0 0.0 0.0 0.0 0.0 0.0 0.0 0.0 0.0 0.5249999999999986 0.6250000000000018 0.22499999999999787 0.9250000000000043 
0.9250000000000025 1.0 1.0 0.5249999999999981 0.0 0.0 0.0 0.0 0.0 0.0 0.0 0.0 0.0 0.0 0.0 0.0 0.5249999999999986 0.7468750000000023 0.40375000000000083 0.6243750000000002 
0.9250000000000025 1.0 1.0 0.5249999999999981 0.0 0.0 0.0 0.0 0.0 0.0 0.0 0.0 0.0 0.0 0.0 0.0 0.5249999999999986 1.0 0.7750000000000021 0.0 
0.9250000000000025 1.0 1.0 0.5249999999999981 0.0 0.0 0.0 0.0 0.0 0.0 0.0 0.0 0.0 0.0 0.0 0.0 0.5249999999999986 1.0 0.8706250000000022 0.3931250000000058 
0.9250000000000025 1.0 1.0 0.5249999999999981 0.0 0.0 0.0 0.0 0.0 0.0 0.0 0.0 0.0 0.0 0.0 0.0 0.5249999999999986 1.0 1.0 0.9250000000000043 
0.9250000000000025 1.0 1.0 1.0 0.6749999999999985 0.0 0.0 0.0 0.0 0.0 0.0 0.0 0.0 0.0 0.0 0.6749999999999989 1.0 1.0 1.0 0.9250000000000043 
0.0 0.7750000000000021 1.0 1.0 1.0 0.838124999999999 0.07500000000000284 0.07500000000000284 0.02062500000000074 0.0 0.03187500000000126 0.07500000000000284 0.07500000000000284 0.07500000000000284 0.8381249999999998 1.0 1.0 1.0 0.9831249999999995 0.8556250000000013 
0.0 0.2906249999999981 0.765625 1.0 1.0 1.0 1.0 1.0 0.7281250000000024 0.6250000000000036 0.7843750000000023 1.0 1.0 1.0 1.0 1.0 1.0 0.7656249999999998 0.290624999999998 0.0 
0.0 0.0 0.0 0.39187499999999953 0.8249999999999957 0.8556249999999967 1.0 1.0 1.0 1.0 1.0 1.0 1.0 1.0 1.0 1.0 0.4750000000000014 0.0 0.0 0.0 
0.0 0.0 0.0 0.0 0.0 0.04812500000000019 0.2749999999999986 0.2749999999999986 0.800625 1.0 1.0 1.0 0.9093749999999998 0.29312499999999886 0.2749999999999986 0.2749999999999986 0.1306249999999997 0.0 0.0 0.0 
