0.0 0.0 0.0 0.0 0.23250000000000234 0.30000000000000426 0.7724999999999989 1.0 1.0 1.0 1.0 1.0 0.737500000000004 0.30000000000000426 0.21750000000000458 0.0 0.0 0.0 0.0 0.0 
0.0 0.0 0.0 0.7425000000000004 0.9775000000000006 1.0 1.0 1.0 1.0 1.0 1.0 1.0 1.0 1.0 0.9725000000000016 0.6975000000000051 0.0 0.0 0.0 0.0 
0.0 0.4625000000000022 0.9374999999999989 1.0 1.0 1.0 1.0 0.6874999999999993 0.499999999999996 0.499999999999996 0.499999999999996 0.499999999999996 0.6874999999999958 1.0 1.0 1.0 0.9125000000000021 0.4375000000000053 0.0 0.0 
0.0 0.8324999999999935 0.8999999999999959 0.8999999999999959 0.8999999999999959 0.2475000000000016 0.0 0.0 0.0 0.0 0.0 0.0 0.0 0.2924999999999948 0.9274999999999965 1.0 1.0 0.8875000000000037 0.0925000000000042 0.0 
0.0 0.0 0.0 0.0 0.0 0.0 0.0 0.0 0.0 0.0 0.0 0.0 0.0 0.0 0.274999999999995 1.0 1.0 1.0 0.9250000000000043 0.0 
0.0 0.0 0.0 0.0 0.0 0.0 0.0 0.0 0.0 0.0 0.0 0.0 0.0 0.0 0.274999999999995 1.0 1.0 1.0 0.9250000000000043 0.0 
0.0 0.0 0.0 0.0 0.0 0.0 0.0 0.0 0.0 0.0 0.0 0.0 0.0 0.0 0.274999999999995 1.0 1.0 1.0 0.9250000000000043 0.0 
0.0 0.0 0.0 0.0 0.0 0.0 0.0 0.0 0.0 0.0 0.0 0.0 0.0 0.32499999999999574 1.0 1.0 1.0 1.0 0.9250000000000043 0.0 
0.0 0.0 0.0 0.0 0.0 0.0 0.0 0.0 0.0 0.0 0.0 0.04250000000000107 0.4374999999999988 1.0 1.0 1.0 0.9824999999999997 0.7875000000000004 0.0 0.0 
0.0 0.0 0.0 0.0 0.0 0.0 0.0 0.0 0.0 0.0 0.33249999999999985 0.8275000000000008 1.0 1.0 1.0 0.8425000000000008 0.2474999999999985 0.0 0.0 0.0 
0.0 0.0 0.0 0.0 0.0 0.0 0.0 0.0 0.0 0.15750000000000075 0.6325000000000007 1.0 1.0 1.0 0.9175000000000003 0.5424999999999982 0.0 0.0 0.0 0.0 
0.0 0.0 0.0 0.0 0.0 0.0 0.0 0.0 0.5174999999999982 0.9525000000000006 1.0 1.0 1.0 0.7075000000000031 0.07249999999999895 0.0 0.0 0.0 0.0 0.0 
0.0 0.0 0.0 0.0 0.0 0.0 0.3375000000000005 0.8124999999999996 1.0 1.0 1.0 0.7874999999999999 0.31249999999999956 0.0 0.0 0.0 0.0 0.0 0.0 0.0 
0.0 0.0 0.0 0.0 0.0 0.07250000000000073 0.7074999999999971 1.0 1.0 1.0 0.9524999999999996 0.5175000000000017 0.0 0.0 0.0 0.0 0.0 0.0 0.0 0.0 
0.0 0.0 0.0 0.0 0.5425 0.9174999999999999 1.0 1.0 1.0 0.6325000000000021 0.15749999999999914 0.0 0.0 0.0 0.0 0.0 0.0 0.0 0.0 0.0 
0.0 0.0 0.2624999999999997 0.8774999999999977 1.0 1.0 1.0 0.8125000000000007 0.29750000000000204 0.0 0.0 0.0 0.0 0.0 0.0 0.0 0.0 0.0 0.0 0.0 
0.0 0.8324999999999992 0.9874999999999999 1.0 1.0 1.0 1.0 0.37500000000000355 0.0 0.0 0.0 0.0 0.0 0.0 0.0 0.0 0.0 0.0 0.0 0.0 
0.48750000000000193 0.9624999999999988 1.0 1.0 1.0 1.0 0.6625000000000043 0.5000000000000036 0.5000000000000036 0.5000000000000036 0.5000000000000036 0.5000000000000036 0.5000000000000036 0.5000000000000036 0.5000000000000036 0.5000000000000036 0.5000000000000036 0.5000000000000036 0.5000000000000036 0.48750000000000415 
0.974999999999997 1.0 1.0 1.0 1.0 1.0 1.0 1.0 1.0 1.0 1.0 1.0 1.0 1.0 1.0 1.0 1.0 1.0 1.0 0.9750000000000014 
0.974999999999997 1.0 1.0 1.0 1.0 1.0 1.0 1.0 1.0 1.0 1.0 1.0 1.0 1.0 1.0 1.0 1.0 1.0 1.0 0.9750000000000014 
