0.0 0.0 0.0 0.0 0.0 0.11250000000000257 0.2500000000000071 0.2500000000000071 0.36250000000000365 1.0 1.0 0.362500000000009 0.2500000000000071 0.2500000000000071 0.2500000000000071 0.2500000000000071 0.16250000000000603 0.0 0.0 0.0 
0.0 0.0 0.0 0.0 0.4125000000000024 0.8625000000000033 1.0 1.0 1.0 1.0 1.0 1.0 1.0 1.0 1.0 1.0 0.9125000000000039 0.5625000000000093 0.0 0.0 
0.0 0.0 0.187500000000005 0.7375000000000014 1.0 0.8874999999999974 0.7499999999999929 0.5624999999999967 0.0 0.0 0.0 0.0 0.0 0.48749999999999166 0.7499999999999929 0.8624999999999946 1.0 1.0 0.8875000000000048 0.23750000000000834 
0.0 0.6375000000000053 0.9375000000000014 1.0 1.0 0.5500000000000025 0.0 0.0 0.0 0.0 0.0 0.0 0.0 0.0 0.0 0.44999999999999396 1.0 1.0 1.0 0.9500000000000064 
0.0 0.849999999999999 1.0 1.0 0.45000000000000195 0.0 0.0 0.0 0.0 0.0 0.0 0.0 0.0 0.0 0.0 0.0 0.3499999999999943 1.0 1.0 0.9500000000000064 
0.0 0.849999999999999 1.0 1.0 0.45000000000000195 0.0 0.0 0.0 0.0 0.0 0.0 0.0 0.0 0.0 0.0 0.0 0.3499999999999943 1.0 1.0 0.9500000000000064 
0.0 0.849999999999999 1.0 1.0 0.45000000000000195 0.0 0.0 0.0 0.0 0.0 0.0 0.0 0.0 0.0 0.0 0.0 0.3499999999999943 1.0 1.0 0.9500000000000064 
0.0 0.849999999999999 1.0 1.0 0.45000000000000195 0.0 0.0 0.0 0.0 0.0 0.0 0.0 0.0 0.0 0.0 0.0 0.3499999999999943 1.0 1.0 0.9500000000000064 
0.0 0.6374999999999932 0.9374999999999979 1.0 1.0 0.6625000000000051 0.16250000000000514 0.0 0.0 0.0 0.0 0.0 0.0 0.0 0.0 0.44999999999999396 1.0 1.0 1.0 0.9500000000000064 
0.0 0.0 0.18749999999999434 0.7374999999999965 1.0 1.0 0.912500000000003 0.5625000000000073 0.0 0.0 0.0 0.0 0.5625000000000027 0.7500000000000071 0.7500000000000071 0.8625000000000024 1.0 1.0 1.0 0.9500000000000064 
0.0 0.0 0.0 0.0 0.41249999999999465 0.8624999999999955 1.0 1.0 1.0 1.0 1.0 1.0 1.0 0.8374999999999966 0.7499999999999929 0.8624999999999946 1.0 1.0 1.0 0.9500000000000064 
0.0 0.0 0.0 0.0 0.0 0.11249999999999619 0.2499999999999929 0.2499999999999929 0.2499999999999929 0.2499999999999929 0.2499999999999929 0.2499999999999929 0.2499999999999929 0.08749999999999876 0.0 0.1124999999999953 0.5124999999999911 1.0 1.0 0.9500000000000064 
0.0 0.0 0.0 0.0 0.0 0.0 0.0 0.0 0.0 0.0 0.0 0.0 0.0 0.0 0.0 0.0 0.3499999999999943 1.0 1.0 0.9500000000000064 
0.0 0.0 0.0 0.0 0.0 0.0 0.0 0.0 0.0 0.0 0.0 0.0 0.0 0.0 0.0 0.0 0.3499999999999943 1.0 1.0 0.9500000000000064 
0.23750000000000657 0.2500000000000071 0.2500000000000071 0.2500000000000071 0.11250000000000368 0.0 0.0 0.0 0.0 0.0 0.0 0.0 0.0 0.0 0.0 0.0 0.3499999999999943 1.0 1.0 0.9500000000000064 
0.23749999999999308 0.8874999999999982 1.0 1.0 0.45000000000000195 0.0 0.0 0.0 0.0 0.0 0.0 0.0 0.0 0.0 0.0 0.0 0.3499999999999943 1.0 1.0 0.9500000000000064 
0.0 0.849999999999999 1.0 1.0 1.0 0.5500000000000025 0.0 0.0 0.0 0.0 0.0 0.0 0.0 0.0 0.13750000000000276 0.5874999999999994 1.0 1.0 0.9625000000000001 0.712499999999998 
0.0 0.2124999999999937 0.8124999999999972 1.0 1.0 0.8875000000000038 0.4875000000000062 0.0 0.0 0.0 0.0 0.0 0.0 0.4875000000000009 0.8875000000000021 1.0 1.0 0.8125000000000022 0.2124999999999952 0.0 
0.0 0.0 0.0 0.4874999999999943 0.7499999999999929 0.8624999999999955 1.0 1.0 1.0 1.0 1.0 1.0 1.0 1.0 1.0 0.8874999999999983 0.48749999999999966 0.0 0.0 0.0 
0.0 0.0 0.0 0.0 0.0 0.11249999999999619 0.2499999999999929 0.4374999999999927 1.0 1.0 1.0 1.0 0.43749999999999734 0.2499999999999929 0.2499999999999929 0.1374999999999976 0.0 0.0 0.0 0.0 
