0.0 0.0 0.0 0.05250000000000016 0.30000000000000426 0.30000000000000426 0.527500000000003 1.0 1.0 1.0 0.6325000000000007 0.30000000000000426 0.30000000000000426 0.30000000000000426 0.08249999999999968 0.0 0.0 0.0 0.0 0.0 
0.0 0.06749999999999731 0.9000000000000046 0.9175000000000035 1.0 1.0 1.0 1.0 1.0 1.0 1.0 1.0 1.0 1.0 0.9275000000000028 0.2024999999999959 0.0 0.0 0.0 0.0 
0.024999999999995914 1.0 1.0 1.0 1.0 1.0 1.0 1.0 1.0 1.0 1.0 1.0 1.0 1.0 1.0 1.0 0.5875000000000008 0.06249999999999706 0.0 0.0 
1.0 1.0 1.0 1.0 0.977499999999999 0.6524999999999969 0.0 0.0 0.0 0.0 0.0 0.0 0.5625000000000001 0.9674999999999988 1.0 1.0 1.0 1.0 0.16749999999999757 0.002499999999999272 
0.2999999999999945 0.2999999999999945 0.2999999999999945 0.2999999999999945 0.2324999999999961 0.0 0.0 0.0 0.0 0.0 0.0 0.0 0.0 0.20249999999999757 0.807500000000002 1.0 1.0 1.0 1.0 0.024999999999991473 
0.0 0.0 0.0 0.0 0.0 0.0 0.0 0.0 0.0 0.0 0.0 0.0 0.0 0.0 0.725000000000005 1.0 1.0 1.0 1.0 0.024999999999991473 
0.0 0.0 0.0 0.0 0.0 0.0 0.0 0.0 0.0 0.0 0.0 0.0 0.0 0.0 0.725000000000005 1.0 1.0 1.0 1.0 0.024999999999991473 
0.0 0.0 0.0 0.0 0.0 0.0 0.0 0.0 0.0 0.0 0.0 0.0 0.0 0.3375000000000069 0.8625000000000045 1.0 1.0 1.0 1.0 0.024999999999991473 
0.0 0.0 0.0 0.0 0.0 0.0 0.0 0.0 0.0 0.0 0.0 0.057500000000004166 0.6625000000000058 1.0 1.0 1.0 1.0 0.9124999999999934 0.06749999999999245 0.0 
0.0 0.0 0.0 0.0 0.0 0.0 0.0 0.0 0.0 0.0 0.3675000000000048 0.8725000000000036 1.0 1.0 1.0 1.0 0.4224999999999902 0.03749999999999707 0.0 0.0 
0.0 0.0 0.0 0.0 0.0 0.0 0.0 0.0 0.12750000000000353 0.6325000000000052 1.0 1.0 1.0 1.0 0.7824999999999929 0.15749999999999426 0.0 0.0 0.0 0.0 
0.0 0.0 0.0 0.0 0.0 0.0 0.0 0.33750000000000424 0.9425000000000053 1.0 1.0 1.0 1.0 1.0 0.274999999999995 0.0 0.0 0.0 0.0 0.0 
0.0 0.0 0.0 0.0 0.0 0.13750000000000168 0.6625000000000049 1.0 1.0 1.0 1.0 1.0 0.6874999999999938 0.16249999999999556 0.0 0.0 0.0 0.0 0.0 0.0 
0.0 0.0 0.0 0.017500000000001296 0.3025000000000055 1.0 1.0 1.0 1.0 1.0 0.9474999999999953 0.38249999999999384 0.0 0.0 0.0 0.0 0.0 0.0 0.0 0.0 
0.0 0.0 0.08749999999999938 0.7525000000000076 1.0 1.0 1.0 1.0 1.0 0.6674999999999942 0.14249999999999463 0.0 0.0 0.0 0.0 0.0 0.0 0.0 0.0 0.0 
0.0 0.07499999999999662 1.0 1.0 1.0 1.0 1.0 0.8874999999999968 0.40249999999999503 0.0 0.0 0.0 0.0 0.0 0.0 0.0 0.0 0.0 0.0 0.0 
0.022499999999996554 0.9075000000000082 1.0 1.0 1.0 1.0 1.0 0.6249999999999991 0.0 0.0 0.0 0.0 0.0 0.0 0.0 0.0 0.0 0.0 0.0 0.0 
1.0 1.0 1.0 1.0 1.0 1.0 1.0 1.0 1.0 1.0 1.0 1.0 1.0 1.0 1.0 1.0 1.0 1.0 1.0 1.0 
1.0 1.0 1.0 1.0 1.0 1.0 1.0 1.0 1.0 1.0 1.0 1.0 1.0 1.0 1.0 1.0 1.0 1.0 1.0 1.0 
0.29999999999999005 0.29999999999999005 0.29999999999999005 0.29999999999999005 0.29999999999999005 0.29999999999999005 0.29999999999999005 0.29999999999999005 0.5974999999999948 1.0 1.0 1.0 1.0 1.0 1.0 1.0 1.0 1.0 1.0 1.0 
