0.0 0.0 0.0 0.0 0.0 0.0 0.0 0.7500000000000053 1.0 1.0 1.0 0.2499999999999929 0.0 0.0 0.0 0.0 0.0 0.0 0.0 0.0 
0.0 0.0 0.0 0.0 0.0 0.0 0.0 0.7500000000000053 1.0 1.0 1.0 0.8124999999999958 0.0 0.0 0.0 0.0 0.0 0.0 0.0 0.0 
0.0 0.0 0.0 0.0 0.0 0.0 0.25000000000000355 1.0 1.0 1.0 1.0 1.0 0.1874999999999959 0.0 0.0 0.0 0.0 0.0 0.0 0.0 
0.0 0.0 0.0 0.0 0.0 0.0 0.25000000000000355 1.0 1.0 1.0 1.0 1.0 0.7499999999999929 0.0 0.0 0.0 0.0 0.0 0.0 0.0 
0.0 0.0 0.0 0.0 0.0 0.0 1.0 1.0 1.0 1.0 1.0 1.0 1.0 0.2499999999999929 0.0 0.0 0.0 0.0 0.0 0.0 
0.0 0.0 0.0 0.0 0.0 0.5625000000000007 1.0 1.0 0.8124999999999967 0.25000000000000266 0.4375000000000073 1.0 1.0 0.2499999999999929 0.0 0.0 0.0 0.0 0.0 0.0 
0.0 0.0 0.0 0.0 0.0 0.7500000000000036 1.0 1.0 0.5624999999999973 0.0 0.18750000000000577 0.9375000000000022 1.0 1.0 0.0 0.0 0.0 0.0 0.0 0.0 
0.0 0.0 0.0 0.0 0.18750000000000155 0.9375000000000004 1.0 1.0 0.0 0.0 0.0 0.7500000000000071 1.0 1.0 0.5624999999999907 0.0 0.0 0.0 0.0 0.0 
0.0 0.0 0.0 0.0 0.43750000000000067 1.0 1.0 0.24999999999999467 0.0 0.0 0.0 0.5625000000000067 1.0 1.0 0.8124999999999916 0.06249999999999689 0.0 0.0 0.0 0.0 
0.0 0.0 0.0 0.0 1.0 1.0 0.8124999999999978 0.06249999999999911 0.0 0.0 0.0 0.0 0.43750000000000666 1.0 1.0 0.24999999999998934 0.0 0.0 0.0 0.0 
0.0 0.0 0.0 0.7500000000000018 1.0 1.0 0.7499999999999964 0.0 0.0 0.0 0.0 0.0 0.2500000000000071 1.0 1.0 0.4374999999999907 0.0 0.0 0.0 0.0 
0.0 0.0 0.0 0.7500000000000018 1.0 1.0 0.1874999999999991 0.0 0.0 0.0 0.0 0.0 0.06250000000000178 0.8125000000000053 1.0 1.0 0.0 0.0 0.0 0.0 
0.0 0.0 0.25000000000000133 1.0 1.0 1.0 0.0 0.0 0.0 0.0 0.0 0.0 0.0 0.7500000000000071 1.0 1.0 0.7499999999999893 0.0 0.0 0.0 
0.0 0.0 0.8125000000000003 1.0 1.0 1.0 0.75 0.75 0.75 0.75 0.75 0.75 0.75 0.9375000000000018 1.0 1.0 0.9374999999999973 0.187499999999992 0.0 0.0 
0.0 0.0 1.0 1.0 1.0 1.0 1.0 1.0 1.0 1.0 1.0 1.0 1.0 1.0 1.0 1.0 1.0 0.24999999999998934 0.0 0.0 
0.0 0.5625000000000004 1.0 1.0 1.0 1.0 1.0 1.0 1.0 1.0 1.0 1.0 1.0 1.0 1.0 1.0 1.0 0.8124999999999973 0.0 0.0 
0.0625 0.8125000000000004 1.0 1.0 0.0 0.0 0.0 0.0 0.0 0.0 0.0 0.0 0.0 0.0 0.187500000000008 0.9375000000000027 1.0 1.0 0.18749999999999734 0.0 
0.25 1.0 1.0 0.43749999999999867 0.0 0.0 0.0 0.0 0.0 0.0 0.0 0.0 0.0 0.0 0.0 0.7500000000000107 1.0 1.0 0.7499999999999893 0.0 
1.0 1.0 1.0 0.24999999999999822 0.0 0.0 0.0 0.0 0.0 0.0 0.0 0.0 0.0 0.0 0.0 0.0 1.0 1.0 1.0 0.2499999999999858 
1.0 1.0 1.0 0.24999999999999822 0.0 0.0 0.0 0.0 0.0 0.0 0.0 0.0 0.0 0.0 0.0 0.0 0.437500000000008 1.0 1.0 0.8124999999999964 
