0.0 0.0 0.0 0.0 0.0 0.0 0.0 0.0687499999999984 0.2062499999999959 0.456249999999995 0.8187499999999974 1.0 1.0 1.0 1.0 1.0 1.0 1.0 1.0 0.7500000000000018 
0.0 0.0 0.0 0.0 0.0 0.20624999999999777 0.6187499999999956 0.8687499999999964 0.9562499999999987 1.0 1.0 1.0 1.0 1.0 1.0 1.0 1.0 1.0 1.0 0.7500000000000018 
0.2812499999999965 0.374999999999996 0.374999999999996 0.5312499999999962 0.8437499999999982 1.0 1.0 1.0 1.0 1.0 1.0 1.0 1.0 1.0 1.0 1.0 1.0 1.0 1.0 0.7500000000000018 
0.7499999999999987 1.0 1.0 1.0 1.0 1.0 1.0 1.0 1.0 1.0 1.0 1.0 1.0 1.0 1.0 1.0 1.0 1.0 1.0 0.7500000000000018 
0.7499999999999987 1.0 1.0 0.8812500000000014 0.6437500000000029 0.525000000000003 0.525000000000003 0.525000000000003 0.525000000000003 0.6437500000000014 0.8812499999999999 1.0 1.0 1.0 1.0 1.0 1.0 1.0 1.0 0.7500000000000018 
0.7312499999999997 0.7312500000000024 0.24375000000000166 0.0 0.0 0.0 0.0 0.0 0.0 0.24999999999999822 0.7499999999999982 1.0 1.0 1.0 1.0 1.0 1.0 1.0 1.0 0.7500000000000018 
0.0 0.0 0.0 0.0 0.0 0.0 0.0 0.0 0.0 0.24999999999999822 0.7499999999999982 1.0 1.0 1.0 1.0 1.0 1.0 1.0 1.0 0.7500000000000018 
0.0 0.0 0.0 0.0 0.0 0.0 0.0 0.0 0.0 0.24999999999999822 0.7499999999999982 1.0 1.0 1.0 1.0 1.0 1.0 1.0 1.0 0.7500000000000018 
0.0 0.0 0.0 0.0 0.0 0.0 0.0 0.0 0.0 0.24999999999999822 0.7499999999999982 1.0 1.0 1.0 1.0 1.0 1.0 1.0 1.0 0.7500000000000018 
0.0 0.0 0.0 0.0 0.0 0.0 0.0 0.0 0.0 0.24999999999999822 0.7499999999999982 1.0 1.0 1.0 1.0 1.0 1.0 1.0 1.0 0.7500000000000018 
0.0 0.0 0.0 0.0 0.0 0.0 0.0 0.0 0.0 0.24999999999999822 0.7499999999999982 1.0 1.0 1.0 1.0 1.0 1.0 1.0 1.0 0.7500000000000018 
0.0 0.0 0.0 0.0 0.0 0.0 0.0 0.0 0.0 0.24999999999999822 0.7499999999999982 1.0 1.0 1.0 1.0 1.0 1.0 0.7500000000000018 0.2500000000000018 0.0 
0.0 0.0 0.0 0.0 0.0 0.0 0.0 0.0 0.0 0.24999999999999822 0.7499999999999982 1.0 1.0 1.0 1.0 1.0 1.0 0.7500000000000018 0.2500000000000018 0.0 
0.0 0.0 0.0 0.0 0.0 0.0 0.0 0.0 0.0 0.24999999999999822 0.7499999999999982 1.0 1.0 1.0 1.0 1.0 1.0 0.7500000000000018 0.2500000000000018 0.0 
0.0 0.0 0.0 0.0 0.0 0.0 0.0 0.0 0.0 0.24999999999999822 0.7499999999999982 1.0 1.0 1.0 1.0 1.0 1.0 0.7500000000000018 0.2500000000000018 0.0 
0.0 0.0 0.0 0.0 0.0 0.0 0.0 0.13124999999999984 0.3937500000000009 0.6437500000000007 0.8812499999999996 1.0 1.0 1.0 1.0 1.0 1.0 0.7500000000000018 0.2500000000000018 0.0 
0.0 0.0 0.0 0.0 0.0 0.0 0.0 0.24999999999999867 0.7499999999999987 1.0 1.0 1.0 1.0 1.0 1.0 1.0 1.0 0.7500000000000018 0.2500000000000018 0.0 
0.0 0.0 0.0 0.0 0.0 0.0 0.0 0.24999999999999867 0.7499999999999987 1.0 1.0 1.0 1.0 1.0 1.0 1.0 1.0 0.7500000000000018 0.2500000000000018 0.0 
0.0 0.0 0.0 0.0 0.0 0.0 0.0 0.24999999999999867 0.7499999999999987 1.0 1.0 1.0 1.0 1.0 1.0 1.0 1.0 0.7500000000000018 0.2500000000000018 0.0 
0.0 0.0 0.0 0.0 0.0 0.0 0.0 0.24999999999999867 0.7499999999999987 1.0 1.0 1.0 1.0 1.0 1.0 1.0 1.0 0.7500000000000018 0.2500000000000018 0.0 
