0.0 0.0 0.0 0.0 0.05624999999999947 0.25 0.49374999999999813 1.0 1.0 1.0 1.0 1.0 1.0 1.0 0.45625000000000293 0.25 0.043750000000001066 0.0 0.0 0.0 
0.0 0.0 0.0 0.13124999999999856 0.8062499999999997 1.0 1.0 1.0 1.0 1.0 1.0 1.0 1.0 1.0 1.0 1.0 0.7937500000000013 0.09375000000000269 0.0 0.0 
0.0 0.018749999999999635 0.34374999999999906 1.0 1.0 1.0 0.9187500000000005 0.7499999999999996 0.7499999999999996 0.7499999999999996 0.3562500000000022 0.4312499999999965 0.7499999999999996 0.9187499999999992 1.0 1.0 1.0 1.0 0.3062500000000025 0.006250000000001432 
0.0 0.0749999999999984 1.0 1.0 1.0 0.7937500000000015 0.16875 0.0 0.0 0.0 0.0 0.0 0.0 0.16874999999999868 0.7937499999999968 1.0 1.0 1.0 1.0 0.025000000000005684 
0.0 0.0 0.0 0.0 0.0 0.0 0.0 0.0 0.0 0.0 0.0 0.0 0.0 0.0 0.0 0.774999999999995 1.0 1.0 1.0 1.0 
0.0 0.0 0.0 0.0 0.0 0.0 0.0 0.0 0.0 0.0 0.0 0.0 0.0 0.0 0.0 0.774999999999995 1.0 1.0 1.0 1.0 
0.0 0.0 0.0 0.0 0.0 0.0 0.0 0.0 0.0 0.0 0.0 0.0 0.0 0.0 0.0 0.774999999999995 1.0 1.0 1.0 0.025000000000005684 
0.0 0.0 0.0 0.0 0.0 0.0 0.0 0.0 0.0 0.0 0.0 0.0 0.0 0.0 0.5437499999999984 0.9437499999999992 1.0 1.0 1.0 0.025000000000005684 
0.0 0.0 0.0 0.0 0.0 0.0 0.0 0.09375 0.2500000000000018 0.2500000000000018 0.2500000000000018 0.2500000000000018 0.718749999999998 1.0 1.0 1.0 1.0 0.7812499999999993 0.056250000000002 0.0 
0.0 0.0 0.0 0.0 0.0 0.0 0.0 0.37499999999999734 1.0 1.0 1.0 1.0 1.0 1.0 1.0 1.0 0.38125000000000175 0.031250000000000666 0.0 0.0 
0.0 0.0 0.0 0.0 0.0 0.0 0.0 0.37499999999999734 1.0 1.0 1.0 1.0 1.0 1.0 1.0 1.0 0.38125000000000464 0.03125000000000111 0.0 0.0 
0.0 0.0 0.0 0.0 0.0 0.0 0.0 0.093749999999998 0.24999999999999645 0.24999999999999645 0.24999999999999645 0.6812499999999952 1.0 1.0 1.0 1.0 1.0 0.12500000000000355 0.0 0.0 
0.0 0.0 0.0 0.0 0.0 0.0 0.0 0.0 0.0 0.0 0.0 0.0 0.0 0.5062499999999954 0.931249999999998 1.0 1.0 1.0 0.07500000000000284 0.0 
0.0 0.0 0.0 0.0 0.0 0.0 0.0 0.0 0.0 0.0 0.0 0.0 0.0 0.0 0.7249999999999961 1.0 1.0 1.0 0.768750000000004 0.018750000000004353 
0.0 0.0 0.0 0.0 0.0 0.0 0.0 0.0 0.0 0.0 0.0 0.0 0.0 0.0 0.7249999999999961 1.0 1.0 1.0 1.0 0.025000000000005684 
0.0 0.0 0.0 0.0 0.0 0.0 0.0 0.0 0.0 0.0 0.0 0.0 0.0 0.0 0.7249999999999961 1.0 1.0 1.0 0.30624999999999886 0.006250000000001333 
1.0 1.0 1.0 0.8687500000000021 0.25000000000000355 0.18125000000000316 0.0 0.0 0.0 0.0 0.0 0.0 0.15625000000000133 0.756249999999999 1.0 1.0 1.0 0.7812499999999978 0.05625000000000187 0.0 
0.2687499999999955 1.0 1.0 1.0 1.0 0.9312500000000016 0.7500000000000036 0.7500000000000036 0.7500000000000036 0.7500000000000036 0.7500000000000036 0.7500000000000036 0.9062500000000004 1.0 1.0 1.0 1.0 0.12500000000000355 0.0 0.0 
0.0 0.05624999999999854 0.7812499999999964 1.0 1.0 1.0 1.0 1.0 1.0 1.0 1.0 1.0 1.0 1.0 0.8187499999999984 0.16875000000000293 0.0 0.0 0.0 0.0 
0.0 0.0 0.031249999999999112 0.3812499999999956 1.0 1.0 1.0 1.0 1.0 1.0 1.0 1.0 0.5312500000000004 0.24999999999999645 0.06875 0.0 0.0 0.0 0.0 0.0 
