0.9750000000000014 1.0 1.0 1.0 0.22499999999999654 0.0 0.0 0.0 0.0 0.0 0.0 0.0 0.0 0.0 0.0 0.22500000000000853 1.0 1.0 1.0 0.9749999999999872 
0.9750000000000014 1.0 1.0 1.0 0.22499999999999654 0.0 0.0 0.0 0.0 0.0 0.0 0.0 0.0 0.0 0.0 0.22500000000000853 1.0 1.0 1.0 0.9749999999999872 
0.9750000000000014 1.0 1.0 1.0 0.22499999999999654 0.0 0.0 0.0 0.0 0.0 0.0 0.0 0.0 0.0 0.0 0.22500000000000853 1.0 1.0 1.0 0.9749999999999872 
0.9750000000000014 1.0 1.0 1.0 0.22499999999999654 0.0 0.0 0.0 0.0 0.0 0.0 0.0 0.0 0.0 0.0 0.22500000000000853 1.0 1.0 1.0 0.9749999999999872 
0.9750000000000014 1.0 1.0 1.0 0.22499999999999654 0.0 0.0 0.0 0.0 0.0 0.0 0.0 0.0 0.0 0.0 0.22500000000000853 1.0 1.0 1.0 0.9749999999999872 
0.9750000000000014 1.0 1.0 1.0 0.22499999999999654 0.0 0.0 0.0 0.0 0.0 0.0 0.0 0.0 0.0 0.0 0.22500000000000853 1.0 1.0 1.0 0.9749999999999872 
0.0 0.9250000000000019 1.0 1.0 0.22499999999999654 0.0 0.0 0.0 0.0 0.0 0.0 0.0 0.0 0.0 0.0 0.22500000000000853 1.0 1.0 1.0 0.9749999999999872 
0.0 0.9250000000000019 1.0 1.0 0.22499999999999654 0.0 0.0 0.0 0.0 0.0 0.0 0.0 0.0 0.0 0.0 0.22500000000000853 1.0 1.0 1.0 0.9749999999999872 
0.0 0.9250000000000019 1.0 1.0 0.22499999999999654 0.0 0.0 0.0 0.0 0.0 0.0 0.0 0.0 0.0 0.0 0.22500000000000853 1.0 1.0 1.0 0.9749999999999872 
0.0 0.925000000000002 1.0 1.0 0.22499999999999654 0.0 0.0 0.0 0.0 0.0 0.0 0.0 0.0 0.0 0.0 0.22500000000000853 1.0 1.0 1.0 0.9749999999999872 
0.0 0.9250000000000019 1.0 1.0 0.22499999999999654 0.0 0.0 0.0 0.0 0.0 0.0 0.0 0.0 0.0 0.0 0.22500000000000853 1.0 1.0 1.0 0.9749999999999872 
0.0 0.9250000000000019 1.0 1.0 0.22499999999999654 0.0 0.0 0.0 0.0 0.0 0.0 0.0 0.0 0.0 0.0 0.22500000000000853 1.0 1.0 1.0 0.9749999999999872 
0.0 0.9250000000000019 1.0 1.0 0.22499999999999654 0.0 0.0 0.0 0.0 0.0 0.0 0.0 0.0 0.0 0.0 0.22500000000000853 1.0 1.0 1.0 0.9749999999999872 
0.0 0.925000000000002 1.0 1.0 0.22499999999999654 0.0 0.0 0.0 0.0 0.0 0.0 0.0 0.0 0.0 0.0 0.22500000000000853 1.0 1.0 1.0 0.9749999999999872 
0.0 0.9250000000000018 1.0 1.0 0.22499999999999654 0.0 0.0 0.0 0.0 0.0 0.0 0.0 0.0 0.0 0.0 0.22500000000000853 1.0 1.0 1.0 0.9749999999999872 
0.0 0.9250000000000019 1.0 1.0 0.22499999999999654 0.0 0.0 0.0 0.0 0.0 0.0 0.0 0.0 0.0 0.0 0.22500000000000853 1.0 1.0 1.0 0.9749999999999872 
0.0 0.4162499999999969 0.9312500000000008 1.0 1.0 0.2749999999999959 0.0 0.0 0.0 0.0 0.0 0.0 0.0 0.0 0.15125000000000624 0.6512500000000071 1.0 1.0 0.92499999999999 0.0 
0.0 0.0 0.6562499999999987 0.95625 1.0 1.0 0.4937499999999992 0.25000000000000355 0.25000000000000355 0.11875000000000027 0.0 0.10625000000000347 0.25000000000000355 0.4937500000000085 1.0 1.0 1.0 0.8749999999999893 0.0 0.0 
0.0 0.0 0.0 0.041249999999997795 0.7862500000000027 1.0 1.0 1.0 1.0 0.9737500000000012 0.9500000000000028 0.9712500000000021 1.0 1.0 1.0 1.0 0.8337499999999904 0.04374999999999698 0.0 0.0 
0.0 0.0 0.0 0.0 0.0 0.0 0.23624999999999766 0.3499999999999943 0.7237500000000012 1.0 1.0 1.0 0.7562499999999932 0.3499999999999943 0.25374999999999265 0.0 0.0 0.0 0.0 0.0 
