0.0 0.0 0.0 0.0 0.13750000000000343 0.2500000000000071 0.5125000000000031 1.0 1.0 1.0 1.0 1.0 1.0 1.0 0.5875000000000073 0.13750000000000542 0.0 0.0 0.0 0.0 
0.0 0.0 0.0 0.48750000000000354 0.8875000000000027 1.0 0.7374999999999992 0.4374999999999927 1.0 1.0 1.0 1.0 1.0 1.0 1.0 0.8875000000000047 0.7500000000000071 0.5625000000000093 0.0 0.0 
0.0 0.2125000000000058 0.8125000000000008 1.0 1.0 0.5500000000000025 0.0 0.0 0.0 0.0 0.0 0.0 0.0 0.48749999999999166 0.8874999999999956 1.0 1.0 0.8125000000000058 0.2125000000000073 0.0 
0.0 0.849999999999999 1.0 1.0 0.5874999999999976 0.1374999999999967 0.0 0.0 0.0 0.0 0.0 0.0 0.0 0.0 0.13749999999999493 0.5874999999999916 1.0 1.0 0.850000000000005 0.0 
0.0 0.849999999999999 1.0 0.8374999999999957 0.33749999999999825 0.0 0.0 0.0 0.0 0.0 0.0 0.0 0.0 0.0 0.0 0.44999999999999396 1.0 1.0 0.850000000000005 0.0 
0.0 0.2124999999999937 0.2499999999999929 0.08749999999999787 0.0 0.0 0.0 0.0 0.0 0.0 0.0 0.0 0.0 0.0 0.0 0.44999999999999396 1.0 1.0 0.850000000000005 0.0 
0.0 0.0 0.0 0.0 0.0 0.0 0.0 0.0 0.0 0.0 0.0 0.0 0.0 0.0 0.5499999999999954 1.0 1.0 1.0 0.850000000000005 0.0 
0.0 0.0 0.0 0.0 0.0 0.0 0.0 0.0 0.0 0.0 0.0 0.0 0.0 0.0 0.5499999999999954 1.0 1.0 0.8125000000000022 0.2124999999999952 0.0 
0.0 0.0 0.0 0.0 0.0 0.0 0.0 0.06250000000000111 0.2500000000000071 0.2500000000000071 0.2500000000000071 0.2500000000000071 0.8124999999999991 1.0 1.0 0.8874999999999983 0.48749999999999966 0.0 0.0 0.0 
0.0 0.0 0.0 0.0 0.0 0.0 0.0 0.24999999999999734 1.0 1.0 1.0 1.0 1.0 1.0 1.0 0.550000000000006 0.0 0.0 0.0 0.0 
0.0 0.0 0.0 0.0 0.0 0.0 0.0 0.18749999999999623 0.7499999999999929 0.7499999999999929 0.7499999999999929 0.7499999999999929 0.7499999999999929 0.9124999999999963 1.0 0.6625000000000077 0.2500000000000071 0.18750000000000666 0.0 0.0 
0.0 0.0 0.0 0.0 0.0 0.0 0.0 0.0 0.0 0.0 0.0 0.0 0.0 0.16249999999999415 0.6624999999999933 1.0 1.0 0.9375000000000031 0.6375000000000097 0.0 
0.0 0.0 0.0 0.0 0.0 0.0 0.0 0.0 0.0 0.0 0.0 0.0 0.0 0.0 0.0 0.33749999999999225 0.8374999999999939 1.0 0.850000000000005 0.0 
0.0 0.0 0.0 0.0 0.0 0.0 0.0 0.0 0.0 0.0 0.0 0.0 0.0 0.0 0.0 0.0 0.3499999999999943 1.0 0.9625000000000024 0.7125000000000116 
0.23750000000000657 0.2500000000000071 0.2500000000000071 0.08750000000000284 0.0 0.0 0.0 0.0 0.0 0.0 0.0 0.0 0.0 0.0 0.0 0.0 0.0 0.24999999999999467 1.0 0.9500000000000064 
0.9499999999999993 1.0 1.0 0.837500000000005 0.3375000000000047 0.0 0.0 0.0 0.0 0.0 0.0 0.0 0.0 0.0 0.0 0.3374999999999987 0.7500000000000071 0.812500000000004 0.8875000000000026 0.23749999999999485 
0.7124999999999927 0.9624999999999987 1.0 1.0 0.5875000000000054 0.13750000000000454 0.0 0.0 0.0 0.0 0.0 0.0 0.0 0.0 0.13750000000000276 0.5874999999999994 0.912499999999999 0.8124999999999933 0.850000000000005 0.0 
0.0 0.849999999999999 1.0 1.0 1.0 0.8875000000000038 0.4875000000000062 0.0 0.0 0.0 0.0 0.0 0.0 0.4875000000000009 0.8875000000000021 1.0 0.9125000000000039 0.6250000000000062 0.2124999999999952 0.0 
0.0 0.0 0.5624999999999937 0.7499999999999929 0.8874999999999963 1.0 1.0 1.0 0.8875000000000035 0.23750000000000746 0.012500000000001421 0.8499999999999961 1.0 1.0 0.8624999999999973 0.7499999999999929 0.48749999999999966 0.0 0.0 0.0 
0.0 0.0 0.0 0.0 0.1374999999999956 0.2499999999999929 0.5124999999999937 1.0 1.0 0.987500000000001 0.7625000000000078 0.9625000000000001 0.43749999999999734 0.2499999999999929 0.11249999999999796 0.0 0.0 0.0 0.0 0.0 
