0.0 0.999999999999999 1.0 1.0 1.0 1.0 1.7763568394002505e-15 0.0 0.0 0.0 0.0 0.0 0.0 0.0 0.0 0.0 0.9999999999999964 1.0 1.0 1.0 
0.0 0.999999999999999 1.0 1.0 1.0 1.0 0.6749999999999988 1.199040866595166e-15 0.0 0.0 0.0 0.0 0.0 0.0 0.0 0.0 0.9999999999999964 1.0 1.0 0.3250000000000041 
0.0 0.999999999999999 1.0 1.0 1.0 1.0 1.0 0.12500000000000022 2.2204460492502894e-16 0.0 0.0 0.0 0.0 0.0 0.0 0.0 0.9999999999999964 1.0 1.0 3.552713678800501e-15 
0.0 0.999999999999999 1.0 1.0 1.0 1.0 1.0 1.0 1.7763568394002505e-15 0.0 0.0 0.0 0.0 0.0 0.0 0.0 0.9999999999999964 1.0 1.0 3.552713678800501e-15 
0.0 0.999999999999999 1.0 1.0 1.0 1.0 1.0 1.0 0.0250000000000012 8.881784197001063e-17 0.0 0.0 0.0 0.0 0.0 0.0 0.9999999999999964 1.0 1.0 3.552713678800501e-15 
0.0 0.9999999999999989 1.0 1.0 1.0 1.0 1.0 1.0 1.0 3.552713678800501e-15 0.0 0.0 0.0 0.0 0.0 0.0 0.9999999999999964 1.0 1.0 3.552713678800501e-15 
0.0 0.999999999999999 1.0 1.0 1.0 1.0 1.0 1.0 1.0 0.9250000000000009 3.286260152890466e-15 0.0 0.0 0.0 0.0 0.0 0.9999999999999964 1.0 1.0 3.552713678800501e-15 
0.0 0.9999999999999989 1.0 1.0 0.6250000000000004 1.1102230246251565e-15 0.9999999999999982 1.0 1.0 1.0 3.552713678800501e-15 0.0 0.0 0.0 0.0 0.0 0.9999999999999964 1.0 1.0 3.552713678800501e-15 
0.0 0.9999999999999991 1.0 1.0 1.3322676295501878e-15 0.0 0.17499999999999863 0.9999999999999986 1.0 1.0 0.8250000000000017 2.930988785010417e-15 0.0 0.0 0.0 0.8249999999999982 0.9999999999999993 1.0 1.0 3.552713678800501e-15 
0.0 0.9999999999999989 1.0 1.0 1.3322676295501878e-15 0.0 0.0 0.7249999999999965 0.9999999999999996 1.0 1.0 0.2750000000000047 9.769962616701453e-16 0.0 0.0 0.9999999999999964 1.0 1.0 1.0 3.552713678800501e-15 
0.0 0.9999999999999989 1.0 1.0 1.3322676295501878e-15 0.0 0.0 0.0 0.9999999999999982 1.0 1.0 1.0 3.552713678800501e-15 0.0 0.0 0.9999999999999964 1.0 1.0 1.0 3.552713678800501e-15 
0.0 0.9999999999999991 1.0 1.0 1.3322676295501878e-15 0.0 0.0 0.0 0.0 0.9999999999999964 1.0 1.0 0.1750000000000072 6.217248937901028e-16 0.0 0.9999999999999964 1.0 1.0 0.8249999999999964 2.930988785010398e-15 
0.0 0.9999999999999989 1.0 1.0 1.3322676295501878e-15 0.0 0.0 0.0 0.0 0.9999999999999964 1.0 1.0 1.0 3.552713678800501e-15 0.6250000000000013 0.9999999999999987 1.0 1.0 3.552713678800501e-15 0.0 
0.0 0.999999999999999 1.0 1.0 1.3322676295501878e-15 0.0 0.0 0.0 0.0 0.0 0.9999999999999964 1.0 1.0 1.0 1.0 1.0 1.0 1.0 3.552713678800501e-15 0.0 
0.5250000000000017 0.9999999999999996 1.0 0.4749999999999986 6.328271240363364e-16 0.0 0.0 0.0 0.0 0.0 0.4749999999999962 0.9999999999999981 1.0 1.0 1.0 1.0 1.0 1.0 3.552713678800501e-15 0.0 
0.9999999999999991 1.0 1.0 1.3322676295501878e-15 0.0 0.0 0.0 0.0 0.0 0.0 0.0 0.9999999999999964 1.0 1.0 1.0 1.0 1.0 1.0 3.552713678800501e-15 0.0 
0.9999999999999991 1.0 1.0 1.3322676295501878e-15 0.0 0.0 0.0 0.0 0.0 0.0 0.0 0.5749999999999937 0.9999999999999984 1.0 1.0 1.0 1.0 1.0 3.552713678800501e-15 0.0 
0.9999999999999991 1.0 1.0 1.3322676295501878e-15 0.0 0.0 0.0 0.0 0.0 0.0 0.0 0.0 0.9999999999999964 1.0 1.0 1.0 1.0 1.0 3.552713678800501e-15 0.0 
0.9999999999999991 1.0 1.0 1.3322676295501878e-15 0.0 0.0 0.0 0.0 0.0 0.0 0.0 0.0 0.0 0.9999999999999964 1.0 1.0 1.0 1.0 3.552713678800501e-15 0.0 
0.9999999999999991 1.0 1.0 1.3322676295501878e-15 0.0 0.0 0.0 0.0 0.0 0.0 0.0 0.0 0.0 0.9999999999999964 1.0 1.0 1.0 1.0 3.552713678800501e-15 0.0 
