0.0 0.7750000000000024 1.0 1.0 1.0 1.0 1.0 1.0 1.0 1.0 1.0 1.0 1.0 1.0 1.0 1.0 1.0 0.71875 0.41875000000000384 0.9249999999999972 
0.0 0.7750000000000026 1.0 1.0 1.0 1.0 1.0 1.0 1.0 1.0 1.0 1.0 1.0 1.0 1.0 1.0 1.0 1.0 1.0 0.9249999999999972 
0.0 0.7750000000000026 1.0 1.0 1.0 0.9562499999999988 0.7499999999999969 0.7499999999999969 0.7499999999999969 0.7499999999999969 0.7499999999999969 0.7499999999999969 0.7499999999999969 0.7499999999999969 0.7499999999999969 0.7499999999999969 0.7499999999999969 0.7499999999999969 0.7499999999999969 0.693749999999995 
0.0 0.7750000000000025 1.0 1.0 1.0 0.8249999999999975 0.0 0.0 0.0 0.0 0.0 0.0 0.0 0.0 0.0 0.0 0.0 0.0 0.0 0.0 
0.0 0.7750000000000025 1.0 1.0 1.0 0.8249999999999975 0.0 0.0 0.0 0.0 0.0 0.0 0.0 0.0 0.0 0.0 0.0 0.0 0.0 0.0 
0.0 0.7750000000000025 1.0 1.0 1.0 0.8249999999999975 0.0 0.0 0.0 0.0 0.0 0.0 0.0 0.0 0.0 0.0 0.0 0.0 0.0 0.0 
0.0 0.7750000000000025 1.0 1.0 1.0 0.8687499999999985 0.2500000000000018 0.2500000000000018 0.2500000000000018 0.2500000000000018 0.2500000000000018 0.2500000000000018 0.2500000000000018 0.2500000000000018 0.2500000000000018 0.08124999999999996 0.0 0.0 0.0 0.0 
0.0 0.7750000000000025 1.0 1.0 1.0 1.0 1.0 1.0 1.0 1.0 1.0 1.0 1.0 1.0 1.0 0.8312500000000006 0.7500000000000018 0.4687499999999998 0.0 0.0 
0.0 0.7750000000000025 1.0 1.0 1.0 1.0 0.9937499999999995 0.7812499999999978 0.7499999999999982 0.7499999999999982 0.7499999999999982 0.7499999999999982 0.7499999999999982 0.7499999999999982 0.9562500000000004 1.0 1.0 1.0 0.7749999999999986 0.0 
0.0 0.7750000000000025 1.0 1.0 1.0 0.8687499999999978 0.24374999999999775 0.031249999999999112 0.0 0.0 0.0 0.0 0.0 0.0 0.20624999999999924 0.7562500000000013 1.0 1.0 0.9437500000000001 0.6937499999999995 
0.0 0.0 0.0 0.0 0.0 0.0 0.0 0.0 0.0 0.0 0.0 0.0 0.0 0.0 0.0 0.6750000000000025 1.0 1.0 1.0 0.9249999999999972 
0.0 0.0 0.0 0.0 0.0 0.0 0.0 0.0 0.0 0.0 0.0 0.0 0.0 0.0 0.0 0.16875000000000062 0.6437500000000016 1.0 1.0 0.9249999999999972 
0.0 0.0 0.0 0.0 0.0 0.0 0.0 0.0 0.0 0.0 0.0 0.0 0.0 0.0 0.0 0.0 0.5250000000000021 1.0 1.0 0.9249999999999972 
0.0 0.0 0.0 0.0 0.0 0.0 0.0 0.0 0.0 0.0 0.0 0.0 0.0 0.0 0.0 0.5062500000000019 0.8812500000000005 1.0 1.0 0.9249999999999972 
0.9250000000000025 1.0 1.0 0.6437499999999983 0.1687499999999994 0.0 0.0 0.0 0.0 0.0 0.0 0.0 0.0 0.0 0.0 0.16875000000000062 0.6437500000000016 1.0 1.0 0.9249999999999972 
0.9250000000000025 1.0 1.0 1.0 0.6749999999999976 0.0 0.0 0.0 0.0 0.0 0.0 0.0 0.0 0.0 0.0 0.6750000000000025 1.0 1.0 1.0 0.9249999999999972 
0.0 0.7750000000000025 1.0 1.0 0.7562499999999982 0.20624999999999938 0.0 0.0 0.0 0.0 0.0 0.0 0.0 0.0 0.2062500000000007 0.7562500000000019 1.0 1.0 0.9437499999999996 0.6937499999999979 
0.0 0.19375000000000062 0.7187500000000018 1.0 1.0 0.9562499999999994 0.7312499999999984 0.093749999999998 0.0 0.0 0.0 0.0 0.09375000000000133 0.7312500000000011 0.9562500000000007 1.0 1.0 1.0 0.7749999999999986 0.0 
0.0 0.0 0.46875000000000183 0.75 0.8312500000000006 1.0 1.0 1.0 1.0 1.0 1.0 1.0 1.0 1.0 1.0 1.0 0.8687499999999995 0.46874999999999867 0.0 0.0 
0.0 0.0 0.0 0.0 0.0812500000000006 0.25 0.2687500000000016 0.906250000000002 1.0 1.0 1.0 1.0 0.9062499999999987 0.26874999999999893 0.25 0.25 0.11874999999999947 0.0 0.0 0.0 
