0.0 0.0 0.750000000000002 1.0 1.0 1.0 1.0 1.0 1.0 1.0 1.0 1.0 1.0 1.0 1.0 1.0 1.0 1.0 1.0 0.9499999999999886 
0.0 0.0 0.750000000000002 1.0 1.0 1.0 1.0 1.0 1.0 1.0 1.0 1.0 1.0 1.0 1.0 1.0 1.0 1.0 1.0 0.9499999999999886 
0.0 0.0 0.750000000000002 1.0 1.0 1.0 0.6499999999999959 0.0 0.0 0.0 0.0 0.0 0.0 0.0 0.0 0.0 0.0 0.0 0.0 0.0 
0.0 0.0 0.750000000000002 1.0 1.0 1.0 0.6499999999999959 0.0 0.0 0.0 0.0 0.0 0.0 0.0 0.0 0.0 0.0 0.0 0.0 0.0 
0.0 0.0 0.750000000000002 1.0 1.0 0.5499999999999963 0.0 0.0 0.0 0.0 0.0 0.0 0.0 0.0 0.0 0.0 0.0 0.0 0.0 0.0 
0.0 0.0 0.750000000000002 1.0 1.0 0.5499999999999963 0.0 0.0 0.0 0.0 0.0 0.0 0.0 0.0 0.0 0.0 0.0 0.0 0.0 0.0 
0.0 0.0 0.750000000000002 1.0 1.0 0.9662500000000008 0.6012499999999978 0.0 0.13875000000000481 0.9250000000000025 0.9250000000000025 0.9250000000000025 0.9250000000000025 0.9250000000000025 0.4162499999999939 0.0 0.0 0.0 0.0 0.0 
0.0 0.0 0.750000000000002 1.0 1.0 1.0 1.0 1.0 1.0 1.0 1.0 1.0 1.0 1.0 1.0 1.0 0.7812499999999953 0.281249999999998 0.0 0.0 
0.0 0.0 0.750000000000002 1.0 1.0 1.0 1.0 0.7937499999999961 0.17499999999999893 0.17499999999999893 0.17499999999999893 0.17499999999999893 0.17499999999999893 0.7112500000000058 1.0 1.0 1.0 0.9562499999999987 0.7012499999999904 0.0 
0.0 0.6162500000000009 0.7249999999999996 0.7249999999999996 0.7249999999999996 0.3987499999999971 0.0 0.0 0.0 0.0 0.0 0.0 0.0 0.0 0.3987500000000055 0.8487500000000021 1.0 1.0 0.8912499999999908 0.2612499999999972 
0.0 0.0 0.0 0.0 0.0 0.0 0.0 0.0 0.0 0.0 0.0 0.0 0.0 0.0 0.0 0.45000000000000817 1.0 1.0 1.0 0.9499999999999886 
0.0 0.0 0.0 0.0 0.0 0.0 0.0 0.0 0.0 0.0 0.0 0.0 0.0 0.0 0.0 0.45000000000000817 1.0 1.0 1.0 0.9499999999999886 
0.0 0.0 0.0 0.0 0.0 0.0 0.0 0.0 0.0 0.0 0.0 0.0 0.0 0.0 0.0 0.45000000000000817 1.0 1.0 1.0 0.9499999999999886 
0.0 0.0 0.0 0.0 0.0 0.0 0.0 0.0 0.0 0.0 0.0 0.0 0.0 0.0 0.0 0.45000000000000817 1.0 1.0 0.8499999999999872 0.0 
0.0 0.4462499999999996 0.5249999999999986 0.5249999999999986 0.23624999999999782 0.0 0.0 0.0 0.0 0.0 0.0 0.0 0.0 0.0 0.0 0.45000000000000817 1.0 1.0 0.8499999999999872 0.0 
0.926249999999999 0.9962499999999997 1.0 1.0 0.44999999999999707 0.0 0.0 0.0 0.0 0.0 0.0 0.0 0.0 0.0 0.0 0.45000000000000817 1.0 1.0 0.8499999999999872 0.0 
0.0 0.8500000000000015 1.0 1.0 0.6837499999999967 0.23374999999999685 0.0 0.0 0.0 0.0 0.0 0.0 0.0 0.0 0.5500000000000078 1.0 1.0 1.0 0.8499999999999872 0.0 
0.0 0.10625000000000322 0.7812500000000027 1.0 1.0 0.943749999999998 0.5687499999999941 0.0 0.0 0.0 0.0 0.0 0.0 0.5687500000000042 0.9437499999999994 1.0 1.0 0.7812499999999931 0.10625000000000143 0.0 
0.0 0.0 0.5062500000000045 0.8862500000000023 1.0 1.0 1.0 1.0 1.0 1.0 1.0 1.0 1.0 1.0 1.0 0.8537499999999992 0.43874999999999703 0.0 0.0 0.0 
0.0 0.0 0.0 0.14625000000000382 0.22500000000000497 0.5737500000000056 1.0 1.0 1.0 1.0 1.0 1.0 1.0 0.49624999999999747 0.22500000000000497 0.1237500000000009 0.0 0.0 0.0 0.0 
