0.0 0.8500000000000028 1.0 1.0 1.0 1.0 1.0 1.0 1.0 1.0 1.0 1.0 1.0 1.0 1.0 1.0 1.0 1.0 1.0 0.9499999999999993 
0.0 0.8500000000000026 1.0 1.0 1.0 1.0 1.0 1.0 1.0 1.0 1.0 1.0 1.0 1.0 1.0 1.0 1.0 1.0 1.0 0.9499999999999993 
0.0 0.8500000000000025 1.0 1.0 1.0 1.0 0.7812499999999993 0.37500000000000044 0.37500000000000044 0.37500000000000044 0.37500000000000044 0.37500000000000044 0.37500000000000044 0.37500000000000044 0.37500000000000044 0.37500000000000044 0.37500000000000044 0.37500000000000044 0.37500000000000044 0.3562500000000002 
0.0 0.8500000000000026 1.0 1.0 1.0 0.549999999999998 0.0 0.0 0.0 0.0 0.0 0.0 0.0 0.0 0.0 0.0 0.0 0.0 0.0 0.0 
0.0 0.8500000000000026 1.0 1.0 1.0 0.549999999999998 0.0 0.0 0.0 0.0 0.0 0.0 0.0 0.0 0.0 0.0 0.0 0.0 0.0 0.0 
0.0 0.8500000000000026 1.0 1.0 1.0 0.549999999999998 0.0 0.0 0.0 0.0 0.0 0.0 0.0 0.0 0.0 0.0 0.0 0.0 0.0 0.0 
0.0 0.8500000000000026 1.0 1.0 1.0 1.0 1.0 1.0 1.0 1.0 1.0 1.0 1.0 1.0 1.0 0.6512500000000003 0.14624999999999985 0.0 0.0 0.0 
0.0 0.8500000000000026 1.0 1.0 1.0 1.0 1.0 1.0 1.0 1.0 1.0 1.0 1.0 1.0 1.0 1.0 0.95625 0.65625 0.0 0.0 
0.0 0.8500000000000026 1.0 1.0 1.0 1.0 0.8162499999999991 0.47499999999999964 0.47499999999999964 0.47499999999999964 0.47499999999999964 0.47499999999999964 0.47499999999999964 0.8162500000000001 1.0 1.0 1.0 1.0 0.8500000000000014 0.0 
0.0 0.7012500000000016 0.8249999999999993 0.8249999999999993 0.8249999999999993 0.453749999999998 0.0 0.0 0.0 0.0 0.0 0.0 0.0 0.0 0.5500000000000007 1.0 1.0 1.0 1.0 0.9499999999999993 
0.0 0.0 0.0 0.0 0.0 0.0 0.0 0.0 0.0 0.0 0.0 0.0 0.0 0.0 0.5500000000000007 1.0 1.0 1.0 1.0 0.9499999999999993 
0.0 0.0 0.0 0.0 0.0 0.0 0.0 0.0 0.0 0.0 0.0 0.0 0.0 0.0 0.5500000000000007 1.0 1.0 1.0 1.0 0.9499999999999993 
0.0 0.0 0.0 0.0 0.0 0.0 0.0 0.0 0.0 0.0 0.0 0.0 0.0 0.0 0.5500000000000007 1.0 1.0 1.0 1.0 0.9499999999999993 
0.0 0.0 0.0 0.0 0.0 0.0 0.0 0.0 0.0 0.0 0.0 0.0 0.0 0.0 0.5500000000000007 1.0 1.0 1.0 1.0 0.9499999999999993 
0.9500000000000028 1.0 1.0 1.0 0.6837499999999992 0.23374999999999957 0.0 0.0 0.0 0.0 0.0 0.0 0.0 0.0 0.5500000000000007 1.0 1.0 1.0 1.0 0.9499999999999993 
0.9500000000000028 1.0 1.0 1.0 0.4912499999999997 0.04125000000000142 0.0 0.0 0.0 0.0 0.0 0.0 0.0 0.0 0.5500000000000007 1.0 1.0 1.0 0.8500000000000014 0.0 
0.9500000000000028 1.0 1.0 1.0 1.0 0.549999999999998 0.0 0.0 0.0 0.0 0.0 0.0 0.0 0.47125000000000117 0.8762500000000009 1.0 1.0 1.0 0.8500000000000014 0.0 
0.0 0.5312500000000017 0.9062500000000009 1.0 1.0 1.0 1.0 0.8437499999999989 0.375 0.375 0.375 0.9062500000000009 1.0 1.0 1.0 1.0 1.0 0.90625 0.5312500000000009 0.0 
0.0 0.0 0.0 0.6337500000000007 0.9887499999999991 1.0 1.0 1.0 1.0 1.0 1.0 1.0 1.0 1.0 0.9862499999999988 0.9749999999999979 0.6337499999999989 0.0 0.0 0.0 
0.0 0.0 0.0 0.0 0.17875000000000027 0.3249999999999993 0.3249999999999993 0.4937500000000007 1.0 1.0 1.0 0.42624999999999846 0.3249999999999993 0.3249999999999993 0.14624999999999944 0.0 0.0 0.0 0.0 0.0 
