0.0 0.0 0.0 0.0 0.17875000000000027 0.3249999999999993 0.5612500000000005 1.0 1.0 1.0 1.0 1.0 1.0 1.0 0.6287499999999991 0.17874999999999985 0.0 0.0 0.0 0.0 
0.0 0.0 0.0 0.6337500000000017 0.9887499999999998 1.0 1.0 1.0 1.0 1.0 1.0 1.0 1.0 1.0 1.0 0.9887499999999998 0.9749999999999994 0.7312499999999995 0.0 0.0 
0.0 0.5312500000000012 0.9062500000000009 1.0 1.0 1.0 1.0 0.843749999999999 0.37500000000000044 0.37500000000000044 0.37500000000000044 0.37500000000000044 0.8437500000000001 1.0 1.0 1.0 1.0 0.9062499999999999 0.5312500000000006 0.0 
0.26125000000000026 0.8912500000000019 1.0 1.0 1.0 0.549999999999998 0.0 0.0 0.0 0.0 0.0 0.0 0.0 0.0 0.5500000000000007 1.0 1.0 1.0 0.891250000000001 0.2612499999999993 
0.9500000000000028 1.0 1.0 1.0 1.0 0.549999999999998 0.0 0.0 0.0 0.0 0.0 0.0 0.0 0.0 0.5500000000000007 1.0 1.0 1.0 1.0 0.9499999999999993 
0.4037500000000019 0.4250000000000007 0.4250000000000007 0.4250000000000007 0.19124999999999945 0.0 0.0 0.0 0.0 0.0 0.0 0.0 0.0 0.0 0.5500000000000007 1.0 1.0 1.0 1.0 0.9499999999999993 
0.0 0.0 0.0 0.0 0.0 0.0 0.0 0.0 0.0 0.0 0.0 0.0 0.0 0.14624999999999985 0.6512500000000003 1.0 1.0 1.0 0.8500000000000014 0.0 
0.0 0.0 0.0 0.0 0.0 0.0 0.0 0.0 0.0 0.0 0.0 0.0 0.65625 0.95625 1.0 1.0 1.0 0.78125 0.10625000000000018 0.0 
0.0 0.0 0.0 0.0 0.0 0.0 0.0 0.0 0.0 0.0 0.0 0.44625000000000103 0.8812500000000001 1.0 1.0 1.0 0.8162500000000001 0.35624999999999973 0.0 0.0 
0.0 0.0 0.0 0.0 0.0 0.0 0.0 0.0 0.0 0.05000000000000071 0.9500000000000011 1.0 1.0 1.0 1.0 0.5500000000000007 0.0 0.0 0.0 0.0 
0.0 0.0 0.0 0.0 0.0 0.0 0.0 0.0 0.12375000000000091 0.8337499999999994 0.9912500000000002 1.0 1.0 1.0 0.5462499999999998 0.09625000000000052 0.0 0.0 0.0 0.0 
0.0 0.0 0.0 0.0 0.0 0.0 0.16625000000000117 0.606250000000002 1.0 1.0 1.0 1.0 1.0 0.6912499999999989 0.236249999999999 0.0 0.0 0.0 0.0 0.0 
0.0 0.0 0.0 0.0 0.0 0.056250000000000244 0.43125000000000124 1.0 1.0 1.0 1.0 0.8937499999999998 0.21875 0.0 0.0 0.0 0.0 0.0 0.0 0.0 
0.0 0.0 0.0 0.0 0.42625000000000274 0.8762500000000016 1.0 1.0 1.0 0.9612499999999994 0.26374999999999715 0.033749999999999364 0.0 0.0 0.0 0.0 0.0 0.0 0.0 0.0 
0.0 0.0 0.0 0.6500000000000021 1.0 1.0 1.0 1.0 0.9362499999999994 0.5462499999999989 0.028749999999999352 0.0 0.0 0.0 0.0 0.0 0.0 0.0 0.0 0.0 
0.0 0.06375000000000261 0.7687500000000029 1.0 1.0 1.0 1.0 0.7499999999999982 0.0 0.0 0.0 0.0 0.0 0.0 0.0 0.0 0.0 0.0 0.0 0.0 
0.0 0.8500000000000025 1.0 1.0 1.0 1.0 0.7462499999999985 0.20624999999999843 0.0 0.0 0.0 0.0 0.0 0.0 0.0 0.0 0.0 0.0 0.0 0.0 
0.9500000000000028 1.0 1.0 1.0 1.0 1.0 0.7812499999999991 0.375 0.375 0.375 0.375 0.375 0.375 0.375 0.375 0.375 0.375 0.375 0.31875000000000053 0.0 
0.9500000000000028 1.0 1.0 1.0 1.0 1.0 1.0 1.0 1.0 1.0 1.0 1.0 1.0 1.0 1.0 1.0 1.0 1.0 0.9962499999999997 0.9262499999999972 
0.9500000000000028 1.0 1.0 1.0 1.0 1.0 1.0 1.0 1.0 1.0 1.0 1.0 1.0 1.0 1.0 1.0 1.0 0.8312499999999998 0.2762499999999999 0.0 
