0.0 0.0 0.0 0.0 0.0 0.0 0.0 0.4500000000000016 0.45000000000000284 0.999999999999998 1.0 1.0 1.0 1.0 0.45000000000000673 0.45000000000000284 3.996802888650589e-15 0.0 0.0 0.0 
0.0 0.0 0.0 0.0 0.0 0.3500000000000026 0.9999999999999989 1.0 1.0 1.0 1.0 1.0 1.0 1.0 1.0 1.0 1.0 0.3500000000000078 2.4868995751603734e-15 0.0 
0.0 0.0 1.1102230246251723e-16 0.25000000000000355 0.749999999999996 0.9999999999999996 1.0 0.7499999999999971 0.7499999999999964 2.664535259100363e-15 0.0 0.0 0.0 0.7499999999999911 0.7499999999999964 0.9999999999999978 1.0 1.0 1.0 1.4210854715202004e-14 
0.0 1.665334536937788e-16 0.15000000000000518 1.0 1.0 1.0 1.7763568394002505e-15 0.0 0.0 0.0 0.0 0.0 0.0 0.0 0.0 0.8499999999999877 0.9999999999999987 1.0 1.0 1.0 
8.88178419700201e-17 0.05000000000000532 1.0 1.0 1.0 1.7763568394002505e-15 0.0 0.0 0.0 0.0 0.0 0.0 0.0 0.0 0.0 0.0 0.9999999999999911 1.0 1.0 1.0 
1.7763568394002505e-15 1.0 1.0 1.0 1.0 1.7763568394002505e-15 0.0 0.0 0.0 0.0 0.0 0.0 0.0 0.0 0.0 0.0 0.9999999999999911 1.0 1.0 1.0 
1.7763568394002505e-15 1.0 1.0 1.0 1.0 1.7763568394002505e-15 0.0 0.0 0.0 0.0 0.0 0.0 0.0 0.0 0.0 0.0 0.9999999999999911 1.0 1.0 1.0 
1.7763568394002505e-15 1.0 1.0 1.0 1.0 1.7763568394002505e-15 0.0 0.0 0.0 0.0 0.0 0.0 0.0 0.0 0.0 0.0 0.9999999999999911 1.0 1.0 1.0 
1.7763568394002505e-15 1.0 1.0 1.0 1.0 0.6500000000000081 1.154631945610176e-15 0.0 0.0 0.0 0.0 0.0 0.0 0.0 0.0 0.9999999999999911 1.0 1.0 1.0 1.0 
0.0 4.996003610813118e-16 0.4499999999999924 1.0 1.0 1.0 0.5500000000000086 0.5500000000000078 0.5500000000000078 1.9539925233403033e-15 0.0 0.5500000000000049 0.5500000000000078 0.5500000000000078 0.9999999999999968 1.0 1.0 1.0 1.0 0.45 
0.0 0.0 2.4424906541753e-16 0.54999999999999 0.9999999999999996 1.0 1.0 1.0 1.0 1.0 1.0 1.0 1.0 1.0 1.0 1.0 1.0 1.0 1.0 1.4210854715202004e-14 
0.0 0.0 0.0 0.0 0.0 0.0 0.6499999999999904 0.6499999999999915 0.6499999999999915 0.6499999999999915 0.6499999999999915 0.6499999999999915 3.463895836830443e-15 0.0 0.0 0.9999999999999911 1.0 1.0 1.0 1.4210854715202004e-14 
0.0 0.0 0.0 0.0 0.0 0.0 0.0 0.0 0.0 0.0 0.0 0.0 0.0 0.0 0.0 0.9999999999999911 1.0 1.0 1.0 1.4210854715202004e-14 
0.0 0.0 0.0 0.0 0.0 0.0 0.0 0.0 0.0 0.0 0.0 0.0 0.0 0.0 0.0 0.9999999999999911 1.0 1.0 1.0 1.4210854715202004e-14 
0.05000000000001137 0.05000000000001137 0.05000000000001137 0.05000000000001137 4.440892098501636e-17 0.0 0.0 0.0 0.0 0.0 0.0 0.0 0.0 0.0 0.0 0.9999999999999911 1.0 1.0 1.0 1.4210854715202004e-14 
1.0 1.0 1.0 1.0 8.881784197001252e-16 0.0 0.0 0.0 0.0 0.0 0.0 0.0 0.0 0.0 0.0 0.9999999999999911 1.0 1.0 0.049999999999996804 7.105427357599588e-16 
1.0 1.0 1.0 1.0 8.881784197001252e-16 0.0 0.0 0.0 0.0 0.0 0.0 0.0 0.0 0.0 0.8500000000000061 0.9999999999999987 1.0 1.0 7.105427357601002e-15 0.0 
1.7763568394002505e-15 1.0 1.0 1.0 1.0 0.7500000000000147 1.332267629550213e-15 0.0 0.0 0.0 0.0 0.0 0.7500000000000102 0.9999999999999982 1.0 1.0 0.24999999999999245 1.7763568394001495e-15 0.0 0.0 
0.0 3.885780586187906e-16 0.3499999999999875 1.0 1.0 1.0 1.0 1.0 0.650000000000014 0.9999999999999988 1.0 1.0 1.0 1.0 1.0 0.349999999999993 3.1086244689503247e-15 0.0 0.0 0.0 
0.0 0.0 0.0 0.0 0.44999999999998824 0.999999999999999 1.0 1.0 1.0 1.0 1.0 0.4499999999999916 0.44999999999998863 3.19744231092037e-15 0.0 0.0 0.0 0.0 0.0 0.0 
