0.0 0.0 0.0 0.0 0.0 0.0 0.22749999999999768 0.3499999999999943 0.9025000000000024 1.0 1.0 1.0 1.0 1.0 1.0 0.6424999999999941 0.3499999999999943 0.0874999999999961 0.0 0.0 
0.0 0.0 0.0 0.017499999999998544 0.04999999999999538 0.572500000000002 1.0 1.0 1.0 0.9525000000000041 0.9500000000000046 0.9500000000000046 0.9500000000000046 0.9675000000000034 1.0 1.0 1.0 1.0 0.192499999999988 0.002499999999999272 
0.0 0.0 0.0 0.3500000000000032 1.0 1.0 1.0 0.43749999999999967 0.250000000000004 0.012499999999999045 0.0 0.0 0.0 0.08750000000000309 0.250000000000004 0.662500000000005 1.0 1.0 1.0 0.04999999999999005 
0.0 0.06750000000000075 0.5874999999999992 1.0 1.0 1.0 0.7075000000000005 0.1374999999999984 0.0 0.0 0.0 0.0 0.0 0.0 0.0 0.3025000000000042 0.8425000000000038 1.0 1.0 1.0 
0.0 0.1500000000000028 1.0 1.0 1.0 0.44999999999999574 0.0 0.0 0.0 0.0 0.0 0.0 0.0 0.0 0.0 0.0 0.5525000000000063 0.8500000000000023 0.8500000000000023 0.8500000000000023 
0.0 0.1500000000000028 1.0 1.0 1.0 0.44999999999999574 0.0 0.0 0.0 0.0 0.0 0.0 0.0 0.0 0.0 0.0 0.0 0.0 0.0 0.0 
0.05000000000000249 1.0 1.0 1.0 1.0 0.44999999999999574 0.0 0.0 0.0 0.0 0.0 0.0 0.0 0.0 0.0 0.0 0.0 0.0 0.0 0.0 
0.05000000000000249 1.0 1.0 1.0 0.5499999999999963 0.0 0.0 0.0 0.0 0.0 0.0 0.0 0.0 0.0 0.0 0.0 0.0 0.0 0.0 0.0 
0.05000000000000249 1.0 1.0 1.0 0.5499999999999963 0.0 0.0 0.0 0.0 0.9025000000000054 0.9500000000000011 0.8074999999999956 0.0 0.0 0.0 0.0 0.0 0.0 0.0 0.0 
0.05000000000000249 1.0 1.0 1.0 1.0 1.0 1.0 1.0 1.0 1.0 1.0 1.0 1.0 1.0 0.8424999999999987 0.6500000000000021 0.22749999999999704 0.0 0.0 0.0 
0.05000000000000249 1.0 1.0 1.0 1.0 1.0 1.0 0.7374999999999974 0.6499999999999986 0.03249999999999693 0.03250000000000385 0.6499999999999986 0.6499999999999986 0.7725000000000014 1.0 1.0 1.0 0.2499999999999929 0.0 0.0 
1.0 1.0 1.0 1.0 0.9774999999999979 0.42749999999999405 0.0 0.0 0.0 0.0 0.0 0.0 0.0 0.3325000000000049 0.9724999999999979 1.0 1.0 1.0 0.14999999999999147 0.0 
1.0 1.0 1.0 1.0 0.5499999999999963 0.0 0.0 0.0 0.0 0.0 0.0 0.0 0.0 0.0 0.4500000000000064 1.0 1.0 1.0 0.14999999999999147 0.0 
1.0 1.0 1.0 0.6499999999999968 0.0 0.0 0.0 0.0 0.0 0.0 0.0 0.0 0.0 0.0 0.4500000000000064 1.0 1.0 1.0 0.14999999999999147 0.0 
1.0 1.0 1.0 0.6499999999999968 0.0 0.0 0.0 0.0 0.0 0.0 0.0 0.0 0.0 0.0 0.4500000000000064 1.0 1.0 1.0 0.14999999999999147 0.0 
1.0 1.0 1.0 0.6499999999999968 0.0 0.0 0.0 0.0 0.0 0.0 0.0 0.0 0.0 0.0 0.4500000000000064 1.0 1.0 0.36249999999998755 0.022499999999997442 0.0 
1.0 1.0 1.0 0.6499999999999968 0.0 0.0 0.0 0.0 0.0 0.0 0.0 0.0 0.0 0.35000000000000675 1.0 1.0 1.0 0.2499999999999929 0.0 0.0 
0.7624999999999938 1.0 1.0 1.0 0.6625000000000004 0.11250000000000213 0.0 0.0 0.0 0.0 0.012500000000001866 0.2500000000000071 0.4375000000000093 1.0 1.0 1.0 0.3499999999999943 0.0 0.0 0.0 
0.002499999999999627 0.1924999999999942 1.0 1.0 1.0 0.9725000000000052 0.95000000000001 0.95000000000001 0.95000000000001 0.95000000000001 0.9525000000000098 1.0 1.0 1.0 0.5724999999999895 0.04999999999999005 0.017499999999996234 0.0 0.0 0.0 
0.0 0.0 0.08749999999999789 0.3499999999999872 0.6424999999999954 1.0 1.0 1.0 1.0 1.0 1.0 0.9024999999999944 0.3499999999999872 0.22749999999998932 0.0 0.0 0.0 0.0 0.0 0.0 
