0.0 0.0 0.0 0.0 0.0 0.0 0.0 0.0 0.0 0.4725000000000049 0.5250000000000021 0.6675000000000052 1.0 1.0 1.0 0.5250000000000021 0.3674999999999955 0.0 0.0 0.0 
0.0 0.0 0.0 0.0 0.0 0.0 0.17250000000000165 0.7875000000000028 1.0 1.0 1.0 1.0 1.0 1.0 1.0 1.0 1.0 0.7874999999999966 0.5750000000000024 0.05749999999999288 
0.0 0.0 0.0 0.0 0.0 0.662500000000003 1.0 1.0 1.0 0.43749999999999406 0.37499999999999734 0.2624999999999952 0.0 0.0 0.3375000000000011 0.43750000000000516 1.0 1.0 1.0 0.09999999999998721 
0.0 0.0 0.0 0.0 0.9000000000000004 1.0 1.0 0.6624999999999963 0.09749999999999832 0.0 0.0 0.0 0.0 0.0 0.0 0.0 0.30000000000001137 1.0 1.0 1.0 
0.0 0.0 0.0 0.6999999999999993 1.0 1.0 0.7824999999999979 0.13749999999999743 0.0 0.0 0.0 0.0 0.0 0.0 0.0 0.0 0.0 0.5000000000000107 1.0 1.0 
0.0 0.0 0.3875000000000009 0.932500000000001 1.0 1.0 0.6999999999999984 0.0 0.0 0.0 0.0 0.0 0.0 0.0 0.0 0.0 0.0 0.0 0.1575000000000003 0.02249999999999673 
0.0 0.0 0.49999999999999867 1.0 1.0 0.9174999999999985 0.12249999999999774 0.0 0.0 0.0 0.0 0.0 0.0 0.0 0.0 0.0 0.0 0.0 0.0 0.0 
0.0 0.0 0.49999999999999867 1.0 1.0 0.8999999999999986 0.0 0.0 0.0 0.0 0.0 0.0 0.0 0.0 0.0 0.0 0.0 0.0 0.0 0.0 
0.0 0.27749999999999925 0.962500000000002 1.0 1.0 0.8999999999999986 0.0 0.0 0.0 0.0 0.0 0.0 0.0 0.0 0.0 0.0 0.0 0.0 0.0 0.0 
0.0 0.2999999999999978 1.0 1.0 1.0 0.0 0.0 0.0 0.0 0.0 0.0 0.0 0.4875000000000094 0.29249999999999526 0.0 0.0 0.0 0.0 0.0 0.0 
0.0 0.2999999999999978 1.0 1.0 0.9774999999999949 0.0 0.0 0.0 0.0 0.0 0.0 0.2925000000000059 0.9874999999999974 1.0 1.0 1.0 1.0 1.0 1.0 0.09999999999998721 
0.0 0.2999999999999978 1.0 0.9474999999999956 0.09249999999999903 0.0 0.0 0.0 0.0 0.0 0.0 0.0 0.0 0.0 0.0 0.10000000000001208 1.0 1.0 1.0 0.09999999999998721 
0.012499999999999978 0.38750000000000057 1.0 0.3875000000000031 0.012500000000000311 0.0 0.0 0.0 0.0 0.0 0.0 0.0 0.0 0.0 0.0 0.10000000000001208 0.7374999999999912 0.12500000000000355 0.7375000000000129 0.09999999999998721 
0.09999999999999698 1.0 1.0 1.0 0.09999999999999964 0.0 0.0 0.0 0.0 0.0 0.0 0.0 0.0 0.0 0.0 1.0 1.0 1.0 0.2999999999999865 0.0 
0.30250000000000216 1.0 1.0 0.8424999999999967 0.07749999999999922 0.0 0.0 0.0 0.0 0.0 0.0 0.0 0.0 0.0 0.0 1.0 1.0 1.0 0.2999999999999865 0.0 
1.0 1.0 1.0 0.3000000000000007 0.0 0.0 0.0 0.0 0.0 0.0 0.0 0.0 0.0 0.0 0.24750000000000766 1.0 1.0 0.8624999999999943 0.2174999999999885 0.0 
0.7074999999999965 1.0 1.0 0.5275000000000025 0.03250000000000017 0.0 0.0 0.0 0.0 0.0 0.0 0.0 0.0 0.0 0.9000000000000092 1.0 1.0 0.49999999999998934 0.0 0.0 
0.09999999999999698 1.0 1.0 1.0 0.4374999999999998 0.0 0.0 0.0 0.0 0.0 0.0 0.0 0.18750000000000266 0.812500000000004 1.0 0.9624999999999955 0.4374999999999929 0.0 0.0 0.0 
0.0 0.17249999999999535 0.7874999999999938 1.0 1.0 1.0 0.8275000000000026 0.42500000000001137 0.42500000000001137 0.42500000000001137 1.0 1.0 1.0 1.0 1.0 0.5174999999999829 0.0 0.0 0.0 0.0 
0.0 0.0 0.0 0.36749999999999367 0.5249999999999915 1.0 1.0 1.0 1.0 1.0 1.0 0.8574999999999937 0.5249999999999915 0.1574999999999941 0.0 0.0 0.0 0.0 0.0 0.0 
