0.0 0.0 0.0 0.0 0.0 0.0 0.0 0.0 0.3499999999999995 0.949999999999997 1.0 1.0 1.0 1.0 1.0 0.9500000000000067 0.5000000000000036 0.2500000000000089 0.0 0.0 
0.0 0.0 0.0 0.0 0.0 0.0 0.14999999999999875 0.7499999999999991 1.0 1.0 1.0 1.0 1.0 1.0 1.0 1.0 1.0 0.7500000000000089 0.15000000000000674 0.0 
0.0 0.0 0.0 0.0 0.0 0.5500000000000013 1.0 1.0 0.6500000000000006 0.49999999999999645 0.0 0.0 0.0 0.0 0.0 0.5499999999999904 1.0 1.0 1.0 0.10000000000001563 
0.0 0.0 0.0 0.0 0.4500000000000016 1.0 1.0 0.7500000000000009 0.15000000000000197 0.0 0.0 0.0 0.0 0.0 0.0 0.04999999999999325 0.6499999999999926 1.0 1.0 0.550000000000011 
0.0 0.0 0.0 0.0 0.4499999999999952 0.49999999999999645 0.49999999999999645 0.2500000000000009 0.0 0.0 0.0 0.0 0.0 0.0 0.0 0.0 0.29999999999999005 1.0 1.0 1.0 
0.0 0.0 0.0 0.0 0.0 0.0 0.0 0.0 0.0 0.0 0.0 0.0 0.0 0.0 0.0 0.04999999999999396 0.6499999999999975 1.0 1.0 0.10000000000001563 
0.0 0.0 0.0 0.0 0.0 0.0 0.0 0.0 0.0 0.0 0.0 0.0 0.0 0.0 0.0 0.09999999999998721 1.0 1.0 0.6500000000000032 0.05000000000000746 
0.0 0.0 0.0 0.0 0.0 0.0 0.0 0.0 0.0 0.0 0.0 0.0 0.0 0.0 0.0 1.0 1.0 0.7500000000000053 0.15000000000000463 0.0 
0.0 0.0 0.0 0.0 0.0 0.0 0.0 0.0 0.0 0.0 0.5000000000000036 0.5000000000000036 0.5000000000000036 0.5000000000000036 0.9499999999999961 0.9500000000000061 0.49999999999999645 0.25000000000000533 0.0 0.0 
0.0 0.0 0.0 0.0 0.0 0.0 0.0 0.0 0.699999999999994 1.0 1.0 1.0 1.0 1.0 1.0 0.4500000000000032 0.0 0.0 0.0 0.0 
0.0 0.0 0.0 0.0 0.0 0.0 0.0 0.0 0.3499999999999945 0.49999999999999645 0.49999999999999645 0.49999999999999645 0.7499999999999938 1.0 1.0 0.0 0.0 0.0 0.0 0.0 
0.0 0.0 0.0 0.0 0.0 0.0 0.0 0.0 0.0 0.0 0.0 0.0 0.0 0.6999999999999904 1.0 0.9500000000000067 0.35000000000000747 0.0 0.0 0.0 
0.0 0.0 0.0 0.0 0.0 0.0 0.0 0.0 0.0 0.0 0.0 0.0 0.0 0.0 0.8999999999999915 1.0 0.70000000000001 0.0 0.0 0.0 
0.0 0.0 0.0 0.0 0.0 0.0 0.0 0.0 0.0 0.0 0.0 0.0 0.0 0.0 0.8999999999999915 1.0 0.70000000000001 0.0 0.0 0.0 
0.5000000000000036 0.5000000000000036 0.25000000000000266 0.0 0.0 0.0 0.0 0.0 0.0 0.0 0.0 0.0 0.0 0.0 0.8999999999999915 1.0 0.70000000000001 0.0 0.0 0.0 
1.0 1.0 1.0 0.3000000000000025 0.0 0.0 0.0 0.0 0.0 0.0 0.0 0.0 0.0 0.6999999999999904 1.0 1.0 0.70000000000001 0.0 0.0 0.0 
1.0 1.0 1.0 0.3000000000000025 0.0 0.0 0.0 0.0 0.0 0.0 0.0 0.0 0.24999999999999556 0.8499999999999952 1.0 0.9000000000000128 0.0 0.0 0.0 0.0 
0.09999999999999964 1.0 1.0 1.0 0.5500000000000016 0.0 0.0 0.0 0.0 0.0 0.5 0.6499999999999959 1.0 1.0 0.5500000000000043 0.0 0.0 0.0 0.0 0.0 
0.0 0.14999999999999947 0.7499999999999991 1.0 1.0 1.0 1.0 1.0 1.0 1.0 1.0 1.0 0.7500000000000044 0.5 0.05000000000000426 0.0 0.0 0.0 0.0 0.0 
0.0 0.0 0.0 0.0 0.4499999999999984 0.549999999999998 1.0 1.0 1.0 0.5500000000000034 0.45000000000000373 0.0 0.0 0.0 0.0 0.0 0.0 0.0 0.0 0.0 
