0.0 0.0 0.0 0.0 0.0 0.0 0.0 0.0 0.3325000000000049 0.947500000000005 1.0 1.0 1.0 1.0 1.0 1.0 0.8424999999999945 0.23749999999999566 0.0 0.0 
0.0 0.0 0.0 0.0 0.0 0.0 0.3000000000000078 1.0 1.0 1.0 0.9574999999999962 0.5749999999999984 0.5749999999999984 0.5749999999999984 0.9575000000000038 1.0 1.0 1.0 0.5974999999999934 0.04249999999999472 
0.0 0.0 0.0 0.0 0.0 0.43750000000000583 1.0 1.0 0.7374999999999957 0.062499999999994046 0.0 0.0 0.0 0.0 0.0 0.06250000000000737 0.737500000000003 1.0 1.0 0.4374999999999936 
0.0 0.0 0.0 0.0 0.9000000000000066 1.0 1.0 0.4999999999999929 0.0 0.0 0.0 0.0 0.0 0.0 0.0 0.0 0.30000000000001137 1.0 1.0 1.0 
0.0 0.0 0.0 0.19250000000000325 0.927500000000005 1.0 0.6999999999999922 0.0 0.0 0.0 0.0 0.0 0.0 0.0 0.0 0.0 0.30000000000001137 1.0 1.0 1.0 
0.0 0.0 0.0 0.7000000000000064 1.0 1.0 0.6999999999999922 0.0 0.0 0.0 0.0 0.0 0.0 0.0 0.0 0.0 0.30000000000001137 1.0 1.0 1.0 
0.0 0.0 0.0 0.7000000000000064 1.0 0.8999999999999932 0.0 0.0 0.0 0.0 0.0 0.0 0.0 0.0 0.0 0.0 0.30000000000001137 1.0 1.0 0.09999999999998721 
0.0 0.0 0.0 0.7000000000000064 1.0 0.8999999999999932 0.0 0.0 0.0 0.0 0.0 0.0 0.0 0.0 0.0 0.012500000000001866 0.38750000000001245 1.0 1.0 0.09999999999998721 
0.0 0.0 0.0 0.7000000000000064 1.0 1.0 0.6999999999999922 0.0 0.0 0.0 0.0 0.0 0.0 0.0 0.0 1.0 1.0 1.0 0.2999999999999865 0.0 
0.0 0.0 0.0 0.0 0.9000000000000066 1.0 1.0 0.5124999999999942 0.02500000000000213 0.02500000000000213 0.02500000000000213 0.02500000000000213 0.02500000000000213 0.7075000000000103 1.0 1.0 1.0 1.0 0.2999999999999865 0.0 
0.0 0.0 0.0 0.0 0.022499999999998885 1.0 1.0 1.0 1.0 1.0 1.0 1.0 1.0 1.0 1.0 1.0 1.0 1.0 0.2999999999999865 0.0 
0.0 0.0 0.0 0.0 0.0 0.0 0.02249999999999931 0.07499999999999574 0.07499999999999574 0.07499999999999574 0.07499999999999574 0.0524999999999963 0.0 0.0 0.0 1.0 1.0 0.537499999999988 0.02249999999999771 0.0 
0.0 0.0 0.0 0.0 0.0 0.0 0.0 0.0 0.0 0.0 0.0 0.0 0.0 0.0 0.0 1.0 1.0 0.49999999999998934 0.0 0.0 
0.0 0.0 0.0 0.0 0.0 0.0 0.0 0.0 0.0 0.0 0.0 0.0 0.0 0.0 0.9000000000000092 1.0 0.7524999999999897 0.08749999999999672 0.0 0.0 
0.0 0.23250000000000587 0.38749999999999835 0.0 0.0 0.0 0.0 0.0 0.0 0.0 0.0 0.0 0.0 0.0 0.9000000000000092 1.0 0.6999999999999886 0.0 0.0 0.0 
0.6800000000000017 0.274999999999995 0.6375000000000017 0.2999999999999936 0.0 0.0 0.0 0.0 0.0 0.0 0.0 0.0 0.0 0.70000000000001 1.0 1.0 0.6999999999999886 0.0 0.0 0.0 
0.3924999999999995 1.0 1.0 0.2999999999999936 0.0 0.0 0.0 0.0 0.0 0.0 0.0 0.0 0.33750000000000935 0.9025000000000045 1.0 0.8999999999999879 0.0 0.0 0.0 0.0 
0.10000000000000497 1.0 1.0 1.0 0.662500000000004 0.0 0.0 0.0 0.0 0.0 0.06250000000000604 0.6250000000000071 0.8125000000000075 1.0 0.43749999999998784 0.0 0.0 0.0 0.0 0.0 
0.0 0.12750000000000142 0.7125000000000019 1.0 1.0 0.4825000000000013 0.8724999999999976 0.5750000000000028 0.5750000000000028 0.9575000000000042 1.0 1.0 1.0 0.5974999999999923 0.04249999999999579 0.0 0.0 0.0 0.0 0.0 
0.0 0.0 0.0 0.3324999999999991 0.4749999999999943 1.0 1.0 1.0 1.0 1.0 0.4749999999999943 0.33249999999999147 0.0 0.0 0.0 0.0 0.0 0.0 0.0 0.0 
