0.0 0.0 0.0 0.0 0.409375 1.0 1.0 1.0 1.0 1.0 1.0 1.0 1.0 1.0 0.5781249999999971 0.3249999999999993 0.3249999999999993 0.2031249999999984 0.0 0.0 
0.0 0.0 0.0 0.0 1.0 1.0 1.0 1.0 1.0 1.0 1.0 1.0 1.0 1.0 1.0 1.0 1.0 0.9906249999999996 0.3656249999999963 0.0 
0.0 0.0 0.0 0.0 1.0 1.0 1.0 0.4531249999999993 0.0 0.0 0.0 0.0 0.0 0.0 0.2343750000000016 0.37500000000000044 1.0 1.0 1.0 0.6718749999999982 
0.0 0.0 0.0 0.0 1.0 1.0 1.0 0.12499999999999822 0.0 0.0 0.0 0.0 0.0 0.0 0.0 0.0 0.12500000000000355 0.7281249999999972 0.7281250000000024 1.0 
0.0 0.0 0.0 0.8093750000000006 1.0 1.0 1.0 0.12499999999999822 0.0 0.0 0.0 0.0 0.0 0.0 0.0 0.0 0.12500000000000355 1.0 1.0 1.0 
0.0 0.0 0.0 0.8750000000000009 1.0 1.0 0.3749999999999982 0.0 0.0 0.0 0.0 0.0 0.0 0.0 0.0 0.0 0.12500000000000355 1.0 1.0 1.0 
0.0 0.0 0.0 0.8750000000000009 1.0 1.0 0.3749999999999982 0.0 0.0 0.0 0.0 0.0 0.0 0.0 0.0 0.0 0.32187500000000246 1.0 1.0 0.12499999999999645 
0.0 0.0 0.5468750000000004 0.9843750000000001 1.0 1.0 0.3749999999999982 0.0 0.0 0.0 0.0 0.0 0.0 0.0 0.0 0.0 1.0 1.0 1.0 0.12499999999999645 
0.0 0.0 0.6250000000000004 1.0 1.0 1.0 0.3749999999999982 0.0 0.0 0.0 0.0 0.0 0.0 0.0 0.3281250000000021 0.9406250000000017 1.0 1.0 0.6718749999999979 0.05937499999999827 
0.0 0.0 0.6250000000000004 1.0 1.0 1.0 1.0 1.0 1.0 1.0 1.0 1.0 1.0 1.0 1.0 1.0 0.9781249999999992 0.5156249999999967 0.0 0.0 
0.0 0.0 0.6250000000000004 1.0 1.0 1.0 1.0 1.0 1.0 1.0 1.0 1.0 1.0 1.0 1.0 1.0 0.8749999999999964 0.0 0.0 0.0 
0.0 0.3750000000000002 1.0 1.0 0.9406249999999994 0.32812499999999867 0.0 0.0 0.0 0.0 0.0 0.0 0.0 0.19687500000000133 0.8218750000000011 1.0 0.9343749999999983 0.2968749999999992 0.0 0.0 
0.0 0.3750000000000002 1.0 1.0 0.8749999999999991 0.0 0.0 0.0 0.0 0.0 0.0 0.0 0.0 0.0 0.6250000000000036 1.0 1.0 0.6249999999999964 0.0 0.0 
0.0 0.3750000000000002 1.0 1.0 0.8749999999999991 0.0 0.0 0.0 0.0 0.0 0.0 0.0 0.0 0.0 0.6250000000000036 1.0 1.0 0.6249999999999964 0.0 0.0 
0.125 1.0 1.0 1.0 0.5031249999999988 0.0 0.0 0.0 0.0 0.0 0.0 0.0 0.0 0.0 0.6250000000000036 1.0 1.0 0.6249999999999964 0.0 0.0 
0.125 1.0 1.0 1.0 0.0 0.0 0.0 0.0 0.0 0.0 0.0 0.0 0.0 0.37500000000000355 1.0 1.0 0.8749999999999964 0.0 0.0 0.0 
0.125 1.0 1.0 1.0 0.0 0.0 0.0 0.0 0.0 0.0 0.0 0.0 0.0 0.37500000000000355 1.0 1.0 0.8749999999999964 0.0 0.0 0.0 
0.453125 1.0 1.0 1.0 0.32812499999999967 0.0 0.0 0.0 0.0 0.0 0.0 0.32812500000000067 0.4531250000000022 1.0 1.0 1.0 0.5468749999999978 0.0 0.0 0.0 
1.0 1.0 1.0 1.0 1.0 1.0 1.0 1.0 1.0 1.0 1.0 1.0 1.0 1.0 0.9843749999999986 0.12187499999999626 0.0 0.0 0.0 0.0 
0.4093749999999994 0.7468749999999995 0.746875 1.0 1.0 1.0 1.0 1.0 1.0 1.0 1.0 1.0 0.3249999999999993 0.3249999999999993 0.12187499999999858 0.0 0.0 0.0 0.0 0.0 
