6.217248937900902e-16 0.3500000000000014 0.3500000000000014 0.3500000000000014 0.3500000000000014 0.3500000000000005 0.0 0.0 0.0 0.0 0.0 0.0 0.0 0.0 0.0 1.8651746813702706e-15 0.35000000000000603 1.0 1.0 0.9999999999999929 
1.7763568394002505e-15 1.0 1.0 1.0 1.0 0.9999999999999974 0.050000000000000974 0.0 0.0 0.0 0.0 0.0 0.0 0.0 5.329070518200751e-15 1.0 1.0 1.0 1.0 0.9999999999999929 
1.7763568394002505e-15 1.0 1.0 1.0 1.0 1.0 0.9999999999999964 0.0 0.0 0.0 0.0 0.0 0.0 3.996802888650568e-15 0.7500000000000022 1.0 1.0 1.0 1.0 0.9999999999999929 
1.7763568394002505e-15 1.0 1.0 1.0 1.0 1.0 0.999999999999998 0.44999999999999946 0.0 0.0 0.0 0.0 2.398081733190344e-15 0.450000000000004 1.0 1.0 1.0 1.0 1.0 0.9999999999999929 
1.7763568394002505e-15 1.0 1.0 1.0 1.0 1.0 1.0 0.999999999999997 0.14999999999999983 0.0 0.0 0.0 5.329070518200751e-15 1.0 1.0 1.0 1.0 1.0 1.0 0.9999999999999929 
1.7763568394002505e-15 1.0 1.0 1.0 1.0 1.0 1.0 1.0 0.9999999999999964 0.0 0.0 3.0198066269804245e-15 0.8500000000000004 1.0 1.0 1.0 1.0 1.0 1.0 0.9999999999999929 
1.7763568394002505e-15 1.0 1.0 1.0 1.0 1.0 1.0 1.0 0.9999999999999984 0.5500000000000007 0.5500000000000007 0.5500000000000023 1.0 1.0 1.0 1.0 1.0 1.0 1.0 0.9999999999999929 
1.7763568394002505e-15 1.0 1.0 0.9999999999999993 0.75 0.75 0.7500000000000009 1.0 1.0 1.0 1.0 1.0 1.0 0.9999999999999987 0.749999999999996 3.9968028886505635e-15 0.7500000000000018 1.0 1.0 0.9999999999999929 
1.7763568394002505e-15 1.0 1.0 0.9999999999999973 0.0 0.0 3.552713678800501e-15 1.0 1.0 1.0 1.0 1.0 0.9999999999999949 0.05000000000000045 0.0 0.0 7.105427357601002e-15 1.0 1.0 0.9999999999999929 
1.7763568394002505e-15 1.0 1.0 0.9999999999999973 0.0 0.0 0.0 3.552713678800501e-15 1.0 1.0 1.0 0.9999999999999977 0.34999999999999953 0.0 0.0 0.0 7.105427357601002e-15 1.0 1.0 0.9999999999999929 
1.7763568394002505e-15 1.0 1.0 0.9999999999999973 0.0 0.0 0.0 0.0 2.309263891220333e-15 0.6500000000000021 0.6500000000000021 0.6499999999999998 0.0 0.0 0.0 0.0 7.105427357601002e-15 1.0 1.0 0.9999999999999929 
1.7763568394002505e-15 1.0 1.0 0.9999999999999973 0.0 0.0 0.0 0.0 0.0 0.0 0.0 0.0 0.0 0.0 0.0 0.0 7.105427357601002e-15 1.0 1.0 0.9999999999999929 
1.7763568394002505e-15 1.0 1.0 0.9999999999999973 0.0 0.0 0.0 0.0 0.0 0.0 0.0 0.0 0.0 0.0 0.0 3.9968028886505635e-15 0.7500000000000018 1.0 1.0 0.9999999999999929 
1.7763568394002505e-15 1.0 1.0 0.9999999999999973 0.0 0.0 0.0 0.0 0.0 0.0 0.0 0.0 0.0 0.0 0.0 5.329070518200751e-15 1.0 1.0 1.0 0.9999999999999929 
1.7763568394002505e-15 1.0 1.0 0.9999999999999973 0.0 0.0 0.0 0.0 0.0 0.0 0.0 0.0 0.0 0.0 0.0 5.329070518200751e-15 1.0 1.0 1.0 0.9999999999999929 
1.7763568394002505e-15 1.0 1.0 0.9999999999999973 0.0 0.0 0.0 0.0 0.0 0.0 0.0 0.0 0.0 0.0 0.0 5.329070518200751e-15 1.0 1.0 0.999999999999994 0.15000000000000108 
1.7763568394002505e-15 1.0 1.0 0.9999999999999973 0.0 0.0 0.0 0.0 0.0 0.0 0.0 0.0 0.0 0.0 0.0 5.329070518200751e-15 1.0 1.0 0.9999999999999929 0.0 
0.24999999999999778 1.0 1.0 0.9999999999999973 0.0 0.0 0.0 0.0 0.0 0.0 0.0 0.0 0.0 0.0 0.0 5.329070518200751e-15 1.0 1.0 0.9999999999999929 0.0 
1.0 1.0 1.0 0.9999999999999973 0.0 0.0 0.0 0.0 0.0 0.0 0.0 0.0 0.0 0.0 0.0 5.329070518200751e-15 1.0 1.0 0.9999999999999929 0.0 
0.3500000000000026 1.0 0.9999999999999986 0.3500000000000005 0.0 0.0 0.0 0.0 0.0 0.0 0.0 0.0 0.0 0.0 0.0 1.8651746813702706e-15 0.3500000000000014 0.3500000000000014 0.3499999999999989 0.0 
