0.9750000000000032 1.0 1.0 1.0 1.0 1.0 1.0 1.0 1.0 1.0 1.0 1.0 1.0 1.0 0.8143749999999945 0.2518749999999994 0.0 0.0 0.0 0.0 
0.9750000000000032 1.0 1.0 1.0 1.0 1.0 1.0 1.0 1.0 1.0 1.0 1.0 1.0 1.0 1.0 0.9943750000000005 0.804374999999993 0.0 0.0 0.0 
0.9750000000000032 1.0 1.0 1.0 0.2249999999999952 0.0 0.0 0.0 0.0 0.0 0.0 0.0 0.0 0.1218750000000022 0.5468750000000038 1.0 1.0 0.9531249999999977 0.5781249999999962 0.0 
0.9750000000000032 1.0 1.0 1.0 0.2249999999999952 0.0 0.0 0.0 0.0 0.0 0.0 0.0 0.0 0.0 0.0 0.22500000000000853 1.0 1.0 0.92499999999999 0.0 
0.9750000000000032 1.0 1.0 1.0 0.2249999999999952 0.0 0.0 0.0 0.0 0.0 0.0 0.0 0.0 0.0 0.0 0.22500000000000853 1.0 1.0 0.92499999999999 0.0 
0.9750000000000032 1.0 1.0 1.0 0.2249999999999952 0.0 0.0 0.0 0.0 0.0 0.0 0.0 0.0 0.0 0.0 0.22500000000000853 1.0 1.0 0.92499999999999 0.0 
0.7556250000000011 0.9831250000000007 1.0 1.0 0.2249999999999952 0.0 0.0 0.0 0.0 0.0 0.0 0.0 0.0 0.0 0.0 0.22500000000000853 1.0 1.0 0.92499999999999 0.0 
0.0 0.9250000000000036 1.0 1.0 0.2249999999999952 0.0 0.0 0.0 0.0 0.0 0.0 0.0 0.0 0.0 0.0 0.22500000000000853 1.0 1.0 0.92499999999999 0.0 
0.0 0.9250000000000036 1.0 1.0 0.2249999999999952 0.0 0.0 0.0 0.0 0.0 0.0 0.0 0.0 0.0 0.0 0.22500000000000853 1.0 1.0 0.92499999999999 0.0 
0.0 0.9250000000000036 1.0 1.0 1.0 1.0 1.0 1.0 1.0 1.0 1.0 1.0 1.0 1.0 1.0 1.0 0.9693749999999979 0.7218749999999919 0.0 0.0 
0.0 0.9250000000000036 1.0 1.0 1.0 1.0 1.0 1.0 1.0 1.0 1.0 1.0 1.0 1.0 0.7731249999999916 0.17499999999999716 0.14437499999999598 0.0 0.0 0.0 
0.0 0.9250000000000036 1.0 1.0 0.2249999999999952 0.0 0.0 0.0 0.0 0.0 0.24937500000000287 0.7268750000000029 1.0 1.0 0.7249999999999908 0.0 0.0 0.0 0.0 0.0 
0.0 0.9250000000000036 1.0 1.0 0.2249999999999952 0.0 0.0 0.0 0.0 0.0 0.0 0.0 0.3750000000000089 1.0 0.7593749999999919 0.09687499999999893 0.0 0.0 0.0 0.0 
0.0 0.9250000000000036 1.0 1.0 0.2249999999999952 0.0 0.0 0.0 0.0 0.0 0.0 0.0 0.3750000000000089 1.0 1.0 0.7749999999999915 0.0 0.0 0.0 0.0 
0.0 0.9250000000000036 1.0 1.0 0.2249999999999952 0.0 0.0 0.0 0.0 0.0 0.0 0.0 0.0 0.32500000000000817 1.0 0.8706249999999953 0.3506249999999965 0.0 0.0 0.0 
0.0 0.9250000000000036 1.0 1.0 0.2249999999999952 0.0 0.0 0.0 0.0 0.0 0.0 0.0 0.0 0.30062500000000664 0.9456249999999986 1.0 0.8381249999999916 0.06562500000000196 0.0 0.0 
0.0 0.9250000000000036 1.0 1.0 0.2249999999999952 0.0 0.0 0.0 0.0 0.0 0.0 0.0 0.0 0.0 0.27500000000000924 1.0 1.0 0.8749999999999929 0.0 0.0 
0.0 0.9250000000000036 1.0 1.0 0.2249999999999952 0.0 0.0 0.0 0.0 0.0 0.0 0.0 0.0 0.0 0.17187500000000577 0.7093750000000032 1.0 0.9218749999999956 0.34687499999999627 0.0 
0.0 0.9250000000000036 1.0 1.0 0.2249999999999952 0.0 0.0 0.0 0.0 0.0 0.0 0.0 0.0 0.0 0.0 0.22500000000000853 1.0 1.0 0.9268749999999905 0.02437500000000176 
0.0 0.9250000000000036 1.0 1.0 0.2249999999999952 0.0 0.0 0.0 0.0 0.0 0.0 0.0 0.0 0.0 0.0 0.0731250000000026 0.4431250000000059 1.0 1.0 0.9749999999999872 
