0.0 0.6250000000000017 1.0 1.0 1.0 0.37499999999999867 0.0 0.0 0.0 0.0 0.0 0.0 0.0 0.0 0.06562499999999893 0.2781249999999975 0.8968749999999996 1.0 1.0 0.875 
0.0 0.6250000000000017 1.0 1.0 1.0 0.37499999999999867 0.0 0.0 0.0 0.0 0.0 0.0 0.0 0.32812499999999867 0.7031249999999987 1.0 1.0 1.0 0.8031250000000008 0.4156250000000018 
0.0 0.6250000000000017 1.0 1.0 1.0 0.37499999999999867 0.0 0.0 0.0 0.0 0.0 0.10937499999999983 0.7656249999999989 0.9531249999999996 1.0 1.0 1.0 0.45312500000000083 0.07812500000000083 0.0 
0.0 0.6250000000000017 1.0 1.0 1.0 0.37499999999999867 0.0 0.0 0.0 0.0 0.08437500000000006 0.3218749999999997 0.903125 1.0 1.0 0.875 0.125 0.0 0.0 0.0 
0.0 0.6250000000000017 1.0 1.0 1.0 0.37499999999999867 0.0 0.0 0.0 0.3593750000000006 0.7343750000000004 1.0 1.0 1.0 0.7843749999999999 0.37187499999999984 0.05312499999999998 0.0 0.0 0.0 
0.0 0.6250000000000017 1.0 1.0 1.0 0.37499999999999867 0.0 0.0 0.0 0.6250000000000009 1.0 1.0 1.0 0.42187499999999956 0.046874999999999556 0.0 0.0 0.0 0.0 0.0 
0.0 0.6250000000000017 1.0 1.0 1.0 0.5468750000000004 0.27500000000000213 0.36562500000000253 0.9093750000000009 1.0 1.0 0.875 0.125 0.0 0.0 0.0 0.0 0.0 0.0 0.0 
0.0 0.6250000000000017 1.0 1.0 1.0 1.0 1.0 1.0 1.0 1.0 0.7656249999999988 0.32812499999999845 0.04687499999999978 0.0 0.0 0.0 0.0 0.0 0.0 0.0 
0.0 0.6250000000000017 1.0 1.0 1.0 1.0 1.0 1.0 1.0 0.3906249999999971 0.015624999999997979 0.0 0.0 0.0 0.0 0.0 0.0 0.0 0.0 0.0 
0.5906249999999972 0.8781249999999988 1.0 1.0 1.0 1.0 1.0 0.8749999999999991 0.12499999999999911 0.0 0.0 0.0 0.0 0.0 0.0 0.0 0.0 0.0 0.0 0.0 
0.590625000000005 0.8781250000000022 1.0 1.0 1.0 1.0 1.0 0.9593750000000003 0.7156250000000034 0.253125000000001 0.0 0.0 0.0 0.0 0.0 0.0 0.0 0.0 0.0 0.0 
0.02187500000000502 0.6343750000000038 1.0 1.0 1.0 1.0 1.0 1.0 1.0 1.0 0.6249999999999991 0.0 0.0 0.0 0.0 0.0 0.0 0.0 0.0 0.0 
0.8750000000000018 1.0 1.0 1.0 1.0 0.7656249999999951 0.7656249999999959 1.0 1.0 1.0 0.7656250000000021 0.3281250000000062 0.04687500000000089 0.0 0.0 0.0 0.0 0.0 0.0 0.0 
0.8750000000000018 1.0 1.0 0.9093749999999979 0.36562499999999154 0.10312499999999644 0.10312499999999705 0.3656249999999932 0.9093749999999996 1.0 1.0 0.9656250000000011 0.7593750000000075 0.2718750000000032 0.0 0.0 0.0 0.0 0.0 0.0 
0.8750000000000018 1.0 1.0 0.8749999999999987 0.12499999999999867 0.0 0.0 0.0 0.0 0.6250000000000009 1.0 1.0 1.0 0.421875000000004 0.046875000000004 0.0 0.0 0.0 0.0 0.0 
0.8750000000000018 1.0 1.0 0.8749999999999987 0.12499999999999867 0.0 0.0 0.0 0.0 0.3593749999999956 0.7343749999999956 1.0 1.0 1.0 0.7843750000000029 0.37187500000000684 0.05312500000000098 0.0 0.0 0.0 
0.8750000000000018 1.0 1.0 0.8749999999999987 0.12499999999999867 0.0 0.0 0.0 0.0 0.0 0.08437499999999673 0.3218749999999919 0.9031249999999988 1.0 1.0 0.875 0.125 0.0 0.0 0.0 
0.8750000000000018 1.0 1.0 0.8749999999999987 0.12499999999999867 0.0 0.0 0.0 0.0 0.0 0.0 0.0 0.0 0.625 1.0 1.0 1.0 0.45312500000000666 0.07812500000000666 0.0 
0.8750000000000018 1.0 1.0 0.8749999999999987 0.12499999999999867 0.0 0.0 0.0 0.0 0.0 0.0 0.0 0.0 0.32812499999999245 0.7031249999999925 1.0 1.0 1.0 0.8031250000000045 0.41562500000001057 
0.8750000000000018 1.0 1.0 0.8749999999999987 0.12499999999999867 0.0 0.0 0.0 0.0 0.0 0.0 0.0 0.0 0.0 0.375 1.0 1.0 1.0 1.0 0.875 
