0.0 0.0 0.0 0.3749999999999929 0.593749999999994 1.0 1.0 1.0 1.0 1.0 1.0 1.0 1.0 1.0 0.7812499999999967 0.3749999999999929 0.01874999999999858 0.0 0.0 0.0 
0.0 0.056249999999996636 0.781249999999996 1.0 1.0 1.0 1.0 1.0 1.0 1.0 1.0 1.0 1.0 1.0 1.0 1.0 1.0 0.7812499999999983 0.05624999999999647 0.0 
0.13124999999999626 0.9312499999999962 1.0 1.0 1.0 0.4312500000000053 0.12500000000000622 0.12500000000000622 0.12500000000000622 0.12500000000000622 0.12500000000000622 0.12500000000000622 0.12500000000000622 0.16875000000000343 1.0 1.0 1.0 1.0 0.931249999999996 0.1312499999999978 
1.0 1.0 1.0 0.968750000000002 0.24375000000000427 0.0 0.0 0.0 0.0 0.0 0.0 0.0 0.0 0.0 0.0 0.24375000000000294 0.968750000000002 1.0 0.6562500000000002 0.37500000000000533 
1.0 1.0 1.0 0.0 0.0 0.0 0.0 0.0 0.0 0.0 0.0 0.0 0.0 0.0 0.0 0.0 0.0 0.0 0.0 0.0 
1.0 1.0 1.0 0.0 0.0 0.0 0.0 0.0 0.0 0.0 0.0 0.0 0.0 0.0 0.0 0.0 0.0 0.0 0.0 0.0 
1.0 1.0 1.0 0.0 0.0 0.0 0.0 0.0 0.0 0.0 0.0 0.0 0.0 0.0 0.0 0.0 0.0 0.0 0.0 0.0 
0.468750000000001 1.0 1.0 0.9812500000000008 0.406249999999999 0.0 0.0 0.0 0.0 0.0 0.0 0.0 0.0 0.0 0.0 0.0 0.0 0.0 0.0 0.0 
0.09374999999999853 0.7937500000000008 1.0 1.0 1.0 0.5937499999999986 0.37499999999999645 0.37499999999999645 0.1687499999999988 0.0 0.0 0.0 0.0 0.0 0.0 0.0 0.0 0.0 0.0 0.0 
0.0 0.0 0.6562500000000003 1.0 1.0 1.0 1.0 1.0 1.0 1.0 1.0 1.0 1.0 1.0 0.6937499999999975 0.12499999999999645 0.006249999999999467 0.0 0.0 0.0 
0.0 0.0 0.0 0.12500000000000355 0.43125000000000047 1.0 1.0 1.0 1.0 1.0 1.0 1.0 1.0 1.0 1.0 1.0 0.8812499999999963 0.6562499999999973 0.0 0.0 
0.0 0.0 0.0 0.0 0.0 0.0 0.0 0.0 0.0 0.0 0.0 0.16875000000000134 0.37500000000000355 0.37500000000000355 0.5937500000000032 1.0 1.0 1.0 0.44999999999999574 0.0 
0.0 0.0 0.0 0.0 0.0 0.0 0.0 0.0 0.0 0.0 0.0 0.0 0.0 0.0 0.0 0.4062499999999991 0.9812500000000011 1.0 1.0 0.14999999999999858 
0.0 0.0 0.0 0.0 0.0 0.0 0.0 0.0 0.0 0.0 0.0 0.0 0.0 0.0 0.0 0.0 0.8312500000000025 1.0 1.0 1.0 
0.0 0.0 0.0 0.0 0.0 0.0 0.0 0.0 0.0 0.0 0.0 0.0 0.0 0.0 0.0 0.0 0.0 1.0 1.0 1.0 
0.0 0.0 0.0 0.0 0.0 0.0 0.0 0.0 0.0 0.0 0.0 0.0 0.0 0.0 0.0 0.0 0.9500000000000028 1.0 1.0 1.0 
0.468749999999998 1.0 1.0 0.9687500000000018 0.2437500000000008 0.0 0.0 0.0 0.0 0.0 0.0 0.0 0.0 0.0 0.0 0.24374999999999947 0.9687500000000018 1.0 1.0 0.6812499999999995 
0.1312499999999972 0.9312499999999997 1.0 1.0 1.0 1.0 0.1687500000000014 0.125 0.125 0.125 0.125 0.125 0.125 0.1687499999999975 1.0 1.0 1.0 1.0 0.44999999999999574 0.0 
0.0 0.056249999999999634 0.125 1.0 1.0 1.0 1.0 1.0 1.0 1.0 1.0 1.0 1.0 1.0 1.0 1.0 1.0 0.125 0.05624999999999947 0.0 
0.0 0.0 0.0 0.0 0.1312499999999992 0.375 0.968749999999999 1.0 1.0 1.0 1.0 1.0 1.0 0.9687500000000018 0.375 0.375 0.018749999999998934 0.0 0.0 0.0 
