0.0 0.0 0.0 0.0 0.0 0.0 0.0 0.37500000000000255 0.37500000000000355 0.37500000000000355 0.9999999999999978 0.3750000000000058 0.37500000000000355 0.37500000000000355 0.37500000000000355 1.3322676295502005e-15 0.0 0.0 0.0 0.0 
0.0 0.0 0.0 0.0 0.12500000000000278 0.9999999999999977 1.0 1.0 1.0 1.0 1.0 1.0 1.0 1.0 1.0 1.0 1.0 0.12500000000000622 4.440892098500737e-16 0.0 
0.0 0.0 0.0 0.8750000000000003 0.9999999999999997 1.0 1.0 1.0 1.0 0.12500000000000044 0.12499999999999734 0.12499999999999734 0.9999999999999969 1.0 1.0 1.0 1.0 1.0 0.8750000000000031 3.1086244689504478e-15 
0.0 0.0 0.9999999999999973 1.0 1.0 1.0 0.3749999999999999 9.992007221626362e-16 0.0 0.0 0.0 0.0 0.0 0.0 0.3749999999999969 0.9999999999999978 1.0 1.0 1.0 0.6250000000000031 
0.0 0.9999999999999973 1.0 1.0 1.0 0.6249999999999992 1.66533453693773e-15 0.0 0.0 0.0 0.0 0.0 0.0 0.0 0.0 0.0 0.9999999999999964 1.0 1.0 1.0 
0.0 0.9999999999999973 1.0 1.0 1.0 2.6645352591003757e-15 0.0 0.0 0.0 0.0 0.0 0.0 0.0 0.0 0.0 0.0 0.9999999999999964 1.0 1.0 1.0 
0.0 0.9999999999999973 1.0 1.0 1.0 2.6645352591003757e-15 0.0 0.0 0.0 0.0 0.0 0.0 0.0 0.0 0.0 0.0 0.9999999999999964 1.0 1.0 1.0 
0.0 0.374999999999999 0.9999999999999983 1.0 1.0 1.0 0.625000000000001 1.6653345369377348e-15 0.0 0.0 0.0 0.0 0.0 0.0 0.6249999999999978 0.9999999999999987 1.0 1.0 1.0 3.552713678800501e-15 
0.0 0.0 0.6249999999999983 0.999999999999999 1.0 1.0 1.0 1.0 0.37500000000000167 0.375 0.375 0.375 0.9999999999999978 1.0 1.0 1.0 1.0 0.6250000000000013 2.220446049250313e-15 0.0 
0.0 0.0 0.0 0.12499999999999967 0.9999999999999977 1.0 1.0 1.0 1.0 1.0 1.0 1.0 1.0 1.0 1.0 1.0 1.0 0.1250000000000031 4.440892098500626e-16 0.0 
0.0 0.0 0.8749999999999977 0.9999999999999997 1.0 1.0 1.0 1.0 1.0 1.0 0.1250000000000031 0.9999999999999969 1.0 1.0 1.0 1.0 1.0 1.0 0.8750000000000004 3.1086244689504383e-15 
0.0 0.9999999999999973 1.0 1.0 1.0 1.0 0.37500000000000167 9.992007221626409e-16 0.0 0.0 0.0 0.0 0.0 0.0 0.37499999999999867 0.9999999999999978 1.0 1.0 1.0 0.6250000000000013 
0.9999999999999973 1.0 1.0 1.0 0.6250000000000046 1.6653345369377443e-15 0.0 0.0 0.0 0.0 0.0 0.0 0.0 0.0 0.0 0.0 0.9999999999999964 1.0 1.0 1.0 
0.9999999999999973 1.0 1.0 1.0 2.6645352591003757e-15 0.0 0.0 0.0 0.0 0.0 0.0 0.0 0.0 0.0 0.0 0.0 0.9999999999999964 1.0 1.0 1.0 
0.9999999999999973 1.0 1.0 1.0 2.6645352591003757e-15 0.0 0.0 0.0 0.0 0.0 0.0 0.0 0.0 0.0 0.0 0.0 0.9999999999999964 1.0 1.0 1.0 
0.9999999999999973 1.0 1.0 1.0 2.6645352591003757e-15 0.0 0.0 0.0 0.0 0.0 0.0 0.0 0.0 0.0 0.0 0.0 0.9999999999999964 1.0 1.0 1.0 
0.9999999999999973 1.0 1.0 1.0 0.3749999999999981 9.992007221626314e-16 0.0 0.0 0.0 0.0 0.0 0.0 0.0 0.0 0.0 0.9999999999999964 1.0 1.0 1.0 0.6250000000000049 
0.0 0.9999999999999973 1.0 1.0 1.0 1.0 0.12499999999999878 0.12499999999999645 0.12499999999999645 4.4408920985005e-16 0.124999999999996 0.12499999999999645 0.12499999999999645 0.9999999999999969 1.0 1.0 1.0 1.0 0.875000000000004 3.108624468950451e-15 
0.0 0.12500000000000322 0.9999999999999977 1.0 1.0 1.0 1.0 1.0 1.0 0.8749999999999969 0.9999999999999996 1.0 1.0 1.0 1.0 1.0 1.0 0.12500000000000666 4.440892098500752e-16 0.0 
0.0 0.0 0.0 0.0 0.374999999999999 0.375 0.9999999999999983 1.0 1.0 1.0 1.0 1.0 1.0 1.0 0.3750000000000022 0.375 1.3322676295501878e-15 0.0 0.0 0.0 
