0.0 0.0 0.0 0.0 0.0 0.0 0.11375000000000163 0.3499999999999943 0.6262500000000042 1.0 1.0 1.0 1.0 1.0 1.0 0.4962499999999838 0.3499999999999943 0.04374999999999183 0.0 0.0 
0.0 0.0 0.0 0.0 0.011249999999999143 0.3112500000000039 1.0 1.0 1.0 1.0 1.0 1.0 1.0 1.0 1.0 1.0 1.0 1.0 0.12124999999997736 0.0012499999999987254 
0.0 0.0 0.0 0.13125000000000434 0.8062499999999981 1.0 1.0 1.0 0.6812499999999935 0.2500000000000049 0.2500000000000049 0.2500000000000049 0.2500000000000049 0.2500000000000049 0.7937500000000144 1.0 1.0 1.0 1.0 0.7562499999999895 
0.0 0.0 0.12500000000000577 1.0 1.0 1.0 0.8537499999999969 0.3437499999999968 0.0 0.0 0.0 0.0 0.0 0.0 0.0 0.4262500000000133 0.9212500000000083 1.0 1.0 1.0 
0.0 0.0 0.12500000000000577 1.0 1.0 0.9587499999999999 0.5737499999999943 0.0 0.0 0.0 0.0 0.0 0.0 0.0 0.0 0.0 0.825000000000017 1.0 1.0 1.0 
0.0 0.06375000000000382 0.8687499999999975 1.0 1.0 0.7249999999999917 0.0 0.0 0.0 0.0 0.0 0.0 0.0 0.0 0.0 0.0 0.825000000000017 1.0 1.0 1.0 
0.0 0.07500000000000484 1.0 1.0 1.0 1.0 0.67499999999999 0.0 0.0 0.0 0.0 0.0 0.0 0.0 0.0 0.4262500000000078 0.9212500000000072 1.0 1.0 0.4637499999999903 
0.0 0.0 0.12500000000000577 1.0 1.0 1.0 0.7562499999999914 0.24999999999999645 0.1437499999999951 0.0 0.0 0.0 0.0 0.1687500000000018 0.7937500000000121 1.0 1.0 1.0 0.7687499999999987 0.018749999999983037 
0.0 0.0 0.0062500000000006 0.21625000000000863 1.0 1.0 1.0 1.0 0.9787499999999983 0.9499999999999975 0.9499999999999975 0.9499999999999975 0.9499999999999975 0.98375 1.0 1.0 1.0 0.16874999999998191 0.0037499999999992626 0.0 
0.0 0.0 0.0 0.0 0.22500000000000764 1.0 1.0 1.0 1.0 1.0 1.0 1.0 1.0 1.0 1.0 1.0 1.0 0.12499999999997868 0.0 0.0 
0.0 0.0 0.12500000000000577 1.0 1.0 1.0 1.0 0.868749999999997 0.6500000000000021 0.6500000000000021 0.6500000000000021 0.6500000000000021 0.6500000000000021 0.8862500000000065 1.0 1.0 1.0 1.0 0.398749999999986 0.008749999999991988 
0.0012500000000001243 0.12125000000000197 1.0 1.0 1.0 0.9862500000000004 0.6412499999999924 0.0 0.0 0.0 0.0 0.0 0.0 0.0 0.0 0.7750000000000181 1.0 1.0 1.0 0.07374999999997563 
0.025000000000003908 1.0 1.0 1.0 0.8312499999999943 0.1812499999999979 0.0 0.0 0.0 0.0 0.0 0.0 0.0 0.0 0.0 0.19375000000000453 0.8687500000000128 1.0 1.0 1.0 
0.025000000000003908 1.0 1.0 1.0 0.7749999999999924 0.0 0.0 0.0 0.0 0.0 0.0 0.0 0.0 0.0 0.0 0.0 0.825000000000017 1.0 1.0 1.0 
0.025000000000003908 1.0 1.0 1.0 0.7749999999999924 0.0 0.0 0.0 0.0 0.0 0.0 0.0 0.0 0.0 0.0 0.11625000000000162 0.8512500000000143 1.0 1.0 0.853749999999998 
0.853750000000002 1.0 1.0 1.0 0.7749999999999924 0.0 0.0 0.0 0.0 0.0 0.0 0.0 0.0 0.0 0.0 0.7750000000000181 1.0 1.0 1.0 0.024999999999977263 
0.025000000000003908 1.0 1.0 1.0 0.8987499999999967 0.39874999999999594 0.0 0.0 0.0 0.0 0.0 0.0 0.0 0.0 0.3987500000000101 0.8987500000000084 1.0 1.0 0.4912499999999892 0.01124999999998975 
0.01875000000000293 0.7687500000000012 1.0 1.0 1.0 1.0 0.7562499999999925 0.25 0.14374999999999716 0.0 0.1312500000000032 0.25 0.25 0.7562500000000125 1.0 1.0 1.0 0.7812499999999947 0.056249999999986144 0.0 
0.0 0.003750000000000029 0.168750000000003 1.0 1.0 1.0 1.0 1.0 0.9787500000000007 0.9500000000000028 0.976250000000002 1.0 1.0 1.0 1.0 1.0 0.21624999999998146 0.006249999999998579 0.0 0.0 
0.0 0.0 0.0 0.06125000000000267 0.3500000000000014 0.5287500000000065 1.0 1.0 1.0 1.0 1.0 1.0 0.5937499999999905 0.3500000000000014 0.3500000000000014 0.07874999999999398 0.0 0.0 0.0 0.0 
