0.0 0.0 0.0 0.0 0.10562499999999839 0.32499999999999574 0.3418749999999949 0.9156249999999982 1.0 1.0 1.0 1.0 0.9156250000000019 0.3418749999999985 0.32499999999999574 0.10562500000000012 0.0 0.0 0.0 0.0 
0.0 0.0 0.6093749999999977 0.9749999999999963 0.9831249999999975 1.0 1.0 1.0 1.0 1.0 1.0 1.0 1.0 1.0 1.0 0.9831249999999976 0.4631250000000031 0.0 0.0 0.0 
0.0 0.7750000000000004 1.0 1.0 1.0 1.0 0.984375000000001 0.45312500000000383 0.3750000000000031 0.3750000000000031 0.3750000000000031 0.3750000000000031 0.3750000000000031 0.3750000000000031 0.8906249999999979 1.0 1.0 1.0 0.7750000000000057 0.0 
0.9250000000000007 1.0 1.0 1.0 0.9106250000000009 0.5981250000000027 0.0 0.0 0.0 0.0 0.0 0.0 0.0 0.0 0.5981249999999988 0.9106249999999995 1.0 1.0 0.8368750000000036 0.254375 
0.9250000000000007 1.0 1.0 1.0 0.6750000000000007 0.0 0.0 0.0 0.0 0.0 0.0 0.0 0.0 0.0 0.0 0.050625000000000975 0.5606249999999964 1.0 1.0 0.9250000000000078 
0.9250000000000007 1.0 1.0 1.0 0.6750000000000007 0.0 0.0 0.0 0.0 0.0 0.0 0.0 0.0 0.0 0.0 0.0 0.0 0.0 0.0 0.0 
0.7168750000000009 0.9493750000000002 1.0 1.0 0.7481250000000005 0.18562499999999996 0.0 0.0 0.0 0.0 0.0 0.0 0.0 0.0 0.0 0.0 0.0 0.0 0.0 0.0 
0.0 0.7750000000000004 1.0 1.0 1.0 0.9781250000000001 0.8531250000000012 0.10937500000000155 0.0 0.0 0.0 0.0 0.0 0.0 0.0 0.0 0.0 0.0 0.0 0.0 
0.0 0.0 0.2968749999999998 0.7243749999999997 1.0 1.0 1.0 1.0 0.6556250000000012 0.22312500000000146 0.0 0.0 0.0 0.0 0.0 0.0 0.0 0.0 0.0 0.0 
0.0 0.0 0.0 0.0 0.26812499999999917 0.8249999999999993 0.8293749999999991 0.9781249999999996 1.0 1.0 1.0 0.7731250000000028 0.15312500000000123 0.004375000000000701 0.0 0.0 0.0 0.0 0.0 0.0 
0.0 0.0 0.0 0.0 0.0 0.0 0.00437499999999968 0.1531249999999972 0.17499999999999716 0.6493749999999967 1.0 1.0 0.978125000000001 0.8293750000000034 0.8250000000000028 0.2681250000000047 0.0 0.0 0.0 0.0 
0.0 0.0 0.0 0.0 0.0 0.0 0.0 0.0 0.0 0.0 0.2231249999999979 0.6556249999999975 1.0 1.0 1.0 1.0 0.7243750000000033 0.29687500000000344 0.0 0.0 
0.0 0.0 0.0 0.0 0.0 0.0 0.0 0.0 0.0 0.0 0.0 0.0 0.0 0.0 0.7218749999999934 0.9593749999999983 1.0 1.0 0.7750000000000057 0.0 
0.0 0.0 0.0 0.0 0.0 0.0 0.0 0.0 0.0 0.0 0.0 0.0 0.0 0.0 0.0 0.6749999999999954 1.0 1.0 0.9493750000000017 0.716875000000008 
0.0 0.0 0.0 0.0 0.0 0.0 0.0 0.0 0.0 0.0 0.0 0.0 0.0 0.0 0.0 0.0 0.524999999999995 1.0 1.0 0.9250000000000078 
0.9250000000000007 1.0 1.0 0.5606250000000017 0.050625000000001974 0.0 0.0 0.0 0.0 0.0 0.0 0.0 0.0 0.0 0.0 0.0 0.524999999999995 1.0 1.0 0.9250000000000078 
0.9250000000000007 1.0 1.0 1.0 0.6750000000000007 0.0 0.0 0.0 0.0 0.0 0.0 0.0 0.0 0.0 0.0 0.489375 0.869375000000001 1.0 1.0 0.9250000000000078 
0.0 0.7750000000000004 1.0 1.0 1.0 0.8906250000000019 0.3750000000000071 0.3750000000000071 0.10312500000000276 0.0 0.0 0.10312500000000076 0.3750000000000071 0.3750000000000071 0.8906249999999986 1.0 1.0 1.0 0.7750000000000057 0.0 
0.0 0.0 0.6093749999999964 0.9868749999999971 1.0 1.0 1.0 1.0 1.0 1.0 1.0 1.0 1.0 1.0 1.0 1.0 0.9868749999999972 0.9749999999999943 0.7556250000000011 0.0 
0.0 0.0 0.0 0.15437499999999618 0.3249999999999922 0.44312499999999283 1.0 1.0 1.0 1.0 1.0 1.0 1.0 1.0 0.44312499999999644 0.3249999999999922 0.1543749999999979 0.0 0.0 0.0 
