0.0 0.0 0.0 0.0 0.0 0.14625000000000032 0.3249999999999993 0.3249999999999993 0.42625000000000024 1.0 1.0 1.0 0.49374999999999947 0.3249999999999993 0.3249999999999993 0.17874999999999985 0.0 0.0 0.0 0.0 
0.0 0.0 0.0 0.6337500000000017 0.9749999999999994 0.9862499999999997 1.0 1.0 1.0 1.0 1.0 1.0 1.0 1.0 1.0 0.9887499999999998 0.6337499999999999 0.0 0.0 0.0 
0.0 0.0 0.46875000000000117 0.8687500000000006 1.0 1.0 0.7812499999999993 0.37500000000000044 0.37500000000000044 0.3562500000000002 0.01874999999999962 0.3187500000000009 0.37500000000000044 0.37500000000000044 0.7187500000000007 1.0 1.0 0.9062499999999999 0.5312500000000006 0.0 
0.0 0.8500000000000026 1.0 1.0 0.8487499999999997 0.3987499999999989 0.0 0.0 0.0 0.0 0.0 0.0 0.0 0.0 0.0 0.4499999999999993 1.0 1.0 0.891250000000001 0.2612499999999993 
0.8787500000000025 0.9887500000000001 1.0 1.0 0.44999999999999796 0.0 0.0 0.0 0.0 0.0 0.0 0.0 0.0 0.0 0.0 0.03375000000000003 0.39874999999999977 1.0 1.0 0.9499999999999993 
0.9500000000000028 1.0 1.0 0.6262499999999992 0.19124999999999945 0.0 0.0 0.0 0.0 0.0 0.0 0.0 0.0 0.0 0.0 0.0 0.34999999999999964 1.0 1.0 0.9499999999999993 
0.9500000000000028 1.0 1.0 0.34999999999999787 0.0 0.0 0.0 0.0 0.0 0.0 0.0 0.0 0.0 0.0 0.0 0.0 0.34999999999999964 1.0 1.0 0.9499999999999993 
0.9500000000000028 1.0 1.0 0.34999999999999787 0.0 0.0 0.0 0.0 0.0 0.0 0.0 0.0 0.0 0.0 0.0 0.0 0.34999999999999964 1.0 1.0 0.9499999999999993 
0.9500000000000028 1.0 1.0 0.34999999999999787 0.0 0.0 0.0 0.0 0.0 0.0 0.0 0.0 0.0 0.0 0.0 0.0 0.34999999999999964 1.0 1.0 0.9499999999999993 
0.9500000000000028 1.0 1.0 0.34999999999999787 0.0 0.0 0.0 0.0 0.0 0.0 0.0 0.0 0.0 0.0 0.0 0.0 0.34999999999999964 1.0 1.0 0.9499999999999993 
0.9500000000000028 1.0 1.0 0.34999999999999787 0.0 0.0 0.0 0.0 0.0 0.0 0.0 0.0 0.0 0.0 0.0 0.0 0.34999999999999964 1.0 1.0 0.9499999999999993 
0.9500000000000028 1.0 1.0 0.34999999999999787 0.0 0.0 0.0 0.0 0.0 0.0 0.0 0.0 0.0 0.0 0.0 0.2137500000000003 0.6587500000000007 1.0 0.8500000000000014 0.0 
0.9500000000000028 1.0 1.0 0.34999999999999787 0.0 0.0 0.0 0.0 0.0 0.0 0.0 0.0 0.0 0.0 0.0 0.4499999999999993 1.0 1.0 0.8500000000000014 0.0 
0.9500000000000028 1.0 1.0 0.34999999999999787 0.0 0.0 0.0 0.0 0.0 0.0 0.0 0.0 0.0 0.0 0.0 0.4499999999999993 1.0 1.0 0.8500000000000014 0.0 
0.9500000000000028 1.0 1.0 0.34999999999999787 0.0 0.0 0.0 0.0 0.0 0.0 0.0 0.0 0.0 0.0 0.0 0.4499999999999993 1.0 1.0 0.8500000000000014 0.0 
0.9500000000000028 1.0 1.0 0.34999999999999787 0.0 0.0 0.0 0.0 0.0 0.0 0.0 0.0 0.0 0.0 0.0 0.4499999999999993 1.0 1.0 0.8500000000000014 0.0 
0.9500000000000028 1.0 1.0 0.34999999999999787 0.0 0.0 0.0 0.0 0.0 0.0 0.0 0.0 0.0 0.0 0.0 0.4499999999999993 1.0 1.0 0.8500000000000014 0.0 
0.0 0.8500000000000026 1.0 1.0 0.6562499999999987 0.20624999999999927 0.0 0.0 0.0 0.0 0.0 0.0 0.0 0.24375000000000013 0.7187500000000004 1.0 1.0 0.90625 0.5312500000000009 0.0 
0.0 0.0 0.7312500000000007 0.9912499999999993 1.0 1.0 1.0 1.0 1.0 1.0 1.0 1.0 1.0 1.0 1.0 0.988749999999999 0.6337499999999989 0.0 0.0 0.0 
0.0 0.0 0.0 0.21125000000000024 0.3249999999999993 0.6287500000000009 1.0 1.0 1.0 1.0 1.0 1.0 1.0 0.5612499999999994 0.3249999999999993 0.17874999999999985 0.0 0.0 0.0 0.0 
