0.0 0.0 0.0 0.0 0.16500000000000123 0.30000000000000426 0.545 1.0 1.0 1.0 1.0 1.0 1.0 1.0 1.0 0.6850000000000074 0.195000000000005 0.0 0.0 0.0 
0.0 0.0 0.0 0.585 0.9550000000000016 1.0 1.0 1.0 1.0 1.0 1.0 1.0 1.0 1.0 1.0 1.0 0.9650000000000023 0.6750000000000097 0.0 0.0 
0.0 0.4250000000000024 0.8749999999999996 1.0 1.0 0.7750000000000001 0.49999999999999556 0.3749999999999989 0.0 0.0 0.0 0.0 0.0 0.0 0.27499999999999436 0.7249999999999936 1.0 1.0 0.8500000000000085 0.0 
0.0 0.8499999999999972 1.0 1.0 0.9449999999999976 0.4950000000000011 0.0 0.0 0.0 0.0 0.0 0.0 0.0 0.0 0.0 0.4049999999999907 0.9349999999999961 1.0 1.0 0.95000000000001 
0.0 0.25499999999999523 0.2999999999999954 0.2999999999999954 0.13499999999999904 0.0 0.0 0.0 0.0 0.0 0.0 0.0 0.0 0.0 0.0 0.0 0.34999999999999254 1.0 1.0 0.95000000000001 
0.0 0.0 0.0 0.0 0.0 0.0 0.0 0.0 0.0 0.0 0.0 0.0 0.0 0.0 0.0 0.13499999999999956 0.5449999999999975 1.0 0.9550000000000018 0.6650000000000029 
0.0 0.0 0.0 0.0 0.0 0.0 0.0 0.0 0.0 0.0 0.0 0.0 0.0 0.0 0.0 0.4499999999999922 1.0 1.0 0.8500000000000085 0.0 
0.0 0.0 0.0 0.0 0.0 0.0 0.0 0.0 0.0 0.0 0.0 0.0 0.0 0.32500000000000007 0.7749999999999992 1.0 1.0 0.8750000000000022 0.4249999999999997 0.0 
0.0 0.0 0.0 0.0 0.0 0.0 0.0 0.0 0.0 0.0 0.0 0.0 0.0750000000000032 0.6849999999999956 1.0 0.9549999999999985 0.5850000000000035 0.0 0.0 0.0 
0.0 0.0 0.0 0.0 0.0 0.0 0.0 0.0 0.0 0.0 0.0 0.595 0.9249999999999996 1.0 1.0 0.5500000000000078 0.0 0.0 0.0 0.0 
0.0 0.0 0.0 0.0 0.0 0.0 0.0 0.0 0.0 0.04999999999999538 0.949999999999994 1.0 1.0 0.8049999999999993 0.31500000000000256 0.0 0.0 0.0 0.0 0.0 
0.0 0.0 0.0 0.0 0.0 0.0 0.0 0.0 0.13499999999999637 0.9050000000000049 0.9949999999999997 1.0 0.3250000000000005 0.034999999999998685 0.0 0.0 0.0 0.0 0.0 0.0 
0.0 0.0 0.0 0.0 0.0 0.0 0.17500000000000054 0.6250000000000031 1.0 1.0 1.0 0.15000000000000568 0.0 0.0 0.0 0.0 0.0 0.0 0.0 0.0 
0.0 0.0 0.0 0.0 0.0 0.04500000000000181 0.4149999999999997 1.0 0.9849999999999998 0.8549999999999994 0.04500000000000519 0.0 0.0 0.0 0.0 0.0 0.0 0.0 0.0 0.0 
0.0 0.0 0.0 0.0 0.3850000000000009 0.8350000000000022 1.0 0.8250000000000015 0.25499999999999606 0.0 0.0 0.0 0.0 0.0 0.0 0.0 0.0 0.0 0.0 0.0 
0.0 0.0 0.0 0.6499999999999968 1.0 1.0 0.6500000000000039 0.0 0.0 0.0 0.0 0.0 0.0 0.0 0.0 0.0 0.0 0.0 0.0 0.0 
0.0 0.0 0.6750000000000015 0.9650000000000016 1.0 0.5950000000000013 0.0649999999999967 0.0 0.0 0.0 0.0 0.0 0.0 0.0 0.0 0.0 0.0 0.0 0.0 0.0 
0.47500000000000553 0.9249999999999996 1.0 1.0 1.0 0.5500000000000043 0.0 0.0 0.0 0.0 0.0 0.0 0.0 0.0 0.0 0.0 0.0 0.0 0.0 0.0 
0.9499999999999975 1.0 1.0 1.0 1.0 1.0 1.0 1.0 1.0 1.0 1.0 1.0 1.0 1.0 1.0 1.0 1.0 1.0 0.8500000000000085 0.0 
0.9499999999999975 1.0 1.0 1.0 1.0 1.0 1.0 1.0 1.0 1.0 1.0 1.0 1.0 1.0 1.0 1.0 1.0 1.0 0.8500000000000085 0.0 
