0.46874999999999195 1.0 1.0 1.0 1.0 1.0 1.0 1.0 1.0 1.0 1.0 1.0 0.5312499999999947 0.3749999999999929 0.3749999999999929 0.13124999999999803 0.0 0.0 0.0 0.0 
1.0 1.0 1.0 1.0 1.0 1.0 1.0 1.0 1.0 1.0 1.0 1.0 1.0 1.0 1.0 1.0 0.16874999999999118 0.093749999999995 0.0 0.0 
0.2562500000000025 1.0 1.0 1.0 1.0 1.0 1.0 1.0 1.0 1.0 1.0 1.0 1.0 1.0 1.0 1.0 1.0 0.9687499999999984 0.3937499999999935 0.0 
0.1499999999999968 1.0 1.0 1.0 0.7812500000000032 0.37500000000000533 0.37500000000000533 0.37500000000000533 0.37500000000000533 0.37500000000000533 0.37500000000000533 0.37500000000000533 0.37500000000000533 0.4062500000000033 1.0 1.0 1.0 1.0 0.7937499999999955 0.0937499999999983 
0.1499999999999968 1.0 1.0 1.0 0.6500000000000021 0.0 0.0 0.0 0.0 0.0 0.0 0.0 0.0 0.0 0.21875000000000275 0.8687500000000014 1.0 1.0 1.0 0.46874999999999456 
0.1499999999999968 1.0 1.0 1.0 0.6500000000000021 0.0 0.0 0.0 0.0 0.0 0.0 0.0 0.0 0.0 0.0 0.0 0.9500000000000028 1.0 1.0 1.0 
0.1499999999999968 1.0 1.0 1.0 0.6500000000000021 0.0 0.0 0.0 0.0 0.0 0.0 0.0 0.0 0.0 0.0 0.0 0.9500000000000028 1.0 1.0 1.0 
0.1499999999999968 1.0 1.0 1.0 0.6500000000000021 0.0 0.0 0.0 0.0 0.0 0.0 0.0 0.0 0.0 0.0 0.0 0.9500000000000028 1.0 1.0 1.0 
0.1499999999999968 1.0 1.0 1.0 0.6500000000000021 0.0 0.0 0.0 0.0 0.0 0.0 0.0 0.0 0.0 0.0 0.0 0.9500000000000028 1.0 1.0 1.0 
0.1499999999999968 1.0 1.0 1.0 0.6500000000000021 0.0 0.0 0.0 0.0 0.0 0.0 0.0 0.0 0.0 0.0 0.0 0.9500000000000028 1.0 1.0 1.0 
0.1499999999999968 1.0 1.0 1.0 0.6500000000000021 0.0 0.0 0.0 0.0 0.0 0.0 0.0 0.0 0.0 0.0 0.0 0.9500000000000028 1.0 1.0 1.0 
0.1499999999999968 1.0 1.0 1.0 0.6500000000000021 0.0 0.0 0.0 0.0 0.0 0.0 0.0 0.0 0.0 0.0 0.0 0.9500000000000028 1.0 1.0 1.0 
0.1499999999999968 1.0 1.0 1.0 0.6500000000000021 0.0 0.0 0.0 0.0 0.0 0.0 0.0 0.0 0.0 0.0 0.0 0.9500000000000028 1.0 1.0 1.0 
0.1499999999999968 1.0 1.0 1.0 0.6500000000000021 0.0 0.0 0.0 0.0 0.0 0.0 0.0 0.0 0.0 0.0 0.0 0.9500000000000028 1.0 1.0 1.0 
0.1499999999999968 1.0 1.0 1.0 0.6500000000000021 0.0 0.0 0.0 0.0 0.0 0.0 0.0 0.0 0.0 0.0 0.0 0.9500000000000028 1.0 1.0 1.0 
0.1499999999999968 1.0 1.0 1.0 0.6500000000000021 0.0 0.0 0.0 0.0 0.0 0.0 0.0 0.0 0.0 0.0 0.4062499999999991 0.9812500000000011 1.0 1.0 0.4687499999999991 
0.1499999999999968 1.0 1.0 1.0 0.6500000000000021 0.0 0.0 0.0 0.0 0.0 0.0 0.0 0.0 0.018749999999998934 0.375 0.7812499999999991 1.0 1.0 1.0 0.14999999999999858 
0.1499999999999968 1.0 1.0 1.0 1.0 1.0 1.0 1.0 1.0 1.0 1.0 1.0 1.0 1.0 1.0 1.0 1.0 1.0 0.44999999999999574 0.0 
0.1499999999999968 1.0 1.0 1.0 1.0 1.0 1.0 1.0 1.0 1.0 1.0 1.0 1.0 1.0 1.0 1.0 1.0 0.125 0.05624999999999947 0.0 
0.0562499999999988 0.6562499999999982 1.0 1.0 1.0 1.0 1.0 1.0 1.0 1.0 1.0 1.0 1.0 0.9687500000000018 0.375 0.375 0.018749999999998934 0.0 0.0 0.0 
