0.0 0.0 0.0 0.043749999999998804 0.3062499999999972 0.7562499999999974 1.0 1.0 1.0 1.0 1.0 1.0 1.0 1.0 0.7562500000000015 0.30624999999999936 0.043750000000000976 0.0 0.0 0.0 
0.0 0.031249999999998647 0.4062499999999962 1.0 1.0 1.0 1.0 1.0 1.0 1.0 1.0 1.0 1.0 1.0 1.0 1.0 1.0 0.40625000000000216 0.031249999999998956 0.0 
0.6562499999999969 0.9062499999999989 1.0 1.0 1.0 1.0 1.0 1.0 1.0 1.0 1.0 1.0 1.0 1.0 1.0 1.0 1.0 1.0 0.6250000000000036 0.0 
0.8749999999999973 1.0 1.0 1.0 1.0 1.0 0.8312500000000015 0.48125000000000207 0.06875000000000156 0.0 0.0 0.06874999999999813 0.4812499999999987 0.8312499999999987 1.0 1.0 1.0 1.0 1.0 0.8750000000000036 
0.8749999999999973 1.0 1.0 1.0 1.0 1.0 0.6250000000000027 0.0 0.0 0.0 0.0 0.0 0.0 0.6249999999999964 1.0 1.0 1.0 1.0 1.0 0.8750000000000036 
0.8749999999999973 1.0 1.0 1.0 1.0 1.0 0.6250000000000027 0.0 0.0 0.0 0.0 0.0 0.0 0.6249999999999964 1.0 1.0 1.0 1.0 1.0 0.8750000000000036 
0.8749999999999973 1.0 1.0 1.0 1.0 1.0 0.6250000000000027 0.0 0.0 0.0 0.0 0.0 0.0 0.0 0.0 0.0 0.0 0.0 0.0 0.0 
0.8749999999999973 1.0 1.0 1.0 1.0 1.0 0.6250000000000027 0.0 0.0 0.0 0.0 0.0 0.0 0.0 0.0 0.0 0.0 0.0 0.0 0.0 
0.8749999999999973 1.0 1.0 1.0 1.0 1.0 0.6250000000000027 0.0 0.0 0.0 0.0 0.0 0.0 0.0 0.0 0.0 0.0 0.0 0.0 0.0 
0.8749999999999973 1.0 1.0 1.0 1.0 1.0 0.6250000000000027 0.0 0.0 0.0 0.0 0.0 0.0 0.0 0.0 0.0 0.0 0.0 0.0 0.0 
0.8749999999999973 1.0 1.0 1.0 1.0 0.78125 0.40625000000000083 0.0 0.0 0.0 0.0 0.0 0.0 0.0 0.0 0.0 0.0 0.0 0.0 0.0 
0.8749999999999973 1.0 1.0 1.0 1.0 0.37500000000000266 0.0 0.0 0.0 0.0 0.0 0.0 0.0 0.0 0.0 0.0 0.0 0.0 0.0 0.0 
0.8749999999999973 1.0 1.0 1.0 1.0 0.37500000000000266 0.0 0.0 0.0 0.0 0.0 0.0 0.0 0.0 0.0 0.0 0.0 0.0 0.0 0.0 
0.8749999999999973 1.0 1.0 1.0 1.0 0.37500000000000266 0.0 0.0 0.0 0.0 0.0 0.0 0.0 0.0 0.0 0.0 0.0 0.0 0.0 0.0 
0.8749999999999973 1.0 1.0 1.0 1.0 0.37500000000000266 0.0 0.0 0.0 0.0 0.0 0.0 0.0 0.6249999999999964 1.0 1.0 1.0 1.0 0.6250000000000036 0.0 
0.8749999999999973 1.0 1.0 1.0 1.0 0.37500000000000266 0.0 0.0 0.0 0.0 0.0 0.0 0.0 0.6249999999999964 1.0 1.0 1.0 1.0 0.6250000000000036 0.0 
0.8749999999999973 1.0 1.0 1.0 1.0 0.7187500000000039 0.3437500000000041 0.0 0.0 0.0 0.0 0.06874999999999858 0.4812500000000018 0.83125 1.0 1.0 1.0 1.0 0.6250000000000036 0.0 
0.0 0.6249999999999973 1.0 1.0 1.0 1.0 1.0 1.0 1.0 1.0 1.0 1.0 1.0 1.0 1.0 1.0 1.0 0.8437499999999987 0.46875000000000044 0.0 
0.0 0.03124999999999587 0.40624999999999345 1.0 1.0 1.0 1.0 1.0 1.0 1.0 1.0 1.0 1.0 1.0 1.0 0.8812500000000025 0.1687499999999978 0.01874999999999778 0.0 0.0 
0.0 0.0 0.0 0.04374999999999836 0.3062499999999941 0.3499999999999943 0.3499999999999943 0.4312499999999933 0.9187499999999975 1.0 0.7562499999999996 0.3499999999999943 0.3499999999999943 0.3499999999999943 0.2187499999999977 0.0 0.0 0.0 0.0 0.0 
