0.0 0.0 0.0 0.0 1.1546319456101855e-15 0.3250000000000064 0.32500000000000817 1.0 1.0 1.0 1.0 1.0 1.0 1.0 0.3250000000000076 0.3250000000000064 5.773159728050928e-16 0.0 0.0 0.0 
0.0 0.0 0.0 3.896882816434325e-15 0.9750000000000064 1.0 1.0 1.0 1.0 1.0 1.0 1.0 1.0 1.0 1.0 1.0 0.9750000000000063 0.0 0.0 0.0 
0.0 3.053113317719211e-15 0.6250000000000079 1.0 1.0 1.0 1.0 1.0 1.0 1.0 1.0 1.0 1.0 1.0 1.0 1.0 1.0 1.0 0.6250000000000062 0.0 
5.329070518200751e-15 1.0 1.0 1.0 1.0 0.999999999999999 0.7249999999999924 0.0 0.0 0.0 0.0 0.0 0.0 0.7249999999999943 0.9999999999999996 1.0 1.0 1.0 1.0 0.2750000000000057 
0.9250000000000065 1.0 1.0 1.0 0.9999999999999967 0.0749999999999937 0.0 0.0 0.0 0.0 0.0 0.0 0.0 0.0 0.07499999999999382 0.9999999999999983 1.0 1.0 1.0 1.0 
1.0 1.0 1.0 1.0 0.9999999999999964 0.0 0.0 0.0 0.0 0.0 0.0 0.0 0.0 0.0 0.0 0.9999999999999982 1.0 1.0 1.0 1.0 
1.0 1.0 1.0 1.0 0.9999999999999964 0.0 0.0 0.0 0.0 0.0 0.0 0.0 0.0 0.0 0.0 0.9999999999999982 1.0 1.0 1.0 1.0 
1.0 1.0 1.0 1.0 0.9999999999999964 0.0 0.0 0.0 0.0 0.0 0.0 0.0 0.0 0.0 0.0 0.9999999999999982 1.0 1.0 1.0 1.0 
1.0 1.0 1.0 1.0 0.9999999999999964 0.0 0.0 0.0 0.0 0.0 0.0 0.0 0.0 0.0 0.0 0.9999999999999982 1.0 1.0 1.0 1.0 
1.0 1.0 1.0 1.0 0.9999999999999964 0.0 0.0 0.0 0.0 0.0 0.0 0.0 0.0 0.0 0.0 0.9999999999999982 1.0 1.0 1.0 1.0 
1.0 1.0 1.0 1.0 0.9999999999999964 0.0 0.0 0.0 0.0 0.0 0.0 0.0 0.0 0.0 0.0 0.9999999999999982 1.0 1.0 1.0 0.1749999999999936 
1.0 1.0 1.0 0.9999999999999981 0.5249999999999931 0.0 0.0 0.0 0.0 0.0 0.0 0.0 0.0 0.0 0.0 0.9999999999999982 1.0 1.0 1.0 0.0 
1.0 1.0 1.0 0.999999999999996 0.0 0.0 0.0 0.0 0.0 0.0 0.0 0.0 0.0 0.0 0.0 0.9999999999999982 1.0 1.0 1.0 0.0 
1.0 1.0 1.0 0.999999999999996 0.0 0.0 0.0 0.0 0.0 0.0 0.0 0.0 0.0 0.0 0.0 0.9999999999999982 1.0 1.0 1.0 0.0 
1.0 1.0 1.0 0.999999999999996 0.0 0.0 0.0 0.0 0.0 0.0 0.0 0.0 0.0 0.0 0.4250000000000035 0.999999999999999 1.0 1.0 1.0 0.0 
1.0 1.0 1.0 1.0 0.9999999999999964 0.0 0.0 0.0 0.0 0.0 0.0 0.0 0.0 0.0 0.9999999999999982 1.0 1.0 1.0 1.0 0.0 
1.0 1.0 1.0 1.0 0.999999999999999 0.7250000000000024 0.0 0.0 0.0 0.0 0.0 0.0 0.0 0.725000000000005 0.9999999999999996 1.0 1.0 1.0 0.274999999999995 0.0 
3.3306690738754507e-15 0.6249999999999983 1.0 1.0 1.0 1.0 0.9999999999999983 0.37500000000000355 0.37500000000000355 0.37500000000000355 0.37500000000000466 1.0 1.0 1.0 1.0 1.0 1.0 0.6249999999999964 0.0 0.0 
0.0 4.762856775641894e-15 0.9749999999999943 0.9749999999999944 1.0 1.0 1.0 1.0 1.0 1.0 1.0 1.0 1.0 1.0 1.0 0.9749999999999943 1.7319479184152341e-15 0.0 0.0 0.0 
0.0 0.0 0.0 1.2989609388114161e-15 0.3249999999999981 1.0 1.0 1.0 1.0 1.0 1.0 1.0 1.0 0.32499999999999574 0.32499999999999574 5.773159728050738e-16 0.0 0.0 0.0 0.0 
