0.20812500000000517 0.22500000000000497 0.22500000000000497 0.22500000000000497 0.22500000000000497 0.22500000000000497 0.24437500000000445 0.903125 1.0 1.0 1.0 1.0 1.0 1.0 1.0 1.0 1.0 1.0 1.0 0.9250000000000043 
0.9250000000000025 1.0 1.0 1.0 1.0 1.0 1.0 1.0 1.0 1.0 1.0 1.0 1.0 1.0 1.0 1.0 1.0 1.0 1.0 0.9250000000000043 
0.8093749999999985 0.874999999999996 0.874999999999996 0.874999999999996 0.874999999999996 0.874999999999996 0.874999999999996 0.874999999999996 0.874999999999996 0.874999999999996 0.874999999999996 0.874999999999996 0.874999999999996 0.874999999999996 0.9781249999999988 1.0 1.0 1.0 1.0 0.9250000000000043 
0.0 0.0 0.0 0.0 0.0 0.0 0.0 0.0 0.0 0.0 0.0 0.0 0.07187499999999843 0.5606250000000014 0.9256249999999988 1.0 1.0 1.0 0.8706250000000024 0.39312499999999834 
0.0 0.0 0.0 0.0 0.0 0.0 0.0 0.0 0.0 0.0 0.0 0.00687500000000075 0.14687499999999917 0.9756249999999963 1.0 1.0 1.0 0.990624999999999 0.7556250000000032 0.0 
0.0 0.0 0.0 0.0 0.0 0.0 0.0 0.0 0.0 0.0 0.0 0.2749999999999968 1.0 1.0 1.0 1.0 0.7506250000000012 0.32812500000000133 0.0 0.0 
0.0 0.0 0.0 0.0 0.0 0.0 0.0 0.0 0.0 0.0 0.39312499999999845 0.9456250000000016 1.0 1.0 1.0 1.0 0.475000000000005 0.0 0.0 0.0 
0.0 0.0 0.0 0.0 0.0 0.0 0.0 0.0 0.0 0.21562500000000043 0.6406249999999992 1.0 1.0 1.0 1.0 0.3250000000000046 0.0 0.0 0.0 0.0 
0.0 0.0 0.0 0.0 0.0 0.0 0.0 0.0 0.0 0.5749999999999984 1.0 1.0 1.0 1.0 0.31937500000000263 0.05687500000000046 0.0 0.0 0.0 0.0 
0.0 0.0 0.0 0.0 0.0 0.0 0.0 0.0 0.7249999999999988 1.0 1.0 1.0 0.965625000000001 0.7318750000000007 0.12687500000000304 0.0 0.0 0.0 0.0 0.0 
0.0 0.0 0.0 0.0 0.0 0.0 0.018124999999999603 0.634374999999999 0.9243749999999995 1.0 1.0 0.8006250000000024 0.24062500000000128 0.006875000000001083 0.0 0.0 0.0 0.0 0.0 0.0 
0.0 0.0 0.0 0.0 0.0 0.030624999999999472 0.19562499999999677 0.8968749999999989 1.0 1.0 0.9256250000000017 0.5981250000000047 0.0 0.0 0.0 0.0 0.0 0.0 0.0 0.0 
0.0 0.0 0.0 0.0 0.0 0.17499999999999982 1.0 1.0 1.0 1.0 0.5750000000000028 0.0 0.0 0.0 0.0 0.0 0.0 0.0 0.0 0.0 
0.0 0.0 0.0 0.03562499999999973 0.3756250000000001 1.0 1.0 1.0 1.0 0.4250000000000016 0.0 0.0 0.0 0.0 0.0 0.0 0.0 0.0 0.0 0.0 
0.0 0.0 0.0 0.475000000000001 1.0 1.0 1.0 1.0 0.6193750000000017 0.20187500000000136 0.0 0.0 0.0 0.0 0.0 0.0 0.0 0.0 0.0 0.0 
0.0 0.0 0.6093750000000002 0.986874999999999 1.0 1.0 1.0 1.0 0.27500000000000124 0.0 0.0 0.0 0.0 0.0 0.0 0.0 0.0 0.0 0.0 0.0 
0.0 0.32937499999999864 0.7843749999999998 1.0 1.0 0.9256250000000006 0.560625000000003 0.07187500000000087 0.0 0.0 0.0 0.0 0.0 0.0 0.0 0.0 0.0 0.0 0.0 0.0 
0.0 0.775000000000002 1.0 1.0 1.0 0.8250000000000002 0.0 0.0 0.0 0.0 0.0 0.0 0.0 0.0 0.0 0.0 0.0 0.0 0.0 0.0 
0.9250000000000025 1.0 1.0 1.0 0.6749999999999994 0.0 0.0 0.0 0.0 0.0 0.0 0.0 0.0 0.0 0.0 0.0 0.0 0.0 0.0 0.0 
0.9250000000000025 1.0 1.0 0.6318750000000016 0.15187500000000323 0.0 0.0 0.0 0.0 0.0 0.0 0.0 0.0 0.0 0.0 0.0 0.0 0.0 0.0 0.0 
