0.018749999999997623 0.4687500000000014 1.0 1.0 1.0 1.0 1.0 1.0 1.0 1.0 1.0 1.0 1.0 1.0 1.0 1.0 1.0 1.0 1.0 0.40625000000001166 
0.04999999999999272 1.0 1.0 1.0 1.0 1.0 1.0 1.0 1.0 1.0 1.0 1.0 1.0 1.0 1.0 1.0 1.0 1.0 1.0 1.0 
0.04999999999999272 1.0 1.0 1.0 1.0 1.0 1.0 1.0 1.0 1.0 1.0 1.0 1.0 1.0 1.0 1.0 1.0 1.0 1.0 1.0 
0.643750000000004 1.0 1.0 1.0 1.0 1.0 0.5937500000000002 0.3749999999999929 0.3749999999999929 0.3749999999999929 0.3749999999999929 0.3749999999999929 0.5312499999999902 1.0 1.0 1.0 1.0 1.0 1.0 1.0 
0.6437499999999905 1.0 1.0 1.0 1.0 1.0 0.35000000000000764 0.0 0.0 0.0 0.0 0.0 0.2499999999999929 1.0 1.0 1.0 1.0 1.0 1.0 0.050000000000007816 
0.04374999999999327 0.893749999999993 1.0 1.0 1.0 0.45000000000000817 0.0 0.0 0.0 0.0 0.0 0.14999999999999147 1.0 1.0 1.0 1.0 1.0 1.0 0.8937499999999952 0.043750000000006485 
0.0 0.018749999999998008 0.1249999999999929 0.1249999999999929 0.1249999999999929 0.05624999999999782 0.0 0.0 0.0 0.0 0.04374999999999165 0.8937500000000049 1.0 1.0 1.0 1.0 1.0 1.0 0.15000000000000924 0.0 
0.0 0.0 0.0 0.0 0.0 0.0 0.0 0.0 0.0 0.0 0.643750000000003 1.0 1.0 1.0 1.0 1.0 0.5937500000000007 0.09375000000000089 0.0 0.0 
0.0 0.0 0.0 0.0 0.0 0.0 0.0 0.0 0.0 0.35625000000000384 1.0 1.0 1.0 1.0 1.0 0.7937499999999998 0.21875000000000283 0.0 0.0 0.0 
0.0 0.0 0.0 0.0 0.0 0.0 0.0 0.0 0.10625000000000488 0.9562499999999935 1.0 1.0 1.0 1.0 0.5500000000000078 0.0 0.0 0.0 0.0 0.0 
0.0 0.0 0.0 0.0 0.0 0.0 0.0 0.0 0.8499999999999908 1.0 1.0 1.0 1.0 0.6937500000000056 0.06874999999999706 0.0 0.0 0.0 0.0 0.0 
0.0 0.0 0.0 0.0 0.0 0.0 0.40624999999999983 0.9062499999999988 1.0 1.0 1.0 1.0 0.8437500000000027 0.24374999999999886 0.0 0.0 0.0 0.0 0.0 0.0 
0.0 0.0 0.0 0.0 0.0 0.20625000000000085 0.7812499999999978 1.0 1.0 1.0 1.0 0.9437500000000021 0.4687499999999991 0.0 0.0 0.0 0.0 0.0 0.0 0.0 
0.0 0.0 0.0 0.0 0.05625000000000222 0.6062499999999961 1.0 1.0 1.0 1.0 0.95000000000001 0.0 0.0 0.0 0.0 0.0 0.0 0.0 0.0 0.0 
0.0 0.0 0.0 0.0 0.4499999999999922 1.0 1.0 1.0 1.0 1.0 0.1187499999999945 0.0 0.0 0.0 0.0 0.0 0.0 0.0 0.0 0.0 
0.0 0.0 0.0 0.34999999999999254 1.0 1.0 1.0 1.0 1.0 0.4062499999999981 0.0 0.0 0.0 0.0 0.0 0.0 0.0 0.0 0.0 0.0 
0.0 0.0 0.0 0.34999999999999254 1.0 1.0 1.0 1.0 1.0 0.050000000000007816 0.0 0.0 0.0 0.0 0.0 0.0 0.0 0.0 0.0 0.0 
0.0 0.0 0.0 0.34999999999999254 1.0 1.0 1.0 1.0 1.0 0.050000000000007816 0.0 0.0 0.0 0.0 0.0 0.0 0.0 0.0 0.0 0.0 
0.0 0.0 0.0 0.34999999999999254 1.0 1.0 1.0 1.0 1.0 0.050000000000007816 0.0 0.0 0.0 0.0 0.0 0.0 0.0 0.0 0.0 0.0 
0.0 0.0 0.0 0.34999999999999254 1.0 1.0 1.0 1.0 1.0 0.050000000000007816 0.0 0.0 0.0 0.0 0.0 0.0 0.0 0.0 0.0 0.0 
