0.0 0.0 0.0 0.0 0.0 0.0 0.0 0.0 0.0 0.0 0.0 0.0 0.0 0.0 0.5500000000000043 1.0 1.0 1.0 1.0 0.9499999999999922 
0.0 0.0 0.0 0.0 0.0 0.0 0.0 0.0 0.0 0.0 0.0 0.0 0.0 0.0 0.5500000000000043 1.0 1.0 1.0 0.8574999999999934 0.04749999999999185 
0.0 0.0 0.0 0.0 0.0 0.0 0.0 0.0 0.0 0.0 0.0 0.0 0.0 0.0 0.5500000000000043 1.0 1.0 1.0 1.0 0.9499999999999922 
0.0 0.0 0.0 0.0 0.0 0.0 0.0 0.0 0.0 0.0 0.0 0.0 0.0 0.0 0.5500000000000043 1.0 1.0 1.0 0.9324999999999986 0.5225000000000023 
0.0 0.0 0.0 0.0 0.0 0.0 0.0 0.0 0.0 0.0 0.0 0.0 0.0 0.0 0.5500000000000043 1.0 1.0 1.0 0.8724999999999943 0.14249999999999327 
0.0 0.0 0.0 0.0 0.0 0.0 0.0 0.0 0.0 0.0 0.0 0.0 0.0 0.0 0.5500000000000043 1.0 1.0 1.0 1.0 0.9499999999999922 
0.0 0.0 0.0 0.0 0.0 0.0 0.0 0.0 0.0 0.0 0.0 0.0 0.0 0.0 0.5500000000000043 1.0 1.0 1.0 1.0 0.9499999999999922 
0.0 0.0 0.0 0.0 0.0 0.0 0.0 0.0 0.0 0.0 0.0 0.0 0.0 0.0 0.5500000000000043 1.0 1.0 1.0 0.8499999999999943 0.0 
0.0 0.0 0.0 0.0 0.0 0.0 0.0 0.0 0.0 0.0 0.0 0.0 0.0 0.0 0.5500000000000043 1.0 1.0 1.0 0.8499999999999943 0.0 
0.0 0.0 0.0 0.0 0.0 0.0 0.0 0.0 0.0 0.0 0.0 0.0 0.0 0.0 0.5500000000000043 1.0 1.0 1.0 0.9474999999999978 0.6174999999999936 
0.0 0.0 0.0 0.0 0.0 0.0 0.0 0.0 0.0 0.0 0.0 0.0 0.0 0.0 0.5500000000000043 1.0 1.0 1.0 1.0 0.9499999999999922 
0.0 0.0 0.0 0.0 0.0 0.0 0.0 0.0 0.0 0.0 0.0 0.0 0.0 0.0 0.5500000000000043 1.0 1.0 1.0 1.0 0.9499999999999922 
0.0 0.0 0.0 0.0 0.0 0.0 0.0 0.0 0.0 0.0 0.0 0.0 0.0 0.0 0.5500000000000043 1.0 1.0 1.0 1.0 0.9499999999999922 
0.0 0.0 0.0 0.0 0.0 0.0 0.0 0.0 0.0 0.0 0.0 0.0 0.0 0.0 0.5500000000000043 1.0 1.0 1.0 1.0 0.9499999999999922 
0.14250000000000232 0.15000000000000213 0.15000000000000213 0.15000000000000213 0.06750000000000052 0.0 0.0 0.0 0.0 0.0 0.0 0.0 0.0 0.0 0.5500000000000043 1.0 1.0 1.0 0.9774999999999988 0.8074999999999913 
0.950000000000002 1.0 1.0 1.0 0.44999999999999707 0.0 0.0 0.0 0.0 0.0 0.0 0.0 0.0 0.0 0.5500000000000043 1.0 1.0 1.0 0.8499999999999943 0.0 
0.950000000000002 1.0 1.0 1.0 0.7525000000000011 0.30250000000000077 0.0 0.0 0.0 0.0 0.0 0.0 0.0 0.3575000000000059 0.7975000000000039 1.0 1.0 1.0 0.8499999999999943 0.0 
0.0 0.8500000000000022 1.0 1.0 1.0 1.0 0.7374999999999988 0.25000000000000355 0.25000000000000355 0.25000000000000355 0.25000000000000355 0.8875000000000043 1.0 1.0 1.0 1.0 1.0 0.7499999999999929 0.0 0.0 
0.0 0.042499999999994674 0.7625000000000007 1.0 1.0 1.0 1.0 1.0 1.0 1.0 1.0 1.0 1.0 1.0 1.0 1.0 0.667499999999993 0.03749999999999485 0.0 0.0 
0.0 0.0 0.0 0.0 0.1924999999999979 0.3499999999999943 0.5774999999999983 1.0 1.0 1.0 1.0 1.0 0.5124999999999934 0.3499999999999943 0.15749999999999595 0.0 0.0 0.0 0.0 0.0 
