0.0 0.0 0.0 0.2274999999999949 0.34999999999999076 0.6424999999999967 1.0 1.0 1.0 1.0 1.0 1.0 1.0 1.0 0.6424999999999921 0.19249999999999268 0.0 0.0 0.0 0.0 
0.0 0.04249999999999316 0.7625000000000003 1.0 1.0 1.0 1.0 1.0 1.0 1.0 1.0 1.0 1.0 1.0 1.0 1.0 0.6674999999999924 0.03749999999999352 0.0 0.0 
0.0 0.8500000000000021 1.0 1.0 1.0 1.0 1.0 0.8124999999999992 0.25000000000000755 0.25000000000000755 0.25000000000000755 0.25000000000000755 0.8125000000000046 1.0 1.0 1.0 1.0 0.9374999999999963 0.6374999999999893 0.0 
0.950000000000002 1.0 1.0 1.0 1.0 0.7975000000000019 0.35750000000000276 0.0 0.0 0.0 0.0 0.0 0.0 0.35750000000000764 0.797500000000005 1.0 1.0 1.0 0.9174999999999958 0.4274999999999899 
0.950000000000002 1.0 1.0 1.0 0.44999999999999707 0.0 0.0 0.0 0.0 0.0 0.0 0.0 0.0 0.0 0.46750000000000685 0.9175000000000042 1.0 1.0 1.0 0.9499999999999922 
0.950000000000002 1.0 1.0 1.0 0.44999999999999707 0.0 0.0 0.0 0.0 0.0 0.0 0.0 0.0 0.0 0.0 0.06750000000000352 0.15000000000000568 0.15000000000000568 0.15000000000000568 0.14250000000000423 
0.950000000000002 1.0 1.0 1.0 0.44999999999999707 0.0 0.0 0.0 0.0 0.0 0.0 0.0 0.0 0.0 0.0 0.0 0.0 0.0 0.0 0.0 
0.950000000000002 1.0 1.0 1.0 0.44999999999999707 0.0 0.0 0.0 0.0 0.0 0.0 0.0 0.0 0.0 0.0 0.0 0.0 0.0 0.0 0.0 
0.950000000000002 1.0 1.0 1.0 0.44999999999999707 0.0 0.0 0.0 0.0 0.0 0.0 0.0 0.0 0.0 0.0 0.0 0.0 0.0 0.0 0.0 
0.950000000000002 1.0 1.0 1.0 0.8074999999999982 0.3574999999999974 0.0 0.0 0.0 0.05000000000000426 0.9500000000000028 1.0 1.0 1.0 1.0 1.0 1.0 1.0 1.0 0.9499999999999922 
0.950000000000002 1.0 1.0 1.0 0.8075000000000001 0.3574999999999993 0.0 0.0 0.0 0.05000000000000426 0.9500000000000028 1.0 1.0 1.0 1.0 1.0 1.0 1.0 1.0 0.9499999999999922 
0.950000000000002 1.0 1.0 1.0 0.44999999999999707 0.0 0.0 0.0 0.0 0.0 0.0 0.0 0.0 0.0 0.0 0.4500000000000064 1.0 1.0 1.0 0.9499999999999922 
0.950000000000002 1.0 1.0 1.0 0.44999999999999707 0.0 0.0 0.0 0.0 0.0 0.0 0.0 0.0 0.0 0.0 0.4500000000000064 1.0 1.0 1.0 0.9499999999999922 
0.950000000000002 1.0 1.0 1.0 0.44999999999999707 0.0 0.0 0.0 0.0 0.0 0.0 0.0 0.0 0.0 0.0 0.4500000000000064 1.0 1.0 1.0 0.9499999999999922 
0.950000000000002 1.0 1.0 1.0 0.44999999999999707 0.0 0.0 0.0 0.0 0.0 0.0 0.0 0.0 0.0 0.0 0.4500000000000064 1.0 1.0 1.0 0.9499999999999922 
0.950000000000002 1.0 1.0 1.0 0.9175000000000023 0.4675000000000003 0.0 0.0 0.0 0.0 0.0 0.0 0.0 0.0 0.0 0.4500000000000064 1.0 1.0 1.0 0.9499999999999922 
0.0 0.8500000000000022 1.0 1.0 1.0 0.7975000000000007 0.35750000000000104 0.0 0.0 0.0 0.0 0.0 0.0 0.0 0.3025000000000047 0.7525000000000053 1.0 1.0 1.0 0.9499999999999922 
0.0 0.6374999999999986 0.9374999999999998 1.0 1.0 1.0 1.0 0.8124999999999982 0.25000000000000355 0.25000000000000355 0.25000000000000355 0.25000000000000355 0.25000000000000355 0.7375000000000055 1.0 1.0 1.0 1.0 0.8499999999999943 0.0 
0.0 0.0 0.03749999999999533 0.6675000000000002 1.0 1.0 1.0 1.0 1.0 1.0 1.0 1.0 1.0 1.0 1.0 1.0 1.0 0.7624999999999916 0.04249999999999428 0.0 
0.0 0.0 0.0 0.0 0.1924999999999979 0.6424999999999987 1.0 1.0 1.0 1.0 1.0 1.0 1.0 1.0 0.6424999999999941 0.3499999999999943 0.22749999999999457 0.0 0.0 0.0 
