0.0 0.22499999999999765 0.9999999999999991 1.0 1.0 1.0 1.0 1.0 1.0 1.0 1.0 1.0 1.0 1.0 1.0 1.0 0.22500000000000062 0.9999999999999972 1.0 0.22500000000000062 
0.0 0.999999999999999 1.0 1.0 1.0 1.0 1.0 1.0 1.0 1.0 1.0 1.0 1.0 1.0 1.0 1.0 1.0 1.0 1.0 1.0 
0.0 0.8750000000000004 0.8750000000000013 0.8750000000000013 0.8750000000000013 0.8750000000000013 0.8750000000000013 0.8750000000000013 0.8750000000000013 0.8750000000000013 0.8750000000000013 0.8750000000000013 0.8750000000000013 0.8750000000000013 0.9999999999999996 1.0 1.0 1.0 1.0 3.552713678800501e-15 
0.0 0.0 0.0 0.0 0.0 0.0 0.0 0.0 0.0 0.0 0.0 0.0 0.0 0.0 0.9999999999999964 1.0 1.0 1.0 0.42500000000000276 1.5099033134902154e-15 
0.0 0.0 0.0 0.0 0.0 0.0 0.0 0.0 0.0 0.0 0.0 0.0 0.024999999999999377 0.9999999999999966 1.0 1.0 1.0 0.9750000000000006 3.4638958368304903e-15 0.0 
0.0 0.0 0.0 0.0 0.0 0.0 0.0 0.0 0.0 0.0 0.0 0.0 0.9999999999999964 1.0 1.0 1.0 0.525000000000002 1.8651746813702643e-15 0.0 0.0 
0.0 0.0 0.0 0.0 0.0 0.0 0.0 0.0 0.0 0.0 0.0 0.9249999999999974 0.9999999999999998 1.0 1.0 1.0 3.552713678800501e-15 0.0 0.0 0.0 
0.0 0.0 0.0 0.0 0.0 0.0 0.0 0.0 0.0 0.0 0.9999999999999964 1.0 1.0 1.0 1.0 3.552713678800501e-15 0.0 0.0 0.0 0.0 
0.0 0.0 0.0 0.0 0.0 0.0 0.0 0.0 0.0 0.8249999999999982 0.9999999999999993 1.0 1.0 1.0 0.17500000000000188 6.217248937900839e-16 0.0 0.0 0.0 0.0 
0.0 0.0 0.0 0.0 0.0 0.0 0.0 0.0 0.27500000000000163 0.9999999999999974 1.0 1.0 1.0 3.552713678800501e-15 0.0 0.0 0.0 0.0 0.0 0.0 
0.0 0.0 0.0 0.0 0.0 0.0 0.0 0.7250000000000001 0.9999999999999996 1.0 1.0 1.0 0.27500000000000113 9.769962616701327e-16 0.0 0.0 0.0 0.0 0.0 0.0 
0.0 0.0 0.0 0.0 0.0 0.0 0.17500000000000396 0.9999999999999986 1.0 1.0 1.0 3.552713678800501e-15 0.0 0.0 0.0 0.0 0.0 0.0 0.0 0.0 
0.0 0.0 0.0 0.0 0.0 0.6250000000000024 0.9999999999999993 1.0 1.0 1.0 0.37499999999999867 1.3322676295501752e-15 0.0 0.0 0.0 0.0 0.0 0.0 0.0 0.0 
0.0 0.0 0.0 0.0 0.07500000000000275 0.9999999999999983 1.0 1.0 1.0 0.9249999999999974 3.2862601528904533e-15 0.0 0.0 0.0 0.0 0.0 0.0 0.0 0.0 0.0 
0.0 0.0 0.0 0.0 0.9999999999999987 1.0 1.0 1.0 0.4749999999999988 1.6875389974302304e-15 0.0 0.0 0.0 0.0 0.0 0.0 0.0 0.0 0.0 0.0 
0.0 0.0 0.0 0.9750000000000036 1.0 1.0 1.0 1.0 1.7763568394002505e-15 0.0 0.0 0.0 0.0 0.0 0.0 0.0 0.0 0.0 0.0 0.0 
0.0 0.0 0.9999999999999989 1.0 1.0 1.0 0.5749999999999965 1.0214051826551364e-15 0.0 0.0 0.0 0.0 0.0 0.0 0.0 0.0 0.0 0.0 0.0 0.0 
0.0 0.8750000000000027 0.9999999999999999 1.0 1.0 1.0 1.7763568394002505e-15 0.0 0.0 0.0 0.0 0.0 0.0 0.0 0.0 0.0 0.0 0.0 0.0 0.0 
0.9999999999999991 1.0 1.0 1.0 1.0 1.7763568394002505e-15 0.0 0.0 0.0 0.0 0.0 0.0 0.0 0.0 0.0 0.0 0.0 0.0 0.0 0.0 
0.9999999999999991 1.0 1.0 1.0 0.22499999999999534 3.9968028886504626e-16 0.0 0.0 0.0 0.0 0.0 0.0 0.0 0.0 0.0 0.0 0.0 0.0 0.0 0.0 
