0.9749999999999996 1.0 1.0 1.0 1.0 1.0 1.0 1.0 1.0 1.0 1.0 1.0 1.0 1.0 1.0 1.0 1.0 1.0 0.9850000000000009 0.7800000000000018 
0.9749999999999996 1.0 1.0 1.0 1.0 1.0 1.0 1.0 1.0 1.0 1.0 1.0 1.0 1.0 1.0 1.0 1.0 1.0 0.9250000000000043 0.0 
1.2989609388114327e-15 1.3322676295501878e-15 1.3322676295501878e-15 1.3322676295501878e-15 1.3322676295501878e-15 1.3322676295501878e-15 1.3322676295501878e-15 1.3322676295501878e-15 1.3322676295501878e-15 1.3322676295501878e-15 1.3322676295501878e-15 0.42499999999999793 1.0 1.0 1.0 1.0 1.0 1.0 0.9250000000000043 0.0 
0.0 0.0 0.0 0.0 0.0 0.0 0.0 0.0 0.0 0.0 0.0 0.0 0.3749999999999982 1.0 1.0 1.0 1.0 0.9500000000000002 0.5550000000000038 0.0 
0.0 0.0 0.0 0.0 0.0 0.0 0.0 0.0 0.0 0.0 0.0 0.3399999999999969 0.8749999999999984 1.0 1.0 1.0 0.8600000000000027 0.1750000000000017 0.0 0.0 
0.0 0.0 0.0 0.0 0.0 0.0 0.0 0.0 0.0 0.0 0.09499999999999839 0.5399999999999963 1.0 1.0 1.0 0.955000000000001 0.6600000000000044 0.0 0.0 0.0 
0.0 0.0 0.0 0.0 0.0 0.0 0.0 0.0 0.0 0.0 0.47499999999999787 1.0 1.0 1.0 1.0 0.7750000000000021 0.0 0.0 0.0 0.0 
0.0 0.0 0.0 0.0 0.0 0.0 0.0 0.0 0.0 0.5249999999999967 0.9999999999999981 1.0 1.0 1.0 0.7250000000000042 2.7533531010703958e-15 0.0 0.0 0.0 0.0 
0.0 0.0 0.0 0.0 0.0 0.0 0.0 0.0 0.2299999999999975 0.7149999999999976 1.0 1.0 1.0 0.6750000000000025 0.0 0.0 0.0 0.0 0.0 0.0 
0.0 0.0 0.0 0.0 0.0 0.0 0.0 0.4999999999999968 0.9149999999999985 1.0 1.0 1.0 0.7000000000000025 0.13500000000000242 0.0 0.0 0.0 0.0 0.0 0.0 
0.0 0.0 0.0 0.0 0.0 0.0 0.1349999999999969 0.699999999999997 1.0 1.0 1.0 0.9150000000000024 0.5000000000000041 0.0 0.0 0.0 0.0 0.0 0.0 0.0 
0.0 0.0 0.0 0.0 0.0 0.0 0.6749999999999989 1.0 1.0 1.0 0.7150000000000032 0.2300000000000034 0.0 0.0 0.0 0.0 0.0 0.0 0.0 0.0 
0.0 0.0 0.0 0.0 0.0 0.7249999999999962 0.9999999999999989 1.0 1.0 1.0 0.5250000000000021 0.0 0.0 0.0 0.0 0.0 0.0 0.0 0.0 0.0 
0.0 0.0 0.0 0.0 0.774999999999999 1.0 1.0 1.0 1.0 0.4750000000000014 0.0 0.0 0.0 0.0 0.0 0.0 0.0 0.0 0.0 0.0 
0.0 0.0 0.0 0.6599999999999941 0.9549999999999984 1.0 1.0 1.0 0.5400000000000049 0.09500000000000332 0.0 0.0 0.0 0.0 0.0 0.0 0.0 0.0 0.0 0.0 
0.0 0.0 0.17499999999999613 0.8599999999999987 1.0 1.0 1.0 0.3750000000000018 0.0 0.0 0.0 0.0 0.0 0.0 0.0 0.0 0.0 0.0 0.0 0.0 
0.0 0.5549999999999944 0.9499999999999991 1.0 1.0 1.0 0.5950000000000044 0.15000000000000285 0.0 0.0 0.0 0.0 0.0 0.0 0.0 0.0 0.0 0.0 0.0 0.0 
0.0 0.9249999999999995 1.0 1.0 1.0 1.0 0.32500000000000107 0.0 0.0 0.0 0.0 0.0 0.0 0.0 0.0 0.0 0.0 0.0 0.0 0.0 
0.9749999999999996 1.0 1.0 1.0 1.0 1.0 1.0 1.0 1.0 1.0 1.0 1.0 1.0 1.0 1.0 1.0 1.0 1.0 1.0 0.9750000000000014 
0.9749999999999996 1.0 1.0 1.0 1.0 1.0 1.0 1.0 1.0 1.0 1.0 1.0 1.0 1.0 1.0 1.0 1.0 1.0 1.0 0.9750000000000014 
