0.0 0.07499999999999796 1.0 1.0 1.0 1.0 1.0 0.6250000000000009 0.0 0.0 0.0 0.0 0.0 0.0 0.0 0.0 0.8250000000000028 1.0 1.0 1.0 
0.0 0.07499999999999796 1.0 1.0 1.0 1.0 1.0 0.8499999999999976 0.3449999999999954 0.0 0.0 0.0 0.0 0.0 0.0 0.4649999999999957 0.9299999999999999 1.0 1.0 1.0 
0.0 0.07499999999999796 1.0 1.0 1.0 1.0 1.0 1.0 0.5749999999999993 0.0 0.0 0.0 0.0 0.0 0.0 0.7750000000000021 1.0 1.0 1.0 1.0 
0.0 0.07499999999999796 1.0 1.0 1.0 1.0 1.0 1.0 0.5749999999999993 0.0 0.0 0.0 0.0 0.0 0.0 0.7750000000000021 1.0 1.0 1.0 0.024999999999995026 
0.0 0.07499999999999796 1.0 1.0 1.0 1.0 1.0 1.0 0.9149999999999975 0.419999999999996 0.0 0.0 0.0 0.0 0.0 0.7750000000000021 1.0 1.0 1.0 0.024999999999995026 
0.0 0.07499999999999796 1.0 1.0 1.0 1.0 1.0 1.0 1.0 0.6199999999999964 0.09499999999999713 0.0 0.0 0.0 0.0 0.7750000000000021 1.0 1.0 1.0 0.024999999999995026 
0.0 0.07499999999999796 1.0 1.0 1.0 1.0 1.0 1.0 1.0 1.0 0.47499999999999787 0.0 0.0 0.0 0.0 0.7750000000000021 1.0 1.0 1.0 0.024999999999995026 
0.0 0.07499999999999796 1.0 1.0 1.0 1.0 1.0 1.0 1.0 1.0 0.47499999999999787 0.0 0.0 0.0 0.0 0.7750000000000021 1.0 1.0 1.0 0.024999999999995026 
0.02499999999999769 1.0 1.0 1.0 0.7750000000000012 0.0 0.3249999999999993 1.0 1.0 1.0 1.0 0.4250000000000007 0.0 0.0 0.28999999999999826 0.8650000000000005 1.0 1.0 0.07499999999999574 0.0 
0.02499999999999769 1.0 1.0 1.0 0.7750000000000012 0.0 0.06500000000000078 0.5000000000000011 1.0 1.0 1.0 0.4250000000000007 0.0 0.0 0.7250000000000014 1.0 1.0 1.0 0.07499999999999574 0.0 
0.02499999999999769 1.0 1.0 1.0 0.7750000000000012 0.0 0.0 0.3000000000000002 0.8850000000000016 1.0 1.0 1.0 0.375 0.0 0.7250000000000014 1.0 1.0 1.0 0.07499999999999574 0.0 
0.02499999999999769 1.0 1.0 1.0 0.7750000000000012 0.0 0.0 0.0 0.4250000000000007 1.0 1.0 1.0 0.7499999999999987 0.19499999999999887 0.7250000000000014 1.0 1.0 1.0 0.07499999999999574 0.0 
0.02499999999999769 1.0 1.0 1.0 0.7750000000000012 0.0 0.0 0.0 0.4250000000000007 1.0 1.0 1.0 1.0 1.0 1.0 1.0 1.0 1.0 0.07499999999999574 0.0 
0.02499999999999769 1.0 1.0 1.0 0.7750000000000012 0.0 0.0 0.0 0.0 0.4750000000000014 1.0 1.0 1.0 1.0 1.0 1.0 1.0 1.0 0.07499999999999574 0.0 
0.02499999999999769 1.0 1.0 0.8600000000000011 0.1549999999999997 0.0 0.0 0.0 0.0 0.4750000000000014 1.0 1.0 1.0 1.0 1.0 1.0 1.0 1.0 0.07499999999999574 0.0 
1.0 1.0 1.0 0.8250000000000015 0.0 0.0 0.0 0.0 0.0 0.0 0.5250000000000021 1.0 1.0 1.0 1.0 1.0 1.0 0.12499999999999645 0.0 0.0 
1.0 1.0 1.0 0.8250000000000015 0.0 0.0 0.0 0.0 0.0 0.0 0.2100000000000001 0.744999999999999 1.0 1.0 1.0 1.0 1.0 0.12499999999999645 0.0 0.0 
1.0 1.0 1.0 0.8250000000000015 0.0 0.0 0.0 0.0 0.0 0.0 0.0 0.5749999999999993 1.0 1.0 1.0 1.0 1.0 0.12499999999999645 0.0 0.0 
1.0 1.0 1.0 0.8250000000000015 0.0 0.0 0.0 0.0 0.0 0.0 0.0 0.5749999999999993 1.0 1.0 1.0 1.0 1.0 0.12499999999999645 0.0 0.0 
0.9800000000000018 0.2599999999999944 0.9000000000000009 0.1649999999999968 0.0 0.0 0.0 0.0 0.0 0.0 0.0 0.11499999999999741 0.6999999999999984 1.0 0.41999999999999577 0.19999999999999574 0.19999999999999574 0.024999999999998756 0.0 0.0 
