0.0 0.20812499999999748 0.22499999999999787 0.22499999999999787 0.22499999999999787 0.22499999999999787 0.22499999999999787 0.7093749999999999 1.0 1.0 1.0 1.0 1.0 1.0 0.786874999999995 0.22499999999999787 0.1856249999999965 0.0 0.0 0.0 
0.0 0.9249999999999976 1.0 1.0 1.0 1.0 1.0 1.0 1.0 1.0 1.0 1.0 1.0 1.0 1.0 1.0 0.9431249999999971 0.5906249999999935 0.0 0.0 
0.0 0.9249999999999976 1.0 1.0 1.0 0.9093750000000013 0.8750000000000018 0.8750000000000018 0.37187499999999907 0.4593750000000028 0.8750000000000018 0.8750000000000018 0.8750000000000018 0.8750000000000018 0.909375000000002 1.0 1.0 1.0 0.92499999999999 0.0 
0.0 0.9249999999999976 1.0 1.0 1.0 0.27499999999999947 0.0 0.0 0.0 0.0 0.0 0.0 0.0 0.0 0.11687500000000285 0.5543750000000041 1.0 1.0 0.9681249999999957 0.5606249999999932 
0.0 0.9249999999999976 1.0 1.0 1.0 0.27499999999999947 0.0 0.0 0.0 0.0 0.0 0.0 0.0 0.0 0.0 0.22500000000000497 1.0 1.0 1.0 0.9749999999999908 
0.0 0.9249999999999976 1.0 1.0 1.0 0.27499999999999947 0.0 0.0 0.0 0.0 0.0 0.0 0.0 0.0 0.0 0.22500000000000497 1.0 1.0 1.0 0.9749999999999908 
0.0 0.9249999999999976 1.0 1.0 1.0 0.27499999999999947 0.0 0.0 0.0 0.0 0.0 0.0 0.0 0.0 0.0 0.22500000000000497 1.0 1.0 0.9306249999999909 0.07312500000000034 
0.0 0.9249999999999976 1.0 1.0 1.0 0.27499999999999947 0.0 0.0 0.0 0.0 0.0 0.0 0.0 0.0 0.10312500000000213 0.5156250000000031 1.0 1.0 0.92499999999999 0.0 
0.0 0.9249999999999976 1.0 1.0 1.0 0.27499999999999947 0.0 0.0 0.0 0.0 0.0 0.0 0.0 0.26812500000000505 0.8731250000000005 1.0 1.0 1.0 0.92499999999999 0.0 
0.0 0.9249999999999976 1.0 1.0 1.0 1.0 1.0 1.0 1.0 1.0 1.0 1.0 1.0 1.0 1.0 1.0 1.0 0.8749999999999929 0.0 0.0 
0.0 0.9249999999999976 1.0 1.0 1.0 1.0 1.0 1.0 1.0 1.0 1.0 1.0 1.0 1.0 1.0 1.0 1.0 0.8749999999999929 0.0 0.0 
0.0 0.9249999999999976 1.0 1.0 0.8643749999999996 0.22687499999999935 0.0 0.0 0.0 0.0 0.0 0.0 0.0 0.26812500000000505 0.8731250000000005 1.0 1.0 0.8968749999999942 0.1618749999999989 0.0 
0.0 0.9249999999999976 1.0 1.0 0.22500000000000053 0.0 0.0 0.0 0.0 0.0 0.0 0.0 0.0 0.0 0.2750000000000057 1.0 1.0 1.0 0.92499999999999 0.0 
0.974999999999997 1.0 1.0 1.0 0.22500000000000053 0.0 0.0 0.0 0.0 0.0 0.0 0.0 0.0 0.0 0.2750000000000057 1.0 1.0 1.0 0.92499999999999 0.0 
0.974999999999997 1.0 1.0 1.0 0.22500000000000053 0.0 0.0 0.0 0.0 0.0 0.0 0.0 0.0 0.0 0.2750000000000057 1.0 1.0 1.0 0.92499999999999 0.0 
0.974999999999997 1.0 1.0 1.0 0.22500000000000053 0.0 0.0 0.0 0.0 0.0 0.0 0.0 0.0 0.0 0.2750000000000057 1.0 1.0 1.0 0.92499999999999 0.0 
0.974999999999997 1.0 1.0 1.0 0.22500000000000053 0.0 0.0 0.0 0.0 0.0 0.0 0.0 0.0 0.0 0.2750000000000057 1.0 1.0 1.0 0.92499999999999 0.0 
0.974999999999997 1.0 1.0 1.0 0.22500000000000053 0.0 0.0 0.0 0.0 0.0 0.0 0.0 0.0 0.2843750000000056 0.9093750000000007 1.0 1.0 0.8906249999999938 0.11562499999999876 0.0 
0.974999999999997 1.0 1.0 1.0 1.0 1.0 0.544374999999999 0.3249999999999993 0.3249999999999993 0.6793750000000012 1.0 1.0 1.0 1.0 1.0 1.0 0.9431249999999975 0.5906249999999958 0.0 0.0 
0.974999999999997 1.0 1.0 1.0 1.0 1.0 1.0 1.0 1.0 1.0 1.0 1.0 1.0 1.0 0.786874999999995 0.22499999999999787 0.1856249999999965 0.0 0.0 0.0 
