0.9499999999999984 1.0 1.0 1.0 0.4500000000000006 0.0 0.0 0.0 0.0 0.0 0.0 0.0 0.0 0.12999999999999998 0.6400000000000002 1.0 1.0 0.9499999999999995 0.6799999999999989 0.0 
0.9499999999999984 1.0 1.0 1.0 0.4500000000000006 0.0 0.0 0.0 0.0 0.0 0.0 0.0 0.44999999999999957 0.8600000000000007 1.0 1.0 1.0 0.7499999999999964 0.0 0.0 
0.9499999999999984 1.0 1.0 1.0 0.4500000000000006 0.0 0.0 0.0 0.0 0.0 0.0 0.8500000000000011 0.9999999999999999 1.0 1.0 1.0 0.6499999999999987 3.330669073875454e-16 0.0 0.0 
0.9499999999999984 1.0 1.0 1.0 0.4500000000000006 0.0 0.0 0.0 0.0 0.05000000000000071 0.9499999999999993 1.0 1.0 1.0 0.78 0.3299999999999986 0.0 0.0 0.0 0.0 
0.9499999999999984 1.0 1.0 1.0 0.4500000000000006 0.0 0.0 0.0 0.12000000000000026 0.8099999999999999 0.9899999999999999 1.0 1.0 0.47999999999999843 0.08999999999999994 0.0 0.0 0.0 0.0 0.0 
0.9499999999999984 1.0 1.0 1.0 0.4500000000000006 0.0 0.06999999999999999 0.40000000000000013 1.0 1.0 1.0 1.0 0.8499999999999999 0.27999999999999825 0.0 0.0 0.0 0.0 0.0 0.0 
0.9499999999999984 1.0 1.0 1.0 0.78 0.5999999999999996 0.7399999999999997 1.0 1.0 1.0 1.0 0.48999999999999944 0.10000000000000009 0.0 0.0 0.0 0.0 0.0 0.0 0.0 
0.9499999999999984 1.0 1.0 1.0 1.0 1.0 1.0 1.0 1.0 0.9499999999999993 0.05000000000000071 0.0 0.0 0.0 0.0 0.0 0.0 0.0 0.0 0.0 
0.9499999999999984 1.0 1.0 1.0 1.0 1.0 1.0 1.0 0.9399999999999997 0.5699999999999993 0.03000000000000041 0.0 0.0 0.0 0.0 0.0 0.0 0.0 0.0 0.0 
0.9499999999999984 1.0 1.0 1.0 1.0 1.0 1.0 0.7999999999999998 0.16999999999999932 0.0 0.0 0.0 0.0 0.0 0.0 0.0 0.0 0.0 0.0 0.0 
0.0 0.8499999999999986 1.0 1.0 1.0 1.0 1.0 0.8000000000000003 0.17000000000000084 0.0 0.0 0.0 0.0 0.0 0.0 0.0 0.0 0.0 0.0 0.0 
0.0 0.8499999999999985 1.0 1.0 1.0 1.0 1.0 1.0 0.9400000000000001 0.570000000000001 0.0300000000000005 0.0 0.0 0.0 0.0 0.0 0.0 0.0 0.0 0.0 
0.0 0.8499999999999986 1.0 1.0 1.0 1.0 1.0 1.0 1.0 1.0 1.0 0.14999999999999858 0.0 0.0 0.0 0.0 0.0 0.0 0.0 0.0 
0.0 0.8499999999999985 1.0 1.0 0.7799999999999991 0.32999999999999924 0.20999999999999905 0.6999999999999984 1.0 1.0 1.0 0.490000000000001 0.10000000000000053 0.0 0.0 0.0 0.0 0.0 0.0 0.0 
0.0 0.8499999999999986 1.0 1.0 0.4500000000000006 0.0 0.0 0.04999999999999982 0.3199999999999997 1.0 1.0 1.0 0.8500000000000005 0.27999999999999853 0.0 0.0 0.0 0.0 0.0 0.0 
0.0 0.8499999999999986 1.0 1.0 0.4500000000000006 0.0 0.0 0.0 0.0 0.040000000000000424 0.7599999999999967 0.9699999999999999 1.0 1.0 0.5600000000000009 0.110000000000001 0.0 0.0 0.0 0.0 
0.0 0.8499999999999985 1.0 1.0 0.4500000000000006 0.0 0.0 0.0 0.0 0.0 0.0 0.8500000000000014 1.0 1.0 1.0 0.5499999999999972 0.0 0.0 0.0 0.0 
0.0 0.8499999999999986 1.0 1.0 0.4500000000000006 0.0 0.0 0.0 0.0 0.0 0.0 0.0 0.75 1.0 1.0 1.0 0.6499999999999986 0.0 0.0 0.0 
0.0 0.8499999999999985 1.0 1.0 0.6700000000000015 0.22000000000000144 0.0 0.0 0.0 0.0 0.0 0.0 0.0 0.3899999999999999 0.8199999999999993 1.0 1.0 0.8499999999999984 0.34000000000000097 0.0 
0.0 0.8499999999999986 1.0 1.0 1.0 0.5500000000000007 0.0 0.0 0.0 0.0 0.0 0.0 0.0 0.0 0.10999999999999975 0.5600000000000018 1.0 1.0 0.9699999999999996 0.7599999999999972 
