0.0 0.8500000000000015 1.0 1.0 1.0 1.0 1.0 1.0 1.0 1.0 1.0 1.0 1.0 1.0 1.0 1.0 1.0 1.0 1.0 0.9499999999999886 
0.0 0.8500000000000015 1.0 1.0 1.0 1.0 1.0 1.0 1.0 1.0 1.0 1.0 1.0 1.0 1.0 1.0 1.0 1.0 1.0 0.9499999999999886 
0.0 0.0 0.0 0.0 0.0 0.0 0.0 0.0 0.0 0.0 0.0 0.0 0.0 0.0 0.5500000000000078 1.0 1.0 1.0 0.8499999999999872 0.0 
0.0 0.0 0.0 0.0 0.0 0.0 0.0 0.0 0.0 0.0 0.0 0.0 0.0 0.0 0.5500000000000078 1.0 1.0 1.0 0.8499999999999872 0.0 
0.0 0.0 0.0 0.0 0.0 0.0 0.0 0.0 0.0 0.0 0.0 0.0 0.0 0.6500000000000075 1.0 1.0 1.0 0.7499999999999911 0.0 0.0 
0.0 0.0 0.0 0.0 0.0 0.0 0.0 0.0 0.0 0.0 0.0 0.0 0.3562500000000051 0.8162500000000048 1.0 1.0 0.8337499999999951 0.3937499999999936 0.0 0.0 
0.0 0.0 0.0 0.0 0.0 0.0 0.0 0.0 0.0 0.0 0.0 0.7862500000000083 0.9812500000000012 1.0 1.0 0.5837499999999913 0.048749999999997747 0.0 0.0 0.0 
0.0 0.0 0.0 0.0 0.0 0.0 0.0 0.0 0.0 0.018750000000002355 0.35625000000000406 0.9062500000000044 1.0 1.0 0.7937499999999961 0.3437499999999939 0.0 0.0 0.0 0.0 
0.0 0.0 0.0 0.0 0.0 0.0 0.0 0.0 0.0 0.05000000000000604 0.9500000000000064 1.0 1.0 1.0 0.4499999999999922 0.0 0.0 0.0 0.0 0.0 
0.0 0.0 0.0 0.0 0.0 0.0 0.0 0.0 0.1500000000000048 1.0 1.0 1.0 1.0 0.34999999999999254 0.0 0.0 0.0 0.0 0.0 0.0 
0.0 0.0 0.0 0.0 0.0 0.0 0.0 0.18125000000000313 0.766250000000001 1.0 1.0 1.0 0.4562499999999951 0.09624999999999807 0.0 0.0 0.0 0.0 0.0 0.0 
0.0 0.0 0.0 0.0 0.0 0.0 0.06124999999999972 0.38125000000000153 1.0 1.0 1.0 0.8512500000000013 0.20624999999999485 0.0 0.0 0.0 0.0 0.0 0.0 0.0 
0.0 0.0 0.0 0.0 0.0 0.0 0.3500000000000041 1.0 1.0 1.0 1.0 0.14999999999999325 0.0 0.0 0.0 0.0 0.0 0.0 0.0 0.0 
0.0 0.0 0.0 0.0 0.0 0.45000000000000373 1.0 1.0 0.9887499999999998 0.878749999999995 0.04624999999999412 0.0 0.0 0.0 0.0 0.0 0.0 0.0 0.0 0.0 
0.0 0.0 0.0 0.0 0.2887500000000008 0.738750000000001 1.0 1.0 0.8499999999999952 0.0 0.0 0.0 0.0 0.0 0.0 0.0 0.0 0.0 0.0 0.0 
0.0 0.0 0.0 0.6337500000000011 0.9887499999999991 1.0 1.0 0.7562499999999962 0.02125000000000169 0.0 0.0 0.0 0.0 0.0 0.0 0.0 0.0 0.0 0.0 0.0 
0.0 0.0 0.3187499999999987 0.7987500000000005 1.0 1.0 0.8512499999999993 0.4312499999999996 0.0 0.0 0.0 0.0 0.0 0.0 0.0 0.0 0.0 0.0 0.0 0.0 
0.0 0.0 0.750000000000002 1.0 1.0 1.0 0.6499999999999959 0.0 0.0 0.0 0.0 0.0 0.0 0.0 0.0 0.0 0.0 0.0 0.0 0.0 
0.0 0.8500000000000015 1.0 1.0 1.0 0.5499999999999963 0.0 0.0 0.0 0.0 0.0 0.0 0.0 0.0 0.0 0.0 0.0 0.0 0.0 0.0 
0.7362499999999961 0.9662499999999996 1.0 1.0 0.5737500000000004 0.1237500000000019 0.0 0.0 0.0 0.0 0.0 0.0 0.0 0.0 0.0 0.0 0.0 0.0 0.0 0.0 
