0.9250000000000025 1.0 1.0 0.6318750000000016 0.15187500000000323 0.0 0.0 0.0 0.0 0.0 0.0 0.0 0.0 0.0 0.0 0.1518750000000023 0.6318749999999985 1.0 1.0 0.9250000000000043 
0.9250000000000025 1.0 1.0 1.0 0.6749999999999994 0.0 0.0 0.0 0.0 0.0 0.0 0.0 0.0 0.0 0.0 0.6749999999999954 1.0 1.0 1.0 0.9250000000000043 
0.9250000000000025 1.0 1.0 1.0 0.6749999999999994 0.0 0.0 0.0 0.0 0.0 0.0 0.0 0.0 0.0 0.10312500000000277 0.7156249999999973 1.0 1.0 0.9718749999999998 0.8093750000000001 
0.9250000000000025 1.0 1.0 1.0 0.6749999999999994 0.0 0.0 0.0 0.0 0.0 0.0 0.0 0.0 0.0 0.8249999999999957 1.0 1.0 1.0 0.7750000000000057 0.0 
0.0 0.775000000000002 1.0 1.0 0.6831250000000004 0.020625000000002496 0.0 0.0 0.0 0.0 0.0 0.0 0.0 0.0 0.8249999999999957 1.0 1.0 0.990624999999999 0.7556250000000032 0.0 
0.0 0.775000000000002 1.0 1.0 1.0 0.8250000000000002 0.0 0.0 0.0 0.0 0.0 0.0 0.0593749999999986 0.4631250000000004 0.9081249999999982 1.0 1.0 0.6250000000000053 0.0 0.0 
0.0 0.775000000000002 1.0 1.0 1.0 0.8250000000000002 0.0 0.0 0.0 0.0 0.0 0.0 0.12499999999999645 0.9749999999999961 1.0 1.0 1.0 0.6250000000000053 0.0 0.0 
0.0 0.4843749999999999 0.8593749999999999 1.0 1.0 0.8250000000000002 0.0 0.0 0.0 0.0 0.0 0.10312499999999929 0.45312499999999933 0.9843749999999976 1.0 1.0 0.475000000000005 0.0 0.0 0.0 
0.0 0.0 0.6250000000000016 1.0 1.0 0.9693750000000002 0.8043750000000015 0.10312500000000087 0.0 0.0 0.0 0.2749999999999968 1.0 1.0 1.0 1.0 0.475000000000005 0.0 0.0 0.0 
0.0 0.0 0.6250000000000016 1.0 1.0 1.0 0.9750000000000005 0.1250000000000009 0.0 0.0 0.11687499999999937 0.47437499999999794 1.0 1.0 1.0 0.8143750000000011 0.34437500000000343 0.0 0.0 0.0 
0.0 0.0 0.6250000000000016 1.0 1.0 1.0 0.9750000000000005 0.1250000000000009 0.0 0.0 0.42499999999999716 1.0 1.0 1.0 1.0 0.3250000000000046 0.0 0.0 0.0 0.0 
0.0 0.0 0.5156250000000031 0.9081250000000016 1.0 1.0 0.9750000000000005 0.1250000000000009 0.0 0.10062499999999809 0.525624999999996 1.0 1.0 1.0 0.8556250000000031 0.2681250000000047 0.0 0.0 0.0 0.0 
0.0 0.0 0.0 0.475000000000001 1.0 1.0 0.9906250000000002 0.6718750000000003 0.17187500000000078 0.5749999999999984 1.0 1.0 1.0 1.0 0.17500000000000426 0.0 0.0 0.0 0.0 0.0 
0.0 0.0 0.0 0.475000000000001 1.0 1.0 1.0 1.0 1.0 1.0 1.0 1.0 0.9906250000000003 0.926875000000001 0.16187500000000407 0.0 0.0 0.0 0.0 0.0 
0.0 0.0 0.0 0.475000000000001 1.0 1.0 1.0 1.0 1.0 1.0 1.0 1.0 0.8750000000000036 0.025000000000003908 0.0 0.0 0.0 0.0 0.0 0.0 
0.0 0.0 0.0 0.011875000000001038 0.34187500000000204 1.0 1.0 1.0 1.0 1.0 1.0 1.0 0.8750000000000036 0.025000000000003908 0.0 0.0 0.0 0.0 0.0 0.0 
0.0 0.0 0.0 0.0 0.3250000000000006 1.0 1.0 1.0 1.0 1.0 1.0 0.7250000000000032 0.0 0.0 0.0 0.0 0.0 0.0 0.0 0.0 
0.0 0.0 0.0 0.0 0.3250000000000006 1.0 1.0 1.0 1.0 1.0 1.0 0.7250000000000032 0.0 0.0 0.0 0.0 0.0 0.0 0.0 0.0 
0.0 0.0 0.0 0.0 0.21937500000000182 0.7318750000000035 1.0 1.0 1.0 1.0 0.8618750000000027 0.4893750000000052 0.0 0.0 0.0 0.0 0.0 0.0 0.0 0.0 
0.0 0.0 0.0 0.0 0.0 0.17499999999999982 1.0 1.0 1.0 1.0 0.5750000000000028 0.0 0.0 0.0 0.0 0.0 0.0 0.0 0.0 0.0 
