0.0 0.0 0.0 0.0 0.11374999999999869 0.3499999999999943 0.3662499999999947 0.9187499999999993 1.0 1.0 1.0 1.0 0.9187500000000016 0.36624999999999586 0.3499999999999943 0.11374999999999914 0.0 0.0 0.0 0.0 
0.0 0.0 0.031249999999997235 0.5012499999999993 1.0 1.0 1.0 1.0 0.9637500000000033 0.9500000000000046 0.9500000000000046 0.9637500000000033 1.0 1.0 1.0 1.0 0.5012500000000023 0.03124999999999729 0.0 0.0 
0.0 0.581249999999999 0.9062499999999991 1.0 1.0 0.8687500000000001 0.250000000000004 0.250000000000004 0.06875000000000119 0.0 0.0 0.06875000000000074 0.250000000000004 0.250000000000004 0.8687499999999975 1.0 1.0 0.9062499999999993 0.5812500000000012 0.0 
0.4162499999999984 0.8762500000000009 1.0 0.7862500000000008 0.37125000000000147 0.0 0.0 0.0 0.0 0.0 0.0 0.0 0.0 0.0 0.0 0.3712500000000007 0.7862499999999993 1.0 1.0 0.9250000000000043 
0.9250000000000034 0.8837500000000014 0.9437500000000012 0.5249999999999981 0.0 0.0 0.0 0.0 0.0 0.0 0.0 0.0 0.0 0.0 0.0 0.0 0.524999999999995 1.0 1.0 0.9250000000000043 
0.9250000000000034 0.2249999999999971 0.6250000000000024 0.5249999999999981 0.0 0.0 0.0 0.0 0.0 0.0 0.0 0.0 0.0 0.0 0.0 0.0 0.524999999999995 1.0 1.0 0.9250000000000043 
0.9250000000000034 0.2249999999999971 0.6250000000000024 0.5249999999999981 0.0 0.0 0.0 0.0 0.0 0.0 0.0 0.0 0.0 0.0 0.0 0.0 0.524999999999995 1.0 1.0 0.9250000000000043 
0.9250000000000034 0.41874999999999785 0.7187500000000018 0.5249999999999981 0.0 0.0 0.0 0.0 0.0 0.0 0.0 0.0 0.0 0.0 0.0 0.0 0.524999999999995 1.0 1.0 0.9250000000000043 
0.9250000000000034 1.0 1.0 0.5249999999999981 0.0 0.0 0.0 0.0 0.0 0.0 0.0 0.0 0.0 0.0 0.0 0.0 0.524999999999995 1.0 1.0 0.9250000000000043 
0.9250000000000034 1.0 1.0 0.5249999999999981 0.0 0.0 0.0 0.0 0.0 0.0 0.0 0.0 0.0 0.0 0.0 0.0 0.524999999999995 1.0 1.0 0.9250000000000043 
0.9250000000000034 1.0 1.0 0.5249999999999981 0.0 0.0 0.0 0.0 0.0 0.0 0.0 0.0 0.0 0.0 0.0 0.0 0.524999999999995 1.0 1.0 0.9250000000000043 
0.9250000000000034 1.0 1.0 0.5249999999999981 0.0 0.0 0.0 0.0 0.0 0.0 0.0 0.0 0.0 0.0 0.0 0.0 0.524999999999995 1.0 1.0 0.9250000000000043 
0.9250000000000034 1.0 1.0 0.5249999999999981 0.0 0.0 0.0 0.0 0.0 0.0 0.0 0.0 0.0 0.0 0.0 0.0 0.524999999999995 1.0 1.0 0.9250000000000043 
0.9250000000000034 1.0 1.0 0.5249999999999981 0.0 0.0 0.0 0.0 0.0 0.0 0.0 0.0 0.0 0.0 0.0 0.0 0.524999999999995 1.0 1.0 0.9250000000000043 
0.9250000000000034 1.0 1.0 0.5249999999999981 0.0 0.0 0.0 0.0 0.0 0.0 0.0 0.0 0.0 0.0 0.0 0.0 0.524999999999995 1.0 1.0 0.9250000000000043 
0.9250000000000034 1.0 1.0 0.5249999999999981 0.0 0.0 0.0 0.0 0.0 0.0 0.0 0.0 0.0 0.0 0.0 0.0 0.524999999999995 1.0 1.0 0.9250000000000043 
0.9250000000000034 1.0 1.0 0.7862500000000029 0.37125000000000447 0.0 0.0 0.0 0.0 0.0 0.0 0.0 0.0 0.0 0.0 0.3712500000000037 0.7862500000000014 1.0 0.8762500000000013 0.4162499999999947 
0.0 0.5812499999999967 0.906249999999998 1.0 0.7562500000000012 0.2500000000000071 0.24375000000000685 0.03125000000000089 0.0 0.0 0.0 0.0 0.03125 0.2437500000000064 0.868749999999998 1.0 1.0 0.9062499999999982 0.5812499999999987 0.0 
0.0 0.0 0.6250000000000024 1.0 1.0 1.0 0.9987500000000002 0.9562500000000087 0.95000000000001 0.95000000000001 0.95000000000001 0.95000000000001 0.9562500000000085 0.9987500000000001 1.0 1.0 0.5012499999999995 0.03124999999999396 0.0 0.0 
0.0 0.0 0.0 0.0 0.11374999999999637 0.3499999999999872 0.3499999999999872 0.3499999999999872 0.3499999999999872 0.3499999999999872 0.3499999999999872 0.5287499999999898 0.9187500000000007 0.3662499999999889 0.3499999999999872 0.11374999999999684 0.0 0.0 0.0 0.0 
