1.0 1.0 1.0 1.0 1.0 1.0 1.0 1.0 1.0 1.0 1.0 1.0 1.0 0.5974999999999974 0.42499999999999716 0.38249999999999684 0.0 0.0 0.0 0.0 
1.0 1.0 1.0 1.0 1.0 1.0 1.0 1.0 1.0 1.0 1.0 1.0 1.0 1.0 1.0 0.9274999999999988 0.1924999999999972 0.0 0.0 0.0 
1.0 1.0 1.0 1.0 1.0 0.8750000000000018 0.8750000000000018 0.8750000000000018 0.8750000000000018 0.8750000000000018 0.8750000000000018 0.9125000000000015 1.0 1.0 1.0 1.0 1.0 0.5624999999999991 0.03749999999999911 0.0 
1.0 1.0 1.0 1.0 1.0 0.0 0.0 0.0 0.0 0.0 0.0 0.007500000000000435 0.5125000000000024 1.0 1.0 1.0 1.0 1.0 0.29999999999999716 0.0 
1.0 1.0 1.0 1.0 1.0 0.0 0.0 0.0 0.0 0.0 0.0 0.0 0.0 0.7000000000000011 1.0 1.0 1.0 1.0 0.29999999999999716 0.0 
1.0 1.0 1.0 1.0 1.0 0.0 0.0 0.0 0.0 0.0 0.0 0.0 0.0 0.0 0.9000000000000057 1.0 1.0 1.0 0.29999999999999716 0.0 
1.0 1.0 1.0 1.0 1.0 0.0 0.0 0.0 0.0 0.0 0.0 0.0 0.0 0.7000000000000011 1.0 1.0 1.0 0.7374999999999998 0.14249999999999854 0.0 
1.0 1.0 1.0 1.0 1.0 0.0 0.0 0.0 0.0 0.0 0.0 0.11250000000000093 0.375 0.8125000000000007 1.0 1.0 0.8874999999999984 0.3125 0.0 0.0 
1.0 1.0 1.0 1.0 1.0 1.0 1.0 1.0 1.0 1.0 1.0 1.0 1.0 1.0 1.0 0.6974999999999976 0.0 0.0 0.0 0.0 
1.0 1.0 1.0 1.0 1.0 1.0 1.0 1.0 1.0 1.0 1.0 1.0 1.0 1.0 1.0 0.907499999999999 0.05250000000000167 0.0 0.0 0.0 
1.0 1.0 1.0 1.0 1.0 0.07499999999999574 0.07499999999999574 0.07499999999999574 0.07499999999999574 0.07499999999999574 0.07499999999999574 0.07499999999999574 0.07499999999999574 0.7224999999999997 1.0 1.0 0.9775000000000009 0.46250000000000213 0.0 0.0 
1.0 1.0 1.0 1.0 0.3024999999999978 0.0 0.0 0.0 0.0 0.0 0.0 0.0 0.0 0.0 0.20249999999999935 1.0 1.0 1.0 0.29999999999999716 0.0 
0.09999999999999964 1.0 1.0 1.0 1.0 0.0 0.0 0.0 0.0 0.0 0.0 0.0 0.0 0.0 0.0 1.0 1.0 1.0 1.0 0.09999999999999432 
0.09999999999999964 1.0 1.0 1.0 1.0 0.0 0.0 0.0 0.0 0.0 0.0 0.0 0.0 0.0 0.0 0.10000000000000142 1.0 1.0 1.0 1.0 
0.09999999999999964 1.0 1.0 1.0 1.0 0.0 0.0 0.0 0.0 0.0 0.0 0.0 0.0 0.0 0.0 0.3925000000000035 1.0 1.0 1.0 1.0 
0.09999999999999964 1.0 1.0 1.0 1.0 0.0 0.0 0.0 0.0 0.0 0.0 0.0 0.0 0.0 0.15750000000000483 1.0 1.0 1.0 1.0 1.0 
0.09999999999999964 1.0 1.0 1.0 1.0 0.0 0.0 0.0 0.0 0.0 0.0 0.0 0.012500000000002887 0.025000000000005684 0.9025000000000061 1.0 1.0 1.0 1.0 0.09999999999999432 
0.09999999999999964 1.0 1.0 1.0 1.0 0.8750000000000071 0.8750000000000071 0.8750000000000071 0.8750000000000071 0.8750000000000071 0.8750000000000071 0.8750000000000071 0.9375000000000038 1.0 1.0 1.0 1.0 1.0 0.3874999999999925 0.012499999999998578 
0.09999999999999964 1.0 1.0 1.0 1.0 1.0 1.0 1.0 1.0 1.0 1.0 1.0 1.0 1.0 1.0 1.0 0.7824999999999943 0.13749999999999574 0.0 0.0 
0.09999999999999964 1.0 1.0 1.0 1.0 1.0 1.0 1.0 1.0 1.0 1.0 1.0 1.0 1.0 0.48249999999998777 0.38249999999999046 0.0 0.0 0.0 0.0 
