1.0 1.0 1.0 1.0 0.09999999999999964 0.0 0.0 0.0 0.0 0.0 0.0 0.0 0.0 0.0 0.38249999999999984 1.0 1.0 1.0 1.0 0.6175000000000002 
1.0 1.0 1.0 1.0 0.09999999999999964 0.0 0.0 0.0 0.0 0.0 0.0 0.0 0.0 0.19249999999999867 0.9275000000000039 1.0 1.0 0.8625000000000012 0.21749999999999864 0.0 
1.0 1.0 1.0 1.0 0.09999999999999964 0.0 0.0 0.0 0.0 0.0 0.0 0.03749999999999978 0.5625000000000007 1.0 1.0 1.0 0.9625 0.4375000000000009 0.0 0.0 
1.0 1.0 1.0 1.0 0.09999999999999964 0.0 0.0 0.0 0.0 0.0 0.0 0.3000000000000025 1.0 1.0 1.0 0.9024999999999987 0.017500000000000765 0.0 0.0 0.0 
1.0 1.0 1.0 1.0 0.09999999999999964 0.0 0.0 0.0 0.0 0.0 0.8424999999999996 1.0 1.0 1.0 1.0 0.0 0.0 0.0 0.0 0.0 
1.0 1.0 1.0 1.0 0.09999999999999964 0.0 0.0 0.0 0.4725000000000012 0.9675000000000002 1.0 1.0 1.0 0.5274999999999987 0.03249999999999808 0.0 0.0 0.0 0.0 0.0 
1.0 1.0 1.0 1.0 0.09999999999999964 0.0 0.0 0.2625000000000011 0.8575000000000006 1.0 1.0 1.0 0.4999999999999982 0.0 0.0 0.0 0.0 0.0 0.0 0.0 
1.0 1.0 1.0 1.0 0.4374999999999998 0.375 0.5625000000000004 1.0 1.0 1.0 0.9624999999999995 0.43749999999999845 0.0 0.0 0.0 0.0 0.0 0.0 0.0 0.0 
0.7974999999999987 1.0 1.0 1.0 1.0 1.0 1.0 1.0 1.0 1.0 0.0 0.0 0.0 0.0 0.0 0.0 0.0 0.0 0.0 0.0 
0.09999999999999964 1.0 1.0 1.0 1.0 1.0 1.0 1.0 1.0 1.0 0.8999999999999986 0.0 0.0 0.0 0.0 0.0 0.0 0.0 0.0 0.0 
0.09999999999999964 1.0 1.0 1.0 1.0 1.0 1.0 1.0 1.0 1.0 0.9925000000000004 0.6475000000000006 0.0 0.0 0.0 0.0 0.0 0.0 0.0 0.0 
0.09999999999999964 1.0 1.0 1.0 1.0 1.0 1.0 1.0 1.0 1.0 1.0 0.9325000000000001 0.3874999999999997 0.0 0.0 0.0 0.0 0.0 0.0 0.0 
0.09999999999999964 1.0 1.0 1.0 1.0 0.9374999999999993 0.26249999999999724 0.1874999999999989 0.8124999999999996 1.0 1.0 1.0 0.8125000000000011 0.1875000000000004 0.0 0.0 0.0 0.0 0.0 0.0 
0.09999999999999964 1.0 1.0 1.0 0.5724999999999953 0.0 0.0 0.0 0.0 0.9000000000000004 1.0 1.0 1.0 1.0 0.09999999999999432 0.0 0.0 0.0 0.0 0.0 
0.09999999999999964 1.0 1.0 1.0 0.09999999999999964 0.0 0.0 0.0 0.0 0.0 1.0 1.0 1.0 1.0 1.0 0.0 0.0 0.0 0.0 0.0 
0.09999999999999964 1.0 1.0 1.0 0.09999999999999964 0.0 0.0 0.0 0.0 0.0 0.08250000000000074 0.8774999999999975 1.0 1.0 1.0 0.8999999999999986 0.0 0.0 0.0 0.0 
0.09999999999999964 1.0 1.0 1.0 0.09999999999999964 0.0 0.0 0.0 0.0 0.0 0.0 0.2925000000000007 0.9874999999999972 1.0 1.0 1.0 0.7074999999999976 0.012500000000002842 0.0 0.0 
0.09999999999999964 1.0 1.0 1.0 0.09999999999999964 0.0 0.0 0.0 0.0 0.0 0.0 0.0 0.5000000000000018 1.0 1.0 1.0 1.0 0.5 0.0 0.0 
0.09999999999999964 1.0 1.0 1.0 0.09999999999999964 0.0 0.0 0.0 0.0 0.0 0.0 0.0 0.0 0.19249999999999431 0.9275000000000033 1.0 1.0 1.0 0.29999999999999716 0.0 
0.09999999999999964 1.0 1.0 1.0 0.09999999999999964 0.0 0.0 0.0 0.0 0.0 0.0 0.0 0.0 0.0 0.9000000000000057 1.0 1.0 1.0 1.0 0.09999999999999432 
