0.0 0.0 0.0 0.0 0.0 0.0 0.13812500000000794 0.6406250000000134 1.0 1.0 1.0 1.0 1.0 1.0 0.5831250000000059 0.09562499999999943 0.0 0.0 0.0 0.0 
0.0 0.0 0.0 0.0 0.061875000000005134 0.474375000000016 1.0 1.0 1.0 1.0 1.0 1.0 1.0 1.0 1.0 0.22499999999999076 0.0 0.0 0.0 0.0 
0.0 0.0 0.015625000000002554 0.2781250000000174 1.0 1.0 1.0 1.0 1.0 1.0 1.0 1.0 1.0 1.0 1.0 0.22499999999999076 0.0 0.0 0.0 0.0 
0.024375000000005868 0.975000000000013 0.9781250000000115 1.0 1.0 1.0 1.0 1.0 1.0 1.0 1.0 1.0 1.0 1.0 1.0 0.22499999999999076 0.0 0.0 0.0 0.0 
0.025000000000005684 1.0 1.0 1.0 1.0 1.0 1.0 1.0 1.0 1.0 1.0 1.0 1.0 1.0 0.40187499999998383 0.039374999999995546 0.0 0.0 0.0 0.0 
0.025000000000005684 1.0 1.0 1.0 1.0 0.8143749999999919 0.21937499999998997 0.0 0.0 0.4750000000000085 1.0 1.0 1.0 1.0 0.2749999999999915 0.0 0.0 0.0 0.0 0.0 
0.011875000000002425 0.474999999999989 0.474999999999989 0.474999999999989 0.36812499999998827 0.0 0.0 0.0 0.0 0.4750000000000085 1.0 1.0 1.0 1.0 0.2749999999999915 0.0 0.0 0.0 0.0 0.0 
0.0 0.0 0.0 0.0 0.0 0.0 0.0 0.0 0.0 0.4750000000000085 1.0 1.0 1.0 1.0 0.2749999999999915 0.0 0.0 0.0 0.0 0.0 
0.0 0.0 0.0 0.0 0.0 0.0 0.0 0.0 0.0 0.4750000000000085 1.0 1.0 1.0 1.0 0.2749999999999915 0.0 0.0 0.0 0.0 0.0 
0.0 0.0 0.0 0.0 0.0 0.0 0.0 0.0 0.0 0.4750000000000085 1.0 1.0 1.0 1.0 0.2749999999999915 0.0 0.0 0.0 0.0 0.0 
0.0 0.0 0.0 0.0 0.0 0.0 0.0 0.0 0.0 0.4750000000000085 1.0 1.0 1.0 1.0 0.2749999999999915 0.0 0.0 0.0 0.0 0.0 
0.0 0.0 0.0 0.0 0.0 0.0 0.0 0.0 0.0 0.4750000000000085 1.0 1.0 1.0 1.0 0.2749999999999915 0.0 0.0 0.0 0.0 0.0 
0.0 0.0 0.0 0.0 0.0 0.0 0.0 0.0 0.0 0.4750000000000085 1.0 1.0 1.0 1.0 0.2749999999999915 0.0 0.0 0.0 0.0 0.0 
0.0 0.0 0.0 0.0 0.0 0.0 0.0 0.0 0.0 0.4750000000000085 1.0 1.0 1.0 1.0 0.2749999999999915 0.0 0.0 0.0 0.0 0.0 
0.0 0.0 0.0 0.0 0.0 0.0 0.0 0.0 0.0 0.4750000000000085 1.0 1.0 1.0 1.0 0.2749999999999915 0.0 0.0 0.0 0.0 0.0 
0.0 0.0 0.0 0.0 0.0 0.0 0.0 0.0 0.0 0.4750000000000085 1.0 1.0 1.0 1.0 0.2749999999999915 0.0 0.0 0.0 0.0 0.0 
0.025000000000005684 0.025000000000005684 0.025000000000005684 0.025000000000005684 0.025000000000005684 0.025000000000005684 0.025000000000005684 0.025000000000005684 0.4393750000000109 1.0 1.0 1.0 1.0 1.0 0.2931249999999958 0.025000000000005684 0.025000000000005684 0.025000000000005684 0.025000000000005684 0.025000000000005684 
1.0 1.0 1.0 1.0 1.0 1.0 1.0 1.0 1.0 1.0 1.0 1.0 1.0 1.0 1.0 1.0 1.0 1.0 1.0 1.0 
1.0 1.0 1.0 1.0 1.0 1.0 1.0 1.0 1.0 1.0 1.0 1.0 1.0 1.0 1.0 1.0 1.0 1.0 1.0 1.0 
1.0 1.0 1.0 1.0 1.0 1.0 1.0 1.0 1.0 1.0 1.0 1.0 1.0 1.0 1.0 1.0 1.0 1.0 1.0 1.0 
