0.0 0.0 0.0 0.14874999999999747 0.4250000000000007 0.7412499999999962 1.0 1.0 1.0 1.0 1.0 1.0 1.0 1.0 1.0 0.6837500000000061 0.4250000000000007 0.10625000000000621 0.0 0.0 
0.0 0.04124999999999862 0.45624999999999605 1.0 1.0 1.0 1.0 1.0 1.0 1.0 1.0 1.0 1.0 1.0 1.0 1.0 1.0 1.0 0.3837500000000096 0.013750000000005098 
0.006249999999999423 0.2562499999999954 1.0 1.0 1.0 1.0 1.0 0.9062500000000011 0.875 0.875 0.875 0.875 0.9062499999999984 1.0 1.0 1.0 1.0 1.0 1.0 0.16875000000001616 
0.04999999999999538 1.0 1.0 1.0 1.0 1.0 0.36625000000000796 0.006250000000000089 0.0 0.0 0.0 0.0 0.006249999999999556 0.3662499999999872 1.0 1.0 1.0 1.0 1.0 1.0 
0.8337499999999993 1.0 1.0 1.0 1.0 0.4500000000000073 0.0 0.0 0.0 0.0 0.0 0.0 0.0 0.0 0.44999999999998685 1.0 1.0 1.0 1.0 1.0 
1.0 1.0 1.0 1.0 1.0 0.4500000000000073 0.0 0.0 0.0 0.0 0.0 0.0 0.0 0.0 0.44999999999998685 1.0 1.0 1.0 1.0 1.0 
1.0 1.0 1.0 1.0 1.0 0.4500000000000073 0.0 0.0 0.0 0.0 0.0 0.0 0.0 0.0 0.44999999999998685 1.0 1.0 1.0 1.0 1.0 
1.0 1.0 1.0 1.0 1.0 0.4500000000000073 0.0 0.0 0.0 0.0 0.0 0.0 0.0 0.0 0.44999999999998685 1.0 1.0 1.0 1.0 1.0 
0.04999999999999538 1.0 1.0 1.0 1.0 0.5737500000000054 0.07875000000000179 0.0 0.0 0.0 0.0 0.0 0.0 0.0 0.44999999999998685 1.0 1.0 1.0 1.0 1.0 
0.04999999999999538 1.0 1.0 1.0 1.0 1.0 1.0 1.0 1.0 1.0 0.0 0.0 0.0 0.3499999999999872 1.0 1.0 1.0 1.0 1.0 0.9287500000000021 
0.0037499999999996182 0.21374999999999458 1.0 1.0 1.0 1.0 1.0 1.0 1.0 0.1212500000000082 0.0 0.0 0.2312499999999887 0.9512499999999995 1.0 1.0 1.0 1.0 1.0 0.050000000000018474 
0.0 0.0 0.05624999999999906 0.4962499999999958 1.0 1.0 1.0 1.0 0.3412500000000084 0.011250000000002229 0.0 0.1162499999999918 0.8312499999999962 1.0 1.0 1.0 1.0 1.0 0.1500000000000128 0.0 
0.0 0.0 0.0 0.0 0.0 0.0 0.0 0.0 0.0 0.0 0.04999999999999005 1.0 1.0 1.0 1.0 1.0 1.0 0.5312500000000089 0.056250000000004796 0.0 
0.0 0.0 0.0 0.0 0.0 0.0 0.0 0.0 0.0 0.45124999999999343 1.0 1.0 1.0 1.0 1.0 0.7387500000000059 0.18375000000000896 0.0 0.0 0.0 
0.0 0.0 0.0 0.0 0.0 0.0 0.0 0.0 0.2762499999999964 0.9662499999999935 1.0 1.0 1.0 1.0 0.8537500000000046 0.303750000000007 0.0 0.0 0.0 0.0 
0.0 0.0 0.0 0.0 0.0 0.0 0.11374999999999666 0.793749999999992 1.0 1.0 1.0 1.0 1.0 0.6500000000000128 0.0 0.0 0.0 0.0 0.0 0.0 
0.0 0.0 0.0 0.0 0.0 0.013749999999999036 0.6587499999999912 1.0 1.0 1.0 1.0 0.9962500000000005 0.7312500000000132 0.0 0.0 0.0 0.0 0.0 0.0 0.0 
0.0 0.0 0.0 0.0 0.39374999999999394 0.9437499999999991 1.0 1.0 1.0 1.0 1.0 0.8500000000000103 0.0 0.0 0.0 0.0 0.0 0.0 0.0 0.0 
0.0 0.0 0.0 0.25374999999999326 0.848749999999995 1.0 1.0 1.0 1.0 1.0 0.26125000000000814 0.0 0.0 0.0 0.0 0.0 0.0 0.0 0.0 0.0 
0.0 0.0 0.10624999999999683 0.6262499999999944 1.0 1.0 1.0 1.0 1.0 0.4537500000000028 0.0 0.0 0.0 0.0 0.0 0.0 0.0 0.0 0.0 0.0 
