0.9250000000000025 1.0 1.0 1.0 1.0 1.0 1.0 1.0 1.0 1.0 1.0 1.0 1.0 1.0 1.0 1.0 1.0 1.0 0.7749999999999986 0.0 
0.9250000000000025 1.0 1.0 1.0 1.0 1.0 1.0 1.0 1.0 1.0 1.0 1.0 1.0 1.0 1.0 1.0 1.0 1.0 0.7749999999999986 0.0 
0.0 0.0 0.0 0.0 0.0 0.0 0.0 0.0 0.0 0.0 0.0 0.0 0.09375000000000094 0.7312499999999981 0.9562500000000002 1.0 1.0 0.9062499999999984 0.5812499999999965 0.0 
0.0 0.0 0.0 0.0 0.0 0.0 0.0 0.0 0.0 0.0 0.0 0.0 0.09375000000000167 0.7312500000000036 0.9562500000000012 1.0 1.0 0.6249999999999982 0.0 0.0 
0.0 0.0 0.0 0.0 0.0 0.0 0.0 0.0 0.0 0.0 0.0 0.06875000000000127 0.34375000000000366 0.9812500000000012 1.0 1.0 0.47499999999999787 0.0 0.0 0.0 
0.0 0.0 0.0 0.0 0.0 0.0 0.0 0.0 0.0 0.0 0.0 0.27500000000000213 1.0 1.0 1.0 1.0 0.47499999999999787 0.0 0.0 0.0 
0.0 0.0 0.0 0.0 0.0 0.0 0.0 0.0 0.0 0.0 0.4250000000000025 1.0 1.0 1.0 1.0 0.3249999999999975 0.0 0.0 0.0 0.0 
0.0 0.0 0.0 0.0 0.0 0.0 0.0 0.0 0.0 0.43125000000000246 0.8562500000000016 1.0 1.0 1.0 0.3812499999999964 0.0812499999999988 0.0 0.0 0.0 0.0 
0.0 0.0 0.0 0.0 0.0 0.0 0.0 0.0 0.18125000000000185 0.6812500000000022 1.0 1.0 0.8749999999999982 0.02499999999999858 0.0 0.0 0.0 0.0 0.0 0.0 
0.0 0.0 0.0 0.0 0.0 0.0 0.0 0.0 0.7250000000000023 1.0 1.0 0.793749999999998 0.218749999999998 0.0062499999999996005 0.0 0.0 0.0 0.0 0.0 0.0 
0.0 0.0 0.0 0.0 0.0 0.0 0.02500000000000213 0.8750000000000027 1.0 1.0 1.0 0.7249999999999979 0.0 0.0 0.0 0.0 0.0 0.0 0.0 0.0 
0.0 0.0 0.0 0.0 0.0 0.13125000000000187 0.7562500000000005 0.9687500000000007 1.0 1.0 0.6812499999999981 0.18124999999999947 0.0 0.0 0.0 0.0 0.0 0.0 0.0 0.0 
0.0 0.0 0.0 0.0 0.0812500000000006 0.38125000000000187 1.0 1.0 1.0 0.42499999999999805 0.0 0.0 0.0 0.0 0.0 0.0 0.0 0.0 0.0 0.0 
0.0 0.0 0.0 0.0 0.3250000000000024 1.0 1.0 1.0 0.45624999999999827 0.10624999999999951 0.0 0.0 0.0 0.0 0.0 0.0 0.0 0.0 0.0 0.0 
0.0 0.0 0.0 0.4750000000000023 1.0 1.0 0.9937499999999995 0.7812499999999993 0.20624999999999827 0.0 0.0 0.0 0.0 0.0 0.0 0.0 0.0 0.0 0.0 0.0 
0.0 0.0 0.46875000000000183 0.8687500000000006 1.0 1.0 0.9749999999999979 0.12499999999999734 0.0 0.0 0.0 0.0 0.0 0.0 0.0 0.0 0.0 0.0 0.0 0.0 
0.0 0.19375000000000062 0.7187500000000018 1.0 1.0 0.8249999999999975 0.0 0.0 0.0 0.0 0.0 0.0 0.0 0.0 0.0 0.0 0.0 0.0 0.0 0.0 
0.0 0.7750000000000025 1.0 1.0 1.0 0.9562499999999994 0.7312499999999984 0.093749999999998 0.0 0.0 0.0 0.0 0.0 0.0 0.0 0.0 0.0 0.0 0.0 0.0 
0.0 0.7750000000000025 1.0 1.0 1.0 1.0 1.0 1.0 1.0 1.0 1.0 1.0 1.0 1.0 1.0 1.0 1.0 1.0 1.0 0.9249999999999972 
0.0 0.7750000000000025 1.0 1.0 1.0 1.0 1.0 1.0 1.0 1.0 1.0 1.0 1.0 1.0 1.0 1.0 1.0 1.0 1.0 0.9249999999999972 
