0.0 0.0 0.0 0.07500000000000029 0.25 0.25 0.7750000000000008 1.0 1.0 1.0 1.0 1.0 1.0 1.0 0.9249999999999989 0.32500000000000107 0.07500000000000018 0.0 0.0 0.0 
0.0 0.0 0.3750000000000007 0.8250000000000002 1.0 1.0 1.0 1.0 1.0 1.0 1.0 1.0 1.0 1.0 1.0 1.0 0.8250000000000001 0.3749999999999999 0.0 0.0 
0.0 0.7000000000000013 1.0 1.0 1.0 1.0 0.8250000000000001 0.7500000000000004 0.5249999999999998 0.0 0.0 0.0 0.3750000000000002 0.8250000000000005 1.0 1.0 1.0 1.0 0.7749999999999994 0.22499999999999926 
0.0 0.7000000000000012 1.0 1.0 0.9249999999999994 0.3250000000000002 0.075 0.0 0.0 0.0 0.0 0.0 0.0 0.07500000000000044 0.32500000000000184 0.924999999999999 1.0 1.0 1.0 0.8999999999999986 
0.9000000000000012 1.0 1.0 1.0 0.899999999999999 0.0999999999999992 0.0 0.0 0.0 0.0 0.0 0.0 0.0 0.0 0.0 0.0 0.6999999999999993 1.0 1.0 0.8999999999999986 
0.9000000000000012 1.0 1.0 1.0 0.899999999999999 0.0999999999999992 0.0 0.0 0.0 0.0 0.0 0.0 0.0 0.0 0.0 0.0 0.17500000000000043 0.2500000000000009 0.2500000000000009 0.22500000000000045 
0.9000000000000012 1.0 1.0 1.0 0.899999999999999 0.0999999999999992 0.0 0.0 0.0 0.0 0.0 0.0 0.0 0.0 0.0 0.0 0.0 0.0 0.0 0.0 
0.9000000000000012 1.0 1.0 1.0 0.899999999999999 0.0999999999999992 0.0 0.0 0.0 0.0 0.0 0.0 0.0 0.0 0.0 0.0 0.0 0.0 0.0 0.0 
0.9000000000000012 1.0 1.0 1.0 0.924999999999999 0.3249999999999978 0.24999999999999822 0.24999999999999822 0.24999999999999822 0.3249999999999988 0.925 1.0 0.6249999999999991 0.24999999999999822 0.24999999999999822 0.24999999999999822 0.07499999999999965 0.0 0.0 0.0 
0.9000000000000012 1.0 1.0 1.0 1.0 1.0 1.0 1.0 1.0 1.0 1.0 1.0 1.0 1.0 1.0 1.0 0.824999999999999 0.3749999999999991 0.0 0.0 
0.9000000000000012 1.0 1.0 1.0 1.0 1.0 1.0 0.8750000000000007 0.7500000000000018 0.6750000000000012 0.07499999999999991 0.5250000000000007 0.7500000000000018 0.8250000000000014 1.0 1.0 1.0 1.0 0.6999999999999993 0.0 
0.9000000000000012 1.0 1.0 1.0 1.0 1.0 0.4750000000000017 0.12500000000000155 0.0 0.0 0.0 0.0 0.0 0.07500000000000125 0.3250000000000043 0.9249999999999993 1.0 1.0 0.9249999999999987 0.6749999999999957 
0.9000000000000012 1.0 1.0 1.0 0.899999999999999 0.0999999999999992 0.0 0.0 0.0 0.0 0.0 0.0 0.0 0.0 0.07500000000000143 0.6750000000000022 0.9250000000000009 1.0 1.0 0.8999999999999986 
0.9000000000000012 1.0 1.0 1.0 0.899999999999999 0.0999999999999992 0.0 0.0 0.0 0.0 0.0 0.0 0.0 0.0 0.0 0.0 0.6999999999999993 1.0 1.0 0.8999999999999986 
0.9000000000000012 1.0 1.0 1.0 0.899999999999999 0.0999999999999992 0.0 0.0 0.0 0.0 0.0 0.0 0.0 0.0 0.0 0.0 0.6999999999999993 1.0 1.0 0.8999999999999986 
0.9000000000000012 1.0 1.0 1.0 0.899999999999999 0.0999999999999992 0.0 0.0 0.0 0.0 0.0 0.0 0.0 0.0 0.0750000000000007 0.6749999999999957 0.9249999999999987 1.0 1.0 0.8999999999999986 
0.0 0.7000000000000012 1.0 1.0 0.9249999999999989 0.3249999999999962 0.07499999999999866 0.0 0.0 0.0 0.0 0.0 0.0 0.07499999999999911 0.32499999999999785 0.9249999999999986 1.0 1.0 0.9250000000000009 0.6750000000000022 
0.0 0.1750000000000028 0.6250000000000027 1.0 1.0 1.0 0.8249999999999973 0.37499999999999756 0.0 0.0 0.0 0.0 0.3749999999999982 0.8249999999999977 1.0 1.0 1.0 1.0 0.6999999999999993 0.0 
0.0 0.0 0.3750000000000026 0.8250000000000027 1.0 1.0 1.0 1.0 1.0 1.0 1.0 1.0 1.0 1.0 1.0 1.0 0.8250000000000026 0.3750000000000018 0.0 0.0 
0.0 0.0 0.0 0.07500000000000136 0.25000000000000355 0.25000000000000355 0.25000000000000355 0.6250000000000024 1.0 1.0 1.0 1.0 1.0 0.7750000000000006 0.25000000000000355 0.25000000000000355 0.07500000000000125 0.0 0.0 0.0 
