0.2312500000000039 0.25000000000000355 0.7187500000000031 0.6437499999999999 0.4937500000000042 1.0 1.0 1.0 1.0 1.0 1.0 1.0 0.9062499999999991 0.2687500000000024 0.25000000000000355 0.25000000000000355 0.11875000000000116 0.0 0.0 0.0 
0.9250000000000025 1.0 1.0 1.0 1.0 1.0 1.0 1.0 1.0 1.0 1.0 1.0 1.0 1.0 1.0 1.0 0.8687500000000012 0.4687500000000007 0.0 0.0 
0.9250000000000025 1.0 1.0 1.0 0.9187499999999984 0.7499999999999969 0.7499999999999969 0.7499999999999969 0.7499999999999969 0.7499999999999969 0.7499999999999969 0.7499999999999969 0.7812499999999978 0.9937500000000002 1.0 1.0 1.0 0.7187499999999998 0.19375000000000206 0.0 
0.9250000000000025 1.0 1.0 1.0 0.6749999999999976 0.0 0.0 0.0 0.0 0.0 0.0 0.0 0.03125000000000011 0.24374999999999775 0.8687500000000017 1.0 1.0 1.0 0.7749999999999986 0.0 
0.9250000000000025 1.0 1.0 1.0 0.6749999999999976 0.0 0.0 0.0 0.0 0.0 0.0 0.0 0.0 0.0 0.0 0.6750000000000025 1.0 1.0 0.7749999999999986 0.0 
0.9250000000000025 1.0 1.0 1.0 0.6749999999999976 0.0 0.0 0.0 0.0 0.0 0.0 0.0 0.0 0.0 0.0 0.6750000000000025 1.0 1.0 0.7749999999999986 0.0 
0.9250000000000025 1.0 1.0 1.0 0.6749999999999976 0.0 0.0 0.0 0.0 0.0 0.0 0.0 0.0 0.0 0.0 0.6750000000000025 1.0 1.0 0.7749999999999986 0.0 
0.9250000000000025 1.0 1.0 1.0 0.6749999999999976 0.0 0.0 0.0 0.0 0.0 0.0 0.0 0.0 0.0 0.0 0.6750000000000025 1.0 1.0 0.7749999999999986 0.0 
0.9250000000000025 1.0 1.0 1.0 0.6749999999999976 0.0 0.0 0.0 0.0 0.0 0.0 0.0 0.0 0.0 0.0 0.6750000000000025 1.0 1.0 0.7749999999999986 0.0 
0.9250000000000025 1.0 1.0 1.0 0.6749999999999976 0.0 0.0 0.0 0.0 0.0 0.0 0.0 0.0 0.0 0.0 0.6750000000000025 1.0 1.0 0.7749999999999986 0.0 
0.9250000000000025 1.0 1.0 1.0 0.6749999999999976 0.0 0.0 0.0 0.0 0.0 0.0 0.0 0.0 0.0 0.0 0.6750000000000025 1.0 1.0 0.7749999999999986 0.0 
0.9250000000000025 1.0 1.0 1.0 0.6749999999999976 0.0 0.0 0.0 0.0 0.0 0.0 0.0 0.0 0.0 0.0 0.6750000000000025 1.0 1.0 0.7749999999999986 0.0 
0.9250000000000025 1.0 1.0 1.0 0.6749999999999976 0.0 0.0 0.0 0.0 0.0 0.0 0.0 0.0 0.0 0.0 0.6750000000000025 1.0 1.0 0.8312499999999989 0.2312499999999993 
0.23125000000000062 0.8312500000000018 1.0 1.0 0.6749999999999976 0.0 0.0 0.0 0.0 0.0 0.0 0.0 0.0 0.0 0.0 0.6750000000000025 1.0 1.0 1.0 0.9249999999999972 
0.0 0.7750000000000025 1.0 1.0 0.6749999999999976 0.0 0.0 0.0 0.0 0.0 0.0 0.0 0.0 0.0 0.0 0.6750000000000025 1.0 1.0 1.0 0.9249999999999972 
0.0 0.7750000000000025 1.0 1.0 0.6749999999999976 0.0 0.0 0.0 0.0 0.0 0.0 0.0 0.0 0.0 0.0 0.6750000000000025 1.0 1.0 0.8312499999999989 0.2312499999999993 
0.0 0.7750000000000025 1.0 1.0 0.6749999999999976 0.0 0.0 0.0 0.0 0.0 0.0 0.0 0.0 0.0 0.0 0.6750000000000025 1.0 1.0 0.9437499999999996 0.6937499999999979 
0.0 0.7750000000000025 1.0 1.0 0.9187499999999994 0.6187499999999981 0.0 0.0 0.0 0.0 0.0 0.0 0.09375000000000133 0.7312500000000011 0.75 0.9187500000000006 1.0 1.0 0.7749999999999986 0.0 
0.0 0.7750000000000025 1.0 1.0 1.0 1.0 1.0 1.0 1.0 1.0 1.0 1.0 1.0 1.0 1.0 1.0 1.0 0.9062499999999996 0.5812499999999989 0.0 
0.0 0.7750000000000025 1.0 1.0 1.0 1.0 1.0 1.0 1.0 1.0 1.0 1.0 1.0 1.0 1.0 0.49374999999999813 0.25 0.15624999999999956 0.0 0.0 
