0.0 0.0 0.0 0.0 0.5499999999999963 1.0 1.0 1.0 0.8950000000000041 0.30000000000000426 0.30000000000000426 0.8949999999999967 1.0 1.0 0.4500000000000064 0.0 0.0 0.0 0.0 0.0 
0.8550000000000019 0.9000000000000044 0.9000000000000044 0.9000000000000044 0.9550000000000016 1.0 1.0 1.0 1.0 1.0 1.0 1.0 1.0 1.0 0.9450000000000031 0.9000000000000044 0.9000000000000044 0.9000000000000044 0.7650000000000113 0.0 
0.9499999999999975 1.0 1.0 1.0 1.0 1.0 1.0 1.0 1.0 1.0 1.0 1.0 1.0 1.0 1.0 1.0 1.0 1.0 0.9250000000000036 0.47500000000000075 
0.0 0.0 0.0 0.0 0.0 0.0 0.0 0.0 0.0 0.0 0.0 0.0 0.0 0.5849999999999906 0.9549999999999971 1.0 1.0 1.0 0.9850000000000001 0.8550000000000042 
0.0 0.0 0.0 0.0 0.0 0.0 0.0 0.0 0.0 0.0 0.0 0.0 0.0 0.0 0.5499999999999936 1.0 1.0 1.0 0.8500000000000085 0.0 
0.0 0.0 0.0 0.0 0.0 0.0 0.0 0.0 0.0 0.0 0.0 0.0 0.2250000000000016 0.7549999999999968 1.0 1.0 0.8950000000000007 0.5250000000000018 0.0 0.0 
0.0 0.0 0.0 0.0 0.0 0.0 0.0 0.0 0.0 0.0 0.0 0.0 0.7499999999999947 1.0 1.0 1.0 0.6500000000000075 0.0 0.0 0.0 
0.0 0.0 0.0 0.0 0.0 0.0 0.0 0.0 0.0 0.024999999999997958 0.47500000000000203 0.9249999999999979 1.0 1.0 0.7250000000000003 0.27500000000000097 0.0 0.0 0.0 0.0 
0.0 0.0 0.0 0.0 0.0 0.0 0.0 0.0 0.01500000000000025 0.14500000000000057 0.9549999999999949 1.0 1.0 0.9349999999999974 0.4050000000000035 0.0 0.0 0.0 0.0 0.0 
0.0 0.0 0.0 0.0 0.0 0.0 0.0 0.17499999999999805 0.7450000000000024 1.0 1.0 1.0 1.0 0.35000000000000675 0.0 0.0 0.0 0.0 0.0 0.0 
0.0 0.0 0.0 0.0 0.0 0.0 0.10500000000000032 0.4750000000000001 1.0 1.0 1.0 0.7449999999999981 0.17500000000000265 0.0 0.0 0.0 0.0 0.0 0.0 0.0 
0.0 0.0 0.0 0.0 0.0 0.4049999999999987 0.9350000000000033 1.0 1.0 1.0 1.0 0.15000000000000568 0.0 0.0 0.0 0.0 0.0 0.0 0.0 0.0 
0.0 0.0 0.0 0.0 0.275000000000002 0.7250000000000018 1.0 1.0 0.9250000000000014 0.47499999999999554 0.025000000000002666 0.0 0.0 0.0 0.0 0.0 0.0 0.0 0.0 0.0 
0.0 0.0 0.0 0.06500000000000292 0.5949999999999989 1.0 1.0 0.9749999999999992 0.7650000000000002 0.0 0.0 0.0 0.0 0.0 0.0 0.0 0.0 0.0 0.0 0.0 
0.0 0.0 0.5250000000000026 0.8950000000000012 1.0 1.0 0.7550000000000006 0.22499999999999654 0.0 0.0 0.0 0.0 0.0 0.0 0.0 0.0 0.0 0.0 0.0 0.0 
0.0 0.2550000000000028 0.8249999999999988 1.0 1.0 0.8649999999999993 0.45499999999999996 0.0 0.0 0.0 0.0 0.0 0.0 0.0 0.0 0.0 0.0 0.0 0.0 0.0 
0.0 0.8499999999999972 1.0 1.0 1.0 0.5500000000000043 0.0 0.0 0.0 0.0 0.0 0.0 0.0 0.0 0.0 0.0 0.0 0.0 0.0 0.0 
0.9499999999999975 1.0 1.0 1.0 0.45000000000000373 0.0 0.0 0.0 0.0 0.0 0.0 0.0 0.0 0.0 0.0 0.0 0.0 0.0 0.0 0.0 
0.9499999999999975 1.0 1.0 1.0 1.0 1.0 1.0 1.0 1.0 1.0 1.0 1.0 1.0 1.0 0.5050000000000086 0.10000000000000497 0.10000000000000497 0.10000000000000497 0.10000000000000497 0.09500000000000572 
0.9499999999999975 1.0 1.0 1.0 1.0 1.0 1.0 1.0 1.0 1.0 1.0 1.0 1.0 1.0 1.0 1.0 1.0 1.0 1.0 0.95000000000001 
