0.0 0.0 0.1375000000000029 0.27500000000000213 0.3475000000000068 0.927500000000005 1.0 1.0 1.0 1.0 1.0 1.0 0.637499999999996 0.27500000000000213 0.27500000000000213 0.27500000000000213 0.08249999999999888 0.0 0.0 0.0 
0.0 0.0 0.5000000000000067 1.0 1.0 1.0 1.0 1.0 1.0 1.0 1.0 1.0 1.0 1.0 1.0 1.0 0.2999999999999936 0.0 0.0 0.0 
0.3375000000000041 0.8125000000000047 1.0 1.0 0.9624999999999972 0.662499999999996 0.6249999999999982 0.31249999999999467 0.0 0.0 0.0 0.4375000000000028 0.6249999999999982 0.7375000000000017 1.0 1.0 1.0 0.6874999999999964 0.2624999999999983 0.0 
0.9000000000000066 1.0 1.0 1.0 0.8999999999999932 0.09999999999999343 0.0 0.0 0.0 0.0 0.0 0.0 0.0 0.022500000000000107 0.16750000000000645 0.9075000000000051 1.0 1.0 0.6999999999999922 0.0 
0.9000000000000066 1.0 1.0 0.6999999999999931 0.0 0.0 0.0 0.0 0.0 0.0 0.0 0.0 0.0 0.0 0.10000000000000853 0.9000000000000057 1.0 1.0 1.0 0.8999999999999915 
0.9000000000000066 1.0 1.0 0.6999999999999931 0.0 0.0 0.0 0.0 0.0 0.0 0.0 0.0 0.0 0.0 0.0 0.0 0.0 0.0 0.0 0.0 
0.9000000000000066 1.0 1.0 0.6999999999999931 0.0 0.0 0.0 0.0 0.0 0.0 0.0 0.0 0.0 0.0 0.0 0.0 0.0 0.0 0.0 0.0 
0.9000000000000066 1.0 1.0 0.6999999999999931 0.0 0.0 0.0 0.0 0.0 0.0 0.0 0.0 0.0 0.0 0.0 0.0 0.0 0.0 0.0 0.0 
0.9000000000000066 1.0 1.0 0.6999999999999931 0.0 0.0 0.0 0.0 0.0 0.0 0.0 0.0 0.0 0.0 0.0 0.0 0.0 0.0 0.0 0.0 
0.9000000000000066 1.0 1.0 0.6999999999999931 0.0 0.0 0.0 0.0 0.0 0.10000000000000675 0.9000000000000066 1.0 1.0 1.0 1.0 1.0 1.0 1.0 1.0 0.8999999999999915 
0.9000000000000066 1.0 1.0 0.6999999999999931 0.0 0.0 0.0 0.0 0.0 0.10000000000000675 0.9000000000000066 1.0 1.0 1.0 1.0 1.0 1.0 1.0 1.0 0.8999999999999915 
0.9000000000000066 1.0 1.0 0.6999999999999931 0.0 0.0 0.0 0.0 0.0 0.0 0.0 0.0 0.0 0.0 0.06750000000000583 0.6075000000000045 0.9025000000000023 1.0 1.0 0.8999999999999915 
0.9000000000000066 1.0 1.0 0.6999999999999931 0.0 0.0 0.0 0.0 0.0 0.0 0.0 0.0 0.0 0.0 0.0 0.0 0.7000000000000064 1.0 1.0 0.8999999999999915 
0.9000000000000066 1.0 1.0 0.6999999999999931 0.0 0.0 0.0 0.0 0.0 0.0 0.0 0.0 0.0 0.0 0.0 0.0 0.7000000000000064 1.0 1.0 0.8999999999999915 
0.9000000000000066 1.0 1.0 0.6999999999999931 0.0 0.0 0.0 0.0 0.0 0.0 0.0 0.0 0.0 0.0 0.0 0.0 0.7000000000000064 1.0 1.0 0.8999999999999915 
0.9000000000000066 1.0 1.0 0.8574999999999963 0.4724999999999952 0.05249999999999641 0.0 0.0 0.0 0.0 0.0 0.0 0.0 0.0 0.052500000000004335 0.4725000000000017 0.8575000000000026 1.0 1.0 0.8999999999999915 
0.0 0.7000000000000066 1.0 1.0 0.9074999999999936 0.16749999999999327 0.02249999999999924 0.0 0.0 0.0 0.0 0.0 0.0 0.022500000000000374 0.16750000000000725 0.9075000000000052 1.0 1.0 0.9774999999999996 0.8324999999999928 
0.0 0.2625000000000025 0.6875000000000042 1.0 1.0 1.0 0.7374999999999973 0.625 0.43749999999999567 0.0 0.0 0.437500000000004 0.625 0.7375000000000029 1.0 1.0 1.0 1.0 0.6999999999999922 0.0 
0.0 0.0 0.0 0.2475000000000055 0.8425000000000006 0.982500000000001 1.0 1.0 1.0 1.0 1.0 1.0 1.0 1.0 0.9824999999999984 0.8424999999999984 0.2474999999999945 0.0 0.0 0.0 
0.0 0.0 0.0 0.0 0.027500000000002068 0.24750000000000372 0.27500000000000213 0.27500000000000213 0.4925000000000065 1.0 1.0 0.49249999999999683 0.27500000000000213 0.27500000000000213 0.24749999999999958 0.02749999999999865 0.0 0.0 0.0 0.0 
