0.0 0.0 0.0 0.0 0.0 0.0 0.0 0.0 0.0 0.0 0.0 0.0 0.0 0.9999999999999964 1.0 1.0 1.0 1.0 1.0 1.0 
0.0 0.0 0.0 0.0 0.0 0.0 0.0 0.0 0.0 0.0 0.6749999999999958 2.398081733190332e-15 0.6749999999999958 0.9999999999999989 1.0 1.0 1.0 1.0 1.0 1.0 
0.0 0.0 0.0 0.0 0.0 0.0 0.0 0.0 0.0 0.0 0.0 0.12499999999999822 0.9999999999999969 1.0 1.0 1.0 1.0 1.0 1.0 3.552713678800501e-15 
0.0 0.0 0.0 0.0 0.0 0.0 0.0 0.0 0.0 0.0 0.5749999999999973 0.9999999999999984 1.0 1.0 1.0 1.0 1.0 1.0 1.0 3.552713678800501e-15 
0.0 0.0 0.0 0.0 0.0 0.0 0.0 0.0 0.0 0.024999999999999377 0.9999999999999966 1.0 1.0 1.0 1.0 1.0 1.0 1.0 1.0 3.552713678800501e-15 
0.0 0.0 0.0 0.0 0.0 0.0 0.0 0.0 0.0 0.9999999999999964 1.0 1.0 1.0 1.0 0.525000000000002 0.9999999999999983 1.0 1.0 1.0 3.552713678800501e-15 
0.0 0.0 0.0 0.0 0.0 0.0 0.0 0.0 0.924999999999999 0.9999999999999998 1.0 1.0 1.0 0.07500000000000258 2.6645352591003505e-16 0.9999999999999964 1.0 1.0 1.0 3.552713678800501e-15 
0.0 0.0 0.0 0.0 0.0 0.0 0.37499999999999933 0.9999999999999989 1.0 1.0 1.0 1.0 3.552713678800501e-15 0.0 0.0 0.9999999999999964 1.0 1.0 1.0 3.552713678800501e-15 
0.0 0.0 0.0 0.0 0.0 0.0 0.9999999999999982 1.0 1.0 1.0 1.0 0.17500000000000188 6.217248937900839e-16 0.0 0.0 0.9999999999999964 1.0 1.0 1.0 3.552713678800501e-15 
0.0 0.0 0.0 0.0 0.0 0.9999999999999982 1.0 1.0 1.0 1.0 3.552713678800501e-15 0.0 0.0 0.7249999999999953 0.2750000000000037 0.9999999999999974 1.0 1.0 1.0 3.552713678800501e-15 
0.0 0.0 0.0 0.0 0.7250000000000004 0.9999999999999996 1.0 1.0 1.0 0.27500000000000113 9.769962616701327e-16 0.0 0.0 0.0 0.2749999999999976 0.9999999999999974 1.0 1.0 1.0 3.552713678800501e-15 
0.0 0.0 0.0 0.17500000000000404 0.9999999999999989 1.0 1.0 1.0 1.7763568394002505e-15 0.0 0.0 0.0 0.0 0.0 0.0 0.9999999999999964 1.0 1.0 1.0 3.552713678800501e-15 
0.0 0.0 0.6250000000000029 0.9999999999999996 1.0 1.0 1.0 0.37499999999999756 6.661338147750876e-16 0.0 0.0 0.0 0.0 0.0 0.0 0.9999999999999964 1.0 1.0 1.0 3.552713678800501e-15 
0.0 0.07500000000000277 0.999999999999999 1.0 1.0 1.0 1.0 1.7763568394002505e-15 0.0 0.0 0.0 0.0 0.0 0.0 0.0 0.9999999999999964 1.0 1.0 1.0 3.552713678800501e-15 
0.0 0.9999999999999989 1.0 1.0 1.0 1.0 1.0 0.525000000000003 0.5250000000000021 0.5250000000000021 0.5250000000000021 0.5250000000000021 0.5250000000000021 0.5250000000000021 0.5250000000000021 0.9999999999999983 1.0 1.0 1.0 0.5250000000000038 
0.0 0.999999999999999 1.0 1.0 1.0 1.0 1.0 1.0 1.0 1.0 1.0 1.0 1.0 1.0 1.0 1.0 1.0 1.0 1.0 1.0 
0.5749999999999952 0.5749999999999957 0.5749999999999957 0.5749999999999957 0.5749999999999957 0.5749999999999957 0.5749999999999957 0.5749999999999957 0.9999999999999992 1.0 1.0 1.0 1.0 1.0 1.0 1.0 1.0 1.0 1.0 1.0 
0.0 0.0 0.0 0.0 0.0 0.0 0.0 0.0 0.12499999999999623 0.12499999999999645 0.12499999999999645 0.12499999999999645 0.12499999999999645 0.12499999999999645 0.12499999999999645 0.9999999999999969 1.0 1.0 1.0 0.12499999999999956 
0.0 0.0 0.0 0.0 0.0 0.0 0.0 0.0 0.0 0.0 0.0 0.0 0.0 0.0 0.0 0.9999999999999964 1.0 1.0 1.0 3.552713678800501e-15 
0.0 0.0 0.0 0.0 0.0 0.0 0.0 0.0 0.0 0.0 0.0 0.0 0.0 0.0 0.0 0.9999999999999964 1.0 1.0 1.0 3.552713678800501e-15 
