0.0 0.0 0.0 0.0 0.0 0.2718750000000024 0.37500000000000355 0.7656250000000019 1.0 1.0 1.0 1.0 0.7656249999999991 0.37500000000000355 0.2718750000000004 0.0 0.0 0.0 0.0 0.0 
0.0 0.0 0.10937500000000286 0.8468749999999993 1.0 1.0 1.0 1.0 1.0 1.0 1.0 1.0 1.0 1.0 1.0 1.0 0.8468749999999969 0.10937500000000222 0.0 0.0 
0.0 0.0 0.874999999999998 1.0 1.0 1.0 1.0 0.4531249999999973 0.12499999999999689 0.12499999999999689 0.12499999999999689 0.12499999999999689 0.45312500000000117 1.0 1.0 1.0 1.0 0.8749999999999929 0.0 0.0 
0.0 0.9249999999999975 1.0 1.0 1.0 0.5468749999999982 0.1218749999999992 0.0 0.0 0.0 0.0 0.0 0.0 0.0 0.2750000000000057 1.0 1.0 1.0 0.9249999999999936 0.0 
0.974999999999997 1.0 1.0 1.0 0.7093749999999983 0.1718749999999995 0.0 0.0 0.0 0.0 0.0 0.0 0.0 0.0 0.0 0.22500000000000497 1.0 1.0 1.0 0.9749999999999908 
0.0 0.0 0.0 0.0 0.0 0.0 0.0 0.0 0.0 0.0 0.0 0.0 0.0 0.0 0.0 0.22500000000000497 1.0 1.0 1.0 0.9749999999999908 
0.0 0.0 0.0 0.0 0.0 0.0 0.0 0.0 0.0 0.0 0.0 0.0 0.0 0.0 0.24062500000000547 0.903125000000002 1.0 1.0 0.9343749999999943 0.12187499999999711 
0.0 0.0 0.0 0.0 0.0 0.0 0.0 0.0 0.0 0.0 0.0 0.0 0.0 0.20312500000000236 0.7281250000000035 1.0 1.0 1.0 0.9249999999999936 0.0 
0.0 0.0 0.0 0.0 0.0 0.0 0.0 0.0 0.0 0.0 0.0 0.15937500000000235 0.6093750000000033 1.0 1.0 1.0 0.9343749999999981 0.546874999999994 0.0 0.0 
0.0 0.0 0.0 0.0 0.0 0.0 0.0 0.0 0.0 0.0 0.05937500000000018 0.49687500000000373 1.0 1.0 1.0 0.774999999999995 0.0 0.0 0.0 0.0 
0.0 0.0 0.0 0.0 0.0 0.0 0.0 0.0 0.0 0.45937500000000187 0.9343750000000002 1.0 1.0 1.0 0.759374999999995 0.09687499999999938 0.0 0.0 0.0 0.0 
0.0 0.0 0.0 0.0 0.0 0.0 0.0 0.0 0.5750000000000011 1.0 1.0 1.0 1.0 0.6749999999999972 0.0 0.0 0.0 0.0 0.0 0.0 
0.0 0.0 0.0 0.0 0.0 0.0 0.25312499999999993 0.7656250000000006 1.0 1.0 1.0 0.8406249999999984 0.3906249999999978 0.0 0.0 0.0 0.0 0.0 0.0 0.0 
0.0 0.0 0.0 0.0 0.0 0.09062499999999996 0.7156249999999998 1.0 1.0 1.0 0.5249999999999986 0.0 0.0 0.0 0.0 0.0 0.0 0.0 0.0 0.0 
0.0 0.0 0.0 0.0 0.6781249999999992 0.965625 1.0 1.0 1.0 0.5406249999999981 0.06562499999999982 0.0 0.0 0.0 0.0 0.0 0.0 0.0 0.0 0.0 
0.0 0.0 0.0 0.8249999999999984 1.0 1.0 1.0 1.0 0.42499999999999893 0.0 0.0 0.0 0.0 0.0 0.0 0.0 0.0 0.0 0.0 0.0 
0.0 0.34687499999999905 0.9218749999999988 1.0 1.0 1.0 0.7468750000000001 0.23437499999999944 0.0 0.0 0.0 0.0 0.0 0.0 0.0 0.0 0.0 0.0 0.0 0.0 
0.12187499999999962 0.9343749999999978 1.0 1.0 1.0 1.0 1.0 0.4531249999999992 0.125 0.125 0.125 0.125 0.125 0.125 0.125 0.125 0.125 0.125 0.1156249999999992 0.0 
0.974999999999997 1.0 1.0 1.0 1.0 1.0 1.0 1.0 1.0 1.0 1.0 1.0 1.0 1.0 1.0 1.0 1.0 1.0 0.9906249999999992 0.8531249999999919 
0.974999999999997 1.0 1.0 1.0 1.0 1.0 1.0 1.0 1.0 1.0 1.0 1.0 1.0 1.0 1.0 1.0 1.0 1.0 1.0 0.9749999999999908 
