0.0 1.9984014443252818e-15 1.0 1.0 1.0 1.0 1.0 1.0 1.0 1.0 1.0 1.0 1.0 1.0 1.0 0.9999999999999966 0.3500000000000014 0.3499999999999989 0.0 0.0 
0.0 1.9984014443252818e-15 1.0 1.0 1.0 1.0 0.9999999999999998 0.9499999999999988 0.9499999999999988 0.9499999999999988 0.9499999999999988 0.9499999999999988 0.9499999999999991 1.0 1.0 1.0 1.0 1.0 0.9999999999999929 0.0 
0.0 1.9984014443252818e-15 1.0 1.0 1.0 0.999999999999998 0.24999999999999822 0.0 0.0 0.0 0.0 0.0 1.3322676295501831e-15 0.2499999999999991 0.2500000000000031 1.0 1.0 1.0 0.9999999999999982 0.7499999999999956 
7.993605777301146e-16 0.4500000000000022 1.0 1.0 0.9999999999999988 0.5499999999999975 0.0 0.0 0.0 0.0 0.0 0.0 0.0 0.0 0.0 5.329070518200751e-15 1.0 1.0 1.0 0.9999999999999929 
1.7763568394002505e-15 1.0 1.0 1.0 0.9999999999999973 0.0 0.0 0.0 0.0 0.0 0.0 0.0 0.0 0.0 0.0 5.329070518200751e-15 1.0 1.0 1.0 0.9999999999999929 
1.7763568394002505e-15 1.0 1.0 1.0 0.9999999999999973 0.0 0.0 0.0 0.0 0.0 0.0 0.0 0.0 0.0 0.0 5.329070518200751e-15 1.0 1.0 1.0 0.9999999999999929 
1.7763568394002505e-15 1.0 1.0 1.0 0.9999999999999973 0.0 0.0 0.0 0.0 0.0 0.0 0.0 0.0 0.0 0.0 5.329070518200751e-15 1.0 1.0 1.0 0.9999999999999929 
1.7763568394002505e-15 1.0 1.0 1.0 0.9999999999999973 0.0 0.0 0.0 0.0 0.0 0.0 0.0 0.0 0.0 1.3322676295501878e-15 0.250000000000004 1.0 1.0 1.0 0.9999999999999929 
1.7763568394002505e-15 1.0 1.0 1.0 0.9999999999999999 0.9499999999999967 0.0 0.0 0.0 0.0 0.0 0.0 0.0 5.06261699229071e-15 0.9499999999999995 1.0 1.0 1.0 0.9999999999999932 0.05000000000000036 
1.7763568394002505e-15 1.0 1.0 1.0 1.0 1.0 1.0 1.0 1.0 1.0 1.0 1.0 1.0 1.0 1.0 1.0 1.0 0.9999999999999929 0.0 0.0 
1.7763568394002505e-15 1.0 1.0 1.0 1.0 0.9999999999999991 0.6500000000000021 0.6500000000000021 0.6500000000000021 0.6500000000000021 0.6500000000000021 0.6500000000000021 0.650000000000004 1.0 1.0 1.0 1.0 0.9999999999999953 0.34999999999999537 0.0 
1.7763568394002505e-15 1.0 1.0 1.0 0.9999999999999973 0.0 0.0 0.0 0.0 0.0 0.0 0.0 0.0 0.0 5.329070518200751e-15 1.0 1.0 1.0 0.9999999999999929 0.0 
1.7763568394002505e-15 1.0 1.0 1.0 0.9999999999999973 0.0 0.0 0.0 0.0 0.0 0.0 0.0 0.0 0.0 1.3322676295501878e-15 0.250000000000004 1.0 1.0 0.9999999999999929 0.0 
1.7763568394002505e-15 1.0 1.0 1.0 0.9999999999999973 0.0 0.0 0.0 0.0 0.0 0.0 0.0 0.0 0.0 0.0 5.329070518200751e-15 1.0 1.0 0.9999999999999929 0.0 
1.7763568394002505e-15 1.0 1.0 0.9999999999999996 0.8499999999999992 0.0 0.0 0.0 0.0 0.0 0.0 0.0 0.0 0.0 7.993605777301051e-16 0.1500000000000031 1.0 1.0 0.9999999999999929 0.0 
1.7763568394002505e-15 1.0 1.0 0.9999999999999973 0.0 0.0 0.0 0.0 0.0 0.0 0.0 0.0 0.0 0.0 5.329070518200751e-15 1.0 1.0 1.0 0.9999999999999929 0.0 
1.7763568394002505e-15 1.0 1.0 0.9999999999999988 0.5499999999999957 0.0 0.0 0.0 0.0 0.0 0.0 0.0 0.0 0.0 5.329070518200751e-15 1.0 1.0 1.0 0.9999999999999929 0.0 
1.0 1.0 1.0 1.0 0.999999999999998 0.24999999999999645 0.24999999999999645 0.24999999999999645 0.24999999999999645 0.24999999999999645 0.24999999999999645 0.24999999999999645 0.24999999999999645 0.25000000000000044 1.0 1.0 1.0 0.9999999999999982 0.7499999999999982 0.0 
1.0 1.0 1.0 1.0 1.0 1.0 1.0 1.0 1.0 1.0 1.0 1.0 1.0 1.0 1.0 1.0 0.9999999999999932 0.05000000000000391 0.0 0.0 
0.3500000000000026 1.0 1.0 1.0 1.0 1.0 1.0 1.0 1.0 1.0 1.0 1.0 0.9999999999999966 0.3500000000000014 0.3500000000000014 0.34999999999999953 0.0 0.0 0.0 0.0 
