1.0 0.9643749999999965 0.4593749999999948 0.09187500000000386 0.631875000000003 1.0 1.0 1.0 0.7768749999999947 0.4750000000000014 0.7506250000000074 0.4249999999999865 0.29687500000000594 0.8293750000000064 0.6193749999999947 0.10687499999999424 0.0 0.0 0.9250000000000149 0.5368749999999912 
0.0 0.0 0.0 0.0 0.0 0.0 0.0 0.1593750000000046 0.6693750000000072 1.0 1.0 1.0 1.0 0.32499999999998863 0.308125000000006 0.09562499999999483 0.0 0.0 0.0 0.0 
0.0 0.0 0.0 0.0 0.0 0.0 0.32500000000000906 1.0 1.0 1.0 1.0 1.0 1.0 0.5781249999999936 0.10312499999999572 0.0 0.0 0.0 0.0 0.0 
0.0 0.0 0.0 0.0 0.0 0.0 0.21937500000000576 0.7968750000000026 1.0 1.0 1.0 1.0 1.0 1.0 0.2749999999999879 0.0 0.0 0.0 0.0 0.0 
0.0 0.0 0.0 0.0 0.0 0.0 0.32500000000000906 1.0 1.0 1.0 1.0 1.0 1.0 1.0 0.2749999999999879 0.0 0.0 0.0 0.0 0.0 
0.0 0.0 0.0 0.0 0.0 0.0 0.32500000000000906 1.0 1.0 1.0 1.0 1.0 1.0 1.0 1.0 0.2249999999999872 0.0 0.0 0.0 0.0 
0.0 0.0 0.0 0.0 0.0 0.04812500000000181 0.44312500000000793 1.0 1.0 1.0 1.0 1.0 1.0 1.0 1.0 0.2249999999999872 0.0 0.0 0.0 0.0 
0.0 0.0 0.0 0.0 0.0 0.27500000000000924 1.0 1.0 1.0 1.0 1.0 1.0 1.0 1.0 1.0 0.2249999999999872 0.0 0.0 0.0 0.0 
0.0 0.0 0.0 0.0 0.22500000000000853 1.0 1.0 1.0 1.0 0.9643749999999994 0.4393749999999885 0.5750000000000135 1.0 1.0 1.0 1.0 0.1749999999999865 0.0 0.0 0.0 
0.0 0.0 0.0 0.0 0.22500000000000853 1.0 1.0 1.0 0.9893750000000003 0.511874999999989 0.0 0.5750000000000135 1.0 1.0 1.0 1.0 0.1749999999999865 0.0 0.0 0.0 
0.0 0.0 0.0 0.17062500000000724 0.9806249999999985 1.0 1.0 1.0 0.5749999999999886 0.0 0.0 0.014375000000001564 0.6343750000000112 1.0 1.0 1.0 0.1749999999999865 0.0 0.0 0.0 
0.0 0.0 0.0 0.17500000000000782 1.0 1.0 1.0 1.0 0.5749999999999886 0.0 0.0 0.0 0.6250000000000107 1.0 1.0 1.0 0.9381249999999967 0.1156249999999865 0.0 0.0 
0.0 0.0 0.1093750000000066 0.896875000000001 1.0 1.0 1.0 0.6249999999999902 0.0 0.0 0.0 0.0 0.6250000000000107 1.0 1.0 1.0 1.0 0.12499999999998579 0.0 0.0 
0.0 0.0 0.12500000000000755 1.0 1.0 1.0 1.0 0.6249999999999902 0.0 0.0 0.0 0.0 0.0 0.6750000000000114 1.0 1.0 1.0 0.12499999999998579 0.0 0.0 
0.0 0.05812500000000537 0.8031250000000004 1.0 1.0 1.0 0.6749999999999909 0.0 0.0 0.0 0.0 0.0 0.0 0.6750000000000114 1.0 1.0 1.0 1.0 0.07499999999998508 0.0 
0.0 0.07500000000000706 1.0 1.0 1.0 1.0 0.9106249999999968 0.7249999999999979 0.7249999999999979 0.7249999999999979 0.7249999999999979 0.7249999999999979 0.7249999999999979 0.9106250000000025 1.0 1.0 1.0 1.0 0.07499999999998508 0.0 
0.025000000000006573 1.0 1.0 1.0 1.0 1.0 1.0 1.0 1.0 1.0 1.0 1.0 1.0 1.0 1.0 1.0 1.0 1.0 0.6993749999999925 0.016874999999989378 
0.025000000000006573 1.0 1.0 1.0 1.0 1.0 1.0 1.0 1.0 1.0 1.0 1.0 1.0 1.0 1.0 1.0 1.0 1.0 1.0 0.024999999999984368 
1.0 1.0 1.0 1.0 0.7749999999999915 0.0 0.0 0.0 0.0 0.0 0.0 0.0 0.0 0.0 0.3081250000000082 0.8706250000000083 1.0 1.0 1.0 0.024999999999984368 
1.0 1.0 1.0 1.0 0.7749999999999915 0.0 0.0 0.0 0.0 0.0 0.0 0.0 0.0 0.0 0.0 0.7750000000000128 1.0 1.0 1.0 0.5368749999999912 
