0.0 0.037499999999996626 0.5000000000000071 0.41250000000000997 0.0 0.0 0.16249999999999795 0.5000000000000071 0.5000000000000011 0.4999999999999929 0.23750000000000088 0.0 0.0 0.0 0.3624999999999902 0.11250000000000444 0.0 0.0 0.0 0.48749999999998667 
0.0 0.0 0.0 0.0 0.0 0.13749999999999415 0.6624999999999918 1.0 1.0 1.0 1.0 1.0 1.0 0.6625000000000011 0.4999999999999942 0.11250000000000474 0.0 0.0 0.0 0.0 
0.0 0.0 0.0 0.08749999999999514 0.6124999999999924 1.0 1.0 1.0 1.0 1.0 1.0 1.0 1.0 1.0 1.0 1.0 0.587500000000002 0.06250000000000477 0.0 0.0 
0.0 0.03749999999999583 0.5624999999999929 1.0 1.0 1.0 1.0 1.0 1.0 0.7625000000000063 0.5000000000000036 0.7874999999999959 1.0 1.0 1.0 1.0 1.0 1.0 0.5375000000000016 0.012500000000006306 
0.012499999999996136 0.5374999999999944 1.0 1.0 1.0 1.0 0.8375000000000049 0.31250000000000555 0.0 0.0 0.0 0.0 0.0 0.33749999999999625 0.8624999999999958 1.0 1.0 1.0 1.0 0.5125000000000046 
0.02499999999999236 1.0 1.0 1.0 1.0 0.7250000000000085 0.0 0.0 0.0 0.0 0.0 0.0 0.0 0.0 0.0 0.7749999999999879 1.0 1.0 1.0 1.0 
0.02499999999999236 1.0 1.0 1.0 1.0 0.7250000000000085 0.0 0.0 0.0 0.0 0.0 0.0 0.0 0.0 0.0 0.0 0.4124999999999943 0.5 0.5 0.5 
0.02499999999999236 1.0 1.0 1.0 1.0 0.7250000000000085 0.0 0.0 0.0 0.0 0.0 0.0 0.0 0.0 0.0 0.0 0.0 0.0 0.0 0.0 
0.02499999999999236 1.0 1.0 1.0 1.0 0.7250000000000085 0.0 0.0 0.0 0.0 0.0 0.0 0.0 0.0 0.0 0.0 0.0 0.0 0.0 0.0 
0.02499999999999236 1.0 1.0 1.0 0.8875000000000034 0.3625000000000017 0.0 0.0 0.0 0.0 0.0 0.0 0.0 0.0 0.0 0.0 0.0 0.0 0.0 0.0 
0.02499999999999236 1.0 1.0 1.0 0.7750000000000083 0.0 0.0 0.0 0.0 0.0 0.0 0.0 0.0 0.0 0.0 0.0 0.0 0.0 0.0 0.0 
0.02499999999999236 1.0 1.0 1.0 0.7750000000000083 0.0 0.0 0.0 0.0 0.0 0.0 0.0 0.0 0.0 0.0 0.0 0.0 0.0 0.0 0.0 
1.0 1.0 1.0 1.0 0.7750000000000083 0.0 0.0 0.0 0.0 0.0 0.0 0.0 0.0 0.0 0.0 0.0 0.0 0.0 0.0 0.0 
1.0 1.0 1.0 1.0 0.7750000000000083 0.0 0.0 0.0 0.0 0.0 0.0 0.0 0.0 0.0 0.0 0.0 0.0 0.0 0.0 0.0 
1.0 1.0 1.0 1.0 0.7750000000000083 0.0 0.0 0.0 0.0 0.0 0.0 0.0 0.0 0.0 0.0 0.0 0.0 0.0 0.0 0.0 
1.0 1.0 1.0 1.0 0.7750000000000083 0.0 0.0 0.0 0.0 0.0 0.0 0.0 0.0 0.0 0.7249999999999908 1.0 1.0 1.0 1.0 0.02500000000001279 
0.02499999999999236 1.0 1.0 1.0 0.8875000000000074 0.3625000000000146 0.0 0.0 0.0 0.0 0.0 0.0 0.0 0.67499999999999 1.0 1.0 1.0 1.0 0.5374999999999919 0.01250000000000604 
0.012499999999995825 0.537499999999983 1.0 1.0 1.0 1.0 0.837500000000009 0.5000000000000142 0.5000000000000142 0.5000000000000142 0.5000000000000142 0.5000000000000142 0.8125 1.0 1.0 1.0 1.0 0.12500000000001066 0.0 0.0 
0.0 0.0 0.06249999999999423 0.5874999999999841 1.0 1.0 1.0 1.0 1.0 1.0 1.0 1.0 1.0 1.0 1.0 0.612499999999995 0.0875000000000032 0.0 0.0 0.0 
0.0 0.0 0.0 0.0 0.11249999999999102 0.4999999999999787 0.4999999999999787 0.4999999999999787 0.7124999999999828 0.7624999999999945 0.4999999999999787 0.4999999999999787 0.18749999999999734 0.0 0.0 0.0 0.0 0.0 0.0 0.0 
