0.0 0.0 0.0 0.0 0.0 0.30812500000000625 0.4250000000000078 0.7843750000000039 1.0 1.0 1.0 1.0 0.7843750000000019 0.4250000000000078 0.4250000000000078 0.3293750000000047 0.0 0.0 0.0 0.0 
0.0 0.0 0.24062500000000772 0.8731250000000026 1.0 1.0 1.0 1.0 1.0 1.0 1.0 1.0 1.0 1.0 1.0 1.0 0.8731249999999997 0.24062500000000633 0.0 0.0 
0.0 0.1156250000000084 0.8906250000000024 1.0 1.0 0.9093749999999934 0.2843749999999957 0.0 0.0 0.0 0.0 0.0 0.0 0.2843749999999996 0.9093749999999938 1.0 1.0 1.0 0.9343749999999982 0.1218750000000084 
0.0 0.9250000000000015 1.0 1.0 0.24437499999999174 0.00687499999999762 0.0 0.0 0.0 0.0 0.0 0.0 0.0 0.0 0.0068749999999977085 0.2443749999999965 1.0 1.0 1.0 0.9749999999999979 
0.9750000000000014 1.0 1.0 1.0 0.2249999999999983 0.0 0.0 0.0 0.0 0.0 0.0 0.0 0.0 0.0 0.0 0.2250000000000032 1.0 1.0 1.0 0.9749999999999979 
0.9750000000000014 1.0 1.0 1.0 0.2249999999999983 0.0 0.0 0.0 0.0 0.0 0.0 0.0 0.0 0.0 0.0 0.0 0.0 0.04062499999999995 0.3006249999999902 0.0 
0.9750000000000014 1.0 1.0 1.0 0.2249999999999983 0.0 0.0 0.0 0.0 0.0 0.0 0.0 0.0 0.0 0.0 0.0 0.0 0.0 0.0 0.0 
0.9750000000000014 1.0 1.0 1.0 0.2249999999999983 0.0 0.0 0.0 0.0 0.0 0.0 0.0 0.0 0.0 0.0 0.0 0.0 0.0 0.0 0.0 
0.9750000000000014 1.0 1.0 1.0 0.2249999999999983 0.0 0.0 0.0 0.0 0.0 0.0 0.0 0.0 0.0 0.0 0.0 0.0 0.0 0.0 0.0 
0.9750000000000014 0.9306249999999907 0.9906249999999989 1.0 0.2249999999999983 0.0 0.0 0.0 0.0 0.0 0.4750000000000014 1.0 1.0 1.0 1.0 1.0 1.0 1.0 1.0 0.9749999999999979 
0.9750000000000014 0.9306250000000104 0.9906250000000015 1.0 0.2249999999999983 0.0 0.0 0.0 0.0 0.0 0.4750000000000014 1.0 1.0 1.0 1.0 1.0 1.0 1.0 1.0 0.9749999999999979 
0.9750000000000014 1.0 1.0 1.0 0.2249999999999983 0.0 0.0 0.0 0.0 0.0 0.0 0.0 0.0 0.0 0.0 0.05062499999999784 0.36062499999999137 1.0 1.0 0.9749999999999979 
0.9750000000000014 1.0 1.0 1.0 0.2249999999999983 0.0 0.0 0.0 0.0 0.0 0.0 0.0 0.0 0.0 0.0 0.0 0.1750000000000025 1.0 1.0 0.9749999999999979 
0.9750000000000014 1.0 1.0 1.0 0.2249999999999983 0.0 0.0 0.0 0.0 0.0 0.0 0.0 0.0 0.0 0.0 0.0 0.1750000000000025 1.0 1.0 0.9749999999999979 
0.9750000000000014 1.0 1.0 1.0 0.2249999999999983 0.0 0.0 0.0 0.0 0.0 0.0 0.0 0.0 0.0 0.0 0.0 0.1750000000000025 1.0 1.0 0.9749999999999979 
0.9750000000000014 1.0 1.0 1.0 0.2249999999999983 0.0 0.0 0.0 0.0 0.0 0.0 0.0 0.0 0.0 0.0 0.039375000000003116 0.3193750000000114 1.0 1.0 0.9749999999999979 
0.0 0.9250000000000015 1.0 1.0 0.24437500000000828 0.006875000000003482 0.0 0.0 0.0 0.0 0.0 0.0 0.0 0.0 0.00687500000000357 0.24437500000001303 1.0 1.0 0.9981249999999989 0.9506249999999854 
0.0 0.11562499999998704 0.8906249999999996 1.0 1.0 0.9093750000000101 0.2843750000000032 0.0 0.0 0.0 0.0 0.0 0.0 0.0 0.27500000000000213 1.0 1.0 1.0 0.9249999999999972 0.0 
0.0 0.0 0.0 0.2268749999999934 0.8368749999999993 1.0 1.0 0.8281250000000049 0.7250000000000085 0.7250000000000085 0.7250000000000085 0.8418750000000056 1.0 1.0 1.0 1.0 0.8731249999999967 0.24062499999999157 0.0 0.0 
0.0 0.0 0.0 0.0 0.0 0.3081249999999882 0.42499999999998295 0.7843749999999946 1.0 1.0 1.0 1.0 0.7843749999999926 0.42499999999998295 0.42499999999998295 0.32937499999998543 0.0 0.0 0.0 0.0 
