0.0 0.0 0.0 0.0 0.0 0.0 0.42499999999998966 0.9999999999999994 1.0 1.0 1.0 1.0 1.0 1.0 1.0 0.42499999999999005 0.42499999999999005 0.0 0.0 0.0 
0.0 0.0 0.0 0.274999999999991 0.9999999999999987 1.0 1.0 1.0 0.7250000000000087 0.7250000000000085 0.7250000000000085 0.7250000000000085 0.7250000000000085 1.0 1.0 1.0 1.0 1.0 0.2749999999999915 0.0 
0.0 0.0 0.9999999999999978 1.0 1.0 0.8750000000000073 7.771561172376159e-16 0.0 0.0 0.0 0.0 0.0 0.0 0.0 0.0 0.8750000000000071 1.0 1.0 1.0 0.1249999999999929 
0.0 0.974999999999992 1.0 1.0 1.0 1.7763568394002505e-15 0.0 0.0 0.0 0.0 0.0 0.0 0.0 0.0 0.0 0.0 1.0 1.0 1.0 1.0 
0.0 0.9999999999999976 1.0 1.0 1.0 1.7763568394002505e-15 0.0 0.0 0.0 0.0 0.0 0.0 0.0 0.0 0.0 0.0 0.17500000000000426 1.0 1.0 1.0 
0.0 0.9999999999999976 1.0 1.0 1.0 1.7763568394002505e-15 0.0 0.0 0.0 0.0 0.0 0.0 0.0 0.0 0.0 0.0 0.0 1.0 1.0 1.0 
0.0 0.9999999999999976 1.0 1.0 1.0 1.7763568394002505e-15 0.0 0.0 0.0 0.0 0.0 0.0 0.0 0.0 0.0 0.0 1.0 1.0 1.0 1.0 
0.0 0.9999999999999976 1.0 1.0 1.0 1.7763568394002505e-15 0.0 0.0 0.0 0.0 0.0 0.0 0.0 0.0 0.0 0.0 1.0 1.0 1.0 1.0 
0.0 0.7749999999999967 0.9999999999999996 1.0 1.0 1.0 0.22500000000000211 1.9984014443252944e-16 0.0 0.0 0.0 0.0 0.0 0.0 0.22500000000000142 1.0 1.0 1.0 1.0 1.0 
0.0 0.0 0.0 0.9249999999999955 0.9999999999999999 1.0 1.0 1.0 1.0 0.07500000000000284 0.07500000000000284 0.07500000000000284 1.0 1.0 1.0 1.0 1.0 1.0 1.0 1.0 
0.0 0.0 0.0 0.0 0.0749999999999956 0.9999999999999983 1.0 1.0 1.0 1.0 1.0 1.0 1.0 1.0 1.0 1.0 1.0 1.0 1.0 1.0 
0.0 0.0 0.0 0.0 0.0 0.0 0.0 0.0 0.22499999999999412 0.22499999999999432 0.22499999999999432 0.22499999999999432 0.0 0.0 0.0 0.0 1.0 1.0 1.0 1.0 
0.0 0.0 0.0 0.0 0.0 0.0 0.0 0.0 0.0 0.0 0.0 0.0 0.0 0.0 0.0 0.0 1.0 1.0 1.0 1.0 
0.0 0.0 0.0 0.0 0.0 0.0 0.0 0.0 0.0 0.0 0.0 0.0 0.0 0.0 0.0 0.0 1.0 1.0 1.0 1.0 
0.9999999999999973 1.0 0.32500000000001145 0.9999999999999988 1.7763568394002505e-15 0.0 0.0 0.0 0.0 0.0 0.0 0.0 0.0 0.0 0.0 0.0 1.0 1.0 1.0 1.0 
0.0 0.9999999999999976 1.0 1.0 0.17500000000001284 3.1086244689506403e-16 0.0 0.0 0.0 0.0 0.0 0.0 0.0 0.0 0.0 0.0 1.0 1.0 1.0 1.0 
0.0 0.9749999999999849 1.0 1.0 1.0 0.02500000000001452 2.220446049251449e-17 0.0 0.0 0.0 0.0 0.0 0.0 0.0 0.0 1.0 1.0 1.0 1.0 0.0 
0.0 0.0 0.9999999999999978 1.0 1.0 1.0 0.8750000000000143 7.771561172376222e-16 0.0 0.0 0.0 0.0 0.0 0.8750000000000142 0.8750000000000142 1.0 1.0 1.0 0.12499999999998579 0.0 
0.0 0.0 0.0 0.27499999999998387 0.9999999999999987 1.0 1.0 1.0 1.0 1.0 1.0 1.0 1.0 1.0 1.0 1.0 0.27499999999998437 0.0 0.0 0.0 
0.0 0.0 0.0 0.0 0.0 0.0 0.42499999999998256 0.42499999999998295 0.42499999999998295 1.0 1.0 0.42499999999998295 0.42499999999998295 0.42499999999998295 0.42499999999998295 0.0 0.0 0.0 0.0 0.0 
