0.0 0.0 0.0 0.0 0.0 0.14625000000000032 0.3249999999999993 0.3249999999999993 0.3249999999999993 0.3587499999999998 0.9662500000000007 0.42624999999999846 0.3249999999999993 0.3249999999999993 0.14624999999999944 0.0 0.0 0.0 0.0 0.0 
0.0 0.0 0.0 0.0 0.5362500000000017 0.9862499999999997 1.0 1.0 1.0 1.0 1.0 1.0 1.0 1.0 0.9862499999999996 0.9749999999999994 0.6337499999999999 0.0 0.0 0.0 
0.0 0.0 0.46875000000000117 0.8687500000000006 1.0 1.0 1.0 0.843749999999999 0.37500000000000044 0.37500000000000044 0.37500000000000044 0.37500000000000044 0.37500000000000044 0.7812500000000004 1.0 1.0 1.0 0.9062499999999999 0.5312500000000006 0.0 
0.0 0.8500000000000026 1.0 1.0 1.0 0.8762499999999998 0.47124999999999934 0.0 0.0 0.0 0.0 0.0 0.0 0.0 0.3987500000000008 0.8487500000000001 1.0 1.0 0.891250000000001 0.2612499999999993 
0.0 0.8500000000000026 1.0 1.0 1.0 0.549999999999998 0.0 0.0 0.0 0.0 0.0 0.0 0.0 0.0 0.0 0.4499999999999993 1.0 1.0 1.0 0.9499999999999993 
0.0 0.36125000000000174 0.4250000000000007 0.4250000000000007 0.19124999999999945 0.0 0.0 0.0 0.0 0.0 0.0 0.0 0.0 0.0 0.0 0.4499999999999993 1.0 1.0 1.0 0.9499999999999993 
0.0 0.0 0.0 0.0 0.0 0.0 0.0 0.0 0.0 0.0 0.0 0.0 0.0 0.0 0.0 0.4499999999999993 1.0 1.0 1.0 0.9499999999999993 
0.0 0.0 0.0 0.0 0.0 0.0 0.0 0.0 0.0 0.0 0.0 0.0 0.0 0.0 0.4812500000000006 0.9312499999999999 1.0 1.0 0.8687500000000012 0.11874999999999991 
0.0 0.0 0.0 0.0 0.0 0.0 0.0 0.0 0.0 0.0 0.0 0.44625000000000103 0.5250000000000004 0.8337500000000002 1.0 1.0 1.0 0.8687499999999999 0.4037500000000004 0.0 
0.0 0.0 0.0 0.0 0.0 0.0 0.0 0.2500000000000018 1.0 1.0 1.0 1.0 1.0 1.0 1.0 1.0 0.6500000000000004 0.0 0.0 0.0 
0.0 0.0 0.0 0.0 0.0 0.0 0.0 0.2500000000000018 1.0 1.0 1.0 1.0 1.0 1.0 1.0 1.0 0.6500000000000004 0.0 0.0 0.0 
0.0 0.0 0.0 0.0 0.0 0.0 0.0 0.0 0.0 0.0 0.0 0.0 0.0 0.3412499999999993 0.7862499999999997 1.0 1.0 0.8687500000000004 0.4037500000000019 0.0 
0.0 0.0 0.0 0.0 0.0 0.0 0.0 0.0 0.0 0.0 0.0 0.0 0.0 0.0 0.0 0.4499999999999993 1.0 1.0 1.0 0.9499999999999993 
0.0 0.0 0.0 0.0 0.0 0.0 0.0 0.0 0.0 0.0 0.0 0.0 0.0 0.0 0.0 0.4499999999999993 1.0 1.0 1.0 0.9499999999999993 
0.4037500000000019 0.4250000000000007 0.4250000000000007 0.14874999999999935 0.0 0.0 0.0 0.0 0.0 0.0 0.0 0.0 0.0 0.0 0.0 0.4499999999999993 1.0 1.0 1.0 0.9499999999999993 
0.9500000000000028 1.0 1.0 1.0 0.44999999999999796 0.0 0.0 0.0 0.0 0.0 0.0 0.0 0.0 0.0 0.0 0.4499999999999993 1.0 1.0 0.9887499999999997 0.8787499999999966 
0.9500000000000028 1.0 1.0 1.0 0.44999999999999796 0.0 0.0 0.0 0.0 0.0 0.0 0.0 0.0 0.0 0.39875000000000127 0.8487500000000006 1.0 1.0 0.8500000000000014 0.0 
0.0 0.5312500000000017 0.9062500000000009 1.0 1.0 0.7187499999999988 0.375 0.28124999999999933 0.0 0.0 0.0 0.31875000000000053 0.375 0.7812500000000002 1.0 1.0 1.0 0.90625 0.5312500000000009 0.0 
0.0 0.0 0.7312500000000007 0.9749999999999979 0.9887499999999991 1.0 1.0 1.0 1.0 1.0 1.0 1.0 1.0 1.0 0.9862499999999988 0.9749999999999979 0.6337499999999989 0.0 0.0 0.0 
0.0 0.0 0.0 0.0 0.17875000000000027 0.3249999999999993 0.5612500000000005 1.0 1.0 1.0 1.0 1.0 0.49374999999999947 0.3249999999999993 0.14624999999999944 0.0 0.0 0.0 0.0 0.0 
