0.0 0.0 0.0 0.0 0.16500000000000123 0.30000000000000426 0.30000000000000426 0.4750000000000001 1.0 1.0 1.0 1.0 1.0 0.5450000000000075 0.13500000000000384 0.0 0.0 0.0 0.0 0.0 
0.0 0.0 0.0 0.585 0.9550000000000016 1.0 1.0 1.0 1.0 1.0 1.0 1.0 1.0 1.0 0.9450000000000031 0.9000000000000044 0.5850000000000095 0.0 0.0 0.0 
0.0 0.4250000000000024 0.8749999999999996 1.0 1.0 1.0 0.8250000000000004 0.49999999999999556 0.4249999999999987 0.0 0.0 0.4249999999999934 0.49999999999999556 0.8249999999999951 1.0 1.0 1.0 0.7500000000000071 0.0 0.0 
0.09500000000000447 0.8649999999999982 1.0 1.0 0.45000000000000373 0.0 0.0 0.0 0.0 0.0 0.0 0.0 0.0 0.0 0.4949999999999915 0.9449999999999965 1.0 1.0 0.8500000000000085 0.0 
0.9499999999999975 1.0 1.0 1.0 0.45000000000000373 0.0 0.0 0.0 0.0 0.0 0.0 0.0 0.0 0.0 0.0 0.4499999999999922 1.0 1.0 0.8500000000000085 0.0 
0.9499999999999975 1.0 1.0 1.0 0.45000000000000373 0.0 0.0 0.0 0.0 0.0 0.0 0.0 0.0 0.0 0.0 0.4499999999999922 1.0 1.0 0.8500000000000085 0.0 
0.9499999999999975 1.0 1.0 1.0 0.45000000000000373 0.0 0.0 0.0 0.0 0.0 0.0 0.0 0.0 0.0 0.0 0.4499999999999922 1.0 1.0 0.8500000000000085 0.0 
0.0 0.8499999999999972 1.0 1.0 0.7250000000000048 0.2750000000000051 0.0 0.0 0.0 0.0 0.0 0.0 0.0 0.0 0.27499999999999974 0.724999999999999 1.0 0.8750000000000022 0.4249999999999997 0.0 
0.0 0.0 0.6749999999999935 0.964999999999998 1.0 1.0 0.6850000000000053 0.10000000000000497 0.10000000000000497 0.10000000000000497 0.10000000000000497 0.10000000000000497 0.10000000000000497 0.6849999999999956 1.0 1.0 0.964999999999999 0.6750000000000027 0.0 0.0 
0.0 0.0 0.0 0.19499999999999604 0.6849999999999954 1.0 1.0 1.0 1.0 1.0 1.0 1.0 1.0 1.0 1.0 0.6850000000000034 0.19499999999999923 0.0 0.0 0.0 
0.0 0.0 0.0 0.1950000000000018 0.6849999999999994 1.0 1.0 0.9250000000000003 0.6999999999999957 0.6999999999999957 0.6999999999999957 0.6999999999999957 0.9249999999999974 1.0 1.0 0.6850000000000074 0.195000000000005 0.0 0.0 0.0 
0.0 0.7650000000000023 0.9000000000000057 0.9650000000000016 1.0 0.5950000000000013 0.09999999999999432 0.07499999999999618 0.0 0.0 0.0 0.0 0.07499999999999521 0.684999999999992 1.0 1.0 0.9650000000000027 0.6750000000000107 0.0 0.0 
0.47500000000000553 0.9249999999999996 1.0 1.0 0.45000000000000373 0.0 0.0 0.0 0.0 0.0 0.0 0.0 0.0 0.0 0.2749999999999929 0.7249999999999922 1.0 1.0 0.9250000000000054 0.47500000000001175 
0.9499999999999975 1.0 1.0 0.3500000000000032 0.0 0.0 0.0 0.0 0.0 0.0 0.0 0.0 0.0 0.0 0.0 0.4499999999999922 1.0 1.0 1.0 0.95000000000001 
0.9499999999999975 1.0 1.0 0.3500000000000032 0.0 0.0 0.0 0.0 0.0 0.0 0.0 0.0 0.0 0.0 0.0 0.4499999999999922 1.0 1.0 1.0 0.95000000000001 
0.9499999999999975 1.0 1.0 0.545000000000005 0.13500000000000303 0.0 0.0 0.0 0.0 0.0 0.0 0.0 0.0 0.0 0.0 0.4499999999999922 1.0 1.0 1.0 0.95000000000001 
0.9499999999999975 1.0 1.0 1.0 0.45000000000000373 0.0 0.0 0.0 0.0 0.0 0.0 0.0 0.0 0.0 0.4949999999999974 0.9450000000000024 1.0 1.0 0.8650000000000069 0.09499999999999559 
0.474999999999992 0.9249999999999976 1.0 1.0 0.7250000000000058 0.275000000000006 0.0 0.0 0.0 0.0 0.0 0.0 0.0 0.32500000000000123 0.775 1.0 1.0 0.8750000000000018 0.4249999999999982 0.0 
0.0 0.0 0.6749999999999935 0.964999999999998 1.0 1.0 1.0 1.0 1.0 1.0 1.0 1.0 1.0 1.0 1.0 1.0 0.964999999999999 0.6750000000000027 0.0 0.0 
0.0 0.0 0.0 0.19499999999999487 0.6849999999999945 1.0 1.0 1.0 1.0 1.0 1.0 1.0 1.0 1.0 0.6150000000000009 0.2999999999999936 0.1949999999999981 0.0 0.0 0.0 
