0.0 0.0 0.0 0.0 0.0 0.0962499999999994 0.31124999999999853 0.8187500000000003 1.0 1.0 1.0 1.0 1.0 1.0 1.0 0.649999999999995 0.0 0.0 0.0 0.0 
0.0 0.0 0.0 0.0 0.5362499999999988 0.8862499999999994 1.0 1.0 1.0 1.0 1.0 1.0 1.0 1.0 1.0 0.649999999999995 0.0 0.0 0.0 0.0 
0.0 0.0 0.249999999999998 0.9499999999999984 1.0 1.0 1.0 1.0 1.0 1.0 1.0 1.0 1.0 1.0 1.0 0.649999999999995 0.0 0.0 0.0 0.0 
0.0 0.508749999999998 0.9437500000000004 0.9962499999999999 1.0 1.0 1.0 1.0 1.0 1.0 1.0 1.0 1.0 1.0 1.0 0.9737499999999999 0.8787499999999967 0.2312499999999936 0.0 0.0 
0.4037499999999998 0.7637499999999993 1.0 1.0 1.0 1.0 1.0 1.0 1.0 1.0 1.0 1.0 1.0 1.0 1.0 1.0 0.9499999999999957 0.2499999999999929 0.0 0.0 
0.0 0.5362499999999963 0.9812499999999984 0.9987499999999998 1.0 1.0 0.9987499999999999 0.9812499999999984 0.5362499999999978 0.15000000000000124 0.8500000000000023 1.0 1.0 1.0 1.0 1.0 0.9499999999999957 0.2499999999999929 0.0 0.0 
0.0 0.0 0.10624999999999844 0.4037499999999966 0.42499999999999716 0.42499999999999716 0.4037499999999974 0.10624999999999891 0.0 0.15000000000000124 0.8500000000000023 1.0 1.0 1.0 1.0 1.0 0.9499999999999957 0.2499999999999929 0.0 0.0 
0.0 0.0 0.0 0.0 0.0 0.0 0.0 0.0 0.0 0.15000000000000124 0.8500000000000023 1.0 1.0 1.0 1.0 1.0 0.9499999999999957 0.2499999999999929 0.0 0.0 
0.0 0.0 0.0 0.0 0.0 0.0 0.0 0.0 0.0 0.15000000000000124 0.8500000000000023 1.0 1.0 1.0 1.0 1.0 0.9499999999999957 0.2499999999999929 0.0 0.0 
0.0 0.0 0.0 0.0 0.0 0.0 0.0 0.0 0.0 0.15000000000000124 0.8500000000000023 1.0 1.0 1.0 1.0 1.0 0.9612499999999969 0.41874999999999823 0.1237500000000013 0.0 
0.0 0.0 0.0 0.0 0.0 0.0 0.0 0.0 0.0 0.033749999999999426 0.1912499999999957 0.6512499999999994 1.0 1.0 1.0 1.0 1.0 1.0 0.5499999999999936 0.0 
0.0 0.0 0.0 0.0 0.0 0.0 0.0 0.0 0.0 0.0 0.0 0.5500000000000025 1.0 1.0 1.0 1.0 1.0 1.0 0.5499999999999936 0.0 
0.0 0.0 0.0 0.0 0.0 0.0 0.0 0.0 0.0 0.0 0.0 0.5500000000000025 1.0 1.0 1.0 1.0 1.0 1.0 0.5499999999999936 0.0 
0.0 0.0 0.0 0.0 0.0 0.0 0.0 0.0 0.0 0.0 0.0 0.5500000000000025 1.0 1.0 1.0 1.0 1.0 1.0 0.5499999999999936 0.0 
0.0 0.0 0.0 0.0 0.0 0.0 0.0 0.0 0.0 0.0 0.0 0.5500000000000025 1.0 1.0 1.0 1.0 1.0 1.0 0.5499999999999936 0.0 
0.0 0.0 0.0 0.0 0.0 0.0 0.0 0.0 0.0 0.0 0.0 0.0 0.25000000000000355 0.9500000000000028 1.0 1.0 1.0 1.0 1.0 0.8499999999999943 
0.0 0.0 0.0 0.0 0.0 0.0 0.0 0.0 0.0 0.0 0.0 0.0 0.25000000000000355 0.9500000000000028 1.0 1.0 1.0 1.0 1.0 0.8499999999999943 
0.0 0.0 0.0 0.0 0.0 0.0 0.0 0.0 0.0 0.0 0.0 0.0 0.25000000000000355 0.9500000000000028 1.0 1.0 1.0 1.0 1.0 0.8499999999999943 
0.0 0.0 0.0 0.0 0.0 0.0 0.0 0.0 0.0 0.0 0.0 0.0 0.25000000000000355 0.9500000000000028 1.0 1.0 1.0 1.0 1.0 0.8499999999999943 
0.0 0.0 0.0 0.0 0.0 0.0 0.0 0.0 0.0 0.0 0.0 0.0 0.25000000000000355 0.9500000000000028 1.0 1.0 1.0 1.0 1.0 0.8499999999999943 
