0.9000000000000012 1.0 1.0 1.0 1.0 1.0 1.0 1.0 1.0 1.0 1.0 1.0 1.0 1.0 1.0 1.0 1.0 1.0 1.0 0.8999999999999986 
0.9000000000000012 1.0 1.0 1.0 1.0 1.0 1.0 1.0 1.0 1.0 1.0 1.0 1.0 1.0 1.0 1.0 1.0 1.0 1.0 0.8999999999999986 
0.9000000000000012 1.0 1.0 1.0 0.899999999999999 0.0999999999999992 0.0 0.0 0.0 0.0 0.0 0.0 0.0 0.0 0.0 0.0 0.0 0.0 0.0 0.0 
0.9000000000000012 1.0 1.0 1.0 0.899999999999999 0.0999999999999992 0.0 0.0 0.0 0.0 0.0 0.0 0.0 0.0 0.0 0.0 0.0 0.0 0.0 0.0 
0.9000000000000012 1.0 1.0 1.0 0.899999999999999 0.0999999999999992 0.0 0.0 0.0 0.0 0.0 0.0 0.0 0.0 0.0 0.0 0.0 0.0 0.0 0.0 
0.9000000000000012 1.0 1.0 1.0 0.899999999999999 0.0999999999999992 0.0 0.0 0.0 0.0 0.0 0.0 0.0 0.0 0.0 0.0 0.0 0.0 0.0 0.0 
0.9000000000000012 1.0 1.0 1.0 0.924999999999999 0.3249999999999978 0.24999999999999822 0.24999999999999822 0.24999999999999822 0.3249999999999988 0.925 0.4749999999999993 0.24999999999999822 0.24999999999999822 0.24999999999999822 0.24999999999999822 0.07499999999999965 0.0 0.0 0.0 
0.9000000000000012 1.0 1.0 1.0 1.0 1.0 1.0 1.0 1.0 1.0 1.0 1.0 1.0 1.0 1.0 1.0 0.824999999999999 0.3749999999999991 0.0 0.0 
0.9000000000000012 1.0 1.0 1.0 1.0 1.0 0.825000000000001 0.3750000000000002 0.0 0.0 0.0 0.0 0.3750000000000009 0.7500000000000018 0.7750000000000019 0.9749999999999999 1.0 1.0 0.7749999999999989 0.22499999999999803 
0.22500000000000192 0.7750000000000015 1.0 1.0 0.9249999999999995 0.325000000000001 0.07500000000000026 0.0 0.0 0.0 0.0 0.0 0.0 0.0 0.10000000000000142 0.8999999999999986 1.0 1.0 1.0 0.8999999999999986 
0.0 0.0 0.0 0.0 0.0 0.0 0.0 0.0 0.0 0.0 0.0 0.0 0.0 0.0 0.0 0.0 0.6999999999999993 1.0 1.0 0.8999999999999986 
0.0 0.0 0.0 0.0 0.0 0.0 0.0 0.0 0.0 0.0 0.0 0.0 0.0 0.0 0.0 0.0 0.6999999999999993 1.0 1.0 0.8999999999999986 
0.0 0.0 0.0 0.0 0.0 0.0 0.0 0.0 0.0 0.0 0.0 0.0 0.0 0.0 0.0 0.0 0.6999999999999993 1.0 1.0 0.8999999999999986 
0.0 0.0 0.0 0.0 0.0 0.0 0.0 0.0 0.0 0.0 0.0 0.0 0.0 0.0 0.0 0.0 0.6999999999999993 1.0 1.0 0.8999999999999986 
0.22499999999999712 0.24999999999999645 0.24999999999999645 0.1749999999999972 0.0 0.0 0.0 0.0 0.0 0.0 0.0 0.0 0.0 0.0 0.0 0.0 0.6999999999999993 1.0 1.0 0.8999999999999986 
0.9000000000000012 1.0 1.0 0.6999999999999988 0.0 0.0 0.0 0.0 0.0 0.0 0.0 0.0 0.0 0.0 0.0 0.0 0.6999999999999993 1.0 1.0 0.8999999999999986 
0.9000000000000012 1.0 1.0 1.0 0.899999999999999 0.0999999999999992 0.0 0.0 0.0 0.0 0.0 0.0 0.0 0.0 0.10000000000000142 0.8999999999999986 1.0 1.0 0.9250000000000009 0.6750000000000022 
0.2250000000000035 0.7750000000000019 1.0 1.0 0.9749999999999994 0.7749999999999966 0.22499999999999815 0.0 0.0 0.0 0.0 0.0 0.0 0.22499999999999948 0.7749999999999971 0.9749999999999993 1.0 1.0 0.6999999999999993 0.0 
0.0 0.0 0.3750000000000026 0.8250000000000027 1.0 1.0 1.0 1.0 1.0 1.0 1.0 1.0 1.0 1.0 1.0 1.0 0.8250000000000026 0.3750000000000018 0.0 0.0 
0.0 0.0 0.0 0.07500000000000136 0.32500000000000395 0.9250000000000009 1.0 1.0 1.0 1.0 1.0 1.0 1.0 0.7750000000000006 0.25000000000000355 0.25000000000000355 0.07500000000000125 0.0 0.0 0.0 
