0.0 0.0 0.0 0.0 0.15499999999999925 0.1999999999999993 0.1999999999999993 0.6999999999999983 1.0 1.0 1.0 1.0 0.7000000000000012 0.1999999999999993 0.14500000000000013 0.0 0.0 0.0 0.0 0.0 
0.0 0.0 0.0 0.4949999999999987 0.9099999999999994 1.0 1.0 1.0 1.0 1.0 1.0 1.0 1.0 1.0 0.890000000000001 0.599999999999999 0.4950000000000009 0.0 0.0 0.0 
0.0 0.9249999999999983 0.9999999999999987 0.9999999999999998 1.0 1.0 1.0 1.0 1.0 1.0 1.0 1.0 1.0 1.0 1.0 1.0 0.9999999999999998 0.8749999999999989 0.0 0.0 
0.38999999999999846 0.9549999999999996 1.0 1.0 1.0 1.0 0.7300000000000014 0.6000000000000014 0.25500000000000156 0.0 0.0 0.2549999999999989 0.6000000000000014 0.73 1.0 1.0 1.0 1.0 0.9250000000000043 0.0 
0.19500000000000184 0.20000000000000195 0.20000000000000195 0.20000000000000195 0.20000000000000195 0.20000000000000195 0.06500000000000085 0.0 0.0 0.0 0.0 0.0 0.0 0.06500000000000014 0.4199999999999988 1.0 1.0 1.0 0.9850000000000008 0.7799999999999992 
0.0 0.0 0.0 0.0 0.0 0.0 0.0 0.0 0.0 0.0 0.0 0.0 0.0 0.0 0.0 0.22499999999999787 1.0 1.0 1.0 0.9750000000000014 
0.0 0.0 0.0 0.0 0.0 0.0 0.0 0.0 0.0 0.0 0.0 0.0 0.0 0.0 0.16499999999999748 0.6899999999999975 1.0 1.0 1.0 0.9750000000000014 
0.0 0.0 0.0 0.0 0.0 0.0 0.0 0.0 0.0 0.0 0.0 0.0 0.0 0.0 0.2749999999999968 1.0 1.0 1.0 1.0 0.9750000000000014 
0.0 0.0 0.0 0.0 0.0 0.0 0.0 0.0 0.0 0.20999999999999774 0.3999999999999968 0.3999999999999968 0.3999999999999968 0.5949999999999963 1.0 1.0 1.0 1.0 0.9250000000000043 0.0 
0.0 0.0 0.0 0.0 0.0 0.0 0.0 0.0 0.4599999999999971 0.9049999999999984 1.0 1.0 1.0 1.0 1.0 1.0 1.0 0.9000000000000004 0.1850000000000035 0.0 
0.0 0.0 0.0 0.0 0.0 0.0 0.0 0.0 0.5749999999999984 1.0 1.0 1.0 1.0 1.0 1.0 1.0 0.8600000000000015 0.17499999999999627 0.0 0.0 
0.0 0.0 0.0 0.0 0.0 0.0 0.0 0.0 0.23000000000000162 0.4000000000000039 0.4000000000000039 0.4000000000000039 0.6250000000000013 1.0 1.0 1.0 1.0 0.9499999999999995 0.5549999999999989 0.0 
0.0 0.0 0.0 0.0 0.0 0.0 0.0 0.0 0.0 0.0 0.0 0.0 1.3322676295501815e-15 3.552713678800501e-15 0.27499999999999936 1.0 1.0 1.0 0.9999999999999998 0.974999999999998 
0.0 0.0 0.0 0.0 0.0 0.0 0.0 0.0 0.0 0.0 0.0 0.0 0.0 0.0 0.0 0.22499999999999787 1.0 1.0 1.0 0.9750000000000014 
0.0 0.0 0.0 0.0 0.0 0.0 0.0 0.0 0.0 0.0 0.0 0.0 0.0 0.0 0.0 0.22499999999999787 1.0 1.0 1.0 0.9750000000000014 
0.0 0.18499999999999595 0.19999999999999574 0.19999999999999574 0.19999999999999574 0.05499999999999908 0.0 0.0 0.0 0.0 0.0 0.0 0.0 0.0 0.05499999999999819 0.379999999999995 1.0 1.0 1.0 0.9750000000000014 
0.0 0.9249999999999994 1.0 1.0 1.0 0.7099999999999964 0.5999999999999943 0.22499999999999892 0.0 0.0 0.0 0.0 0.0 0.19499999999999665 0.7099999999999946 1.0 1.0 1.0 0.955000000000003 0.3900000000000061 
0.0 6.572520305780923e-15 0.8750000000000002 1.0 1.0 1.0 1.0 0.9999999999999956 0.9999999999999929 0.9999999999999929 0.9999999999999929 0.9999999999999929 0.9999999999999929 0.9999999999999952 1.0 1.0 1.0 1.0 0.9250000000000043 0.0 
0.0 0.0 0.0 0.49500000000000366 0.600000000000005 0.8900000000000008 1.0 1.0 1.0 1.0 1.0 1.0 1.0 1.0 1.0 0.9100000000000019 0.600000000000005 0.5250000000000044 0.0 0.0 
0.0 0.0 0.0 0.0 0.0 0.14500000000000438 0.2000000000000064 0.700000000000001 1.0 1.0 1.0 1.0 1.0 0.7400000000000041 0.2000000000000064 0.15500000000000538 0.0 0.0 0.0 0.0 
