0.0 0.0 0.0 0.0 0.0 0.0 5.329070518200638e-16 0.19999999999999574 0.19999999999999574 0.19999999999999715 1.0 1.0 0.9999999999999986 0.19999999999999574 0.19999999999999574 0.19999999999999574 0.19999999999999574 0.0 0.0 0.0 
0.0 0.0 0.0 0.0 2.131628207280285e-15 0.5999999999999956 0.5999999999999968 1.0 1.0 1.0 1.0 1.0 1.0 1.0 1.0 1.0 1.0 0.5999999999999956 0.0 0.0 
0.0 0.0 0.0 3.1086244689504245e-15 0.9999999999999956 1.0 1.0 1.0 1.0 1.0 1.0 1.0 1.0 1.0 1.0 1.0 1.0 1.0 0.9999999999999956 0.0 
0.0 1.4210854715201827e-15 0.39999999999999714 1.0 1.0 1.0 0.9999999999999989 0.600000000000005 0.6000000000000029 0.0 0.0 0.0 0.0 1.0658141036401591e-15 0.6000000000000056 1.0 1.0 1.0 1.0 1.0 
0.0 3.552713678800501e-15 1.0 1.0 1.0 0.9999999999999979 0.2000000000000041 0.0 0.0 0.0 0.0 0.0 0.0 0.0 3.552713678800583e-16 0.20000000000000603 1.0 1.0 1.0 1.0 
3.552713678800501e-15 1.0 1.0 1.0 0.9999999999999993 0.8000000000000022 0.0 0.0 0.0 0.0 0.0 0.0 0.0 0.0 0.0 1.7763568394002505e-15 1.0 1.0 1.0 1.0 
3.552713678800501e-15 1.0 1.0 1.0 0.9999999999999964 0.0 0.0 0.0 0.0 0.0 0.0 0.0 0.0 0.0 0.0 1.7763568394002505e-15 1.0 1.0 1.0 1.0 
3.552713678800501e-15 1.0 1.0 1.0 0.9999999999999964 0.0 0.0 0.0 0.0 0.0 0.0 0.0 0.0 0.0 0.0 1.7763568394002505e-15 1.0 1.0 1.0 1.0 
3.552713678800501e-15 1.0 1.0 1.0 0.9999999999999979 0.39999999999999397 0.0 0.0 0.0 0.0 0.0 0.0 0.0 0.0 1.7763568394002505e-15 1.0 1.0 1.0 1.0 1.0 
3.552713678800501e-15 1.0 1.0 1.0 1.0 0.9999999999999973 0.0 0.0 0.0 0.0 0.0 0.0 0.0 1.4210854715201922e-15 0.7999999999999957 1.0 1.0 1.0 1.0 1.0 
0.0 2.842170943040416e-15 0.8000000000000049 1.0 1.0 1.0 1.0 1.0 1.0 1.0 1.0 1.0 1.0 1.0 1.0 1.0 1.0 1.0 1.0 0.8000000000000043 
0.0 0.0 1.4210854715202206e-15 0.40000000000000757 1.0 1.0 1.0 1.0 1.0 1.0 1.0 1.0 1.0 1.0 1.0 1.0 1.0 1.0 1.0 0.0 
0.0 0.0 0.0 2.208810534618833e-29 7.105427357601002e-15 7.105427357601002e-15 9.769962616701359e-15 1.0 1.0 1.0 1.0 0.9999999999999982 7.105427357601002e-15 8.88178419700124e-15 1.0 1.0 1.0 1.0 1.0 0.0 
0.0 0.0 0.0 0.0 0.0 0.0 0.0 0.0 0.0 0.0 0.0 0.0 0.0 0.0 1.7763568394002505e-15 1.0 1.0 1.0 1.0 0.0 
0.0 0.0 0.0 0.0 0.0 0.0 0.0 0.0 0.0 0.0 0.0 0.0 0.0 1.421085471520189e-15 0.7999999999999939 1.0 1.0 1.0 1.0 0.0 
7.10542735760085e-16 0.19999999999999502 0.0 0.0 0.0 0.0 0.0 0.0 0.0 0.0 0.0 0.0 3.552713678800425e-16 0.19999999999999715 1.0 1.0 1.0 1.0 0.0 0.0 
0.5999999999999958 0.9999999999999986 0.5999999999999943 0.5999999999999943 0.5999999999999943 0.5999999999999928 0.0 0.0 0.0 0.0 0.0 1.0658141036401402e-15 0.599999999999995 1.0 1.0 1.0 1.0 0.4000000000000057 0.0 0.0 
1.0658141036401478e-14 1.0 1.0 1.0 1.0 1.0 0.9999999999999929 0.9999999999999929 0.9999999999999929 0.9999999999999929 0.9999999999999929 0.9999999999999929 1.0 1.0 1.0 0.9999999999999982 7.105427357601002e-15 0.0 0.0 0.0 
0.0 2.1316282072803182e-15 0.600000000000005 0.6000000000000062 1.0 1.0 1.0 1.0 1.0 1.0 1.0 1.0 0.9999999999999993 0.600000000000005 0.6000000000000039 0.0 0.0 0.0 0.0 0.0 
0.0 0.0 0.0 6.217248937901075e-16 0.2000000000000064 0.2000000000000064 0.20000000000000853 1.0 1.0 1.0 0.9999999999999986 0.2000000000000064 0.20000000000000603 0.0 0.0 0.0 0.0 0.0 0.0 0.0 
