0.0 0.0 0.0 0.0 0.0 0.17499999999999621 0.17499999999999716 0.9999999999999949 1.0 1.0 1.0 1.0 1.0 1.0 0.17500000000000449 0.17499999999999716 1.554312234475194e-15 0.0 0.0 0.0 
0.0 0.0 0.0 0.5249999999999949 0.5249999999999972 0.9999999999999974 1.0 1.0 1.0 1.0 1.0 1.0 1.0 1.0 1.0 1.0 0.5250000000000015 5.59552404411076e-15 0.0 0.0 
0.0 0.0 0.8749999999999937 0.9999999999999994 1.0 1.0 1.0 1.0 1.0 1.0 1.0 1.0 1.0 1.0 1.0 1.0 1.0 0.8749999999999987 9.325873406851287e-15 0.0 
0.0 0.9999999999999961 1.0 1.0 1.0 0.7750000000000034 0.7750000000000021 4.818367926873193e-15 0.0 0.0 0.0 0.0 0.0 0.7749999999999966 0.7750000000000021 0.999999999999998 1.0 1.0 1.0 1.0658141036401503e-14 
0.5749999999999955 0.9999999999999983 1.0 1.0 1.0 5.329070518200751e-15 0.0 0.0 0.0 0.0 0.0 0.0 0.0 0.0 0.0 0.9999999999999911 1.0 1.0 1.0 0.5750000000000021 
0.9999999999999964 1.0 1.0 1.0 1.0 5.329070518200751e-15 0.0 0.0 0.0 0.0 0.0 0.0 0.0 0.0 0.0 0.9999999999999911 1.0 1.0 1.0 1.0 
0.9999999999999964 1.0 1.0 1.0 4.884981308350689e-15 0.0 0.0 0.0 0.0 0.0 0.0 0.0 0.0 0.0 0.0 0.9999999999999911 1.0 1.0 1.0 1.0 
0.9999999999999964 1.0 1.0 1.0 4.884981308350689e-15 0.0 0.0 0.0 0.0 0.0 0.0 0.0 0.0 0.0 0.0 0.9999999999999911 1.0 1.0 1.0 1.0 
0.9999999999999964 1.0 1.0 1.0 0.974999999999998 5.195843755245721e-15 0.0 0.0 0.0 0.0 0.0 0.0 0.0 0.0 0.0 0.9999999999999911 1.0 1.0 1.0 0.025000000000012523 
0.0 0.999999999999996 1.0 1.0 1.0 0.3250000000000011 0.3249999999999975 2.0206059048177694e-15 0.0 0.0 0.0 0.0 0.3249999999999952 0.3249999999999975 0.999999999999994 1.0 1.0 1.0 1.0 1.0658141036401503e-14 
0.0 0.32500000000000157 0.9999999999999971 1.0 1.0 1.0 1.0 0.6749999999999992 0.6749999999999972 0.6749999999999972 0.6749999999999972 0.6749999999999972 0.9999999999999977 1.0 1.0 1.0 1.0 1.0 1.0 1.0658141036401503e-14 
0.0 0.0 0.0 0.9749999999999971 0.9750000000000014 0.9999999999999999 1.0 1.0 1.0 1.0 1.0 1.0 1.0 1.0 1.0 1.0 1.0 1.0 1.0 1.0658141036401503e-14 
0.0 0.0 0.0 0.0 0.0 0.6249999999999967 0.625 0.625 0.9999999999999977 1.0 1.0 0.6250000000000027 0.625 0.625 0.9999999999999967 1.0 1.0 1.0 1.0 1.0658141036401503e-14 
0.0 0.0 0.0 0.0 0.0 0.0 0.0 0.0 0.2750000000000004 0.27500000000000213 0.27500000000000213 1.9539925233402907e-15 0.0 0.0 0.2749999999999997 0.9999999999999936 1.0 1.0 1.0 1.0658141036401503e-14 
0.0 0.0 0.0 0.0 0.0 0.0 0.0 0.0 0.0 0.0 0.0 0.0 0.0 0.0 0.9999999999999911 1.0 1.0 1.0 1.0 1.0658141036401503e-14 
0.0 0.0 0.0 0.0 0.0 0.0 0.0 0.0 0.0 0.0 0.0 0.0 0.0 0.0 0.9999999999999911 1.0 1.0 1.0 0.5750000000000074 6.1284310959308944e-15 
0.7749999999999958 0.7749999999999986 0.7749999999999986 0.7749999999999986 0.7749999999999986 4.130029651605575e-15 0.0 0.0 0.0 0.0 0.0 0.0 0.0 0.774999999999993 0.999999999999998 1.0 1.0 1.0 1.0658141036401503e-14 0.0 
0.0 0.9999999999999961 1.0 1.0 1.0 1.0 1.0 0.12500000000000544 0.125 0.125 0.125 0.9999999999999938 1.0 1.0 1.0 1.0 0.8750000000000011 9.325873406851315e-15 0.0 0.0 
0.0 0.5250000000000001 0.5250000000000021 0.9999999999999979 1.0 1.0 1.0 1.0 1.0 1.0 1.0 1.0 1.0 1.0 1.0 0.5250000000000064 4.6629367034256764e-15 0.0 0.0 0.0 
0.0 0.0 0.0 0.17499999999999993 0.999999999999996 1.0 1.0 1.0 1.0 1.0 1.0 1.0 1.0 0.17500000000000657 0.1750000000000007 1.5543122344752255e-15 0.0 0.0 0.0 0.0 
