0.9250000000000025 1.0 1.0 1.0 1.0 1.0 1.0 1.0 1.0 1.0 1.0 1.0 1.0 1.0 1.0 0.4937500000000005 0.11875000000000116 0.0 0.0 0.0 
0.9250000000000025 1.0 1.0 1.0 1.0 1.0 1.0 1.0 1.0 1.0 1.0 1.0 1.0 1.0 1.0 1.0 0.8687500000000012 0.4687500000000007 0.0 0.0 
0.9250000000000025 1.0 1.0 1.0 0.6749999999999976 0.0 0.0 0.0 0.0 0.0 0.0 0.0 0.0 0.0 0.8250000000000028 1.0 1.0 1.0 0.7749999999999986 0.0 
0.9250000000000025 1.0 1.0 1.0 0.6749999999999976 0.0 0.0 0.0 0.0 0.0 0.0 0.0 0.0 0.0 0.20624999999999852 0.756250000000001 1.0 1.0 0.7749999999999986 0.0 
0.9250000000000025 1.0 1.0 1.0 0.6749999999999976 0.0 0.0 0.0 0.0 0.0 0.0 0.0 0.0 0.0 0.0 0.6750000000000025 1.0 1.0 1.0 0.9249999999999972 
0.9250000000000025 1.0 1.0 1.0 0.6749999999999976 0.0 0.0 0.0 0.0 0.0 0.0 0.0 0.0 0.0 0.0 0.6750000000000025 1.0 1.0 1.0 0.9249999999999972 
0.9250000000000025 1.0 1.0 0.5249999999999977 0.0 0.0 0.0 0.0 0.0 0.0 0.0 0.0 0.0 0.0 0.0 0.6750000000000025 1.0 1.0 0.9437499999999992 0.6937499999999962 
0.9250000000000025 1.0 1.0 0.5249999999999977 0.0 0.0 0.0 0.0 0.0 0.0 0.0 0.0 0.0 0.0 0.0 0.6750000000000025 1.0 1.0 0.7749999999999986 0.0 
0.9250000000000025 1.0 1.0 1.0 0.7562499999999988 0.2500000000000018 0.2500000000000018 0.2500000000000018 0.2500000000000018 0.2500000000000018 0.2500000000000018 0.2500000000000018 0.2500000000000018 0.2500000000000018 0.8687500000000025 1.0 1.0 0.9062499999999989 0.5812499999999976 0.0 
0.9250000000000025 1.0 1.0 1.0 1.0 1.0 1.0 1.0 1.0 1.0 1.0 1.0 1.0 1.0 1.0 1.0 0.6062499999999975 0.15624999999999845 0.0 0.0 
0.9250000000000025 1.0 1.0 1.0 0.9187499999999988 0.7499999999999982 0.7499999999999982 0.7499999999999982 0.7499999999999982 0.8937499999999997 1.0 1.0 1.0 1.0 0.7937499999999978 0.24374999999999755 0.0 0.0 0.0 0.0 
0.9250000000000025 1.0 1.0 0.6437499999999983 0.1687499999999994 0.0 0.0 0.0 0.0 0.1437500000000005 0.5687500000000019 1.0 1.0 1.0 0.7937499999999993 0.24374999999999813 0.0 0.0 0.0 0.0 
0.9250000000000025 1.0 1.0 0.5249999999999977 0.0 0.0 0.0 0.0 0.0 0.0 0.31875000000000187 0.8187500000000005 1.0 1.0 1.0 0.3249999999999975 0.0 0.0 0.0 0.0 
0.9250000000000025 1.0 1.0 0.5249999999999977 0.0 0.0 0.0 0.0 0.0 0.0 0.0 0.27500000000000213 1.0 1.0 1.0 0.8312499999999994 0.3562499999999984 0.0 0.0 0.0 
0.9250000000000025 1.0 1.0 0.5249999999999977 0.0 0.0 0.0 0.0 0.0 0.0 0.0 0.2062500000000016 0.7812500000000004 0.9937500000000004 1.0 1.0 0.47499999999999787 0.0 0.0 0.0 
0.9250000000000025 1.0 1.0 0.5249999999999977 0.0 0.0 0.0 0.0 0.0 0.0 0.0 0.0 0.12500000000000178 0.9750000000000014 1.0 1.0 0.8687499999999995 0.46874999999999867 0.0 0.0 
0.9250000000000025 1.0 1.0 0.5249999999999977 0.0 0.0 0.0 0.0 0.0 0.0 0.0 0.0 0.09375000000000133 0.7312500000000011 0.9562500000000007 1.0 1.0 0.6249999999999982 0.0 0.0 
0.9250000000000025 1.0 1.0 0.5249999999999977 0.0 0.0 0.0 0.0 0.0 0.0 0.0 0.0 0.0 0.0 0.8250000000000028 1.0 1.0 0.6249999999999982 0.0 0.0 
0.9250000000000025 1.0 1.0 0.5249999999999977 0.0 0.0 0.0 0.0 0.0 0.0 0.0 0.0 0.0 0.0 0.8250000000000028 1.0 1.0 1.0 0.7749999999999986 0.0 
0.9250000000000025 1.0 1.0 0.5249999999999977 0.0 0.0 0.0 0.0 0.0 0.0 0.0 0.0 0.0 0.0 0.2062500000000007 0.7562500000000019 1.0 1.0 0.7749999999999986 0.0 
