0.0 0.0 0.0 0.0 0.0 0.2175000000000022 0.30000000000000426 0.7374999999999992 1.0 1.0 1.0 1.0 1.0 0.7725000000000044 0.30000000000000426 0.30000000000000426 0.24750000000000438 0.0 0.0 0.0 
0.0 0.0 0.0 0.0 0.6975000000000003 0.9725000000000008 1.0 1.0 1.0 1.0 1.0 1.0 1.0 1.0 1.0 1.0 0.982500000000001 0.7875000000000069 0.0 0.0 
0.0 0.0 0.43750000000000194 0.912499999999999 1.0 1.0 0.6624999999999992 0.499999999999996 0.2125 0.0 0.0 0.0 0.18749999999999672 0.499999999999996 0.6374999999999946 1.0 1.0 1.0 0.9250000000000043 0.0 
0.0 0.9249999999999969 1.0 1.0 1.0 0.275000000000003 0.0 0.0 0.0 0.0 0.0 0.0 0.0 0.0 0.2474999999999944 0.9224999999999967 1.0 1.0 1.0 0.9750000000000014 
0.6825000000000015 0.9774999999999994 1.0 1.0 0.45749999999999935 0.08249999999999988 0.0 0.0 0.0 0.0 0.0 0.0 0.0 0.0 0.0 0.22499999999999787 1.0 1.0 1.0 0.9750000000000014 
0.974999999999997 1.0 1.0 1.0 0.2250000000000032 0.0 0.0 0.0 0.0 0.0 0.0 0.0 0.0 0.0 0.0 0.0 0.0 0.0 0.0 0.0 
0.974999999999997 1.0 1.0 1.0 0.2250000000000032 0.0 0.0 0.0 0.0 0.0 0.0 0.0 0.0 0.0 0.0 0.0 0.0 0.0 0.0 0.0 
0.974999999999997 1.0 1.0 1.0 0.2250000000000032 0.0 0.0 0.0 0.0 0.0 0.0 0.0 0.0 0.0 0.0 0.0 0.0 0.0 0.0 0.0 
0.974999999999997 1.0 1.0 1.0 0.2250000000000032 0.0 0.0 0.0 0.0 0.0 0.0 0.0 0.0 0.0 0.0 0.0 0.0 0.0 0.0 0.0 
0.974999999999997 1.0 1.0 1.0 0.2250000000000032 0.0 0.0 0.0 0.0 0.0 0.0 0.0 0.0 0.0 0.0 0.0 0.0 0.0 0.0 0.0 
0.974999999999997 1.0 1.0 1.0 0.2250000000000032 0.0 0.0 0.0 0.0 0.0 0.0 0.0 0.0 0.0 0.0 0.0 0.0 0.0 0.0 0.0 
0.974999999999997 1.0 1.0 1.0 0.2250000000000032 0.0 0.0 0.0 0.0 0.0 0.0 0.0 0.0 0.0 0.0 0.0 0.0 0.0 0.0 0.0 
0.974999999999997 1.0 1.0 1.0 0.2250000000000032 0.0 0.0 0.0 0.0 0.0 0.0 0.0 0.0 0.0 0.0 0.0 0.0 0.0 0.0 0.0 
0.974999999999997 1.0 1.0 1.0 0.2250000000000032 0.0 0.0 0.0 0.0 0.0 0.0 0.0 0.0 0.0 0.0 0.0 0.0 0.0 0.0 0.0 
0.974999999999997 1.0 1.0 1.0 0.2250000000000032 0.0 0.0 0.0 0.0 0.0 0.0 0.0 0.0 0.0 0.1924999999999973 0.7000000000000028 0.7000000000000028 0.7000000000000028 0.6475000000000056 0.0 
0.974999999999997 1.0 1.0 1.0 0.2250000000000032 0.0 0.0 0.0 0.0 0.0 0.0 0.0 0.0 0.0 0.274999999999995 1.0 1.0 0.962500000000001 0.6475000000000023 0.0 
0.974999999999997 1.0 1.0 1.0 0.2250000000000032 0.0 0.0 0.0 0.0 0.0 0.0 0.0 0.0 0.2924999999999969 0.9275000000000011 1.0 1.0 0.8750000000000036 0.0 0.0 
0.0 0.9249999999999969 1.0 1.0 1.0 0.6375000000000041 0.5000000000000036 0.5000000000000036 0.5000000000000036 0.5000000000000036 0.5000000000000036 0.5000000000000036 0.6875000000000004 1.0 1.0 1.0 0.8250000000000028 0.0 0.0 0.0 
0.0 0.0 0.787499999999996 0.8999999999999986 0.9774999999999994 1.0 1.0 1.0 1.0 1.0 1.0 1.0 1.0 0.9675 0.6525000000000034 0.0 0.0 0.0 0.0 0.0 
0.0 0.0 0.0 0.0 0.23249999999999685 0.29999999999999716 0.29999999999999716 0.29999999999999716 0.7024999999999963 0.6325000000000021 0.29999999999999716 0.29999999999999716 0.29999999999999716 0.20249999999999935 0.0 0.0 0.0 0.0 0.0 0.0 
