0.0 0.0 0.0 0.0 0.0 0.0 0.0 0.11249999999999974 0.3374999999999976 0.5874999999999978 0.8624999999999999 1.0 1.0 1.0 1.0 1.0 1.0 0.8624999999999969 0.5874999999999948 0.3374999999999952 
0.0 0.0 0.0 0.0874999999999995 0.2624999999999975 0.512499999999998 0.8375000000000001 1.0 1.0 1.0 1.0 1.0 1.0 1.0 1.0 1.0 1.0 1.0 1.0 0.7499999999999964 
0.0 0.250000000000001 0.7500000000000011 1.0 1.0 1.0 1.0 1.0 1.0 1.0 1.0 1.0 1.0 1.0 1.0 1.0 1.0 1.0 1.0 0.7499999999999964 
0.7500000000000009 1.0 1.0 1.0 1.0 1.0 1.0 1.0 1.0 1.0 1.0 1.0 1.0 1.0 1.0 1.0 1.0 1.0 1.0 0.7499999999999964 
0.7500000000000009 1.0 1.0 0.9875000000000006 0.962500000000002 0.9500000000000028 0.9500000000000028 0.9500000000000028 0.9500000000000028 0.9625000000000022 0.9875000000000008 1.0 1.0 1.0 1.0 1.0 1.0 1.0 1.0 0.7499999999999964 
0.7500000000000009 0.7625000000000001 0.28750000000000214 0.03750000000000313 0.012500000000001 0.0 0.0 0.0 0.0 0.2500000000000018 0.7500000000000018 1.0 1.0 1.0 1.0 1.0 1.0 1.0 1.0 0.7499999999999964 
0.0 0.0 0.0 0.0 0.0 0.0 0.0 0.0 0.0 0.2500000000000018 0.7500000000000018 1.0 1.0 1.0 1.0 1.0 1.0 1.0 1.0 0.7499999999999964 
0.0 0.0 0.0 0.0 0.0 0.0 0.0 0.0 0.0 0.2500000000000018 0.7500000000000018 1.0 1.0 1.0 1.0 1.0 1.0 1.0 1.0 0.7499999999999964 
0.0 0.0 0.0 0.0 0.0 0.0 0.0 0.0 0.0 0.2500000000000018 0.7500000000000018 1.0 1.0 1.0 1.0 1.0 1.0 1.0 1.0 0.7499999999999964 
0.0 0.0 0.0 0.0 0.0 0.0 0.0 0.0 0.0 0.2500000000000018 0.7500000000000018 1.0 1.0 1.0 1.0 1.0 1.0 1.0 1.0 0.7499999999999964 
0.0 0.0 0.0 0.0 0.0 0.0 0.0 0.0 0.0 0.2500000000000018 0.7500000000000018 1.0 1.0 1.0 1.0 1.0 1.0 1.0 1.0 0.7499999999999964 
0.0 0.0 0.0 0.0 0.0 0.0 0.0 0.0 0.0 0.2500000000000018 0.7500000000000018 1.0 1.0 1.0 1.0 1.0 1.0 1.0 1.0 0.7499999999999964 
0.0 0.0 0.0 0.0 0.0 0.0 0.0 0.0 0.0 0.2500000000000018 0.7500000000000018 1.0 1.0 1.0 1.0 1.0 1.0 1.0 1.0 0.7499999999999964 
0.0 0.0 0.0 0.0 0.0 0.0 0.0 0.0 0.0 0.2500000000000018 0.7500000000000018 1.0 1.0 1.0 1.0 1.0 1.0 1.0 1.0 0.7499999999999964 
0.0 0.0 0.0 0.0 0.0 0.0 0.0 0.0 0.0 0.2500000000000018 0.7500000000000018 1.0 1.0 1.0 1.0 1.0 1.0 1.0 1.0 0.7499999999999964 
0.0 0.0 0.0 0.0 0.0 0.0 0.0 0.0 0.0 0.2500000000000018 0.7500000000000018 1.0 1.0 1.0 1.0 1.0 1.0 1.0 1.0 0.7499999999999964 
0.0 0.0 0.0 0.0 0.0 0.0 0.0 0.0 0.0 0.2500000000000018 0.7500000000000018 1.0 1.0 1.0 1.0 1.0 1.0 1.0 1.0 0.7499999999999964 
0.0 0.0 0.0 0.0 0.0 0.0 0.0 0.0 0.0 0.2500000000000018 0.7500000000000018 1.0 1.0 1.0 1.0 1.0 1.0 1.0 1.0 0.7499999999999964 
0.0 0.0 0.0 0.0 0.0 0.0 0.0 0.0 0.0 0.1625000000000008 0.4875000000000001 0.7374999999999996 0.9125000000000005 1.0 1.0 1.0 1.0 1.0 1.0 0.7499999999999964 
0.0 0.0 0.0 0.0 0.0 0.0 0.0 0.0 0.0 0.13750000000000026 0.41249999999999887 0.6624999999999986 0.8875000000000005 1.0 1.0 1.0 1.0 1.0 1.0 0.7499999999999964 
