0.0 0.0 0.0 0.0 0.0 0.0 0.0 0.0 0.08937500000000285 0.32500000000000995 0.7131250000000038 1.0 1.0 1.0 1.0 1.0 0.6793750000000062 0.32500000000000995 0.0731250000000027 0.0 
0.0 0.0 0.0 0.0 0.0 0.0 0.0 0.9750000000000096 0.981875000000007 1.0 1.0 1.0 1.0 1.0 1.0 1.0 1.0 1.0 0.9806250000000075 0.07312500000000349 
0.0 0.0 0.0 0.0 0.0 0.0 0.9750000000000014 1.0 1.0 1.0 1.0 0.5468749999999934 0.3749999999999907 0.39062499999999 1.0 1.0 1.0 1.0 1.0 0.6531250000000097 
0.0 0.0 0.0 0.0 0.6750000000000016 1.0 1.0 1.0 0.9243749999999974 0.41687499999999417 0.0 0.0 0.0 0.0 0.12687499999999632 0.8143749999999936 1.0 1.0 1.0 1.0 
0.0 0.0 0.0 0.4856250000000065 0.975625000000003 1.0 1.0 0.8843749999999989 0.054374999999993665 0.0 0.0 0.0 0.0 0.0 0.0 0.3249999999999993 1.0 1.0 1.0 1.0 
0.0 0.0 0.0 0.2231249999999966 0.42499999999999183 0.42499999999999183 0.42499999999999183 0.37187499999999285 0.0 0.0 0.0 0.0 0.0 0.0 0.0 0.3249999999999993 1.0 1.0 1.0 0.07500000000000284 
0.0 0.0 0.0 0.0 0.0 0.0 0.0 0.0 0.0 0.0 0.0 0.0 0.0 0.005624999999999893 0.36062500000000486 1.0 1.0 1.0 0.8256249999999937 0.058125000000001564 
0.0 0.0 0.0 0.0 0.0 0.0 0.0 0.0 0.0 0.0 0.0 0.0 0.0 0.8781250000000067 1.0 1.0 1.0 1.0 0.22500000000000142 0.0 
0.0 0.0 0.0 0.0 0.0 0.0 0.0 0.0 0.0 0.22312500000000354 0.7981250000000029 1.0 1.0 1.0 1.0 1.0 0.7506249999999977 0.1781249999999989 0.0 0.0 
0.0 0.0 0.0 0.0 0.0 0.0 0.0 0.0 0.27500000000000036 1.0 1.0 1.0 1.0 1.0 1.0 1.0 0.5250000000000021 0.0 0.0 0.0 
0.0 0.0 0.0 0.0 0.0 0.0 0.0 0.0 0.27500000000000036 1.0 1.0 1.0 1.0 1.0 1.0 1.0 0.5250000000000021 0.0 0.0 0.0 
0.0 0.0 0.0 0.0 0.0 0.0 0.0 0.0 0.0 0.0 0.0 0.0 0.45937499999999565 1.0 1.0 1.0 1.0 0.37500000000000355 0.0 0.0 
0.0 0.0 0.0 0.0 0.0 0.0 0.0 0.0 0.0 0.0 0.0 0.0 0.0 1.0 1.0 1.0 0.9406249999999969 0.32812500000000044 0.0 0.9249999999999972 
0.0 0.0 0.0 0.0 0.0 0.0 0.0 0.0 0.0 0.0 0.0 0.0 0.0 1.0 1.0 1.0 0.5250000000000021 0.0 0.0 0.9249999999999972 
1.0 1.0 1.0 1.0 0.3249999999999984 0.0 0.0 0.0 0.0 0.0 0.0 0.0 0.875 1.0 1.0 1.0 0.5250000000000021 0.0 0.0 0.5318749999999944 
1.0 1.0 1.0 1.0 0.3249999999999984 0.0 0.0 0.0 0.0 0.0 0.0 0.05437500000000461 0.8843750000000008 1.0 1.0 0.6750000000000007 0.0 0.0 0.0 0.0 
1.0 1.0 1.0 1.0 0.3249999999999984 0.0 0.0 0.0 0.0 0.0 0.4168750000000023 0.9243750000000013 1.0 1.0 0.8731250000000012 0.18562499999999685 0.0 0.0 0.0 0.0 
0.6531249999999977 1.0 1.0 1.0 1.0 1.0 1.0 0.4531250000000031 1.0 1.0 1.0 1.0 1.0 0.9906250000000004 0.5156249999999989 0.0 0.0 0.0 0.0 0.0 
0.07312500000000234 0.9749999999999943 0.9843749999999964 1.0 1.0 1.0 1.0 1.0 1.0 1.0 1.0 0.9818749999999958 0.12187499999999929 0.0 0.0 0.0 0.0 0.0 0.0 0.0 
0.0 0.0 0.12187499999999912 0.32499999999999574 0.7806249999999997 1.0 1.0 1.0 0.8143749999999985 0.32499999999999574 0.32499999999999574 0.08937499999999894 0.0 0.0 0.0 0.0 0.0 0.0 0.0 0.0 
