0.950000000000002 1.0 0.5124999999999915 0.12249999999999586 0.0 0.0 0.0 0.0 0.0 0.0 0.0 0.0 0.0 0.0 0.0 0.0 0.12249999999999851 0.5124999999999977 0.902499999999995 0.33249999999998847 
0.950000000000002 1.0 1.0 0.3499999999999974 0.0 0.0 0.0 0.0 0.0 0.0 0.0 0.0 0.0 0.0 0.0 0.4500000000000064 1.0 1.0 0.8499999999999943 0.0 
0.950000000000002 1.0 1.0 0.3499999999999974 0.0 0.0 0.0 0.0 0.0 0.0 0.0 0.0 0.0 0.0 0.0 0.4500000000000064 1.0 1.0 0.8499999999999943 0.0 
0.0 0.8500000000000022 1.0 1.0 0.44999999999999707 0.0 0.0 0.0 0.0 0.0 0.0 0.0 0.0 0.0 0.0 0.4500000000000064 1.0 1.0 0.8499999999999943 0.0 
0.0 0.8500000000000021 1.0 1.0 0.44999999999999707 0.0 0.0 0.0 0.0 0.0 0.0 0.0 0.0 0.0 0.5500000000000043 1.0 1.0 0.7499999999999929 0.0 0.0 
0.0 0.8500000000000022 1.0 1.0 0.44999999999999707 0.0 0.0 0.0 0.0 0.0 0.0 0.0 0.0 0.0 0.5500000000000043 1.0 1.0 0.7499999999999929 0.0 0.0 
0.0 0.0 0.7500000000000024 1.0 1.0 0.5499999999999972 0.0 0.0 0.0 0.0 0.0 0.0 0.0 0.35750000000000015 0.7974999999999999 1.0 0.8074999999999989 0.33750000000000024 0.0 0.0 
0.0 0.0 0.7500000000000024 1.0 1.0 0.5499999999999972 0.0 0.0 0.0 0.0 0.0 0.0 0.0 0.6500000000000057 1.0 1.0 0.649999999999995 0.0 0.0 0.0 
0.0 0.0 0.03750000000000199 0.6675000000000033 1.0 0.5499999999999972 0.0 0.0 0.0 0.0 0.0 0.0 0.0 0.6500000000000057 1.0 1.0 0.649999999999995 0.0 0.0 0.0 
0.0 0.0 0.0 0.6500000000000026 1.0 1.0 0.6499999999999968 0.0 0.0 0.0 0.0 0.0 0.48750000000000127 0.8775000000000015 1.0 0.5499999999999936 0.0 0.0 0.0 0.0 
0.0 0.0 0.0 0.6500000000000026 1.0 1.0 0.6499999999999968 0.0 0.0 0.0 0.0 0.0 0.7500000000000036 1.0 1.0 0.5499999999999936 0.0 0.0 0.0 0.0 
0.0 0.0 0.0 0.0 0.5500000000000029 1.0 0.6674999999999972 0.03750000000000035 0.0 0.0 0.0 0.04250000000000085 0.7625000000000035 1.0 0.44999999999999574 0.0 0.0 0.0 0.0 0.0 
0.0 0.0 0.0 0.0 0.5500000000000029 1.0 1.0 0.7499999999999964 0.0 0.0 0.0 0.850000000000005 1.0 1.0 0.44999999999999574 0.0 0.0 0.0 0.0 0.0 
0.0 0.0 0.0 0.0 0.5500000000000029 1.0 1.0 1.0 0.9174999999999982 0.47750000000000503 0.9725000000000017 1.0 1.0 1.0 0.44999999999999574 0.0 0.0 0.0 0.0 0.0 
0.0 0.0 0.0 0.0 0.0 0.45000000000000284 1.0 1.0 1.0 1.0 1.0 1.0 1.0 0.3499999999999943 0.0 0.0 0.0 0.0 0.0 0.0 
0.0 0.0 0.0 0.0 0.0 0.45000000000000284 1.0 1.0 1.0 1.0 1.0 1.0 1.0 0.3499999999999943 0.0 0.0 0.0 0.0 0.0 0.0 
0.0 0.0 0.0 0.0 0.0 0.45000000000000284 1.0 1.0 1.0 1.0 1.0 1.0 1.0 0.3499999999999943 0.0 0.0 0.0 0.0 0.0 0.0 
0.0 0.0 0.0 0.0 0.0 0.0 0.3500000000000032 1.0 1.0 1.0 1.0 1.0 0.24999999999999645 0.0 0.0 0.0 0.0 0.0 0.0 0.0 
0.0 0.0 0.0 0.0 0.0 0.0 0.3500000000000032 1.0 1.0 1.0 1.0 1.0 0.24999999999999645 0.0 0.0 0.0 0.0 0.0 0.0 0.0 
0.0 0.0 0.0 0.0 0.0 0.0 0.12249999999999912 0.3499999999999943 0.4474999999999977 1.0 1.0 0.4474999999999919 0.08749999999999733 0.0 0.0 0.0 0.0 0.0 0.0 0.0 
