0.0 0.8499999999999992 1.0 1.0 1.0 1.0 1.0 1.0 1.0 1.0 1.0 1.0 1.0 1.0 1.0 1.0 1.0 1.0 1.0 0.9500000000000028 
0.0 0.8499999999999992 1.0 1.0 1.0 1.0 1.0 1.0 1.0 1.0 1.0 1.0 1.0 1.0 1.0 1.0 1.0 1.0 1.0 0.9500000000000028 
0.0 0.8499999999999992 1.0 1.0 1.0 0.8312500000000007 0.6250000000000009 0.4687500000000018 0.0 0.0 0.0 0.0 0.0 0.0 0.0 0.0 0.0 0.0 0.0 0.0 
0.0 0.8499999999999992 1.0 1.0 1.0 0.5500000000000007 0.0 0.0 0.0 0.0 0.0 0.0 0.0 0.0 0.0 0.0 0.0 0.0 0.0 0.0 
0.0 0.8499999999999992 1.0 1.0 1.0 0.5500000000000007 0.0 0.0 0.0 0.0 0.0 0.0 0.0 0.0 0.0 0.0 0.0 0.0 0.0 0.0 
0.0 0.8499999999999992 1.0 1.0 1.0 0.5500000000000007 0.0 0.0 0.0 0.0 0.0 0.0 0.0 0.0 0.0 0.0 0.0 0.0 0.0 0.0 
0.0 0.8499999999999992 1.0 1.0 1.0 0.5500000000000007 0.0 0.1437499999999988 0.5749999999999993 0.5749999999999993 0.5749999999999993 0.5749999999999993 0.5749999999999993 0.5749999999999993 0.2587500000000013 0.0 0.0 0.0 0.0 0.0 
0.0 0.8499999999999992 1.0 1.0 1.0 1.0 1.0 1.0 1.0 1.0 1.0 1.0 1.0 1.0 1.0 0.6062500000000022 0.125 0.09375000000000022 0.0 0.0 
0.0 0.8499999999999992 1.0 1.0 1.0 1.0 0.7637500000000006 0.3249999999999993 0.3249999999999993 0.3249999999999993 0.3249999999999993 0.3249999999999993 0.3249999999999993 0.7637499999999988 1.0 1.0 1.0 0.9187500000000007 0.5737500000000015 0.0 
0.0 0.6587499999999982 0.7749999999999986 0.7749999999999986 0.7749999999999986 0.4262499999999998 0.0 0.0 0.0 0.0 0.0 0.0 0.0 0.0 0.426249999999997 0.8762499999999986 1.0 1.0 0.8837500000000014 0.213750000000002 
0.0 0.0 0.0 0.0 0.0 0.0 0.0 0.0 0.0 0.0 0.0 0.0 0.0 0.0 0.0 0.4499999999999975 1.0 1.0 1.0 0.9500000000000028 
0.0 0.0 0.0 0.0 0.0 0.0 0.0 0.0 0.0 0.0 0.0 0.0 0.0 0.0 0.0 0.4499999999999975 1.0 1.0 1.0 0.9500000000000028 
0.0 0.0 0.0 0.0 0.0 0.0 0.0 0.0 0.0 0.0 0.0 0.0 0.0 0.0 0.0 0.4499999999999975 1.0 1.0 1.0 0.9500000000000028 
0.0 0.0 0.0 0.0 0.0 0.0 0.0 0.0 0.0 0.0 0.0 0.0 0.0 0.0 0.0 0.4499999999999975 1.0 1.0 1.0 0.9500000000000028 
0.0 0.0 0.0 0.0 0.0 0.0 0.0 0.0 0.0 0.0 0.0 0.0 0.0 0.0 0.0 0.4499999999999975 1.0 1.0 1.0 0.9500000000000028 
0.9499999999999993 1.0 1.0 0.6912500000000019 0.23625000000000151 0.0 0.0 0.0 0.0 0.0 0.0 0.0 0.0 0.0 0.0 0.4499999999999975 1.0 1.0 0.9212500000000003 0.4512499999999993 
0.9499999999999993 1.0 1.0 1.0 0.45000000000000107 0.0 0.0 0.0 0.0 0.0 0.0 0.0 0.0 0.0 0.04125000000000135 0.49124999999999924 1.0 1.0 0.8500000000000014 0.0 
0.35624999999999635 0.906249999999999 1.0 1.0 0.7937500000000024 0.3437500000000024 0.0 0.0 0.0 0.0 0.0 0.0 0.0 0.40625000000000144 0.8312500000000005 1.0 1.0 0.8437500000000002 0.31874999999999754 0.0 
0.0 0.0 0.7499999999999991 1.0 1.0 1.0 1.0 1.0 0.8762500000000019 0.21625000000000316 0.9587499999999997 1.0 1.0 1.0 1.0 0.9212499999999986 0.536249999999999 0.0 0.0 0.0 
0.0 0.0 0.20624999999999602 0.274999999999995 0.274999999999995 0.6012499999999967 1.0 1.0 1.0 1.0 1.0 1.0 1.0 0.5287499999999978 0.274999999999995 0.15124999999999794 0.0 0.0 0.0 0.0 
