1.0 1.0 0.7124999999999986 0.12749999999999906 0.0 0.0 0.0 0.0 0.0 0.0 0.0 0.0 0.0 0.0 0.0 0.04250000000000032 0.5975000000000005 1.0 1.0 0.09999999999999432 
1.0 1.0 1.0 0.4924999999999983 0.02749999999999967 0.0 0.0 0.0 0.0 0.0 0.0 0.0 0.0 0.0 0.0 0.3474999999999989 1.0 1.0 1.0 0.09999999999999432 
1.0 1.0 1.0 1.0 0.21249999999999808 0.0 0.0 0.0 0.0 0.0 0.0 0.0 0.0 0.0 0.0 1.0 1.0 1.0 1.0 0.09999999999999432 
1.0 1.0 1.0 1.0 1.0 0.0 0.0 0.0 0.0 0.0 0.0 0.0 0.0 0.0 0.8775000000000044 1.0 1.0 1.0 1.0 0.09999999999999432 
1.0 1.0 1.0 1.0 1.0 0.8999999999999995 0.0 0.0 0.0 0.0 0.0 0.0 0.0 0.5775000000000003 0.9825000000000009 1.0 1.0 1.0 1.0 0.09999999999999432 
1.0 1.0 1.0 1.0 1.0 0.9674999999999999 0.47250000000000003 0.0 0.0 0.0 0.0 0.0 0.0 0.7000000000000011 1.0 1.0 1.0 1.0 1.0 0.09999999999999432 
1.0 1.0 1.0 1.0 1.0 1.0 0.8574999999999997 0.26249999999999923 0.0 0.0 0.0 0.0 0.5000000000000018 1.0 1.0 1.0 1.0 1.0 1.0 0.09999999999999432 
1.0 1.0 1.0 1.0 1.0 1.0 1.0 0.6874999999999989 0.1124999999999996 0.0 0.0 0.3000000000000025 1.0 1.0 1.0 1.0 1.0 1.0 1.0 0.09999999999999432 
1.0 1.0 1.0 1.0 0.7974999999999987 0.7749999999999986 0.8424999999999991 1.0 1.0 0.302500000000001 0.3025000000000024 1.0 1.0 0.8424999999999988 0.7749999999999986 0.797499999999999 1.0 1.0 1.0 0.09999999999999432 
1.0 1.0 1.0 1.0 0.09999999999999964 0.0 0.0 0.5000000000000018 1.0 1.0 1.0 0.9774999999999989 0.4624999999999969 0.0 0.0 0.10000000000000142 1.0 1.0 1.0 0.09999999999999432 
1.0 1.0 1.0 1.0 0.09999999999999964 0.0 0.0 0.037499999999998 0.7224999999999997 1.0 1.0 0.6999999999999975 0.0 0.0 0.0 0.10000000000000142 1.0 1.0 1.0 0.09999999999999432 
1.0 1.0 1.0 1.0 0.09999999999999964 0.0 0.0 0.0 0.7000000000000011 1.0 1.0 0.6999999999999975 0.0 0.0 0.0 0.10000000000000142 1.0 1.0 1.0 0.09999999999999432 
0.43749999999999656 1.0 1.0 1.0 0.09999999999999964 0.0 0.0 0.0 0.0 0.9000000000000004 0.8999999999999986 0.0 0.0 0.0 0.0 0.10000000000000142 1.0 1.0 1.0 0.09999999999999432 
0.09999999999999964 1.0 1.0 1.0 0.09999999999999964 0.0 0.0 0.0 0.0 0.0 0.47249999999999476 0.0 0.0 0.0 0.0 0.10000000000000142 1.0 1.0 1.0 0.5275000000000015 
0.09999999999999964 1.0 1.0 1.0 0.09999999999999964 0.0 0.0 0.0 0.0 0.0 0.0 0.0 0.0 0.0 0.0 0.10000000000000142 1.0 1.0 1.0 1.0 
0.09999999999999964 1.0 1.0 1.0 0.09999999999999964 0.0 0.0 0.0 0.0 0.0 0.0 0.0 0.0 0.0 0.0 0.0 0.30000000000000426 1.0 1.0 1.0 
0.09999999999999964 1.0 1.0 1.0 0.09999999999999964 0.0 0.0 0.0 0.0 0.0 0.0 0.0 0.0 0.0 0.0 0.0 0.30000000000000426 1.0 1.0 1.0 
0.09999999999999964 1.0 1.0 1.0 0.09999999999999964 0.0 0.0 0.0 0.0 0.0 0.0 0.0 0.0 0.0 0.0 0.0 0.30000000000000426 1.0 1.0 1.0 
0.09999999999999964 1.0 1.0 1.0 0.09999999999999964 0.0 0.0 0.0 0.0 0.0 0.0 0.0 0.0 0.0 0.0 0.0 0.30000000000000426 1.0 1.0 1.0 
0.09999999999999964 1.0 1.0 1.0 0.09999999999999964 0.0 0.0 0.0 0.0 0.0 0.0 0.0 0.0 0.0 0.0 0.0 0.30000000000000426 1.0 1.0 1.0 
