0.0 0.06750000000000202 0.587500000000006 1.0 0.7525000000000017 0.4500000000000064 0.4500000000000064 0.4500000000000064 0.4500000000000064 0.4500000000000064 0.4500000000000064 0.4500000000000064 0.4500000000000064 0.4500000000000064 0.4500000000000064 0.4500000000000064 0.4500000000000064 0.4500000000000064 0.4500000000000064 0.4500000000000064 
0.0 0.15000000000000235 1.0 1.0 1.0 1.0 1.0 1.0 1.0 1.0 1.0 1.0 1.0 1.0 1.0 1.0 1.0 1.0 1.0 1.0 
0.0 0.1125000000000007 0.7499999999999929 0.7499999999999929 0.7499999999999929 0.7499999999999929 0.2624999999999959 0.0 0.0 0.0 0.0 0.0 0.0 0.0 0.3374999999999976 0.8874999999999961 1.0 1.0 1.0 1.0 
0.0 0.0 0.0 0.0 0.0 0.0 0.0 0.0 0.0 0.0 0.0 0.0 0.0 0.0 0.0 0.5499999999999972 1.0 1.0 1.0 0.8574999999999925 
0.0 0.0 0.0 0.0 0.0 0.0 0.0 0.0 0.0 0.0 0.0 0.0 0.0 0.017500000000002805 0.4775000000000053 1.0 1.0 0.9624999999999941 0.1424999999999975 0.0 
0.0 0.0 0.0 0.0 0.0 0.0 0.0 0.0 0.0 0.0 0.0 0.14250000000000157 0.9500000000000082 0.9675000000000054 1.0 1.0 0.38249999999999607 0.012499999999997957 0.0 0.0 
0.0 0.0 0.0 0.0 0.0 0.0 0.0 0.0 0.0 0.0 0.8575000000000083 1.0 1.0 1.0 0.6174999999999953 0.06749999999999659 0.0 0.0 0.0 0.0 
0.0 0.0 0.0 0.0 0.0 0.0 0.0 0.0 0.6375000000000086 0.9875000000000007 1.0 1.0 0.8124999999999964 0.16249999999999387 0.0 0.0 0.0 0.0 0.0 0.0 
0.0 0.0 0.0 0.0 0.0 0.0 0.42250000000000737 0.912500000000003 1.0 1.0 1.0 1.0 0.7499999999999982 0.0 0.0 0.0 0.0 0.0 0.0 0.0 
0.0 0.0 0.0 0.0 0.0 0.0 0.6500000000000021 1.0 1.0 1.0 1.0 1.0 1.0 0.842500000000002 0.3025000000000037 0.0 0.0 0.0 0.0 0.0 
0.0 0.0 0.0 0.0 0.0 0.0 0.3574999999999947 0.54999999999999 0.54999999999999 0.54999999999999 0.0 0.0824999999999987 0.54999999999999 0.54999999999999 0.7524999999999951 1.0 1.0 1.0 0.5325000000000076 0.02249999999999922 
0.0 0.0 0.0 0.0 0.0 0.0 0.0 0.0 0.0 0.0 0.0 0.0 0.0 0.0 0.0 0.3574999999999915 0.8774999999999953 1.0 1.0 0.3825000000000096 
0.0 0.0 0.0 0.0 0.0 0.0 0.0 0.0 0.0 0.0 0.0 0.0 0.0 0.0 0.0 0.0 0.6499999999999986 1.0 1.0 1.0 
0.0 0.0 0.0 0.0 0.0 0.0 0.0 0.0 0.0 0.0 0.0 0.0 0.0 0.0 0.0 0.0 0.6499999999999986 1.0 1.0 0.8574999999999908 
1.0 1.0 1.0 1.0 0.549999999999998 0.0 0.0 0.0 0.0 0.0 0.0 0.0 0.0 0.0 0.0 0.0 0.6499999999999986 1.0 1.0 0.04999999999999716 
1.0 1.0 1.0 1.0 0.549999999999998 0.0 0.0 0.0 0.0 0.0 0.0 0.0 0.0 0.0 0.0 0.5225000000000047 0.9825000000000047 1.0 1.0 0.04999999999999716 
1.0 1.0 1.0 1.0 1.0 0.4499999999999984 0.0 0.0 0.0 0.0 0.0 0.0 0.0 0.2975000000000054 0.9175000000000069 1.0 1.0 1.0 0.27749999999998853 0.007499999999998969 
0.2874999999999884 1.0 1.0 1.0 1.0 1.0 1.0 1.0 0.7875000000000117 0.7500000000000142 0.7500000000000142 0.7875000000000122 1.0 1.0 1.0 1.0 1.0 0.43749999999998934 0.037499999999997514 0.0 
0.017500000000000585 0.4474999999999967 1.0 1.0 1.0 1.0 1.0 1.0 1.0 1.0 1.0 1.0 1.0 1.0 1.0 0.6424999999999987 0.12249999999999851 0.0 0.0 0.0 
0.0 0.0 0.11249999999999816 0.44999999999998863 0.44999999999998863 0.44999999999998863 0.8074999999999972 1.0 1.0 1.0 0.972499999999999 0.44999999999998863 0.44999999999998863 0.292499999999992 0.0 0.0 0.0 0.0 0.0 0.0 
