0.031874999999999265 0.5543750000000016 1.0 1.0 1.0 1.0 1.0 1.0 1.0 1.0 1.0 1.0 1.0 1.0 1.0 1.0 1.0 1.0 1.0 0.4681250000000097 
1.0 1.0 1.0 1.0 1.0 1.0 1.0 1.0 1.0 1.0 1.0 1.0 1.0 1.0 1.0 1.0 1.0 1.0 1.0 1.0 
1.0 1.0 1.0 1.0 1.0 0.8968749999999962 0.8749999999999947 0.8749999999999947 0.8749999999999947 0.8749999999999947 0.8749999999999947 0.8749999999999947 0.9843749999999982 1.0 1.0 1.0 1.0 1.0 1.0 1.0 
1.0 1.0 1.0 1.0 1.0 0.17500000000000515 0.0 0.0 0.0 0.0 0.0 0.0 0.021874999999995426 1.0 1.0 1.0 1.0 1.0 1.0 0.0981250000000051 
1.0 1.0 1.0 1.0 1.0 0.17500000000000515 0.0 0.0 0.0 0.0 0.0 0.0 0.0 1.0 1.0 1.0 1.0 1.0 0.36062500000000863 0.013125000000001328 
0.32499999999999396 0.32499999999999396 0.32499999999999396 0.32499999999999396 0.32499999999999396 0.05687500000000062 0.0 0.0 0.0 0.0 0.0 0.0 0.8749999999999911 1.0 1.0 1.0 1.0 0.5781250000000058 0.07312500000000371 0.0 
0.0 0.0 0.0 0.0 0.0 0.0 0.0 0.0 0.0 0.0 0.30187499999999917 0.869374999999998 1.0 1.0 1.0 1.0 0.7506250000000041 0.1781250000000046 0.0 0.0 
0.0 0.0 0.0 0.0 0.0 0.0 0.0 0.0 0.0 0.0 0.5749999999999922 1.0 1.0 1.0 1.0 0.8781250000000019 0.3281250000000043 0.0 0.0 0.0 
0.0 0.0 0.0 0.0 0.0 0.0 0.0 0.0 0.0 0.42499999999999183 1.0 1.0 1.0 1.0 0.82500000000001 0.0 0.0 0.0 0.0 0.0 
0.0 0.0 0.0 0.0 0.0 0.0 0.0 0.0093750000000004 0.3293749999999984 1.0 1.0 1.0 1.0 0.9750000000000103 0.0 0.0 0.0 0.0 0.0 0.0 
0.0 0.0 0.0 0.0 0.0 0.0 0.0 0.12499999999999467 1.0 1.0 1.0 1.0 1.0 0.07312499999999315 0.0 0.0 0.0 0.0 0.0 0.0 
0.0 0.0 0.0 0.0 0.0 0.0 0.0 1.0 1.0 1.0 1.0 1.0 0.3218749999999988 0.0 0.0 0.0 0.0 0.0 0.0 0.0 
0.0 0.0 0.0 0.0 0.0 0.0 0.9749999999999943 1.0 1.0 1.0 1.0 0.27500000000000746 0.0 0.0 0.0 0.0 0.0 0.0 0.0 0.0 
0.0 0.0 0.0 0.0 0.32062500000000355 0.9081249999999987 1.0 1.0 1.0 1.0 0.4250000000000078 0.0 0.0 0.0 0.0 0.0 0.0 0.0 0.0 0.0 
0.0 0.0 0.0 0.0 0.6749999999999954 1.0 1.0 1.0 1.0 0.5750000000000082 0.0 0.0 0.0 0.0 0.0 0.0 0.0 0.0 0.0 0.0 
0.0 0.0 0.0 0.0 0.6749999999999954 1.0 1.0 1.0 0.7250000000000068 0.0 0.0 0.0 0.0 0.0 0.0 0.0 0.0 0.0 0.0 0.0 
0.0 0.0 0.0 0.5249999999999959 1.0 1.0 1.0 1.0 0.7250000000000068 0.0 0.0 0.0 0.0 0.0 0.0 0.0 0.0 0.0 0.0 0.0 
0.0 0.0 0.0 0.5249999999999959 1.0 1.0 1.0 1.0 0.7250000000000068 0.0 0.0 0.0 0.0 0.0 0.0 0.0 0.0 0.0 0.0 0.0 
0.0 0.0 0.0 0.5249999999999959 1.0 1.0 1.0 1.0 0.7250000000000068 0.0 0.0 0.0 0.0 0.0 0.0 0.0 0.0 0.0 0.0 0.0 
0.0 0.0 0.0 0.5249999999999959 1.0 1.0 1.0 1.0 0.7250000000000068 0.0 0.0 0.0 0.0 0.0 0.0 0.0 0.0 0.0 0.0 0.0 
