1.0 1.0 1.0 1.0 1.0 1.0 1.0 1.0 1.0 1.0 1.0 1.0 1.0 1.0 1.0 1.0 1.0 1.0 1.0 1.0 
1.0 1.0 1.0 1.0 1.0 1.0 1.0 1.0 1.0 1.0 1.0 1.0 1.0 1.0 1.0 1.0 1.0 1.0 1.0 1.0 
1.0 1.0 1.0 1.0 0.9437500000000009 0.875 0.30625000000000746 0.0 0.0 0.8312499999999916 0.0 0.13124999999999098 0.875 0.9187499999999984 1.0 1.0 1.0 1.0 1.0 1.0 
1.0 1.0 1.0 1.0 0.5500000000000069 0.0 0.0 0.0 0.0 0.0 0.0 0.0 0.0 0.3499999999999872 1.0 1.0 1.0 1.0 1.0 1.0 
1.0 1.0 1.0 1.0 0.5500000000000069 0.0 0.0 0.0 0.0 0.0 0.0 0.0 0.20624999999998977 0.8862499999999979 1.0 1.0 1.0 1.0 1.0 0.21625000000001507 
0.016249999999998464 0.3249999999999993 0.3249999999999993 0.3249999999999993 0.17875000000000185 0.0 0.0 0.0 0.0 0.0 0.0 0.10124999999999315 0.7562499999999965 1.0 1.0 1.0 1.0 1.0 0.1500000000000128 0.0 
0.0 0.0 0.0 0.0 0.0 0.0 0.0 0.0 0.0 0.0 0.026249999999994795 0.5962499999999954 1.0 1.0 1.0 1.0 1.0 0.2500000000000142 0.0 0.0 
0.0 0.0 0.0 0.0 0.0 0.0 0.0 0.0 0.0 0.0 0.4062499999999938 1.0 1.0 1.0 1.0 1.0 0.35000000000001563 0.0 0.0 0.0 
0.0 0.0 0.0 0.0 0.0 0.0 0.0 0.0 0.0 0.2137499999999975 1.0 1.0 1.0 1.0 0.8987500000000032 0.3487500000000079 0.0 0.0 0.0 0.0 
0.0 0.0 0.0 0.0 0.0 0.0 0.0 0.0 0.0637499999999987 0.9537499999999911 1.0 1.0 1.0 0.9737500000000012 0.5087500000000126 0.0 0.0 0.0 0.0 0.0 
0.0 0.0 0.0 0.0 0.0 0.0 0.0 0.0 0.8499999999999908 1.0 1.0 1.0 1.0 0.6500000000000128 0.0 0.0 0.0 0.0 0.0 0.0 
0.0 0.0 0.0 0.0 0.0 0.0 0.5037499999999925 0.9437499999999976 1.0 1.0 1.0 1.0 0.7500000000000124 0.0 0.0 0.0 0.0 0.0 0.0 0.0 
0.0 0.0 0.0 0.0 0.0 0.34374999999999545 0.8687499999999968 1.0 1.0 1.0 1.0 0.8500000000000103 0.0 0.0 0.0 0.0 0.0 0.0 0.0 0.0 
0.0 0.0 0.0 0.0 0.21374999999999575 0.7637499999999953 1.0 1.0 1.0 1.0 0.49875000000000724 0.0 0.0 0.0 0.0 0.0 0.0 0.0 0.0 0.0 
0.0 0.0 0.0 0.0 0.44999999999999307 1.0 1.0 1.0 1.0 0.6912500000000038 0.0 0.0 0.0 0.0 0.0 0.0 0.0 0.0 0.0 0.0 
0.0 0.0 0.0 0.0 0.44999999999999307 1.0 1.0 1.0 1.0 0.05000000000000959 0.0 0.0 0.0 0.0 0.0 0.0 0.0 0.0 0.0 0.0 
0.0 0.0 0.0 0.0 0.44999999999999307 1.0 1.0 1.0 1.0 0.05000000000000959 0.0 0.0 0.0 0.0 0.0 0.0 0.0 0.0 0.0 0.0 
0.0 0.0 0.0 0.0 0.44999999999999307 1.0 1.0 1.0 1.0 0.05000000000000959 0.0 0.0 0.0 0.0 0.0 0.0 0.0 0.0 0.0 0.0 
0.0 0.0 0.0 0.0 0.44999999999999307 1.0 1.0 1.0 1.0 0.05000000000000959 0.0 0.0 0.0 0.0 0.0 0.0 0.0 0.0 0.0 0.0 
0.0 0.0 0.0 0.0 0.44999999999999307 1.0 1.0 1.0 1.0 0.05000000000000959 0.0 0.0 0.0 0.0 0.0 0.0 0.0 0.0 0.0 0.0 
