0.0 0.09562499999999968 0.6406250000000007 1.0 1.0 1.0 1.0 1.0 1.0 1.0 1.0 1.0 1.0 1.0 1.0 1.0 1.0 0.6406250000000109 0.0956250000000076 0.0 
0.07499999999999751 1.0 1.0 1.0 1.0 1.0 1.0 1.0 1.0 1.0 1.0 1.0 1.0 1.0 1.0 1.0 1.0 1.0 0.22500000000001563 0.0 
1.0 1.0 1.0 1.0 1.0 0.17500000000000515 0.0 0.0 0.0 0.0 0.0 0.0 0.0 0.0 0.17499999999999005 1.0 0.940624999999999 0.32812500000001044 0.0 0.0 
1.0 1.0 1.0 1.0 1.0 0.17500000000000515 0.0 0.0 0.0 0.0 0.0 0.0 0.0 0.0 0.17499999999999005 0.6831250000000094 0.013124999999997708 0.0 0.0 0.0 
1.0 1.0 1.0 1.0 0.3250000000000046 0.0 0.0 0.0 0.0 0.0 0.0 0.0 0.0 0.0 0.0 0.0 0.0 0.0 0.6393749999999914 0.8250000000000055 
1.0 1.0 1.0 1.0 0.3250000000000046 0.0 0.0 0.0 0.0 0.0 0.0 0.0 0.0 0.0 0.0 0.0 0.3206249999999942 0.8781249999999976 1.0 1.0 
1.0 1.0 1.0 1.0 0.3250000000000046 0.0 0.0 0.0 0.0 0.0 0.0 0.0 0.0 0.0 0.09187499999999577 0.6793749999999984 1.0 1.0 1.0 1.0 
1.0 1.0 1.0 1.0 0.3250000000000046 0.0 0.0 0.0 0.0 0.0 0.0 0.0 0.0 0.0 0.17499999999999005 1.0 1.0 1.0 1.0 1.0 
1.0 1.0 1.0 1.0 0.3250000000000046 0.0 0.0 0.0 0.0 0.0 0.0 0.0 0.0 0.0 0.17499999999999005 1.0 1.0 1.0 1.0 1.0 
0.07499999999999751 1.0 1.0 1.0 0.3250000000000046 0.0 0.0 0.0 0.0 0.0 0.0 0.0 0.0 0.0 0.17499999999999005 1.0 1.0 1.0 1.0 1.0 
0.07499999999999751 1.0 1.0 1.0 0.3250000000000046 0.0 0.0 0.0 0.0 0.0 0.0 0.0 0.0 0.0 0.17499999999999005 1.0 1.0 1.0 1.0 1.0 
0.07499999999999751 1.0 1.0 1.0 0.3250000000000046 0.0 0.0 0.0 0.0 0.0 0.0 0.0 0.0 0.0 0.17499999999999005 1.0 1.0 1.0 1.0 1.0 
0.07499999999999751 1.0 1.0 1.0 0.3250000000000046 0.0 0.0 0.0 0.0 0.0 0.0 0.0 0.0 0.0 0.17499999999999005 1.0 1.0 1.0 1.0 1.0 
0.07499999999999751 1.0 1.0 1.0 0.3250000000000046 0.0 0.0 0.0 0.0 0.0 0.0 0.0 0.0 0.0 0.17499999999999005 1.0 1.0 1.0 1.0 1.0 
0.07499999999999751 1.0 1.0 1.0 0.3250000000000046 0.0 0.0 0.0 0.0 0.0 0.0 0.0 0.0 0.0 0.17499999999999005 1.0 1.0 1.0 1.0 1.0 
0.07499999999999751 1.0 1.0 1.0 0.3250000000000046 0.0 0.0 0.0 0.0 0.0 0.0 0.0 0.0 0.0 0.17499999999999005 1.0 1.0 1.0 1.0 1.0 
0.07499999999999751 1.0 1.0 1.0 1.0 0.19562500000001265 0.0006250000000003731 0.0 0.0 0.0 0.0 0.0 0.0 0.0006249999999999733 0.1956249999999979 1.0 1.0 1.0 1.0 1.0 
0.07499999999999751 1.0 1.0 1.0 1.0 1.0 0.8781250000000111 0.8750000000000107 0.8750000000000107 0.8750000000000107 0.8750000000000107 0.8750000000000107 0.8750000000000107 0.8781250000000091 1.0 1.0 1.0 1.0 1.0 0.19062499999999885 
0.020624999999998676 0.4381249999999912 1.0 1.0 1.0 1.0 1.0 1.0 1.0 1.0 1.0 1.0 1.0 1.0 1.0 1.0 1.0 1.0 0.43812500000000476 0.020625000000002097 
0.0 0.0 0.15937499999999477 0.7268749999999929 1.0 1.0 1.0 1.0 1.0 1.0 1.0 1.0 1.0 1.0 1.0 1.0 0.7268750000000026 0.42499999999999005 0.0956250000000044 0.0 
