0.974999999999997 1.0 1.0 1.0 0.2250000000000023 0.0 0.0 0.0 0.0 0.0 0.0 0.0 0.0 0.0 0.0 0.05624999999999956 0.24999999999999645 0.24999999999999645 0.24999999999999645 0.243749999999996 
0.974999999999997 1.0 1.0 1.0 0.2250000000000023 0.0 0.0 0.0 0.0 0.0 0.0 0.0 0.0 0.0 0.0 0.22500000000000142 1.0 1.0 1.0 0.9749999999999979 
0.974999999999997 1.0 1.0 1.0 0.2250000000000023 0.0 0.0 0.0 0.0 0.0 0.0 0.0 0.0 0.0 0.0 0.22500000000000142 1.0 1.0 1.0 0.9749999999999979 
0.974999999999997 1.0 1.0 1.0 0.2250000000000023 0.0 0.0 0.0 0.0 0.0 0.0 0.0 0.0 0.0 0.0 0.22500000000000142 1.0 1.0 1.0 0.9749999999999979 
0.0 0.9249999999999972 1.0 1.0 0.2250000000000023 0.0 0.0 0.0 0.0 0.0 0.0 0.0 0.0 0.0 0.0 0.22500000000000142 1.0 1.0 1.0 0.9749999999999979 
0.0 0.9249999999999972 1.0 1.0 0.2250000000000023 0.0 0.0 0.0 0.0 0.0 0.0 0.0 0.0 0.0 0.0 0.22500000000000142 1.0 1.0 1.0 0.9749999999999979 
0.0 0.9249999999999972 1.0 1.0 0.2250000000000023 0.0 0.0 0.0 0.0 0.0 0.0 0.0 0.0 0.0 0.0 0.22500000000000142 1.0 1.0 1.0 0.9749999999999979 
0.0 0.9249999999999972 1.0 1.0 0.2250000000000023 0.0 0.0 0.0 0.0 0.0 0.0 0.0 0.0 0.0 0.0 0.22500000000000142 1.0 1.0 1.0 0.9749999999999979 
0.0 0.9249999999999972 1.0 1.0 0.2250000000000023 0.0 0.0 0.0 0.0 0.0 0.0 0.0 0.0 0.0 0.0 0.22500000000000142 1.0 1.0 1.0 0.9749999999999979 
0.0 0.9249999999999972 1.0 1.0 0.2250000000000023 0.0 0.0 0.0 0.0 0.0 0.0 0.0 0.0 0.0 0.0 0.22500000000000142 1.0 1.0 1.0 0.9749999999999979 
0.0 0.9249999999999972 1.0 1.0 0.2250000000000023 0.0 0.0 0.0 0.0 0.0 0.0 0.0 0.0 0.0 0.0 0.22500000000000142 1.0 1.0 1.0 0.9749999999999979 
0.0 0.9249999999999972 1.0 1.0 0.2250000000000023 0.0 0.0 0.0 0.0 0.0 0.0 0.0 0.0 0.0 0.0 0.22500000000000142 1.0 1.0 1.0 0.9749999999999979 
0.0 0.9249999999999972 1.0 1.0 0.2250000000000023 0.0 0.0 0.0 0.0 0.0 0.0 0.0 0.0 0.0 0.0 0.22500000000000142 1.0 1.0 1.0 0.9749999999999979 
0.0 0.9249999999999972 1.0 1.0 0.2250000000000023 0.0 0.0 0.0 0.0 0.0 0.0 0.0 0.0 0.0 0.0 0.22500000000000142 1.0 1.0 1.0 0.9749999999999979 
0.0 0.9249999999999972 1.0 1.0 0.4187500000000072 0.06875000000000249 0.0 0.0 0.0 0.0 0.0 0.0 0.0 0.0 0.0 0.16874999999999946 0.7937499999999943 1.0 1.0 0.9749999999999979 
0.0 0.9249999999999972 1.0 1.0 1.0 0.27500000000000213 0.0 0.0 0.0 0.0 0.0 0.0 0.0 0.0 0.0 0.0 0.1750000000000007 1.0 1.0 0.9749999999999979 
0.0 0.6937499999999913 0.9687499999999984 1.0 1.0 0.27500000000000213 0.0 0.0 0.0 0.0 0.0 0.0 0.0 0.0 0.0 0.22500000000000142 1.0 1.0 1.0 0.9749999999999979 
0.0 0.0 0.8749999999999973 1.0 1.0 0.8187500000000056 0.7500000000000071 0.281250000000004 0.0 0.0 0.0 0.0 0.0 0.0 0.20625000000000088 0.8062500000000059 1.0 1.0 0.94375 0.24374999999999253 
0.0 0.0 0.0 0.6187499999999923 0.9437499999999979 1.0 1.0 1.0 1.0 1.0 0.6437500000000049 0.5687500000000046 1.0 1.0 1.0 1.0 0.9562499999999986 0.6562499999999938 0.0 0.0 
0.0 0.0 0.0 0.0 0.19374999999999115 0.24999999999998934 0.7562499999999951 1.0 1.0 1.0 1.0 1.0 1.0 1.0 1.0 0.8312499999999965 0.20624999999999102 0.0 0.0 0.0 
