0.0 0.0 0.031249999999999556 0.25 0.25 0.25 0.16875000000000062 0.0 0.0 0.0 0.0 0.0 0.0 0.0 0.18124999999999902 0.25 0.8687499999999968 1.0 1.0 1.0 
0.0 0.0 0.12499999999999822 1.0 1.0 1.0 0.6750000000000025 0.0 0.0 0.0 0.0 0.0 0.0 0.0 0.7249999999999961 1.0 1.0 1.0 1.0 0.26875000000000404 
0.0 0.0 0.12499999999999822 1.0 1.0 1.0 0.6750000000000025 0.0 0.0 0.0 0.0 0.0 0.1562499999999994 0.756249999999998 1.0 1.0 1.0 0.7812500000000004 0.0562500000000021 0.0 
0.0 0.05624999999999887 0.7812500000000003 1.0 1.0 0.7937500000000015 0.16875 0.0 0.0 0.0 0.0 0.4312499999999973 0.9062499999999994 1.0 1.0 1.0 0.3812500000000025 0.03125000000000078 0.0 0.0 
0.0 0.0749999999999984 1.0 1.0 1.0 0.7250000000000023 0.0 0.0 0.0 0.11874999999999988 0.643749999999998 1.0 1.0 1.0 0.8187500000000003 0.16875000000000354 0.0 0.0 0.0 0.0 
0.0 0.0749999999999984 1.0 1.0 1.0 0.7250000000000023 0.0 0.0 0.31874999999999826 0.8687499999999999 1.0 1.0 1.0 0.4937500000000015 0.06875000000000073 0.0 0.0 0.0 0.0 0.0 
0.0 0.0749999999999984 1.0 1.0 1.0 0.7937500000000022 0.2500000000000018 0.5312499999999991 1.0 1.0 1.0 0.8562500000000001 0.7499999999999982 0.24375000000000155 0.0 0.0 0.0 0.0 0.0 0.0 
0.0 0.0749999999999984 1.0 1.0 1.0 1.0 1.0 1.0 1.0 1.0 1.0 0.42500000000000426 0.0 0.0 0.0 0.0 0.0 0.0 0.0 0.0 
0.0 0.0749999999999984 1.0 1.0 1.0 1.0 1.0 1.0 1.0 0.8812499999999996 0.35625000000000157 0.0 0.0 0.0 0.0 0.0 0.0 0.0 0.0 0.0 
0.0 0.0749999999999984 1.0 1.0 1.0 1.0 1.0 1.0 0.6812500000000014 0.1312499999999996 0.0 0.0 0.0 0.0 0.0 0.0 0.0 0.0 0.0 0.0 
0.006249999999999689 0.30625000000000047 1.0 1.0 1.0 1.0 1.0 1.0 0.6812500000000029 0.13125000000000148 0.0 0.0 0.0 0.0 0.0 0.0 0.0 0.0 0.0 0.0 
0.02499999999999858 1.0 1.0 1.0 1.0 1.0 1.0 1.0 1.0 0.5250000000000021 0.0 0.0 0.0 0.0 0.0 0.0 0.0 0.0 0.0 0.0 
0.02499999999999858 1.0 1.0 1.0 1.0 1.0 1.0 1.0 1.0 1.0 0.6062500000000043 0.10625000000000258 0.0 0.0 0.0 0.0 0.0 0.0 0.0 0.0 
0.02499999999999858 1.0 1.0 1.0 0.8312500000000008 0.24999999999999645 0.49374999999999575 1.0 1.0 1.0 1.0 0.42500000000000426 0.0 0.0 0.0 0.0 0.0 0.0 0.0 0.0 
0.02499999999999858 1.0 1.0 1.0 0.7750000000000021 0.0 0.0 0.28124999999999667 0.8562499999999973 1.0 1.0 1.0 0.5312500000000049 0.08125000000000186 0.0 0.0 0.0 0.0 0.0 0.0 
0.02499999999999858 1.0 1.0 1.0 0.7750000000000021 0.0 0.0 0.0 0.42499999999999716 1.0 1.0 1.0 1.0 0.32500000000000284 0.0 0.0 0.0 0.0 0.0 0.0 
0.02499999999999858 1.0 1.0 0.9562499999999998 0.5812499999999988 0.0 0.0 0.0 0.0 0.35624999999999674 0.8812499999999975 1.0 1.0 1.0 0.4562500000000055 0.05625000000000204 0.0 0.0 0.0 0.0 
0.7562500000000031 1.0 1.0 0.825000000000002 0.0 0.0 0.0 0.0 0.0 0.0 0.5249999999999968 1.0 1.0 1.0 1.0 0.806250000000004 0.1312500000000038 0.0 0.0 0.0 
1.0 1.0 1.0 0.825000000000002 0.0 0.0 0.0 0.0 0.0 0.0 0.0 0.43124999999999475 0.9062499999999978 1.0 1.0 1.0 0.38125000000000614 0.03125000000000133 0.0 0.0 
1.0 1.0 1.0 0.825000000000002 0.0 0.0 0.0 0.0 0.0 0.0 0.0 0.0 0.6249999999999964 1.0 1.0 1.0 1.0 0.12500000000000355 0.0 0.0 
