0.0 0.0 0.0 0.0 0.0 0.0 0.0 0.0 0.0 0.5249999999999986 1.0 1.0 1.0 1.0 0.7250000000000014 0.0 0.0 0.0 0.0 0.0 
0.0 0.0 0.0 0.0 0.0 0.0 0.0 0.0 0.0 0.5249999999999986 1.0 1.0 1.0 1.0 0.9312499999999996 0.5812499999999967 0.0 0.0 0.0 0.0 
0.0 0.0 0.0 0.0 0.0 0.0 0.0 0.0 0.5749999999999984 1.0 1.0 1.0 1.0 1.0 1.0 0.7749999999999986 0.0 0.0 0.0 0.0 
0.0 0.0 0.0 0.0 0.0 0.0 0.0 0.0 0.5749999999999984 1.0 1.0 1.0 1.0 1.0 1.0 0.7749999999999986 0.0 0.0 0.0 0.0 
0.0 0.0 0.0 0.0 0.0 0.0 0.0 0.6249999999999982 1.0 1.0 1.0 1.0 1.0 1.0 1.0 0.7749999999999986 0.0 0.0 0.0 0.0 
0.0 0.0 0.0 0.0 0.0 0.0 0.0 0.6249999999999982 1.0 1.0 1.0 1.0 1.0 1.0 1.0 0.9437499999999996 0.6187499999999995 0.0 0.0 0.0 
0.0 0.0 0.0 0.0 0.0 0.0 0.674999999999998 1.0 1.0 1.0 0.8812500000000005 0.75 0.84375 1.0 1.0 1.0 0.8249999999999993 0.0 0.0 0.0 
0.0 0.0 0.0 0.0 0.0 0.0 0.674999999999998 1.0 1.0 1.0 0.5250000000000021 0.0 0.375 1.0 1.0 1.0 0.8249999999999993 0.0 0.0 0.0 
0.0 0.0 0.0 0.0 0.0 0.7249999999999979 1.0 1.0 1.0 0.4750000000000014 0.0 0.0 0.375 1.0 1.0 1.0 0.8249999999999993 0.0 0.0 0.0 
0.0 0.0 0.0 0.0 0.0 0.7249999999999979 1.0 1.0 1.0 0.4750000000000014 0.0 0.0 0.09374999999999933 0.49374999999999825 1.0 1.0 0.9562500000000002 0.6562500000000016 0.0 0.0 
0.0 0.0 0.0 0.0 0.7749999999999977 1.0 1.0 1.0 0.4250000000000016 0.0 0.0 0.0 0.0 0.3249999999999993 1.0 1.0 1.0 0.875 0.0 0.0 
0.0 0.0 0.0 0.0 0.7749999999999977 1.0 1.0 1.0 0.4250000000000016 0.0 0.0 0.0 0.0 0.3249999999999993 1.0 1.0 1.0 0.875 0.0 0.0 
0.0 0.0 0.0 0.8249999999999975 1.0 1.0 1.0 0.3750000000000018 0.0 0.0 0.0 0.0 0.0 0.3249999999999993 1.0 1.0 1.0 0.875 0.0 0.0 
0.0 0.0 0.0 0.8249999999999975 1.0 1.0 0.4937499999999991 0.09374999999999911 0.0 0.0 0.0 0.0 0.0 0.08124999999999867 0.4562499999999964 1.0 1.0 0.9687500000000004 0.6937500000000039 0.0 
0.0 0.0 0.8749999999999973 1.0 1.0 1.0 0.49375000000000624 0.09375000000000311 0.0 0.0 0.0 0.0 0.0 0.08125000000000213 0.4562500000000041 1.0 1.0 1.0 0.9250000000000007 0.0 
0.0 0.0 0.8749999999999973 1.0 1.0 1.0 1.0 0.8437500000000049 0.7500000000000071 0.7500000000000071 0.7500000000000071 0.7500000000000071 0.7500000000000071 0.8312500000000046 1.0 1.0 1.0 1.0 0.9250000000000007 0.0 
0.0 0.9249999999999972 1.0 1.0 1.0 1.0 1.0 1.0 1.0 1.0 1.0 1.0 1.0 1.0 1.0 1.0 1.0 1.0 0.9250000000000007 0.0 
0.0 0.9249999999999972 1.0 1.0 1.0 0.45624999999999644 0.2499999999999929 0.2499999999999929 0.2499999999999929 0.2499999999999929 0.2499999999999929 0.2499999999999929 0.2499999999999929 0.2499999999999929 0.2499999999999929 0.41874999999999557 1.0 1.0 0.9812500000000007 0.7312500000000053 
0.974999999999997 1.0 1.0 1.0 0.2250000000000023 0.0 0.0 0.0 0.0 0.0 0.0 0.0 0.0 0.0 0.0 0.22500000000000142 1.0 1.0 1.0 0.9749999999999979 
0.974999999999997 1.0 1.0 0.3812499999999931 0.056249999999998176 0.0 0.0 0.0 0.0 0.0 0.0 0.0 0.0 0.0 0.0 0.056249999999997954 0.24999999999998934 0.24999999999998934 0.24999999999998934 0.2437499999999891 
