0.0 0.0 0.0 0.0 0.4843749999999966 0.44375000000000164 0.37500000000000355 0.37500000000000355 0.7343750000000022 1.0 1.0 0.7343749999999989 0.37500000000000355 0.2531250000000013 0.0 0.0 0.0 0.0 0.0 0.0 
0.0 0.0 0.10937500000000286 0.8468749999999993 1.0 1.0 1.0 1.0 1.0 1.0 1.0 1.0 1.0 1.0 1.0 0.8031249999999964 0.1031250000000024 0.0 0.0 0.0 
0.0 0.8093750000000007 0.9843750000000001 1.0 1.0 1.0 1.0 0.4531249999999973 0.12499999999999689 0.12499999999999689 0.12499999999999689 0.49687500000000195 1.0 1.0 1.0 1.0 0.978125 0.7656249999999964 0.0 0.0 
0.974999999999997 1.0 1.0 1.0 1.0 0.5468749999999982 0.1218749999999992 0.0 0.0 0.0 0.0 0.0 0.14062500000000033 0.578125 1.0 1.0 1.0 0.9531249999999977 0.5781249999999984 0.0 
0.974999999999997 1.0 1.0 1.0 0.22500000000000098 0.0 0.0 0.0 0.0 0.0 0.0 0.0 0.0 0.0 0.2750000000000057 1.0 1.0 1.0 0.9531249999999962 0.36562499999999915 
0.974999999999997 1.0 1.0 1.0 0.22500000000000098 0.0 0.0 0.0 0.0 0.0 0.0 0.0 0.0 0.0 0.24062500000000447 0.9031249999999993 0.9781249999999991 0.8749999999999982 0.8749999999999982 0.8531249999999901 
0.974999999999997 1.0 1.0 1.0 0.22500000000000098 0.0 0.0 0.0 0.0 0.0 0.0 0.0 0.0 0.0 0.0 0.028125000000000223 0.103124999999998 0.0 0.0 0.0 
0.974999999999997 1.0 1.0 1.0 0.22500000000000098 0.0 0.0 0.0 0.0 0.0 0.0 0.0 0.0 0.0 0.0 0.0 0.0 0.0 0.0 0.0 
0.974999999999997 1.0 1.0 1.0 0.22500000000000098 0.0 0.0 0.0 0.0 0.0 0.0 0.0 0.0 0.0 0.0 0.0 0.0 0.0 0.0 0.0 
0.974999999999997 1.0 1.0 1.0 0.22500000000000098 0.0 0.0 0.0 0.0 0.5250000000000021 1.0 1.0 1.0 1.0 1.0 1.0 1.0 1.0 0.9343749999999944 0.12187499999999885 
0.974999999999997 1.0 1.0 1.0 0.22500000000000098 0.0 0.0 0.0 0.0 0.5250000000000021 1.0 1.0 1.0 1.0 1.0 1.0 1.0 1.0 1.0 0.9749999999999908 
0.974999999999997 1.0 1.0 1.0 0.22500000000000098 0.0 0.0 0.0 0.0 0.1968750000000008 0.375 0.375 0.375 0.5781250000000018 1.0 1.0 1.0 1.0 1.0 0.9749999999999908 
0.974999999999997 1.0 1.0 1.0 0.22500000000000098 0.0 0.0 0.0 0.0 0.0 0.0 0.0 0.0 0.0 0.2750000000000057 1.0 1.0 1.0 0.953124999999996 0.36562499999999654 
0.974999999999997 1.0 1.0 1.0 0.22500000000000098 0.0 0.0 0.0 0.0 0.0 0.0 0.0 0.0 0.0 0.2750000000000057 1.0 1.0 1.0 0.9906249999999992 0.8531249999999919 
0.974999999999997 1.0 1.0 1.0 0.22500000000000098 0.0 0.0 0.0 0.0 0.0 0.0 0.0 0.0 0.0 0.2750000000000057 1.0 1.0 1.0 0.9249999999999936 0.0 
0.974999999999997 1.0 1.0 1.0 0.22500000000000098 0.0 0.0 0.0 0.0 0.0 0.0 0.0 0.0 0.0 0.2750000000000057 1.0 1.0 1.0 0.9249999999999936 0.0 
0.974999999999997 1.0 1.0 1.0 0.5156250000000007 0.10312500000000013 0.0 0.0 0.0 0.0 0.0 0.0 0.0 0.12187500000000107 0.5468750000000036 1.0 1.0 1.0 0.9249999999999936 0.0 
0.8531249999999974 0.9906249999999996 1.0 1.0 1.0 0.3656250000000003 0.125 0.04687499999999989 0.0 0.0 0.0 0.05312500000000053 0.125 0.4093750000000025 1.0 1.0 1.0 0.8749999999999929 0.0 0.0 
0.0 0.11562499999999969 0.8906249999999982 1.0 1.0 1.0 1.0 0.9218749999999999 0.875 0.875 0.875 0.9281250000000005 1.0 1.0 1.0 1.0 0.8468749999999963 0.10937499999999911 0.0 0.0 
0.0 0.0 0.0 0.3093749999999994 0.375 0.8281249999999998 1.0 1.0 1.0 1.0 1.0 1.0 1.0 0.7968749999999982 0.375 0.29062499999999813 0.0 0.0 0.0 0.0 
