0.0 0.0 0.0 0.0 0.2906250000000024 0.37500000000000355 0.7968750000000011 1.0 1.0 1.0 1.0 1.0 1.0 0.7968749999999993 0.37500000000000355 0.2906250000000009 0.0 0.0 0.0 0.0 
0.0 0.0 0.10937500000000286 0.8468749999999993 1.0 1.0 1.0 1.0 1.0 1.0 1.0 1.0 1.0 1.0 1.0 1.0 0.8468749999999969 0.10937500000000222 0.0 0.0 
0.0 0.0 0.874999999999998 1.0 1.0 1.0 1.0 1.0 1.0 1.0 0.5843749999999972 0.49687500000000195 1.0 1.0 1.0 1.0 1.0 0.8749999999999929 0.0 0.0 
0.0 0.9249999999999975 1.0 1.0 1.0 0.5468749999999982 0.1218749999999992 0.0 0.0 0.0 0.0 0.0 0.0 0.1218750000000002 0.5468750000000016 1.0 1.0 1.0 0.9249999999999936 0.0 
0.3656250000000015 0.9531249999999987 1.0 1.0 1.0 0.27500000000000036 0.0 0.0 0.0 0.0 0.0 0.0 0.0 0.0 0.2750000000000057 1.0 1.0 1.0 1.0 0.9749999999999908 
0.0 0.0 0.0 0.0 0.0 0.0 0.0 0.0 0.0 0.0 0.0 0.0 0.0 0.28437500000000193 0.9093749999999994 1.0 1.0 1.0 1.0 0.9749999999999908 
0.0 0.0 0.0 0.0 0.0 0.0 0.0 0.0 0.0 0.0 0.0 0.0 0.0 0.0 0.2750000000000057 1.0 1.0 1.0 1.0 0.9749999999999908 
0.0 0.0 0.0 0.0 0.0 0.0 0.0 0.0 0.0 0.0 0.0 0.0 0.0 0.20312500000000236 0.7281250000000035 1.0 1.0 1.0 0.9249999999999936 0.0 
0.0 0.0 0.0 0.0 0.0 0.0 0.0 0.23437500000000144 0.3750000000000018 0.3750000000000018 0.3750000000000018 0.3750000000000018 0.6093750000000033 1.0 1.0 1.0 0.9343749999999981 0.546874999999994 0.0 0.0 
0.0 0.0 0.0 0.0 0.0 0.0 0.0 0.6250000000000009 1.0 1.0 1.0 1.0 1.0 1.0 1.0 0.774999999999995 0.0 0.0 0.0 0.0 
0.0 0.0 0.0 0.0 0.0 0.0 0.0 0.6250000000000009 1.0 1.0 1.0 1.0 1.0 1.0 1.0 0.9718749999999994 0.7218749999999963 0.0 0.0 0.0 
0.0 0.0 0.0 0.0 0.0 0.0 0.0 0.0 0.0 0.1968750000000008 0.19687499999999947 0.0 0.14062500000000133 0.5781250000000018 1.0 1.0 1.0 0.9531249999999973 0.578124999999996 0.0 
0.0 0.0 0.0 0.0 0.0 0.0 0.0 0.0 0.0 0.0 0.0 0.0 0.0 0.0 0.2750000000000057 1.0 1.0 1.0 0.953124999999996 0.36562499999999654 
0.0 0.0 0.0 0.0 0.0 0.0 0.0 0.0 0.0 0.0 0.0 0.0 0.0 0.0 0.2750000000000057 1.0 1.0 1.0 1.0 0.9749999999999908 
0.8531249999999974 0.875 0.875 0.875 0.19687500000000085 0.0 0.0 0.0 0.0 0.0 0.0 0.0 0.0 0.2843750000000025 0.9093750000000007 1.0 1.0 1.0 1.0 0.9749999999999908 
0.974999999999997 1.0 1.0 1.0 0.22500000000000098 0.0 0.0 0.0 0.0 0.0 0.0 0.0 0.0 0.0 0.2750000000000057 1.0 1.0 1.0 0.953124999999996 0.36562499999999654 
0.974999999999997 1.0 1.0 1.0 0.5156250000000007 0.10312500000000013 0.0 0.0 0.0 0.0 0.0 0.0 0.0 0.12187500000000107 0.5468750000000036 1.0 1.0 1.0 0.9249999999999936 0.0 
0.0 0.8093749999999978 0.9843749999999998 1.0 1.0 1.0 0.40937500000000016 0.125 0.125 0.059374999999999734 0.05937500000000018 0.125 0.4531250000000031 1.0 1.0 1.0 1.0 0.8749999999999929 0.0 0.0 
0.0 0.0 0.874999999999998 1.0 1.0 1.0 1.0 1.0 1.0 0.9343749999999997 0.9343750000000002 1.0 1.0 1.0 1.0 1.0 0.8468749999999963 0.10937499999999911 0.0 0.0 
0.0 0.0 0.0 0.0 0.29062499999999963 0.8281249999999998 1.0 1.0 1.0 1.0 1.0 1.0 1.0 0.7968749999999982 0.375 0.29062499999999813 0.0 0.0 0.0 0.0 
