0.0 0.0 0.0 0.0 0.2712500000000023 0.3500000000000014 0.7887500000000032 1.0 1.0 1.0 1.0 1.0 1.0 1.0 0.8212499999999944 0.3500000000000014 0.28874999999999784 0.0 0.0 0.0 
0.0 0.0 0.043750000000001524 0.833750000000003 1.0 1.0 1.0 1.0 0.9712499999999988 0.9499999999999984 0.9737499999999994 1.0 1.0 1.0 1.0 1.0 1.0 0.8812499999999901 0.046250000000000985 0.0 
0.0 0.0 0.8750000000000024 1.0 1.0 1.0 1.0 0.5312499999999949 0.10624999999999787 0.0 0.11875000000000084 0.24999999999999822 0.5312500000000042 1.0 1.0 1.0 1.0 1.0 0.92499999999999 0.0 
0.0 0.9250000000000019 1.0 1.0 1.0 0.6737499999999967 0.17874999999999702 0.0 0.0 0.0 0.0 0.0 0.0 0.0 0.15125000000000455 0.6512500000000023 1.0 1.0 1.0 0.9749999999999872 
0.0 0.9250000000000019 1.0 1.0 1.0 0.2749999999999959 0.0 0.0 0.0 0.0 0.0 0.0 0.0 0.0 0.0 0.22500000000000853 1.0 1.0 1.0 0.9749999999999872 
0.8287500000000025 0.9887500000000005 1.0 1.0 0.34124999999999595 0.041249999999998996 0.0 0.0 0.0 0.0 0.0 0.0 0.0 0.0 0.0 0.22500000000000853 0.8512499999999916 0.14999999999999858 0.14999999999999858 0.1462499999999967 
0.9750000000000014 1.0 1.0 1.0 0.5737499999999962 0.12374999999999747 0.0 0.0 0.0 0.0 0.0 0.0 0.0 0.0 0.0 0.0 0.0 0.0 0.0 0.0 
0.9750000000000014 1.0 1.0 1.0 0.22499999999999654 0.0 0.0 0.0 0.0 0.0 0.0 0.0 0.0 0.0 0.0 0.0 0.0 0.0 0.0 0.0 
0.9750000000000014 1.0 1.0 1.0 0.22499999999999654 0.0 0.0 0.0 0.0 0.4987500000000069 0.9500000000000028 0.5462499999999942 0.0 0.0 0.0 0.0 0.0 0.0 0.0 0.0 
0.9750000000000014 1.0 1.0 1.0 1.0 1.0 1.0 1.0 1.0 1.0 1.0 1.0 1.0 1.0 0.9037499999999974 0.6500000000000021 0.5362499999999956 0.0 0.0 0.0 
0.9750000000000014 1.0 1.0 1.0 1.0 1.0 1.0 1.0 0.7987499999999973 0.6499999999999986 0.6499999999999986 0.798750000000002 1.0 1.0 1.0 1.0 1.0 0.8749999999999893 0.0 0.0 
0.9750000000000014 1.0 1.0 1.0 1.0 0.9637499999999967 0.3087499999999946 0.0 0.0 0.0 0.0 0.0 0.0 0.30875000000000635 0.9637499999999973 1.0 1.0 1.0 0.92499999999999 0.0 
0.9750000000000014 1.0 1.0 1.0 0.4187499999999946 0.06874999999999801 0.0 0.0 0.0 0.0 0.0 0.0 0.0 0.0 0.27500000000000924 1.0 1.0 1.0 0.9812499999999977 0.7312499999999938 
0.9750000000000014 1.0 1.0 1.0 0.22499999999999654 0.0 0.0 0.0 0.0 0.0 0.0 0.0 0.0 0.0 0.27500000000000924 1.0 1.0 1.0 1.0 0.9749999999999872 
0.9750000000000014 1.0 1.0 1.0 0.22499999999999654 0.0 0.0 0.0 0.0 0.0 0.0 0.0 0.0 0.0 0.27500000000000924 1.0 1.0 1.0 0.988749999999998 0.8287499999999836 
0.9750000000000014 1.0 1.0 1.0 0.22499999999999654 0.0 0.0 0.0 0.0 0.0 0.0 0.0 0.0 0.0 0.27500000000000924 1.0 1.0 1.0 0.92499999999999 0.0 
0.9750000000000014 1.0 1.0 1.0 0.6512500000000018 0.1512499999999989 0.0 0.0 0.0 0.0 0.0 0.0 0.0 0.17875000000000588 0.6737500000000073 1.0 1.0 1.0 0.92499999999999 0.0 
0.0 0.9250000000000019 1.0 1.0 1.0 1.0 0.4937499999999992 0.09375 0.0 0.0 0.11875000000000338 0.25000000000000355 0.5312500000000075 1.0 1.0 1.0 1.0 0.8749999999999893 0.0 0.0 
0.0 0.04624999999999747 0.881250000000002 1.0 1.0 1.0 1.0 0.9687500000000016 0.9500000000000028 0.9500000000000028 0.9737500000000018 1.0 1.0 1.0 1.0 1.0 0.8337499999999904 0.04374999999999698 0.0 0.0 
0.0 0.0 0.0 0.2887499999999963 0.853750000000001 1.0 1.0 1.0 1.0 1.0 1.0 1.0 1.0 0.7887499999999928 0.3499999999999943 0.2712499999999926 0.0 0.0 0.0 0.0 
