0.0 1.9984014443252818e-15 1.0 1.0 1.0 1.0 1.0 1.0 1.0 1.0 1.0 1.0 1.0 1.0 0.9999999999999966 0.3500000000000014 0.3500000000000014 0.3499999999999989 0.0 0.0 
0.0 1.9984014443252818e-15 1.0 1.0 1.0 1.0 1.0 1.0 1.0 1.0 1.0 1.0 1.0 1.0 1.0 1.0 1.0 1.0 0.9999999999999932 0.0500000000000008 
0.0 1.9984014443252818e-15 1.0 1.0 1.0 1.0 0.9999999999999973 0.2499999999999991 0.2499999999999991 0.2499999999999991 0.2499999999999991 0.2500000000000018 1.0 1.0 1.0 1.0 1.0 1.0 1.0 0.9999999999999929 
0.0 1.9984014443252818e-15 1.0 1.0 1.0 0.9999999999999973 0.0 0.0 0.0 0.0 0.0 0.0 0.0 2.9309887850104076e-15 0.5499999999999989 0.5500000000000014 1.0 1.0 1.0 0.9999999999999929 
0.0 1.9984014443252818e-15 1.0 1.0 1.0 0.9999999999999973 0.0 0.0 0.0 0.0 0.0 0.0 0.0 0.0 0.0 5.329070518200751e-15 1.0 1.0 1.0 0.9999999999999929 
1.5099033134902123e-15 0.85 1.0 1.0 1.0 0.9999999999999973 0.0 0.0 0.0 0.0 0.0 0.0 0.0 0.0 0.0 5.329070518200751e-15 1.0 1.0 1.0 0.9999999999999929 
1.7763568394002505e-15 1.0 1.0 1.0 1.0 0.9999999999999973 0.0 0.0 0.0 0.0 0.0 0.0 0.0 2.3980817331903343e-15 0.45000000000000223 1.0 1.0 1.0 1.0 0.9999999999999929 
1.7763568394002505e-15 1.0 1.0 1.0 1.0 0.9999999999999973 0.0 0.0 0.0 0.0 0.0 0.0 0.0 1.3322676295501878e-15 0.250000000000004 1.0 1.0 1.0 1.0 0.9999999999999929 
1.7763568394002505e-15 1.0 1.0 1.0 1.0 0.9999999999999973 0.0 0.0 0.0 0.0 0.0 0.0 0.0 5.329070518200751e-15 1.0 1.0 1.0 1.0 1.0 0.9999999999999929 
1.7763568394002505e-15 1.0 1.0 1.0 1.0 1.0 1.0 1.0 1.0 1.0 1.0 1.0 1.0 1.0 1.0 1.0 1.0 0.9999999999999953 0.3499999999999989 0.0 
1.7763568394002505e-15 1.0 1.0 1.0 1.0 1.0 1.0 1.0 1.0 1.0 1.0 1.0 1.0 1.0 1.0 1.0 1.0 0.9999999999999953 0.34999999999999537 0.0 
1.7763568394002505e-15 1.0 1.0 1.0 0.9999999999999973 0.0 0.0 0.0 0.0 0.0 0.0 0.0 5.062616992290729e-15 0.9500000000000028 0.9500000000000031 1.0 1.0 1.0 0.9999999999999929 0.0 
1.7763568394002505e-15 1.0 1.0 1.0 0.9999999999999973 0.0 0.0 0.0 0.0 0.0 0.0 0.0 0.0 0.0 5.329070518200751e-15 1.0 1.0 1.0 0.9999999999999929 0.0 
1.7763568394002505e-15 1.0 1.0 1.0 0.9999999999999973 0.0 0.0 0.0 0.0 0.0 0.0 0.0 0.0 0.0 5.329070518200751e-15 1.0 1.0 1.0 0.9999999999999929 0.0 
1.0 1.0 1.0 1.0 0.9999999999999973 0.0 0.0 0.0 0.0 0.0 0.0 0.0 7.993605777301051e-16 0.14999999999999777 5.329070518200751e-15 1.0 1.0 1.0 0.9999999999999929 0.0 
1.0 1.0 1.0 1.0 0.9999999999999973 0.0 0.0 0.0 0.0 0.0 0.0 0.0 5.329070518200751e-15 0.9999999999999947 5.329070518200751e-15 1.0 1.0 1.0 0.9999999999999929 0.0 
1.0 1.0 1.0 1.0 0.9999999999999973 0.0 0.0 0.0 0.0 0.0 0.0 0.0 0.0 5.329070518200751e-15 1.0 1.0 1.0 1.0 0.9999999999999929 0.0 
1.0 1.0 1.0 0.999999999999998 0.24999999999999645 0.24999999999999645 0.24999999999999645 0.24999999999999645 0.24999999999999645 0.24999999999999645 0.24999999999999645 0.24999999999999645 0.25000000000000044 1.0 1.0 1.0 1.0 0.9999999999999929 0.0 0.0 
1.0 1.0 1.0 1.0 1.0 1.0 1.0 1.0 1.0 1.0 1.0 1.0 1.0 1.0 1.0 1.0 0.9999999999999932 0.05000000000000391 0.0 0.0 
1.0 1.0 1.0 1.0 1.0 1.0 1.0 1.0 1.0 1.0 1.0 1.0 1.0 0.9999999999999966 0.3500000000000014 0.34999999999999953 0.0 0.0 0.0 0.0 
