0.0 0.0 0.0 0.01687500000000038 0.11812499999999941 0.21937499999999843 0.5543750000000007 0.9031250000000015 1.0 1.0 1.0 1.0 1.0 1.0 1.0 1.0 1.0 1.0 1.0 0.7249999999999979 
0.0 0.0 0.0 0.0750000000000024 0.5250000000000024 0.9750000000000023 1.0 1.0 1.0 1.0 1.0 1.0 1.0 1.0 1.0 1.0 1.0 1.0 1.0 0.7249999999999979 
0.09062499999999932 0.27812500000000095 0.6718750000000016 1.0 1.0 1.0 1.0 1.0 1.0 1.0 1.0 1.0 1.0 1.0 1.0 1.0 1.0 1.0 1.0 0.7249999999999979 
0.7250000000000023 1.0 1.0 1.0 1.0 1.0 1.0 1.0 1.0 1.0 1.0 1.0 1.0 1.0 1.0 1.0 1.0 0.7843749999999987 0.5256249999999995 0.3081249999999996 
0.7068750000000026 0.9750000000000005 0.9750000000000005 0.9750000000000005 0.9750000000000005 0.9750000000000005 0.9856250000000004 0.9968750000000002 1.0 1.0 1.0 1.0 1.0 1.0 1.0 1.0 1.0 0.6249999999999973 0.17499999999999805 0.0 
0.0 0.0 0.0 0.0 0.0 0.0 0.4250000000000025 0.8750000000000022 1.0 1.0 1.0 1.0 1.0 1.0 1.0 1.0 1.0 0.6249999999999973 0.17499999999999805 0.0 
0.0 0.0 0.0 0.0 0.0 0.0 0.4250000000000025 0.8750000000000022 1.0 1.0 1.0 1.0 1.0 1.0 1.0 1.0 1.0 0.6249999999999973 0.17499999999999805 0.0 
0.0 0.0 0.0 0.0750000000000024 0.5250000000000024 0.9750000000000023 1.0 1.0 1.0 1.0 1.0 1.0 1.0 1.0 1.0 1.0 1.0 0.6249999999999973 0.17499999999999805 0.0 
0.0 0.0 0.0 0.0750000000000024 0.5250000000000024 0.9750000000000023 1.0 1.0 1.0 1.0 1.0 1.0 1.0 1.0 1.0 1.0 1.0 0.6249999999999973 0.17499999999999805 0.0 
0.0 0.0 0.0 0.0750000000000024 0.5250000000000024 0.9750000000000023 1.0 1.0 1.0 1.0 1.0 1.0 1.0 1.0 1.0 1.0 1.0 0.6249999999999973 0.17499999999999805 0.0 
0.0 0.0 0.0 0.0750000000000024 0.5250000000000024 0.9750000000000023 1.0 1.0 1.0 1.0 1.0 1.0 1.0 1.0 1.0 1.0 1.0 0.6249999999999973 0.17499999999999805 0.0 
0.0 0.0 0.0 0.0750000000000024 0.5250000000000024 0.9750000000000023 1.0 1.0 1.0 1.0 1.0 1.0 1.0 1.0 1.0 1.0 1.0 0.6249999999999973 0.17499999999999805 0.0 
0.0 0.0 0.0 0.0750000000000024 0.5250000000000024 0.9750000000000023 1.0 1.0 1.0 1.0 1.0 1.0 1.0 1.0 1.0 1.0 1.0 0.6249999999999973 0.17499999999999805 0.0 
0.0 0.0 0.0 0.0750000000000024 0.5250000000000024 0.9750000000000023 1.0 1.0 1.0 1.0 1.0 1.0 1.0 1.0 1.0 1.0 1.0 0.6249999999999973 0.17499999999999805 0.0 
0.0 0.0 0.0 0.0750000000000024 0.5250000000000024 0.9750000000000023 1.0 1.0 1.0 1.0 1.0 1.0 1.0 1.0 1.0 1.0 1.0 0.6249999999999973 0.17499999999999805 0.0 
0.0 0.0 0.0 0.0750000000000024 0.5250000000000024 0.9750000000000023 1.0 1.0 1.0 1.0 1.0 1.0 1.0 1.0 1.0 1.0 1.0 0.6249999999999973 0.17499999999999805 0.0 
0.0 0.0 0.0 0.0750000000000024 0.5250000000000024 0.9750000000000023 1.0 1.0 1.0 1.0 1.0 1.0 1.0 1.0 1.0 1.0 1.0 0.6249999999999973 0.17499999999999805 0.0 
0.0 0.0 0.0 0.0750000000000024 0.5250000000000024 0.9750000000000023 1.0 1.0 1.0 1.0 1.0 1.0 1.0 1.0 1.0 1.0 1.0 0.6249999999999973 0.17499999999999805 0.0 
0.0 0.056875000000001875 0.20312500000000475 0.37562500000000754 0.6793750000000046 0.9831250000000017 1.0 1.0 1.0 1.0 1.0 1.0 1.0 1.0 0.9918749999999992 0.8456249999999962 0.6993749999999933 0.4218749999999942 0.11812499999999757 0.0 
0.0 0.17500000000000232 0.6250000000000023 1.0 1.0 1.0 1.0 1.0 1.0 1.0 1.0 1.0 1.0 1.0 0.9749999999999979 0.5249999999999977 0.07499999999999751 0.0 0.0 0.0 
