0.0 0.0 0.0 0.0 0.0 0.0 0.0 0.11249999999999893 0.45749999999999835 0.9225000000000001 0.3024999999999985 0.7674999999999988 0.6124999999999989 0.15749999999999875 0.0 0.0 0.0 0.0 0.0 0.0 
0.0 0.0 0.0 0.0 0.0 0.0 0.4724999999999989 0.8374999999999991 1.0 1.0 1.0 1.0 1.0 0.7000000000000011 0.0 0.0 0.0 0.0 0.0 0.0 
0.0 0.0 0.0 0.0 0.0 0.0 0.7000000000000002 1.0 1.0 1.0 1.0 1.0 1.0 0.7000000000000011 0.0 0.0 0.0 0.0 0.0 0.0 
0.0 0.0 0.0 0.0 0.0 0.0 0.7000000000000002 1.0 1.0 1.0 1.0 1.0 1.0 0.7000000000000011 0.0 0.0 0.0 0.0 0.0 0.0 
0.0 0.0 0.0 0.0 0.0 0.0 0.7000000000000002 1.0 1.0 1.0 1.0 1.0 1.0 0.7000000000000011 0.0 0.0 0.0 0.0 0.0 0.0 
0.0 0.0 0.0 0.0 0.0 0.0 0.7000000000000002 1.0 1.0 1.0 1.0 1.0 1.0 0.8425000000000005 0.4274999999999998 0.04750000000000064 0.0 0.0 0.0 0.0 
0.0 0.0 0.0 0.0 0.09250000000000015 0.8325000000000006 0.9775000000000003 1.0 1.0 1.0 1.0 1.0 1.0 1.0 0.9000000000000004 0.10000000000000142 0.0 0.0 0.0 0.0 
0.0 0.0 0.0 0.0 0.10000000000000009 0.8999999999999999 1.0 1.0 1.0 1.0 1.0 1.0 1.0 1.0 0.9000000000000004 0.10000000000000142 0.0 0.0 0.0 0.0 
0.0 0.0 0.0 0.0 0.10000000000000009 0.8999999999999999 1.0 1.0 0.7524999999999998 0.17499999999999893 0.17499999999999893 0.7524999999999991 1.0 1.0 0.9000000000000004 0.10000000000000142 0.0 0.0 0.0 0.0 
0.0 0.0 0.0 0.08250000000000071 0.347500000000002 0.9275000000000001 1.0 1.0 0.7000000000000002 0.0 0.0 0.6999999999999993 1.0 1.0 0.9275000000000004 0.3475000000000029 0.08250000000000084 0.0 0.0 0.0 
0.0 0.0 0.0 0.30000000000000027 1.0 1.0 1.0 1.0 0.7000000000000002 0.0 0.0 0.1924999999999988 0.6374999999999993 1.0 1.0 1.0 0.3000000000000007 0.0 0.0 0.0 
0.0 0.0 0.0 0.30000000000000027 1.0 1.0 1.0 0.5 0.0 0.0 0.0 0.0 0.5 1.0 1.0 1.0 0.3000000000000007 0.0 0.0 0.0 
0.0 0.0 0.0 0.30000000000000027 1.0 1.0 1.0 0.5 0.0 0.0 0.0 0.0 0.5 1.0 1.0 1.0 0.3000000000000007 0.0 0.0 0.0 
0.0 0.0 0.5000000000000002 1.0 1.0 1.0 0.947499999999998 0.4624999999999986 0.0 0.0 0.0 0.0 0.0 0.29999999999999893 1.0 1.0 1.0 0.5 0.0 0.0 
0.0 0.0 0.5000000000000002 1.0 1.0 1.0 0.2999999999999998 0.0 0.0 0.0 0.0 0.0 0.0 0.29999999999999893 1.0 1.0 1.0 0.5 0.0 0.0 
0.0 0.0 0.5000000000000002 1.0 1.0 1.0 0.2999999999999998 0.0 0.0 0.0 0.0 0.0 0.0 0.29999999999999893 1.0 1.0 1.0 0.5 0.0 0.0 
0.0 0.7000000000000003 1.0 1.0 1.0 1.0 1.0 1.0 1.0 1.0 1.0 1.0 1.0 1.0 1.0 1.0 1.0 0.7125000000000021 0.29750000000000343 0.0 
0.0 0.7000000000000003 1.0 1.0 1.0 1.0 1.0 1.0 1.0 1.0 1.0 1.0 1.0 1.0 1.0 1.0 1.0 1.0 0.7000000000000011 0.0 
0.29250000000000587 0.7975000000000021 1.0 1.0 0.8999999999999999 0.10000000000000009 0.0 0.0 0.0 0.0 0.0 0.0 0.0 0.0 0.09999999999999964 0.8999999999999986 1.0 1.0 0.7000000000000011 0.0 
0.9000000000000004 1.0 1.0 0.7674999999999981 0.20249999999999485 0.02249999999999945 0.0 0.0 0.0 0.0 0.0 0.0 0.0 0.0 0.09999999999999964 0.8999999999999986 1.0 1.0 0.9325000000000019 0.6975000000000053 
