0.0 0.0 0.0 0.0 0.1237500000000034 0.5737500000000056 1.0 1.0 1.0 1.0 1.0 1.0 1.0 1.0 1.0 0.6512499999999959 0.22500000000000497 0.16875000000000173 0.0 0.0 
0.0 0.0 0.0 0.43875000000000464 0.853750000000003 1.0 1.0 1.0 1.0 1.0 1.0 1.0 1.0 1.0 1.0 1.0 1.0 0.7499999999999911 0.0 0.0 
0.0 0.10625000000000359 0.7812500000000028 1.0 1.0 0.9437499999999978 0.5687499999999939 0.0 0.0 0.0 0.0 0.0 0.0 0.0 0.4812500000000046 0.9312499999999988 1.0 1.0 0.8687499999999894 0.11875000000000238 
0.0 0.8500000000000015 1.0 1.0 1.0 0.5499999999999963 0.0 0.0 0.0 0.0 0.0 0.0 0.0 0.0 0.0 0.45000000000000817 1.0 1.0 1.0 0.9499999999999886 
0.0 0.8500000000000015 1.0 1.0 0.44999999999999707 0.0 0.0 0.0 0.0 0.0 0.0 0.0 0.0 0.0 0.0 0.45000000000000817 1.0 1.0 1.0 0.9499999999999886 
0.0 0.8500000000000015 1.0 1.0 0.44999999999999707 0.0 0.0 0.0 0.0 0.0 0.0 0.0 0.0 0.0 0.0 0.45000000000000817 1.0 1.0 1.0 0.9499999999999886 
0.0 0.8500000000000015 1.0 1.0 0.44999999999999707 0.0 0.0 0.0 0.0 0.0 0.0 0.0 0.0 0.0 0.0 0.45000000000000817 1.0 1.0 1.0 0.9499999999999886 
0.0 0.8500000000000015 1.0 1.0 0.6562499999999991 0.20624999999999957 0.0 0.0 0.0 0.0 0.0 0.0 0.0 0.0 0.0 0.45000000000000817 1.0 1.0 1.0 0.9499999999999886 
0.0 0.8500000000000015 1.0 1.0 1.0 0.9212499999999998 0.5362499999999973 0.0 0.0 0.0 0.0 0.0 0.0 0.0 0.45375000000000704 0.903750000000002 1.0 1.0 1.0 0.9499999999999886 
0.0 0.0 0.5437500000000012 0.9037500000000006 1.0 1.0 1.0 1.0 0.8912499999999965 0.27500000000000036 0.27500000000000036 0.27500000000000036 0.8187500000000052 1.0 1.0 1.0 1.0 1.0 1.0 0.9499999999999886 
0.0 0.0 0.0 0.17875000000000094 0.6737500000000023 1.0 1.0 1.0 1.0 1.0 1.0 1.0 1.0 1.0 1.0 1.0 1.0 1.0 1.0 0.9499999999999886 
0.0 0.0 0.0 0.0 0.0 0.0 0.0 0.0 0.12375000000000438 0.7837499999999977 0.04124999999999487 0.0 0.0 0.0 0.0 0.45000000000000817 1.0 1.0 1.0 0.9499999999999886 
0.0 0.0 0.0 0.0 0.0 0.0 0.0 0.0 0.0 0.0 0.0 0.0 0.0 0.0 0.0 0.45000000000000817 1.0 1.0 1.0 0.9499999999999886 
0.0 0.06374999999999952 0.07499999999999929 0.07499999999999929 0.03374999999999946 0.0 0.0 0.0 0.0 0.0 0.0 0.0 0.0 0.0 0.0 0.45000000000000817 1.0 1.0 1.0 0.9499999999999886 
0.4987499999999992 0.9287500000000005 1.0 1.0 0.44999999999999707 0.0 0.0 0.0 0.0 0.0 0.0 0.0 0.0 0.0 0.0 0.45000000000000817 1.0 1.0 1.0 0.9499999999999886 
0.9500000000000011 1.0 1.0 1.0 0.44999999999999707 0.0 0.0 0.0 0.0 0.0 0.0 0.0 0.0 0.0 0.0 0.45000000000000817 1.0 1.0 1.0 0.9499999999999886 
0.0 0.8500000000000015 1.0 1.0 1.0 0.5499999999999963 0.0 0.0 0.0 0.0 0.0 0.0 0.0 0.0 0.23375000000000176 0.6837500000000032 1.0 1.0 0.8499999999999872 0.0 
0.0 0.10625000000000322 0.7812500000000027 1.0 1.0 0.943749999999998 0.8749999999999964 0.6562499999999934 0.0 0.0 0.0 0.0 0.6562500000000036 0.8749999999999964 0.9437499999999994 1.0 1.0 1.0 0.8499999999999872 0.0 
0.0 0.0 0.5062500000000045 0.6750000000000043 0.8537500000000029 1.0 1.0 1.0 1.0 1.0 1.0 1.0 1.0 1.0 1.0 0.8537499999999992 0.6750000000000043 0.5062499999999972 0.0 0.0 
0.0 0.0 0.0 0.0 0.1237500000000034 0.22500000000000497 0.22500000000000497 0.41875000000000717 1.0 1.0 1.0 1.0 1.0 0.49624999999999747 0.22500000000000497 0.1237500000000009 0.0 0.0 0.0 0.0 
