0.0 0.0 0.0 0.0 0.0 0.16312499999999858 0.22499999999999787 0.7093749999999999 1.0 1.0 1.0 1.0 1.0 0.7481249999999944 0.22499999999999787 0.17437499999999723 0.0 0.0 0.0 0.0 
0.0 0.0 0.0 0.0 0.5231249999999982 0.9106249999999996 1.0 1.0 1.0 1.0 1.0 1.0 1.0 1.0 1.0 0.9268749999999979 0.674999999999998 0.5906249999999935 0.0 0.0 
0.0 0.0 0.10937499999999822 0.8468749999999987 1.0 1.0 0.9156250000000011 0.3281249999999999 0.0 0.0 0.0 0.0 0.3281250000000038 0.8750000000000018 0.909375000000002 1.0 1.0 0.8906249999999936 0.11562499999999712 0.0 
0.0 0.0 0.8749999999999982 1.0 1.0 0.5831250000000009 0.13812500000000022 0.0 0.0 0.0 0.0 0.0 0.0 0.0 0.2750000000000057 1.0 1.0 1.0 0.92499999999999 0.0 
0.0 0.9249999999999976 1.0 1.0 1.0 0.27499999999999947 0.0 0.0 0.0 0.0 0.0 0.0 0.0 0.0 0.0 0.22500000000000497 1.0 1.0 0.9981249999999998 0.9506249999999924 
0.0 0.9249999999999976 1.0 1.0 1.0 0.27499999999999947 0.0 0.0 0.0 0.0 0.0 0.0 0.0 0.0 0.0 0.1181250000000029 0.5250000000000012 0.5250000000000012 0.4856249999999959 0.0 
0.0 0.9249999999999976 1.0 1.0 1.0 0.27499999999999947 0.0 0.0 0.0 0.0 0.0 0.0 0.0 0.0 0.0 0.0 0.0 0.0 0.0 0.0 
0.0 0.9249999999999976 1.0 1.0 1.0 0.27499999999999947 0.0 0.0 0.0 0.0 0.0 0.0 0.0 0.0 0.0 0.0 0.0 0.0 0.0 0.0 
0.0 0.9249999999999976 1.0 1.0 0.360625000000001 0.048125000000000105 0.0 0.0 0.0 0.0 0.0 0.0 0.0 0.0 0.0 0.0 0.0 0.0 0.0 0.0 
0.0 0.9249999999999976 1.0 1.0 0.22500000000000053 0.0 0.0 0.0 0.0 0.14437499999999984 0.6193750000000029 1.0 1.0 1.0 1.0 1.0 1.0 1.0 0.92499999999999 0.0 
0.0 0.9249999999999976 1.0 1.0 0.22500000000000053 0.0 0.0 0.0 0.0 0.5250000000000021 1.0 1.0 1.0 1.0 1.0 1.0 1.0 1.0 0.92499999999999 0.0 
0.0 0.9249999999999976 1.0 1.0 0.22500000000000053 0.0 0.0 0.0 0.0 0.0 0.0 0.0 0.0 0.0 0.2750000000000057 1.0 1.0 1.0 0.92499999999999 0.0 
0.6093749999999981 0.9718749999999992 1.0 1.0 0.22500000000000053 0.0 0.0 0.0 0.0 0.0 0.0 0.0 0.0 0.0 0.2750000000000057 1.0 1.0 1.0 0.92499999999999 0.0 
0.974999999999997 1.0 1.0 1.0 0.22500000000000053 0.0 0.0 0.0 0.0 0.0 0.0 0.0 0.0 0.0 0.2750000000000057 1.0 1.0 1.0 0.92499999999999 0.0 
0.974999999999997 1.0 1.0 1.0 0.22500000000000053 0.0 0.0 0.0 0.0 0.0 0.0 0.0 0.0 0.0 0.2750000000000057 1.0 1.0 1.0 0.92499999999999 0.0 
0.974999999999997 1.0 1.0 1.0 0.22500000000000053 0.0 0.0 0.0 0.0 0.0 0.0 0.0 0.0 0.0 0.2750000000000057 1.0 1.0 1.0 0.92499999999999 0.0 
0.5606249999999976 0.9681249999999989 1.0 1.0 1.0 0.27499999999999947 0.0 0.0 0.0 0.0 0.0 0.0 0.0 0.3250000000000064 1.0 1.0 1.0 0.8749999999999929 0.0 0.0 
0.0 0.9249999999999976 1.0 1.0 1.0 0.9093749999999999 0.875 0.3281249999999992 0.0 0.0 0.41562500000000435 0.875 0.875 0.9156250000000008 1.0 1.0 0.8468749999999932 0.10937499999999911 0.0 0.0 
0.0 0.0 0.5906249999999994 0.6750000000000007 0.926875 1.0 1.0 1.0 1.0 1.0 1.0 1.0 1.0 1.0 0.9106249999999984 0.5231249999999972 0.0 0.0 0.0 0.0 
0.0 0.0 0.0 0.0 0.17437499999999823 0.22499999999999787 0.7481249999999998 1.0 1.0 1.0 1.0 1.0 0.7093749999999964 0.22499999999999787 0.1631249999999972 0.0 0.0 0.0 0.0 0.0 
