0.9674999999999981 0.2974999999999942 0.0 0.0 0.0 0.0 0.0 0.0 0.0 0.0 0.0 0.0 0.0 0.0 0.0 0.0 0.6500000000000057 1.0 1.0 0.6675000000000019 
0.0 0.0 0.0 0.0 0.0 0.0 0.0 0.0 0.0 0.0 0.0 0.0 0.0 0.0 0.02249999999999824 0.572500000000002 1.0 0.9625000000000031 0.1424999999999926 0.0 
0.0 0.0 0.0 0.0 0.0 0.0 0.0 0.0 0.0 0.0 0.0 0.0 0.0 0.2625000000000037 0.8624999999999994 1.0 1.0 0.2499999999999929 0.0 0.0 
0.0 0.0 0.0 0.0 0.0 0.0 0.0 0.0 0.0 0.0 0.0 0.0 0.11250000000000156 0.6425000000000015 0.7974999999999987 0.24749999999999917 0.0 0.0 0.0 0.0 
0.0 0.0 0.0 0.0 0.0 0.0 0.0 0.0 0.0 0.0 0.007500000000000791 0.27750000000000286 0.9624999999999998 0.5524999999999958 0.0 0.0 0.0 0.0 0.0 0.0 
0.0 0.0 0.0 0.0 0.0 0.0 0.0 0.0 0.0 0.0 0.8574999999999989 0.8724999999999955 0.1125000000000008 0.0 0.0 0.0 0.0 0.0 0.0 0.0 
0.5499999999999989 0.46749999999999753 0.0 0.0 0.0 0.0 0.0 0.0 0.4675000000000018 0.977500000000002 0.45000000000000107 0.38249999999999834 0.0 0.0 0.0 0.0 0.0 0.0 0.0 0.0 
1.0 0.8499999999999972 0.0 0.0 0.0 0.0 0.0 0.1875000000000011 0.8875000000000037 1.0 0.0 0.0 0.0 0.0 0.0 0.0 0.0 0.0 0.0 0.0 
0.09750000000000135 0.8499999999999972 0.0 0.0 0.0 0.0 0.6175000000000044 0.9875000000000005 0.19249999999999437 0.9525000000000043 0.0 0.0 0.0 0.0 0.0 0.0 0.0 0.0 0.0 0.0 
1.0 1.0 0.9124999999999994 0.6500000000000021 0.6500000000000021 0.8425000000000025 1.0 0.5124999999999955 0.902500000000003 1.0 0.0 0.0 0.0 0.0 0.0 0.0 0.0 0.0 0.0 0.0 
1.0 0.9474999999999988 0.7375 1.0 0.7074999999999982 0.7075000000000033 1.0 0.7374999999999974 0.6499999999999986 0.9825000000000015 0.33249999999999924 0.0 0.0 0.0 0.0 0.0 0.0 0.0 0.0 0.0 
1.0 1.0 1.0 1.0 1.0 0.44999999999999574 0.0 0.0 0.0 0.0 0.9524999999999962 0.8499999999999943 0.0 0.0 0.0 0.0 0.0 0.0 0.0 0.0 
1.0 1.0 1.0 0.7374999999999964 0.24999999999999645 0.11249999999999734 0.0 0.0 0.0 0.0 0.05000000000000604 0.9624999999999991 0.5624999999999987 0.0 0.0 0.0 0.0 0.0 0.0 0.0 
1.0 1.0 0.8874999999999971 0.3574999999999941 0.0 0.0 0.0 0.0 0.0 0.0 0.027500000000003 0.6174999999999972 0.8624999999999987 0.2925000000000011 0.0 0.0 0.0 0.0 0.0 0.0 
1.0 0.9774999999999987 0.6374999999999931 0.0 0.0 0.0 0.0 0.0 0.0 0.0 0.0 0.12750000000000397 0.8874999999999965 1.0 0.5499999999999936 0.0 0.0 0.0 0.0 0.0 
1.0 0.8499999999999972 0.0 0.0 0.0 0.0 0.0 0.0 0.0 0.0 0.0 0.0 0.037499999999998666 0.4475000000000002 0.9325000000000029 0.38250000000000023 0.0 0.0 0.0 0.0 
1.0 0.8499999999999972 0.0 0.0 0.0 0.0 0.0 0.0 0.0 0.0 0.0 0.0 0.0 0.1575000000000003 0.4949999999999999 0.4949999999999988 0.5150000000000029 0.13749999999999804 0.0 0.0 
1.0 0.8499999999999972 0.0 0.0 0.0 0.0 0.0 0.0 0.0 0.0 0.0 0.0 0.0 0.0 0.0 0.5500000000000043 0.8374999999999939 0.375 0.03749999999999894 0.0 
1.0 0.8499999999999972 0.0 0.0 0.0 0.0 0.0 0.0 0.0 0.0 0.0 0.0 0.0 0.0 0.0 0.02749999999999474 0.017499999999996234 0.7500000000000071 0.14999999999999147 0.0 
0.38249999999998946 0.8499999999999972 0.0 0.0 0.0 0.0 0.0 0.0 0.0 0.0 0.0 0.0 0.0 0.0 0.0 0.0 0.22749999999999368 0.8375000000000015 0.7025000000000079 0.6500000000000128 
