0.0 0.0 0.0 0.043749999999998804 0.3062499999999972 0.34999999999999787 0.5937499999999969 1.0 1.0 1.0 1.0 1.0 1.0 1.0 0.7562500000000015 0.30624999999999936 0.043750000000000976 0.0 0.0 0.0 
0.0 0.031249999999998647 0.4062499999999962 1.0 1.0 1.0 1.0 0.9937500000000004 0.9562500000000018 0.950000000000002 0.950000000000002 0.9562500000000015 0.99375 1.0 1.0 1.0 1.0 0.40625000000000216 0.031249999999998956 0.0 
0.0 0.6249999999999973 1.0 1.0 1.0 1.0 0.7187500000000024 0.21875000000000183 0.03125000000000083 0.0 0.0 0.03124999999999928 0.21875000000000028 0.7187499999999978 1.0 1.0 1.0 1.0 0.6250000000000036 0.0 
0.0 0.6249999999999973 1.0 1.0 1.0 0.37500000000000266 0.0 0.0 0.0 0.0 0.0 0.0 0.0 0.0 0.37499999999999645 1.0 1.0 1.0 0.7937500000000017 0.393750000000001 
0.0 0.6249999999999973 1.0 1.0 1.0 0.37500000000000266 0.0 0.0 0.0 0.0 0.0 0.0 0.0 0.0 0.37499999999999645 1.0 1.0 1.0 0.9437500000000008 0.7437500000000035 
0.7437499999999975 0.9437499999999994 1.0 1.0 1.0 0.37500000000000266 0.0 0.0 0.0 0.0 0.0 0.0 0.0 0.0 0.0562499999999996 0.15000000000000036 0.15000000000000036 0.15000000000000036 0.09375000000000075 0.0 
0.8749999999999973 1.0 1.0 1.0 1.0 0.37500000000000266 0.0 0.0 0.0 0.0 0.0 0.0 0.0 0.0 0.0 0.0 0.0 0.0 0.0 0.0 
0.8749999999999973 1.0 1.0 1.0 1.0 0.37500000000000266 0.0 0.0 0.0 0.0 0.0 0.0 0.0 0.0 0.0 0.0 0.0 0.0 0.0 0.0 
0.8749999999999973 1.0 1.0 1.0 1.0 0.37500000000000266 0.0 0.0 0.0 0.0 0.0 0.0 0.0 0.0 0.0 0.0 0.0 0.0 0.0 0.0 
0.8749999999999973 1.0 1.0 1.0 1.0 0.37500000000000266 0.0 0.0 0.0 0.0 0.0 0.0 0.0 0.0 0.0 0.0 0.0 0.0 0.0 0.0 
0.8749999999999973 1.0 1.0 1.0 1.0 0.37500000000000266 0.0 0.0 0.0 0.0 0.0 0.0 0.0 0.0 0.0 0.0 0.0 0.0 0.0 0.0 
0.8749999999999973 1.0 1.0 1.0 1.0 0.37500000000000266 0.0 0.0 0.0 0.0 0.0 0.0 0.0 0.0 0.0 0.0 0.0 0.0 0.0 0.0 
0.8749999999999973 1.0 1.0 1.0 1.0 0.37500000000000266 0.0 0.0 0.0 0.0 0.0 0.0 0.0 0.0 0.0 0.0 0.0 0.0 0.0 0.0 
0.8749999999999973 1.0 1.0 1.0 1.0 0.37500000000000266 0.0 0.0 0.0 0.0 0.0 0.0 0.0 0.0 0.0 0.0 0.0 0.0 0.0 0.0 
0.8749999999999973 1.0 1.0 1.0 1.0 0.37500000000000266 0.0 0.0 0.0 0.0 0.0 0.0 0.0 0.0 0.0 0.0 0.0 0.0 0.0 0.0 
0.8749999999999973 1.0 1.0 1.0 1.0 0.37500000000000266 0.0 0.0 0.0 0.0 0.0 0.0 0.0 0.0 0.31874999999999887 0.850000000000005 0.850000000000005 0.850000000000005 0.5312500000000061 0.0 
0.8749999999999973 1.0 1.0 1.0 1.0 0.37500000000000266 0.0 0.0 0.0 0.0 0.0 0.0 0.0 0.0 0.37499999999999645 1.0 1.0 1.0 0.6250000000000036 0.0 
0.6562499999999949 0.906249999999998 1.0 1.0 1.0 0.5312500000000042 0.1562500000000029 0.0 0.0 0.0 0.0 0.031249999999999556 0.21875000000000222 0.7187499999999987 1.0 1.0 1.0 0.8437499999999987 0.46875000000000044 0.0 
0.0 0.03124999999999587 0.40624999999999345 1.0 1.0 1.0 0.9812500000000025 0.9500000000000064 0.9500000000000064 0.9500000000000064 0.9500000000000064 0.9562500000000054 0.9937500000000006 1.0 1.0 0.8812500000000025 0.1687499999999978 0.01874999999999778 0.0 0.0 
0.0 0.0 0.0 0.04374999999999836 0.3062499999999941 0.7562499999999961 1.0 1.0 1.0 1.0 1.0 1.0 1.0 0.5937499999999988 0.3499999999999943 0.30624999999999625 0.04375000000000053 0.0 0.0 0.0 
