0.0 0.0 0.0 0.0 0.0 0.0 0.2531250000000023 0.37500000000000355 0.7343750000000022 1.0 1.0 1.0 1.0 0.7968749999999993 0.37500000000000355 0.2906250000000009 0.0 0.0 0.0 0.0 
0.0 0.0 0.0 0.0 0.774999999999999 1.0 1.0 1.0 1.0 1.0 1.0 1.0 1.0 1.0 1.0 1.0 0.8468749999999969 0.12500000000000355 0.11562500000000249 0.0 
0.0 0.0 0.765625000000001 0.8750000000000031 0.9718750000000006 1.0 1.0 0.4531249999999973 0.12499999999999689 0.12499999999999689 0.12499999999999689 0.12499999999999689 0.12499999999999689 0.12499999999999689 0.36562500000000275 1.0 1.0 1.0 0.9249999999999936 0.0 
0.0 0.0 0.874999999999998 1.0 1.0 0.27500000000000036 0.0 0.0 0.0 0.0 0.0 0.0 0.0 0.0 0.0 0.08437500000000127 0.37499999999999734 0.37499999999999734 0.37499999999999734 0.3656249999999939 
0.0 0.9249999999999976 1.0 1.0 0.22500000000000098 0.0 0.0 0.0 0.0 0.0 0.0 0.0 0.0 0.0 0.0 0.0 0.0 0.0 0.0 0.0 
0.0 0.9249999999999975 1.0 1.0 0.22500000000000098 0.0 0.0 0.0 0.0 0.0 0.0 0.0 0.0 0.0 0.0 0.0 0.0 0.0 0.0 0.0 
0.8531249999999991 0.9906249999999999 1.0 1.0 0.22500000000000098 0.0 0.0 0.0 0.0 0.0 0.0 0.0 0.0 0.0 0.0 0.0 0.0 0.0 0.0 0.0 
0.974999999999997 1.0 1.0 1.0 0.7093750000000018 0.17187500000000072 0.0 0.0 0.35937500000000167 0.6250000000000018 0.6250000000000018 0.35937499999999833 0.0 0.0 0.0 0.0 0.0 0.0 0.0 0.0 
0.974999999999997 1.0 1.0 1.0 1.0 1.0 1.0 1.0 1.0 1.0 1.0 1.0 1.0 1.0 1.0 0.8593749999999973 0.30937499999999984 0.0 0.0 0.0 
0.974999999999997 1.0 1.0 1.0 1.0 1.0 0.915625 0.875 0.875 0.41562499999999813 0.0 0.37187500000000373 0.875 0.9156250000000004 1.0 1.0 0.9781249999999995 0.7656249999999938 0.0 0.0 
0.974999999999997 1.0 1.0 1.0 1.0 0.3656250000000003 0.04062500000000002 0.0 0.0 0.0 0.0 0.0 0.0 0.040625000000000355 0.125 0.32187500000000435 0.9781249999999995 0.7656249999999938 0.0 0.0 
0.974999999999997 1.0 1.0 1.0 0.22500000000000098 0.0 0.0 0.0 0.0 0.0 0.0 0.0 0.0 0.0 0.0 0.08437500000000187 0.48437500000000266 1.0 0.9718749999999976 0.6093749999999942 
0.974999999999997 1.0 1.0 0.6906250000000006 0.1406250000000006 0.0 0.0 0.0 0.0 0.0 0.0 0.0 0.0 0.0 0.0 0.0 0.17500000000000426 1.0 1.0 0.9749999999999908 
0.974999999999997 1.0 1.0 0.1750000000000016 0.0 0.0 0.0 0.0 0.0 0.0 0.0 0.0 0.0 0.0 0.0 0.0 0.17500000000000426 1.0 1.0 0.9749999999999908 
0.974999999999997 1.0 1.0 0.8968750000000002 0.19687500000000085 0.0 0.0 0.0 0.0 0.0 0.0 0.0 0.0 0.0 0.0 0.0 0.17500000000000426 1.0 1.0 0.9749999999999908 
0.974999999999997 1.0 1.0 0.484375000000001 0.08437500000000037 0.0 0.0 0.0 0.0 0.0 0.0 0.0 0.0 0.0 0.0 0.0 0.17500000000000426 1.0 1.0 0.9749999999999908 
0.0 0.9249999999999975 1.0 1.0 0.5156250000000007 0.10312500000000013 0.0 0.0 0.0 0.0 0.0 0.0 0.0 0.0 0.0 0.1406250000000031 0.625 0.6718750000000027 0.9718749999999976 0.6093749999999942 
0.0 0.0 0.874999999999998 1.0 1.0 1.0 0.40937500000000016 0.125 0.125 0.059374999999999734 0.0 0.05312500000000053 0.125 0.125 0.09062499999999929 0.02812500000000062 0.10312499999999947 0.0 0.0 0.0 
0.0 0.0 0.10937499999999975 0.8468749999999986 1.0 1.0 1.0 1.0 1.0 0.9343749999999997 0.875 0.9281250000000005 1.0 1.0 0.9656249999999993 0.7062499999999963 0.10312499999999947 0.0 0.0 0.0 
0.0 0.0 0.0 0.0 0.0 0.27187499999999987 0.375 0.7656250000000006 1.0 1.0 1.0 0.7343749999999973 0.375 0.375 0.27187499999999787 0.0 0.0 0.0 0.0 0.0 
