0.0 0.0 0.0 0.0 0.0 0.0 0.2531250000000023 0.37500000000000355 0.37500000000000355 0.703125000000003 1.0 1.0 0.7656249999999991 0.37500000000000355 0.37500000000000355 0.2906250000000009 0.0 0.0 0.0 0.0 
0.0 0.0 0.0 0.0 0.09687500000000263 0.7593750000000007 1.0 1.0 1.0 1.0 1.0 1.0 1.0 1.0 1.0 1.0 0.8468749999999969 0.10937500000000222 0.0 0.0 
0.0 0.0 0.0 0.7218750000000012 0.9718750000000006 1.0 1.0 1.0 0.4968749999999973 0.12499999999999689 0.12499999999999689 0.12499999999999689 0.12499999999999689 0.4093750000000004 1.0 1.0 1.0 0.9843749999999996 0.8093749999999973 0.0 
0.0 0.0 0.874999999999998 1.0 1.0 0.5468749999999982 0.1218749999999992 0.0 0.0 0.0 0.0 0.0 0.0 0.0 0.1031250000000014 0.5156250000000011 1.0 1.0 0.9249999999999936 0.0 
0.0 0.34687500000000154 0.9218749999999991 1.0 1.0 0.27500000000000036 0.0 0.0 0.0 0.0 0.0 0.0 0.0 0.0 0.0 0.1406250000000025 0.6906249999999994 1.0 1.0 0.9749999999999908 
0.0 0.9249999999999975 1.0 1.0 1.0 0.27500000000000036 0.0 0.0 0.0 0.0 0.0 0.0 0.0 0.0 0.0 0.22500000000000497 1.0 1.0 1.0 0.9749999999999908 
0.0 0.9249999999999975 1.0 1.0 1.0 0.27500000000000036 0.0 0.0 0.0 0.0 0.0 0.0 0.0 0.0 0.0 0.22500000000000497 1.0 1.0 0.9343749999999943 0.12187499999999711 
0.0 0.0 0.874999999999998 1.0 1.0 1.0 0.7468750000000013 0.2343750000000001 0.0 0.0 0.0 0.0 0.0 0.0 0.17187500000000405 0.7093750000000032 1.0 0.9218749999999953 0.34687499999999594 0.0 
0.0 0.0 0.0 0.8249999999999984 1.0 1.0 1.0 1.0 0.6406250000000003 0.3750000000000018 0.3750000000000018 0.3750000000000018 0.6093750000000033 1.0 1.0 1.0 0.9343749999999981 0.546874999999994 0.0 0.0 
0.0 0.0 0.0 0.0 0.774999999999999 1.0 1.0 1.0 1.0 1.0 1.0 1.0 1.0 1.0 1.0 1.0 0.8249999999999957 0.0 0.0 0.0 
0.0 0.0 0.0 0.7218749999999986 0.9718749999999998 1.0 1.0 0.4531249999999992 0.125 0.125 0.125 0.49687500000000373 1.0 1.0 1.0 1.0 0.8249999999999957 0.0 0.0 0.0 
0.0 0.0 0.874999999999998 1.0 1.0 0.5468750000000002 0.12187500000000007 0.0 0.0 0.0 0.0 0.0 0.0 0.12187500000000107 0.5468750000000036 1.0 1.0 0.9531249999999973 0.578124999999996 0.0 
0.0 0.9249999999999975 1.0 1.0 0.22500000000000098 0.0 0.0 0.0 0.0 0.0 0.0 0.0 0.0 0.0 0.0 0.1406250000000031 0.6906250000000016 1.0 0.953124999999996 0.36562499999999654 
0.974999999999997 1.0 1.0 1.0 0.22500000000000098 0.0 0.0 0.0 0.0 0.0 0.0 0.0 0.0 0.0 0.0 0.0 0.17500000000000426 1.0 1.0 0.9749999999999908 
0.974999999999997 1.0 1.0 1.0 0.22500000000000098 0.0 0.0 0.0 0.0 0.0 0.0 0.0 0.0 0.0 0.0 0.0 0.17500000000000426 1.0 1.0 0.9749999999999908 
0.974999999999997 1.0 1.0 1.0 0.22500000000000098 0.0 0.0 0.0 0.0 0.0 0.0 0.0 0.0 0.0 0.0 0.1406250000000031 0.6906250000000016 1.0 1.0 0.9749999999999908 
0.6093749999999981 0.971874999999999 1.0 1.0 0.5156250000000007 0.10312500000000013 0.0 0.0 0.0 0.0 0.0 0.0 0.0 0.0 0.10312500000000213 0.5156250000000031 1.0 1.0 0.9249999999999936 0.0 
0.0 0.8093749999999978 0.875 0.9781249999999998 1.0 1.0 0.40937500000000016 0.125 0.05312499999999987 0.0 0.0 0.05312500000000053 0.125 0.4093750000000025 1.0 1.0 0.9781249999999995 0.7656249999999938 0.0 0.0 
0.0 0.0 0.0 0.8249999999999984 1.0 1.0 1.0 1.0 0.9281249999999999 0.875 0.875 0.9281250000000005 1.0 1.0 1.0 0.8031249999999956 0.10312499999999947 0.0 0.0 0.0 
0.0 0.0 0.0 0.0 0.29062499999999963 0.375 0.375 0.7656250000000006 1.0 1.0 1.0 1.0 0.7656249999999978 0.375 0.27187499999999787 0.0 0.0 0.0 0.0 0.0 
