0.0 0.27500000000000135 0.9999999999999979 1.0 1.0 1.0 1.0 1.0 1.0 1.0 1.0 1.0 1.0 1.0 1.0 0.2750000000000047 9.769962616701453e-16 0.0 0.0 0.0 
0.0 0.9999999999999972 1.0 1.0 1.0 1.0 1.0 1.0 1.0 1.0 1.0 1.0 1.0 1.0 1.0 1.0 0.8250000000000028 5.861977570020842e-15 0.0 0.0 
0.9999999999999973 1.0 1.0 1.0 1.0 1.0 1.0 1.0 1.0 1.0 1.0 1.0 1.0 1.0 1.0 1.0 1.0 1.0 7.105427357601002e-15 0.0 
0.9999999999999973 1.0 1.0 1.0 1.0 1.0 0.0750000000000008 0.07499999999999751 0.07499999999999751 0.07499999999999751 0.07499999999999751 0.07499999999999751 0.9999999999999967 1.0 1.0 1.0 1.0 1.0 7.105427357601002e-15 0.0 
0.5249999999999962 0.9999999999999987 1.0 1.0 1.0 1.0 3.552713678800501e-15 0.0 0.0 0.0 0.0 0.0 0.0 0.9999999999999964 1.0 1.0 1.0 1.0 7.105427357601002e-15 0.0 
0.0 0.9999999999999972 1.0 1.0 1.0 1.0 3.552713678800501e-15 0.0 0.0 0.0 0.0 0.0 0.0 0.9999999999999964 1.0 1.0 1.0 1.0 7.105427357601002e-15 0.0 
0.0 0.9999999999999973 1.0 1.0 1.0 1.0 3.552713678800501e-15 0.0 0.0 0.0 0.0 0.0 0.0 0.9999999999999964 1.0 1.0 1.0 1.0 0.5750000000000058 4.085620730620596e-15 
0.0 0.9999999999999972 1.0 1.0 1.0 1.0 3.552713678800501e-15 0.0 0.0 0.0 0.0 0.0 0.0 0.0 0.9999999999999964 1.0 1.0 1.0 1.0 7.105427357601002e-15 
0.0 0.9999999999999972 1.0 1.0 1.0 1.0 3.552713678800501e-15 0.0 0.0 0.0 0.0 0.0 0.0 0.0 0.9999999999999964 1.0 1.0 1.0 1.0 7.105427357601002e-15 
0.0 0.7749999999999947 0.9999999999999993 1.0 1.0 1.0 1.0 0.22500000000000595 0.2250000000000032 0.2250000000000032 0.2250000000000032 0.2250000000000032 0.2250000000000032 0.2250000000000032 0.9999999999999972 1.0 1.0 1.0 1.0 7.105427357601002e-15 
0.0 0.0 0.9999999999999971 1.0 1.0 1.0 1.0 1.0 1.0 1.0 1.0 1.0 1.0 1.0 1.0 1.0 1.0 1.0 1.0 7.105427357601002e-15 
0.0 0.0 0.6749999999999952 0.999999999999999 1.0 1.0 1.0 1.0 1.0 1.0 1.0 1.0 1.0 1.0 1.0 1.0 1.0 1.0 1.0 7.105427357601002e-15 
0.0 0.0 0.0 0.12499999999999606 0.12499999999999645 0.9999999999999969 1.0 1.0 1.0 1.0 1.0 1.0 1.0 1.0 1.0 1.0 1.0 1.0 1.0 7.105427357601002e-15 
0.0 0.0 0.0 0.0 0.0 0.0 0.0 0.0 0.0 0.0 0.0 0.0 0.0 0.0 0.5749999999999937 0.9999999999999984 1.0 1.0 1.0 1.0 
0.0 0.0 0.0 0.0 0.0 0.0 0.0 0.0 0.0 0.0 0.0 0.0 0.0 0.0 0.0 0.9999999999999964 1.0 1.0 1.0 1.0 
0.0 0.0 0.0 0.5250000000000005 0.5250000000000021 0.5250000000000021 0.5250000000000021 0.5250000000000021 1.8651746813702706e-15 0.0 0.0 0.0 0.0 0.0 0.0 0.9999999999999964 1.0 1.0 1.0 1.0 
0.0 0.0 0.0 0.9999999999999969 1.0 1.0 1.0 1.0 0.07500000000000613 0.07500000000000284 0.07500000000000284 2.6645352591004767e-16 0.07500000000000258 2.6645352591004767e-16 0.07500000000000258 0.9999999999999967 1.0 1.0 1.0 1.0 
0.0 0.0 0.0 0.9999999999999969 1.0 1.0 1.0 1.0 1.0 1.0 1.0 0.6250000000000049 0.9999999999999987 0.6250000000000049 0.9999999999999987 1.0 1.0 1.0 1.0 1.0 
0.0 0.0 0.0 0.8249999999999932 0.9999999999999994 1.0 1.0 1.0 1.0 1.0 1.0 1.0 1.0 1.0 1.0 1.0 1.0 1.0 1.0 1.0 
0.0 0.0 0.0 0.0 0.27499999999999775 0.9999999999999974 1.0 1.0 1.0 1.0 1.0 1.0 1.0 1.0 1.0 1.0 1.0 1.0 1.0 0.27500000000000374 
