0.0 0.0 0.0 0.0 0.15749999999999875 0.3499999999999943 0.7725000000000006 1.0 1.0 1.0 1.0 1.0 1.0 1.0 1.0 0.6424999999999941 0.3499999999999943 0.0874999999999961 0.0 0.0 
0.0 0.0 0.012499999999999001 0.38250000000000006 1.0 1.0 1.0 1.0 1.0 1.0 1.0 1.0 1.0 1.0 1.0 1.0 1.0 1.0 0.14999999999999147 0.0 
0.0 0.0 0.2500000000000031 1.0 1.0 1.0 1.0 1.0 1.0 1.0 1.0 1.0 1.0 1.0 1.0 1.0 1.0 1.0 0.7874999999999944 0.03749999999999234 
0.0 0.06750000000000075 0.5874999999999992 1.0 1.0 1.0 1.0 1.0 0.6175000000000006 0.5500000000000034 0.5500000000000034 0.5500000000000034 0.5500000000000034 0.7075000000000052 1.0 1.0 1.0 1.0 1.0 0.4774999999999913 
0.0 0.1500000000000028 1.0 1.0 1.0 1.0 1.0 0.8875000000000011 0.12749999999999612 0.0 0.0 0.0 0.0 0.35000000000000675 1.0 1.0 1.0 1.0 1.0 1.0 
0.0 0.1500000000000028 1.0 1.0 1.0 1.0 1.0 0.24999999999999556 0.0 0.0 0.0 0.0 0.0 0.35000000000000675 1.0 1.0 1.0 1.0 1.0 1.0 
0.0 0.0 0.11250000000000167 0.45000000000000107 0.45000000000000107 0.45000000000000107 0.1574999999999986 0.0 0.0 0.0 0.0 0.0 0.0 0.35000000000000675 1.0 1.0 1.0 1.0 1.0 0.04999999999999005 
0.0 0.0 0.0 0.0 0.0 0.0 0.0 0.0 0.0 0.0 0.0 0.0 0.06250000000000133 0.5125000000000051 1.0 1.0 1.0 1.0 1.0 0.04999999999999005 
0.0 0.0 0.0 0.0 0.0 0.0 0.0 0.0 0.0 0.0 0.0 0.14250000000000557 0.962500000000001 1.0 1.0 1.0 1.0 1.0 0.19249999999999098 0.0024999999999994493 
0.0 0.0 0.0 0.0 0.0 0.0 0.0 0.0 0.0 0.0 0.6675000000000041 1.0 1.0 1.0 1.0 1.0 1.0 0.5124999999999937 0.052499999999996695 0.0 
0.0 0.0 0.0 0.0 0.0 0.0 0.0 0.0 0.29750000000000293 0.967500000000003 1.0 1.0 1.0 1.0 1.0 0.8074999999999977 0.22749999999999582 0.0 0.0 0.0 
0.0 0.0 0.0 0.0 0.0 0.0 0.0 0.03750000000000342 0.8575000000000054 1.0 1.0 1.0 1.0 1.0 0.5499999999999936 0.0 0.0 0.0 0.0 0.0 
0.0 0.0 0.0 0.0 0.0 0.0 0.48750000000000526 0.937500000000002 1.0 1.0 1.0 1.0 1.0 0.7374999999999937 0.13749999999999646 0.0 0.0 0.0 0.0 0.0 
0.0 0.0 0.0 0.15750000000000366 0.6975000000000056 1.0 1.0 1.0 1.0 1.0 1.0 0.9324999999999966 0.41249999999999226 0.0 0.0 0.0 0.0 0.0 0.0 0.0 
0.0 0.022500000000001272 0.15000000000000568 0.4475000000000064 1.0 1.0 1.0 1.0 1.0 1.0 0.8074999999999894 0.0 0.0 0.0 0.0 0.0 0.0 0.0 0.0 0.0 
0.04250000000000254 0.8725000000000077 1.0 1.0 1.0 1.0 1.0 1.0 0.27749999999998853 0.14999999999999147 0.0 0.0 0.0 0.0 0.0 0.0 0.0 0.0 0.0 0.0 
0.05000000000000249 1.0 1.0 1.0 1.0 1.0 1.0 0.6625000000000039 0.08249999999999844 0.0 0.0 0.08250000000000429 0.5500000000000078 0.5500000000000078 0.5500000000000078 0.5500000000000078 0.5500000000000078 0.5500000000000078 0.08249999999999648 0.0 
0.05000000000000249 1.0 1.0 1.0 1.0 1.0 1.0 1.0 1.0 1.0 1.0 1.0 1.0 1.0 1.0 1.0 1.0 1.0 1.0 0.04999999999999005 
0.9525000000000096 1.0 1.0 1.0 1.0 1.0 1.0 1.0 1.0 1.0 1.0 1.0 1.0 1.0 1.0 1.0 1.0 1.0 1.0 0.04999999999999005 
0.05000000000000249 1.0 1.0 1.0 1.0 1.0 1.0 1.0 1.0 1.0 1.0 1.0 1.0 1.0 1.0 1.0 1.0 1.0 1.0 0.04999999999999005 
