0.0 0.0 0.0 0.0 0.0 0.043750000000001246 0.26875000000000504 0.9062500000000024 1.0 1.0 1.0 0.7937499999999994 0.25000000000000355 0.25000000000000355 0.25000000000000355 0.08125000000000053 0.0 0.0 0.0 0.0 
0.0 0.0 0.0 0.35625000000000334 0.7500000000000033 0.7937500000000034 1.0 1.0 1.0 1.0 1.0 1.0 1.0 1.0 1.0 0.8312500000000016 0.7500000000000033 0.4687500000000007 0.0 0.0 
0.0 0.19375000000000303 0.718750000000003 1.0 1.0 1.0 0.9937499999999994 0.7812499999999967 0.7499999999999969 0.7499999999999969 0.7499999999999969 0.7499999999999969 0.7499999999999969 0.7499999999999969 0.9562500000000002 1.0 1.0 0.7187499999999998 0.19375000000000206 0.0 
0.0 0.7750000000000025 1.0 1.0 1.0 0.8687499999999977 0.24374999999999686 0.031249999999999 0.0 0.0 0.0 0.0 0.0 0.0 0.20624999999999852 0.756250000000001 1.0 1.0 0.9437500000000003 0.6937500000000003 
0.2312500000000031 0.8312500000000025 1.0 1.0 0.6749999999999976 0.0 0.0 0.0 0.0 0.0 0.0 0.0 0.0 0.0 0.0 0.6750000000000025 1.0 1.0 1.0 0.9249999999999972 
0.9250000000000025 1.0 1.0 1.0 0.6749999999999976 0.0 0.0 0.0 0.0 0.0 0.0 0.0 0.0 0.0 0.0 0.16874999999999882 0.6437500000000003 1.0 1.0 0.9249999999999972 
0.9250000000000025 1.0 1.0 1.0 0.6749999999999976 0.0 0.0 0.0 0.0 0.0 0.0 0.0 0.0 0.0 0.0 0.16875000000000182 0.6437500000000025 1.0 1.0 0.9249999999999972 
0.9250000000000025 1.0 1.0 1.0 0.6749999999999976 0.0 0.0 0.0 0.0 0.0 0.0 0.0 0.0 0.0 0.0 0.6750000000000025 1.0 1.0 1.0 0.9249999999999972 
0.0 0.7750000000000025 1.0 1.0 0.7562499999999988 0.20625000000000085 0.0 0.0 0.0 0.0 0.0 0.0 0.0 0.0 0.20625000000000218 0.7562500000000024 1.0 1.0 1.0 0.9249999999999972 
0.0 0.19374999999999923 0.7187500000000011 1.0 1.0 0.9562499999999997 0.7312500000000002 0.09374999999999822 0.0 0.0 0.0 0.0 0.09375000000000155 0.7312500000000028 0.956250000000001 1.0 1.0 1.0 1.0 0.9249999999999972 
0.0 0.0 0.0 0.3562500000000009 0.8312499999999994 1.0 1.0 1.0 1.0 1.0 1.0 1.0 1.0 1.0 1.0 1.0 1.0 1.0 1.0 0.9249999999999972 
0.0 0.0 0.0 0.0 0.0812500000000006 0.25 0.2687500000000016 0.906250000000002 1.0 1.0 0.6812499999999981 0.25 0.25 0.25 0.25 0.7562500000000019 1.0 1.0 1.0 0.9249999999999972 
0.0 0.0 0.0 0.0 0.0 0.0 0.0 0.0 0.0 0.0 0.0 0.0 0.0 0.0 0.0 0.6750000000000025 1.0 1.0 1.0 0.9249999999999972 
0.0 0.0 0.0 0.0 0.0 0.0 0.0 0.0 0.0 0.0 0.0 0.0 0.0 0.0 0.0 0.6750000000000025 1.0 1.0 1.0 0.9249999999999972 
0.23125000000000062 0.25 0.25 0.25 0.1687499999999994 0.0 0.0 0.0 0.0 0.0 0.0 0.0 0.0 0.0 0.0 0.6750000000000025 1.0 1.0 1.0 0.9249999999999972 
0.9250000000000025 1.0 1.0 0.6437499999999983 0.1687499999999994 0.0 0.0 0.0 0.0 0.0 0.0 0.0 0.0 0.0 0.0 0.6750000000000025 1.0 1.0 1.0 0.9249999999999972 
0.6937500000000019 0.9437500000000006 1.0 1.0 0.6749999999999976 0.0 0.0 0.0 0.0 0.0 0.0 0.0 0.0 0.0 0.2062500000000007 0.7562500000000019 1.0 1.0 0.7749999999999986 0.0 
0.0 0.7750000000000025 1.0 1.0 0.9187499999999994 0.6187499999999981 0.0 0.0 0.0 0.0 0.0 0.0 0.0 0.0 0.8250000000000028 1.0 1.0 0.7187499999999987 0.19374999999999964 0.0 
0.0 0.0 0.46875000000000183 0.8687500000000006 1.0 1.0 1.0 1.0 1.0 1.0 1.0 1.0 1.0 1.0 1.0 0.8312499999999994 0.75 0.46874999999999867 0.0 0.0 
0.0 0.0 0.0 0.11875000000000058 0.25 0.38125000000000187 1.0 1.0 1.0 1.0 1.0 1.0 1.0 1.0 0.38124999999999787 0.08124999999999938 0.0 0.0 0.0 0.0 
