0.2312500000000039 0.8312500000000026 1.0 1.0 1.0 1.0 1.0 1.0 1.0 1.0 1.0 1.0 1.0 1.0 1.0 1.0 1.0 1.0 1.0 0.9249999999999972 
0.9250000000000025 1.0 1.0 1.0 1.0 1.0 1.0 1.0 1.0 1.0 1.0 1.0 1.0 1.0 1.0 1.0 1.0 1.0 1.0 0.9249999999999972 
0.0 0.5812499999999995 0.7499999999999969 0.39374999999999666 0.0 0.0 0.0 0.0 0.0 0.0 0.0 0.0 0.0 0.0 0.8250000000000028 1.0 1.0 1.0 1.0 0.9249999999999972 
0.0 0.0 0.0 0.0 0.0 0.0 0.0 0.0 0.0 0.0 0.0 0.0 0.0 0.0 0.8250000000000028 1.0 1.0 1.0 0.8312499999999984 0.23124999999999682 
0.0 0.0 0.0 0.0 0.0 0.0 0.0 0.0 0.0 0.0 0.0 0.0 0.03125000000000078 0.24375000000000296 0.8687500000000026 1.0 1.0 0.9062499999999986 0.5812499999999968 0.0 
0.0 0.0 0.0 0.0 0.0 0.0 0.0 0.0 0.0 0.0 0.0 0.0 0.12500000000000178 0.9750000000000014 1.0 1.0 1.0 0.6249999999999982 0.0 0.0 
0.0 0.0 0.0 0.0 0.0 0.0 0.0 0.0 0.0 0.0 0.0 0.27500000000000213 1.0 1.0 1.0 0.8312499999999982 0.35624999999999757 0.0 0.0 0.0 
0.0 0.0 0.0 0.0 0.0 0.0 0.0 0.0 0.0 0.0 0.31875000000000264 0.8187500000000019 1.0 1.0 1.0 0.3249999999999975 0.0 0.0 0.0 0.0 
0.0 0.0 0.0 0.0 0.0 0.0 0.0 0.0 0.0 0.14375000000000152 0.5687500000000029 1.0 1.0 1.0 0.17499999999999716 0.0 0.0 0.0 0.0 0.0 
0.0 0.0 0.0 0.0 0.0 0.0 0.0 0.0 0.0 0.575000000000002 1.0 1.0 0.9062499999999984 0.2687499999999972 0.04374999999999898 0.0 0.0 0.0 0.0 0.0 
0.0 0.0 0.0 0.0 0.0 0.0 0.0 0.0 0.7250000000000023 1.0 1.0 0.931249999999999 0.6562499999999971 0.01874999999999889 0.0 0.0 0.0 0.0 0.0 0.0 
0.0 0.0 0.0 0.0 0.0 0.0 0.0187500000000016 0.656250000000002 0.9312500000000006 1.0 1.0 0.7249999999999979 0.0 0.0 0.0 0.0 0.0 0.0 0.0 0.0 
0.0 0.0 0.0 0.0 0.0 0.04375000000000062 0.2687500000000016 0.906250000000002 1.0 1.0 0.5749999999999975 0.0 0.0 0.0 0.0 0.0 0.0 0.0 0.0 0.0 
0.0 0.0 0.0 0.0 0.0 0.1750000000000025 1.0 1.0 1.0 0.5687499999999985 0.14374999999999938 0.0 0.0 0.0 0.0 0.0 0.0 0.0 0.0 0.0 
0.0 0.0 0.0 0.0 0.3250000000000024 1.0 1.0 1.0 0.8187499999999994 0.31874999999999853 0.0 0.0 0.0 0.0 0.0 0.0 0.0 0.0 0.0 0.0 
0.0 0.0 0.0 0.35625000000000173 0.8312500000000006 1.0 1.0 1.0 0.2749999999999977 0.0 0.0 0.0 0.0 0.0 0.0 0.0 0.0 0.0 0.0 0.0 
0.0 0.0 0.1562500000000006 0.6062500000000017 1.0 1.0 0.9749999999999979 0.12499999999999734 0.0 0.0 0.0 0.0 0.0 0.0 0.0 0.0 0.0 0.0 0.0 0.0 
0.0 0.0 0.6250000000000024 1.0 1.0 0.8687499999999981 0.24374999999999947 0.031249999999999334 0.0 0.0 0.0 0.0 0.0 0.0 0.0 0.0 0.0 0.0 0.0 0.0 
0.0 0.7750000000000025 1.0 1.0 0.9187499999999994 0.6187499999999981 0.0 0.0 0.0 0.0 0.0 0.0 0.0 0.0 0.0 0.0 0.0 0.0 0.0 0.0 
0.6937500000000019 0.9437500000000006 0.5312499999999982 0.25 0.1687499999999994 0.0 0.0 0.0 0.0 0.0 0.0 0.0 0.0 0.0 0.0 0.0 0.0 0.0 0.0 0.0 
