0.0 0.0 0.0 0.0 0.07312500000000176 0.36062500000000397 1.0 1.0 1.0 1.0 1.0 1.0 1.0 1.0 0.3606250000000074 0.22500000000000497 0.10687500000000348 0.0 0.0 0.0 
0.0 0.0 0.0 0.32062500000000277 0.7806250000000032 1.0 1.0 1.0 1.0 1.0 1.0 1.0 1.0 1.0 1.0 1.0 0.829375000000004 0.4218750000000064 0.0 0.0 
0.0 0.09687500000000335 0.6718750000000029 1.0 1.0 0.9781249999999994 0.8531249999999966 0.10937500000000028 0.0 0.0 0.0 0.0 0.10937499999999639 0.8531249999999927 0.9781249999999988 1.0 1.0 1.0 0.7750000000000057 0.0 
0.0 0.775000000000002 1.0 1.0 1.0 0.8250000000000002 0.0 0.0 0.0 0.0 0.0 0.0 0.0 0.0 0.35062499999999514 0.8131249999999961 1.0 1.0 0.7750000000000057 0.0 
0.9250000000000025 1.0 1.0 1.0 0.6749999999999994 0.0 0.0 0.0 0.0 0.0 0.0 0.0 0.0 0.0 0.0 0.6749999999999954 1.0 1.0 0.9943749999999995 0.9018750000000013 
0.4856249999999992 0.5249999999999977 0.5249999999999977 0.5249999999999977 0.3543749999999981 0.0 0.0 0.0 0.0 0.0 0.0 0.0 0.0 0.0 0.0 0.6749999999999954 1.0 1.0 0.7750000000000057 0.0 
0.0 0.0 0.0 0.0 0.0 0.0 0.0 0.0 0.0 0.0 0.0 0.0 0.0 0.0 0.763124999999998 0.9756250000000004 1.0 1.0 0.7750000000000057 0.0 
0.0 0.0 0.0 0.0 0.0 0.0 0.0 0.0 0.0 0.0 0.0 0.0 0.04687499999999889 0.36562500000000026 0.8906249999999977 1.0 1.0 0.6250000000000053 0.0 0.0 
0.0 0.0 0.0 0.0 0.0 0.0 0.0 0.0 0.0 0.0 0.0 0.22687499999999766 0.8468750000000003 0.9956249999999993 1.0 1.0 0.5668750000000036 0.10937500000000026 0.0 0.0 
0.0 0.0 0.0 0.0 0.0 0.0 0.0 0.0 0.0 0.0 0.11687499999999937 0.47437499999999794 1.0 1.0 1.0 0.8143750000000011 0.34437500000000343 0.0 0.0 0.0 
0.0 0.0 0.0 0.0 0.0 0.0 0.0 0.0 0.0 0.41687499999999866 0.841874999999999 1.0 1.0 1.0 0.4018750000000034 0.08937500000000138 0.0 0.0 0.0 0.0 
0.0 0.0 0.0 0.0 0.0 0.0 0.0 0.0 0.7249999999999988 1.0 1.0 1.0 0.8750000000000036 0.025000000000003908 0.0 0.0 0.0 0.0 0.0 0.0 
0.0 0.0 0.0 0.0 0.0 0.0 0.015624999999999667 0.5468749999999994 0.8968749999999995 1.0 1.0 0.828125000000002 0.32812500000000133 0.009375000000001465 0.0 0.0 0.0 0.0 0.0 0.0 
0.0 0.0 0.0 0.0 0.0 0.17499999999999982 1.0 1.0 1.0 0.9568750000000006 0.531875000000003 0.0 0.0 0.0 0.0 0.0 0.0 0.0 0.0 0.0 
0.0 0.0 0.0 0.0 0.17062499999999986 0.6081249999999987 1.0 1.0 1.0 0.4250000000000016 0.0 0.0 0.0 0.0 0.0 0.0 0.0 0.0 0.0 0.0 
0.0 0.0 0.0 0.46312499999999995 0.9831249999999986 1.0 1.0 1.0 0.29312500000000274 0.010625000000000946 0.0 0.0 0.0 0.0 0.0 0.0 0.0 0.0 0.0 0.0 
0.0 0.32937499999999864 0.7843749999999998 1.0 1.0 0.9256250000000006 0.560625000000003 0.07187500000000087 0.0 0.0 0.0 0.0 0.0 0.0 0.0 0.0 0.0 0.0 0.0 0.0 
0.0 0.775000000000002 1.0 1.0 1.0 0.8250000000000002 0.0 0.0 0.0 0.0 0.0 0.0 0.0 0.0 0.0 0.0 0.0 0.0 0.0 0.0 
0.9250000000000025 1.0 1.0 1.0 1.0 1.0 1.0 1.0 1.0 1.0 1.0 1.0 1.0 1.0 1.0 1.0 1.0 1.0 0.7750000000000057 0.0 
0.9250000000000025 1.0 1.0 1.0 1.0 1.0 1.0 1.0 1.0 1.0 1.0 1.0 1.0 1.0 1.0 1.0 1.0 1.0 0.7750000000000057 0.0 
