0.0 0.0 0.0 0.0 0.027500000000002068 0.24750000000000372 0.27500000000000213 0.27500000000000213 0.4925000000000065 0.9274999999999953 0.34749999999999714 0.27500000000000213 0.27500000000000213 0.27500000000000213 0.24749999999999958 0.02749999999999865 0.0 0.0 0.0 0.0 
0.0 0.0 0.0 0.2475000000000063 0.8425000000000029 0.9825000000000014 1.0 1.0 1.0 1.0 1.0 1.0 1.0 1.0 0.9824999999999987 0.8425000000000008 0.2474999999999953 0.0 0.0 0.0 
0.0 0.26250000000000373 0.6875000000000051 1.0 1.0 1.0 0.737499999999996 0.6249999999999982 0.6249999999999982 0.6249999999999982 0.6249999999999982 0.6249999999999982 0.6249999999999982 0.7375000000000017 1.0 1.0 0.5624999999999972 0.3750000000000018 0.2624999999999983 0.0 
0.0 0.7000000000000066 1.0 1.0 0.9074999999999936 0.1674999999999925 0.022499999999998976 0.0 0.0 0.0 0.0 0.0 0.0 0.022500000000000107 0.16750000000000645 0.9075000000000051 1.0 1.0 0.6999999999999922 0.0 
0.9000000000000066 1.0 1.0 0.8574999999999963 0.4724999999999952 0.05249999999999641 0.0 0.0 0.0 0.0 0.0 0.0 0.0 0.0 0.0 0.0 0.7000000000000064 1.0 0.8424999999999963 0.4274999999999972 
0.8775000000000045 0.9749999999999979 0.9749999999999979 0.6824999999999918 0.0 0.0 0.0 0.0 0.0 0.0 0.0 0.0 0.0 0.0 0.0 0.0 0.7000000000000064 1.0 1.0 0.8999999999999915 
0.0 0.0 0.0 0.0 0.0 0.0 0.0 0.0 0.0 0.0 0.0 0.0 0.0 0.0 0.05750000000000501 0.5175000000000042 0.872500000000003 1.0 0.8274999999999952 0.3824999999999954 
0.0 0.0 0.0 0.0 0.0 0.0 0.0 0.0 0.0 0.0 0.0 0.0 0.0 0.03750000000000098 0.21250000000000746 0.912500000000005 1.0 0.9374999999999991 0.6124999999999932 0.0 
0.0 0.0 0.0 0.0 0.0 0.0 0.0 0.0 0.0 0.0 0.0 0.0 0.33750000000000513 0.7725000000000031 1.0 1.0 1.0 0.4999999999999929 0.0 0.0 
0.0 0.0 0.0 0.0 0.0 0.0 0.0 0.0 0.0 0.0 0.0 0.15750000000000244 0.5000000000000039 0.8425000000000008 0.9774999999999979 0.7974999999999974 0.23249999999999463 0.0 0.0 0.0 
0.0 0.0 0.0 0.0 0.0 0.0 0.0 0.0 0.0 0.0 0.0 0.7000000000000064 0.8874999999999986 0.842500000000002 0.8999999999999915 0.09999999999999432 0.0 0.0 0.0 0.0 
0.0 0.0 0.0 0.0 0.0 0.0 0.0 0.0 0.09750000000000204 0.3249999999999993 0.3249999999999993 0.5700000000000025 0.8375000000000027 0.6999999999999922 0.0 0.0 0.0 0.0 0.0 0.0 
0.0 0.0 0.0 0.0 0.0 0.0 0.0 0.0 0.30000000000000693 1.0 1.0 0.9124999999999992 0.49999999999999467 0.08749999999999902 0.0 0.0 0.0 0.0 0.0 0.0 
0.0 0.0 0.0 0.0 0.0 0.0 0.0 0.5000000000000071 1.0 0.9574999999999971 0.6174999999999966 0.1724999999999961 0.0 0.0 0.0 0.0 0.0 0.0 0.0 0.0 
0.0 0.0 0.0 0.0 0.0 0.0 0.6825000000000057 0.9874999999999992 0.7074999999999939 0.02250000000000175 0.002500000000000049 0.0 0.0 0.0 0.0 0.0 0.0 0.0 0.0 0.0 
0.0 0.0 0.0 0.0 0.10000000000000675 0.9000000000000066 1.0 0.7374999999999969 0.3324999999999977 0.0 0.0 0.0 0.0 0.0 0.0 0.0 0.0 0.0 0.0 0.0 
0.0 0.0 0.037500000000000144 0.3525000000000059 1.0 1.0 0.2999999999999927 0.0 0.0 0.0 0.0 0.0 0.0 0.0 0.0 0.0 0.0 0.0 0.0 0.0 
0.0 0.4375000000000041 0.8125000000000024 1.0 1.0 1.0 0.2999999999999927 0.0 0.0 0.0 0.0 0.0 0.0 0.0 0.0 0.0 0.0 0.0 0.0 0.0 
0.0 0.7000000000000066 0.5874999999999948 0.4225000000000062 1.0 1.0 0.4224999999999945 0.1750000000000007 0.1750000000000007 0.1750000000000007 0.1750000000000007 0.1750000000000007 0.1750000000000007 0.1750000000000007 0.1750000000000007 0.1750000000000007 0.1750000000000007 0.0874999999999991 0.05250000000000158 0.15749999999999914 
0.0 0.7000000000000066 1.0 1.0 0.9274999999999953 0.34749999999999714 0.27500000000000213 0.6375000000000062 1.0 1.0 1.0 1.0 1.0 1.0 1.0 1.0 1.0 0.8624999999999969 0.8075000000000007 0.8999999999999915 
