0.0 0.0 0.0 0.0 0.09750000000000193 0.3000000000000078 0.317500000000006 0.9124999999999998 1.0 1.0 1.0 1.0 1.0 1.0 0.4225000000000069 0.3000000000000078 0.14250000000000415 0.0 0.0 0.0 
0.0 0.0 0.0 0.42750000000000155 0.9325000000000047 1.0 1.0 1.0 1.0 1.0 1.0 1.0 1.0 1.0 1.0 1.0 0.9475000000000039 0.5625000000000078 0.0 0.0 
0.0 0.0 0.624999999999998 1.0 1.0 1.0 0.9875000000000009 0.5624999999999951 0.13749999999999923 0.0 0.0 0.0 0.06249999999999739 0.48749999999999244 0.9124999999999985 1.0 1.0 0.8125000000000042 0.38750000000000623 0.0 
0.0 0.774999999999998 1.0 1.0 0.9674999999999983 0.7424999999999969 0.0 0.0 0.0 0.0 0.0 0.0 0.0 0.0 0.0 0.6749999999999972 1.0 1.0 0.7975000000000032 0.09250000000000586 
0.0 0.774999999999998 1.0 1.0 0.675000000000002 0.0 0.0 0.0 0.0 0.0 0.0 0.0 0.0 0.0 0.0 0.6749999999999972 1.0 1.0 1.0 0.9250000000000043 
0.0 0.0 0.0 0.0 0.0 0.0 0.0 0.0 0.0 0.0 0.0 0.0 0.0 0.0 0.0 0.6749999999999972 1.0 1.0 1.0 0.9250000000000043 
0.0 0.0 0.0 0.0 0.0 0.0 0.0 0.0 0.0 0.0 0.0 0.0 0.0 0.0 0.0 0.6749999999999972 1.0 1.0 0.797500000000001 0.09249999999999681 
0.0 0.0 0.0 0.0 0.0 0.0 0.0 0.0 0.0 0.0 0.0 0.0 0.0 0.0 0.4125000000000026 0.8374999999999997 1.0 0.8125000000000004 0.3874999999999983 0.0 
0.0 0.0 0.0 0.0 0.0 0.0 0.002499999999999849 0.08750000000000262 0.752499999999999 1.0 1.0 1.0 1.0 1.0 1.0 1.0 0.9474999999999985 0.5625000000000012 0.0 0.0 
0.0 0.0 0.0 0.0 0.0 0.0 0.02499999999999769 0.8749999999999982 1.0 1.0 1.0 1.0 1.0 1.0 1.0 0.5275000000000001 0.14249999999999907 0.0 0.0 0.0 
0.0 0.0 0.0 0.0 0.0 0.0 0.0 0.0 0.5074999999999954 0.29749999999999993 0.2974999999999962 0.6999999999999957 0.7374999999999952 0.9924999999999993 1.0 1.0 0.6325000000000032 0.18750000000000372 0.0 0.0 
0.0 0.0 0.0 0.0 0.0 0.0 0.0 0.0 0.0 0.0 0.0 0.0 0.012499999999999378 0.09749999999999771 0.842499999999999 1.0 1.0 0.9625000000000011 0.6975000000000036 0.0 
0.0 0.0 0.0 0.0 0.0 0.0 0.0 0.0 0.0 0.0 0.0 0.0 0.0 0.0 0.0 0.6749999999999972 1.0 1.0 0.8875000000000011 0.46250000000000213 
0.0 0.0 0.0 0.0 0.0 0.0 0.0 0.0 0.0 0.0 0.0 0.0 0.0 0.0 0.0 0.6749999999999972 1.0 1.0 1.0 0.9250000000000043 
0.647499999999998 0.6999999999999993 0.6999999999999993 0.3675000000000011 0.0 0.0 0.0 0.0 0.0 0.0 0.0 0.0 0.0 0.0 0.0 0.6749999999999972 1.0 1.0 1.0 0.9250000000000043 
0.924999999999998 1.0 1.0 0.5250000000000021 0.0 0.0 0.0 0.0 0.0 0.0 0.0 0.0 0.0 0.0 0.0 0.6749999999999972 1.0 1.0 0.9325000000000004 0.6475000000000023 
0.924999999999998 1.0 1.0 0.9524999999999996 0.6075000000000009 0.0 0.0 0.0 0.0 0.0 0.0 0.0 0.0 0.0 0.0 0.6749999999999972 1.0 1.0 0.7750000000000021 0.0 
0.0 0.774999999999998 1.0 1.0 1.0 0.9125000000000003 0.49999999999999645 0.49999999999999645 0.1375000000000001 0.0 0.0 0.13749999999999832 0.49999999999999645 0.49999999999999645 0.912499999999999 1.0 1.0 0.8125000000000031 0.38750000000000384 0.0 
0.0 0.0 0.5624999999999996 0.9000000000000021 0.9325000000000012 1.0 1.0 1.0 1.0 1.0 1.0 1.0 1.0 1.0 1.0 0.9325000000000018 0.42750000000000227 0.0 0.0 0.0 
0.0 0.0 0.0 0.0 0.09750000000000077 0.42250000000000215 1.0 1.0 1.0 1.0 1.0 0.8075000000000022 0.30000000000000426 0.30000000000000426 0.30000000000000426 0.09750000000000224 0.0 0.0 0.0 0.0 
