0.0 0.0 0.0 0.0 0.0 0.0 0.0 0.0 0.0 0.0 0.0 0.0 0.0 0.1787499999999987 0.6737499999999973 1.0 1.0 1.0 0.8500000000000014 0.0 
0.0 0.0 0.0 0.0 0.0 0.0 0.0 0.0 0.0 0.0 0.0 0.0 0.6187499999999977 0.9387499999999993 1.0 1.0 1.0 1.0 0.8500000000000014 0.0 
0.0 0.0 0.0 0.0 0.0 0.0 0.0 0.0 0.0 0.0 0.0 0.3187499999999984 0.8437499999999987 1.0 1.0 1.0 1.0 1.0 0.8500000000000014 0.0 
0.0 0.0 0.0 0.0 0.0 0.0 0.0 0.0 0.0 0.0 0.0 0.8499999999999979 1.0 1.0 1.0 1.0 1.0 1.0 0.8500000000000014 0.0 
0.0 0.0 0.0 0.0 0.0 0.0 0.0 0.0 0.07124999999999927 0.5012499999999991 0.9737499999999997 1.0 1.0 1.0 1.0 1.0 1.0 1.0 0.8500000000000014 0.0 
0.0 0.0 0.0 0.0 0.0 0.0 0.0 0.006250000000000045 0.1712499999999989 1.0 1.0 1.0 0.9812499999999997 0.3412500000000013 0.536249999999997 0.9862499999999997 1.0 1.0 0.8500000000000014 0.0 
0.0 0.0 0.0 0.0 0.0 0.0 0.0 0.24999999999999822 1.0 1.0 1.0 0.5112500000000019 0.10625000000000093 0.0 0.0 0.4499999999999975 1.0 1.0 0.8500000000000014 0.0 
0.0 0.0 0.0 0.0 0.0 0.0 0.34999999999999876 1.0 1.0 0.9937500000000001 0.8812500000000001 0.13125000000000187 0.0 0.0 0.0 0.4499999999999975 1.0 1.0 0.8500000000000014 0.0 
0.0 0.0 0.0 0.0 0.0 0.30374999999999985 0.7887500000000001 1.0 0.8987500000000008 0.3087499999999997 0.016250000000000195 0.0 0.0 0.0 0.0 0.4499999999999975 1.0 1.0 0.8500000000000014 0.0 
0.0 0.0 0.0 0.0 0.5499999999999989 1.0 1.0 0.9437500000000001 0.65875 0.0 0.0 0.0 0.0 0.0 0.0 0.4499999999999975 1.0 1.0 0.8500000000000014 0.0 
0.0 0.0 0.0 0.5037500000000006 0.8987500000000007 1.0 1.0 0.7500000000000018 0.0 0.0 0.0 0.0 0.0 0.0 0.0 0.4499999999999975 1.0 1.0 0.8500000000000014 0.0 
0.0 0.0 0.24375000000000185 0.7637500000000004 1.0 1.0 0.6500000000000012 0.0 0.0 0.0 0.0 0.0 0.0 0.0 0.17875000000000063 0.6287499999999999 1.0 1.0 0.8500000000000014 0.0 
0.0 0.0 0.7499999999999991 1.0 1.0 0.6062500000000006 0.08125000000000016 0.0 0.0 0.0 0.0 0.0 0.0 0.0 0.5499999999999972 1.0 1.0 1.0 0.8500000000000014 0.0 
0.4037500000000004 0.9137499999999996 1.0 1.0 1.0 0.5500000000000007 0.0 0.0 0.0 0.0 0.0 0.0 0.0 0.0 0.5499999999999972 1.0 1.0 1.0 0.8500000000000014 0.0 
0.9499999999999993 1.0 1.0 1.0 1.0 0.5500000000000007 0.0 0.0 0.0 0.0 0.0 0.0 0.0 0.6337499999999996 0.9887500000000006 1.0 1.0 1.0 0.8500000000000014 0.0 
0.9499999999999993 1.0 1.0 1.0 1.0 1.0 1.0 1.0 1.0 1.0 1.0 1.0 1.0 1.0 1.0 1.0 1.0 1.0 1.0 0.9500000000000028 
0.8787499999999966 0.9249999999999972 0.9249999999999972 0.9249999999999972 0.9249999999999972 0.9249999999999972 0.9249999999999972 0.9249999999999972 0.9249999999999972 0.9249999999999972 0.9249999999999972 0.9249999999999972 0.9249999999999972 0.9249999999999972 0.9662499999999985 1.0 1.0 1.0 0.8500000000000014 0.0 
0.0 0.0 0.0 0.0 0.0 0.0 0.0 0.0 0.0 0.0 0.0 0.0 0.0 0.0 0.5499999999999972 1.0 1.0 1.0 0.8500000000000014 0.0 
0.0 0.0 0.0 0.0 0.0 0.0 0.0 0.0 0.0 0.0 0.0 0.0 0.0 0.0 0.5499999999999972 1.0 1.0 0.7500000000000018 0.0 0.0 
0.0 0.0 0.0 0.0 0.0 0.0 0.0 0.0 0.0 0.0 0.0 0.0 0.0 0.0 0.5499999999999972 1.0 1.0 0.7500000000000018 0.0 0.0 
