0.974999999999997 1.0 1.0 1.0 1.0 1.0 1.0 1.0 1.0 1.0 1.0 1.0 1.0 1.0 1.0 1.0 1.0 1.0 0.9475000000000033 0.2925000000000046 
0.974999999999997 1.0 1.0 1.0 1.0 1.0 1.0 1.0 1.0 1.0 1.0 1.0 1.0 1.0 1.0 1.0 1.0 1.0 1.0 0.9750000000000014 
0.0 0.0 0.0 0.0 0.0 0.0 0.0 0.0 0.0 0.0 0.0 0.0 0.0 0.16249999999999656 0.6374999999999946 1.0 1.0 1.0 0.9625000000000019 0.4874999999999968 
0.0 0.0 0.0 0.0 0.0 0.0 0.0 0.0 0.0 0.0 0.0 0.0 0.0 0.0325000000000009 0.3474999999999985 1.0 1.0 0.9874999999999998 0.8325 0.0 
0.0 0.0 0.0 0.0 0.0 0.0 0.0 0.0 0.0 0.0 0.0 0.0 0.0 0.32499999999999574 1.0 1.0 1.0 0.8750000000000036 0.0 0.0 
0.0 0.0 0.0 0.0 0.0 0.0 0.0 0.0 0.0 0.0 0.0 0.0 0.37499999999999645 1.0 1.0 1.0 0.8250000000000028 0.0 0.0 0.0 
0.0 0.0 0.0 0.0 0.0 0.0 0.0 0.0 0.0 0.0 0.0 0.3824999999999991 0.9375000000000021 1.0 1.0 0.797500000000001 0.08249999999999706 0.0 0.0 0.0 
0.0 0.0 0.0 0.0 0.0 0.0 0.0 0.0 0.0 0.0 0.47499999999999787 1.0 1.0 1.0 0.8625000000000015 0.3874999999999983 0.0 0.0 0.0 0.0 
0.0 0.0 0.0 0.0 0.0 0.0 0.0 0.0 0.0 0.524999999999995 1.0 1.0 1.0 0.6750000000000043 0.0 0.0 0.0 0.0 0.0 0.0 
0.0 0.0 0.0 0.0 0.0 0.0 0.0 0.0 0.40249999999999925 0.8574999999999998 1.0 1.0 1.0 0.6750000000000043 0.0 0.0 0.0 0.0 0.0 0.0 
0.0 0.0 0.0 0.0 0.0 0.0 0.0 0.1875000000000016 0.7024999999999995 1.0 1.0 0.872499999999999 0.43749999999999983 0.0 0.0 0.0 0.0 0.0 0.0 0.0 
0.0 0.0 0.0 0.0 0.0 0.0 0.0 0.6249999999999964 1.0 1.0 1.0 0.5750000000000028 0.0 0.0 0.0 0.0 0.0 0.0 0.0 0.0 
0.0 0.0 0.0 0.0 0.0 0.0 0.6749999999999963 1.0 1.0 1.0 0.5250000000000021 0.0 0.0 0.0 0.0 0.0 0.0 0.0 0.0 0.0 
0.0 0.0 0.0 0.0 0.07750000000000078 0.7524999999999977 1.0 1.0 1.0 0.475000000000005 0.0 0.0 0.0 0.0 0.0 0.0 0.0 0.0 0.0 0.0 
0.0 0.0 0.0 0.0 0.7749999999999968 1.0 1.0 1.0 0.5975000000000008 0.14250000000000015 0.0 0.0 0.0 0.0 0.0 0.0 0.0 0.0 0.0 0.0 
0.0 0.0 0.0 0.8249999999999966 1.0 1.0 1.0 0.8125000000000007 0.29750000000000204 0.0 0.0 0.0 0.0 0.0 0.0 0.0 0.0 0.0 0.0 0.0 
0.0 0.0 0.7874999999999991 0.9825 1.0 1.0 0.3925000000000019 0.037499999999999555 0.0 0.0 0.0 0.0 0.0 0.0 0.0 0.0 0.0 0.0 0.0 0.0 
0.0 0.46250000000000174 0.9374999999999989 1.0 1.0 1.0 0.32500000000000373 0.0 0.0 0.0 0.0 0.0 0.0 0.0 0.0 0.0 0.0 0.0 0.0 0.0 
0.0 0.9249999999999969 1.0 1.0 1.0 1.0 1.0 1.0 1.0 1.0 1.0 1.0 1.0 1.0 1.0 1.0 1.0 1.0 1.0 0.9750000000000014 
0.0 0.9249999999999969 1.0 1.0 1.0 1.0 1.0 1.0 1.0 1.0 1.0 1.0 1.0 1.0 1.0 1.0 1.0 1.0 1.0 0.9750000000000014 
