0.0 0.0 0.0 0.0 0.25187500000000373 0.32500000000000284 0.780625000000005 1.0 1.0 1.0 1.0 0.713124999999996 0.32500000000000284 0.32500000000000284 0.23562499999999906 0.0 0.0 0.0 0.0 0.0 
0.0 0.0 0.0 0.8043750000000067 0.9943750000000008 1.0 1.0 1.0 1.0 1.0 1.0 1.0 1.0 1.0 0.9931250000000005 0.7556249999999938 0.0 0.0 0.0 0.0 
0.0 0.9250000000000036 1.0 1.0 1.0 0.5468749999999949 0.12187499999999687 0.0 0.0 0.0 0.0 0.1593750000000018 0.37499999999999734 0.5781250000000033 1.0 1.0 0.9343749999999968 0.5468749999999979 0.0 0.0 
0.9750000000000032 1.0 1.0 0.773124999999997 0.16312499999999605 0.0 0.0 0.0 0.0 0.0 0.0 0.0 0.0 0.0 0.27500000000000924 1.0 1.0 1.0 0.92499999999999 0.0 
0.9750000000000032 1.0 1.0 0.17499999999999538 0.0 0.0 0.0 0.0 0.0 0.0 0.0 0.0 0.0 0.0 0.27500000000000924 1.0 1.0 1.0 0.92499999999999 0.0 
0.9750000000000032 1.0 1.0 0.17499999999999538 0.0 0.0 0.0 0.0 0.0 0.0 0.0 0.0 0.0 0.0 0.0 0.09562500000000299 0.42499999999999716 0.42499999999999716 0.3931249999999931 0.0 
0.9750000000000032 1.0 1.0 0.17499999999999538 0.0 0.0 0.0 0.0 0.0 0.0 0.0 0.0 0.0 0.0 0.0 0.0 0.0 0.0 0.0 0.0 
0.9750000000000032 1.0 1.0 0.17499999999999538 0.0 0.0 0.0 0.0 0.0 0.0 0.0 0.0 0.0 0.0 0.0 0.0 0.0 0.0 0.0 0.0 
0.9750000000000032 1.0 1.0 0.17499999999999538 0.0 0.0 0.0 0.0 0.0 0.0 0.0 0.0 0.0 0.0 0.0 0.0 0.0 0.0 0.0 0.0 
0.9750000000000032 1.0 1.0 0.17499999999999538 0.0 0.0 0.0 0.0 0.0 0.5250000000000075 1.0 1.0 1.0 1.0 1.0 1.0 1.0 1.0 0.92499999999999 0.0 
0.9750000000000032 1.0 1.0 0.17499999999999538 0.0 0.0 0.0 0.0 0.0 0.5250000000000075 1.0 1.0 1.0 1.0 1.0 1.0 1.0 1.0 0.9868749999999985 0.8043749999999922 
0.9750000000000032 1.0 1.0 0.17499999999999538 0.0 0.0 0.0 0.0 0.0 0.0 0.0 0.0 0.0 0.0 0.14437500000000447 0.631875000000003 1.0 1.0 1.0 0.9749999999999872 
0.9750000000000032 1.0 1.0 0.17499999999999538 0.0 0.0 0.0 0.0 0.0 0.0 0.0 0.0 0.0 0.0 0.0 0.22500000000000853 1.0 1.0 1.0 0.9749999999999872 
0.9750000000000032 1.0 1.0 0.17499999999999538 0.0 0.0 0.0 0.0 0.0 0.0 0.0 0.0 0.0 0.0 0.0 0.22500000000000853 1.0 1.0 1.0 0.9749999999999872 
0.9750000000000032 1.0 1.0 0.17499999999999538 0.0 0.0 0.0 0.0 0.0 0.0 0.0 0.0 0.0 0.0 0.0 0.22500000000000853 1.0 1.0 1.0 0.9749999999999872 
0.9750000000000032 1.0 1.0 1.0 0.2249999999999952 0.0 0.0 0.0 0.0 0.0 0.0 0.0 0.0 0.0 0.0 0.22500000000000853 1.0 1.0 0.994374999999999 0.9018749999999854 
0.2681249999999995 0.9456250000000025 1.0 1.0 0.2249999999999952 0.0 0.0 0.0 0.0 0.0 0.0 0.0 0.0 0.0 0.19937500000000707 0.7868750000000034 1.0 1.0 0.92499999999999 0.0 
0.0 0.5781250000000022 0.9531250000000016 1.0 1.0 0.5468749999999969 0.375 0.14062499999999767 0.0 0.0 0.0 0.15937500000000293 0.375 0.5781250000000051 1.0 1.0 1.0 0.8749999999999929 0.0 0.0 
0.0 0.0 0.0 0.8043750000000027 0.9749999999999979 0.9931249999999996 1.0 1.0 1.0 1.0 1.0 1.0 1.0 1.0 0.9931249999999991 0.9749999999999979 0.8043749999999888 0.0 0.0 0.0 
0.0 0.0 0.0 0.0 0.0 0.2356250000000011 0.3249999999999993 0.3249999999999993 0.713125000000004 1.0 1.0 0.7131249999999945 0.3249999999999993 0.3249999999999993 0.23562499999999648 0.0 0.0 0.0 0.0 0.0 
