0.0 0.0 0.0 0.0 0.0 0.0 0.21937500000000387 0.32500000000000284 0.32500000000000284 0.6793750000000064 1.0 1.0 1.0 0.7806249999999955 0.32500000000000284 0.2518749999999994 0.0 0.0 0.0 0.0 
0.0 0.0 0.0 0.0 0.0 0.7068750000000068 0.9918750000000011 1.0 1.0 1.0 1.0 1.0 1.0 1.0 1.0 0.9943750000000005 0.9750000000000028 0.8531249999999955 0.0 0.0 
0.0 0.0 0.0 0.5156250000000051 0.9156250000000024 1.0 1.0 0.6093749999999944 0.37499999999999734 0.17812499999999593 0.0 0.0 0.14062500000000233 0.37499999999999734 0.5468750000000038 1.0 1.0 1.0 0.92499999999999 0.0 
0.0 0.0 0.875000000000004 1.0 1.0 1.0 0.32499999999999396 0.0 0.0 0.0 0.0 0.0 0.0 0.0 0.0 0.22500000000000853 1.0 1.0 1.0 0.9749999999999872 
0.0 0.0 0.875000000000004 1.0 1.0 0.3293749999999936 0.024374999999998738 0.0 0.0 0.0 0.0 0.0 0.0 0.0 0.0 0.01687500000000008 0.23687500000000683 1.0 1.0 0.9749999999999872 
0.0 0.0 0.0 0.0 0.32937499999999986 0.1168749999999971 0.0 0.0 0.0 0.0 0.0 0.0 0.0 0.0 0.0 0.0 0.1750000000000096 1.0 1.0 0.9749999999999872 
0.0 0.0 0.0 0.0 0.0 0.0 0.0 0.0 0.0 0.0 0.0 0.0 0.0 0.0 0.0 0.05062500000000224 0.36062500000000863 1.0 1.0 0.9749999999999872 
0.0 0.0 0.0 0.0 0.0 0.0 0.0 0.0 0.0 0.0 0.0 0.0 0.0 0.0 0.0 0.22500000000000853 1.0 1.0 0.9343749999999912 0.12187499999999667 
0.0 0.0 0.0 0.0 0.0 0.0 0.0 0.0 0.0 0.0 0.0 0.223125000000005 0.5250000000000021 0.6793750000000053 1.0 1.0 0.9081249999999945 0.47499999999999787 0.4393749999999933 0.0 
0.0 0.0 0.0 0.0 0.0 0.0 0.0 0.0 0.5750000000000064 1.0 1.0 1.0 1.0 1.0 1.0 1.0 0.8249999999999904 0.0 0.0 0.0 
0.0 0.0 0.0 0.0 0.0 0.0 0.0 0.0 0.10062499999999948 0.17499999999999716 0.17499999999999716 0.5256250000000049 1.0 1.0 1.0 1.0 0.8249999999999904 0.0 0.0 0.0 
0.0 0.0 0.0 0.0 0.0 0.0 0.0 0.0 0.0 0.0 0.0 0.0 0.0 0.17062500000000383 0.5249999999999986 0.631875000000003 1.0 1.0 0.92499999999999 0.0 
0.0 0.0 0.0 0.0 0.0 0.0 0.0 0.0 0.0 0.0 0.0 0.0 0.0 0.0 0.0 0.22500000000000853 1.0 1.0 1.0 0.9749999999999872 
0.0 0.0 0.0 0.0 0.0 0.0 0.0 0.0 0.0 0.0 0.0 0.0 0.0 0.0 0.0 0.22500000000000853 1.0 1.0 1.0 0.9749999999999872 
0.0 0.39312500000000217 0.4250000000000007 0.4250000000000007 0.09562499999999813 0.0 0.0 0.0 0.0 0.0 0.0 0.0 0.0 0.0 0.0 0.22500000000000853 1.0 1.0 1.0 0.9749999999999872 
0.9018750000000002 0.994375 1.0 1.0 0.2249999999999952 0.0 0.0 0.0 0.0 0.0 0.0 0.0 0.0 0.0 0.0 0.22500000000000853 1.0 1.0 1.0 0.9749999999999872 
0.0 0.9250000000000036 1.0 1.0 0.7868749999999998 0.19937499999999678 0.0 0.0 0.0 0.0 0.0 0.0 0.0 0.0 0.19937500000000707 0.7868750000000034 1.0 1.0 0.9456249999999927 0.2681249999999951 
0.0 0.5781250000000022 0.9531250000000016 1.0 1.0 1.0 0.5781249999999962 0.375 0.1593749999999976 0.0 0.0 0.0 0.14062500000000333 0.375 0.5468750000000058 1.0 1.0 0.9531249999999973 0.5781249999999938 0.0 
0.0 0.0 0.0 0.8043750000000027 0.9749999999999979 0.9931249999999996 1.0 1.0 1.0 1.0 1.0 1.0 1.0 1.0 0.9931249999999991 0.9749999999999979 0.8043749999999888 0.0 0.0 0.0 
0.0 0.0 0.0 0.0 0.0 0.2356250000000011 0.3249999999999993 0.746875000000004 1.0 1.0 1.0 0.7131249999999945 0.3249999999999993 0.3249999999999993 0.23562499999999648 0.0 0.0 0.0 0.0 0.0 
