0.0 0.0 0.0 0.0 0.0 0.0 0.0 0.0 0.0 0.0 0.4750000000000014 1.0 1.0 1.0 0.7249999999999979 0.0 0.0 0.0 0.0 0.0 
0.0 0.0 0.0 0.0 0.0 0.0 0.0 0.0 0.0 0.43312500000000265 0.9081250000000012 1.0 1.0 1.0 0.7249999999999979 0.0 0.0 0.0 0.0 0.0 
0.0 0.0 0.0 0.0 0.0 0.0 0.0 0.0 0.2156250000000015 0.703125000000002 1.0 1.0 1.0 1.0 1.0 0.774999999999995 0.0 0.0 0.0 0.0 
0.0 0.0 0.0 0.0 0.0 0.0 0.0 0.0 0.575000000000002 1.0 1.0 1.0 1.0 1.0 1.0 0.774999999999995 0.0 0.0 0.0 0.0 
0.0 0.0 0.0 0.0 0.0 0.0 0.0 0.0 0.575000000000002 1.0 1.0 1.0 1.0 1.0 1.0 0.774999999999995 0.0 0.0 0.0 0.0 
0.0 0.0 0.0 0.0 0.0 0.0 0.0 0.6250000000000018 1.0 1.0 1.0 1.0 1.0 1.0 1.0 0.7806249999999952 0.020625000000000185 0.0 0.0 0.0 
0.0 0.0 0.0 0.0 0.0 0.0 0.0 0.6250000000000018 1.0 1.0 1.0 1.0 1.0 1.0 1.0 1.0 0.8249999999999957 0.0 0.0 0.0 
0.0 0.0 0.0 0.0 0.0 0.0 0.6750000000000016 1.0 1.0 1.0 0.5249999999999986 0.0 0.37500000000000355 1.0 1.0 1.0 0.8249999999999957 0.0 0.0 0.0 
0.0 0.0 0.0 0.0 0.0 0.0 0.6750000000000016 1.0 1.0 0.6456249999999991 0.1706250000000001 0.0 0.12187500000000155 0.5443750000000026 1.0 1.0 0.8249999999999957 0.0 0.0 0.0 
0.0 0.0 0.0 0.0 0.0 0.7250000000000014 1.0 1.0 1.0 0.47499999999999787 0.0 0.0 0.0 0.32500000000000284 1.0 1.0 1.0 0.8749999999999964 0.0 0.0 
0.0 0.0 0.0 0.0 0.0 0.7250000000000014 1.0 1.0 0.5543749999999993 0.10687500000000019 0.0 0.0 0.0 0.32500000000000284 1.0 1.0 1.0 0.8749999999999964 0.0 0.0 
0.0 0.0 0.0 0.0 0.7750000000000012 1.0 1.0 1.0 0.42499999999999805 0.0 0.0 0.0 0.0 0.21937500000000215 0.7643750000000012 1.0 1.0 0.8749999999999964 0.0 0.0 
0.0 0.0 0.0 0.0 0.7750000000000012 1.0 1.0 0.45312500000000067 0.05312500000000127 0.0 0.0 0.0 0.0 0.0 0.27500000000000213 1.0 1.0 0.8749999999999964 0.0 0.0 
0.0 0.0 0.0 0.8250000000000011 1.0 1.0 1.0 0.3749999999999982 0.0 0.0 0.0 0.0 0.0 0.0 0.27500000000000213 1.0 1.0 1.0 0.9249999999999972 0.0 
0.0 0.0 0.0 0.8250000000000011 1.0 1.0 1.0 0.3749999999999982 0.0 0.0 0.0 0.0 0.0 0.0 0.27500000000000213 1.0 1.0 1.0 0.9249999999999972 0.0 
0.0 0.0 0.8750000000000009 1.0 1.0 1.0 0.6793749999999958 0.524999999999995 0.524999999999995 0.524999999999995 0.524999999999995 0.524999999999995 0.524999999999995 0.524999999999995 0.6556249999999975 1.0 1.0 1.0 0.9249999999999972 0.0 
0.0 0.0 0.8750000000000009 1.0 1.0 1.0 1.0 1.0 1.0 1.0 1.0 1.0 1.0 1.0 1.0 1.0 1.0 1.0 0.930624999999997 0.07312499999999542 
0.0 0.5781249999999971 0.9531249999999999 1.0 1.0 1.0 0.5781250000000013 0.37500000000000355 0.37500000000000355 0.37500000000000355 0.37500000000000355 0.37500000000000355 0.37500000000000355 0.37500000000000355 0.5468750000000039 1.0 1.0 1.0 1.0 0.9749999999999943 
0.17062499999999386 0.9381250000000001 1.0 1.0 0.8643750000000048 0.22687500000000058 0.0 0.0 0.0 0.0 0.0 0.0 0.0 0.0 0.0 0.22500000000000497 1.0 1.0 1.0 0.9749999999999943 
0.9750000000000005 1.0 1.0 1.0 0.22499999999999876 0.0 0.0 0.0 0.0 0.0 0.0 0.0 0.0 0.0 0.0 0.06187500000000265 0.40187500000000775 1.0 1.0 0.9749999999999943 
