0.38999999999998597 0.3999999999999879 0.924999999999995 1.0 0.5349999999999941 0.3999999999999879 0.8049999999999922 0.6249999999999962 0.3999999999999879 0.3999999999999879 0.3999999999999879 0.3999999999999879 0.3999999999999879 0.3999999999999879 0.3999999999999879 0.3999999999999879 0.3999999999999879 0.3999999999999879 0.36999999999999195 0.0 
0.9749999999999943 1.0 1.0 1.0 1.0 1.0 1.0 1.0 1.0 1.0 1.0 1.0 1.0 1.0 1.0 1.0 1.0 1.0 0.9250000000000078 0.0 
9.958700530887596e-15 1.021405182655144e-14 1.021405182655144e-14 1.021405182655144e-14 1.021405182655144e-14 1.021405182655144e-14 1.021405182655144e-14 1.021405182655144e-14 1.021405182655144e-14 1.021405182655144e-14 1.021405182655144e-14 1.021405182655144e-14 1.021405182655144e-14 0.32500000000000084 1.0 1.0 1.0 1.0 0.9250000000000078 0.0 
0.0 0.0 0.0 0.0 0.0 0.0 0.0 0.0 0.0 0.0 0.0 0.0 0.0 0.32499999999999396 1.0 1.0 1.0 0.8750000000000071 0.0 0.0 
0.0 0.0 0.0 0.0 0.0 0.0 0.0 0.0 0.0 0.0 0.0 0.0 0.3749999999999929 1.0 1.0 1.0 0.8950000000000053 0.35000000000001014 0.0 0.0 
0.0 0.0 0.0 0.0 0.0 0.0 0.0 0.0 0.0 0.0 0.0 0.4249999999999936 1.0 1.0 1.0 0.9100000000000038 0.49500000000000943 0.0 0.0 0.0 
0.0 0.0 0.0 0.0 0.0 0.0 0.0 0.0 0.0 0.0 0.09499999999999599 0.5399999999999914 1.0 1.0 0.7250000000000068 0.0 0.0 0.0 0.0 0.0 
0.0 0.0 0.0 0.0 0.0 0.0 0.0 0.0 0.0 0.0 0.4749999999999943 1.0 1.0 1.0 0.7250000000000068 0.0 0.0 0.0 0.0 0.0 
0.0 0.0 0.0 0.0 0.0 0.0 0.0 0.0 0.0 0.5249999999999932 1.0 1.0 1.0 0.675000000000006 0.0 0.0 0.0 0.0 0.0 0.0 
0.0 0.0 0.0 0.0 0.0 0.0 0.0 0.0 0.574999999999994 1.0 1.0 1.0 0.6250000000000071 0.0 0.0 0.0 0.0 0.0 0.0 0.0 
0.0 0.0 0.0 0.0 0.0 0.0 0.0 0.6249999999999938 1.0 1.0 1.0 0.5750000000000064 0.0 0.0 0.0 0.0 0.0 0.0 0.0 0.0 
0.0 0.0 0.0 0.0 0.0 0.0 0.6749999999999936 1.0 1.0 1.0 0.5250000000000057 0.0 0.0 0.0 0.0 0.0 0.0 0.0 0.0 0.0 
0.0 0.0 0.0 0.0 0.0 0.7249999999999943 1.0 1.0 1.0 0.47500000000000675 0.0 0.0 0.0 0.0 0.0 0.0 0.0 0.0 0.0 0.0 
0.0 0.0 0.0 0.0 0.6199999999999959 0.9449999999999991 1.0 1.0 0.5400000000000045 0.09500000000000101 0.0 0.0 0.0 0.0 0.0 0.0 0.0 0.0 0.0 0.0 
0.0 0.0 0.0 0.49499999999999755 0.9099999999999979 1.0 1.0 0.6250000000000029 0.17000000000000182 0.0 0.0 0.0 0.0 0.0 0.0 0.0 0.0 0.0 0.0 0.0 
0.0 0.0 0.34999999999999953 0.8949999999999967 1.0 1.0 0.7300000000000011 0.22500000000000292 0.0 0.0 0.0 0.0 0.0 0.0 0.0 0.0 0.0 0.0 0.0 0.0 
0.0 0.1850000000000015 0.8999999999999957 1.0 1.0 1.0 0.3250000000000064 0.0 0.0 0.0 0.0 0.0 0.0 0.0 0.0 0.0 0.0 0.0 0.0 0.0 
0.0 0.9249999999999943 1.0 1.0 1.0 1.0 0.3250000000000088 3.552713678800501e-15 3.552713678800501e-15 3.552713678800501e-15 3.552713678800501e-15 3.552713678800501e-15 3.552713678800501e-15 3.552713678800501e-15 3.552713678800501e-15 3.552713678800501e-15 3.552713678800501e-15 3.552713678800501e-15 3.286260152890491e-15 0.0 
0.0 0.9249999999999943 1.0 1.0 1.0 1.0 1.0 1.0 1.0 1.0 1.0 1.0 1.0 1.0 1.0 1.0 1.0 1.0 0.9850000000000024 0.780000000000015 
0.0 0.36999999999998984 0.3999999999999915 0.8949999999999949 1.0 1.0 1.0 1.0 1.0 1.0 1.0 1.0 1.0 1.0 1.0 1.0 1.0 1.0 1.0 0.975000000000005 
