0.0093750000000008 0.4218750000000012 1.0 1.0 0.8593749999999991 0.27187499999999953 0.0 0.0 0.0 0.0 0.0 0.0 0.0 0.0 0.0 0.7749999999999986 1.0 1.0 1.0 1.0 
0.02500000000000213 1.0 1.0 1.0 1.0 0.7593749999999989 0.08437499999999987 0.0 0.0 0.0 0.0 0.0 0.0 0.0 0.7249999999999996 1.0 1.0 1.0 1.0 1.0 
0.02500000000000213 1.0 1.0 1.0 1.0 1.0 0.6749999999999989 0.0 0.0 0.0 0.0 0.0 0.0 0.590625000000001 0.9656250000000001 1.0 1.0 1.0 1.0 1.0 
0.02500000000000213 1.0 1.0 1.0 1.0 1.0 1.0 0.6249999999999991 0.0 0.0 0.0 0.0 0.0 0.6750000000000007 1.0 1.0 1.0 1.0 1.0 1.0 
0.02500000000000213 1.0 1.0 1.0 1.0 1.0 1.0 0.7656249999999998 0.21562500000000023 0.0 0.0 0.0 0.625 1.0 1.0 1.0 1.0 1.0 1.0 1.0 
0.02500000000000213 1.0 1.0 1.0 1.0 1.0 1.0 1.0 0.5749999999999993 0.0 0.0 0.5749999999999993 1.0 1.0 1.0 1.0 1.0 1.0 1.0 1.0 
0.02500000000000213 1.0 1.0 1.0 1.0 1.0 1.0 1.0 0.9468750000000007 0.8750000000000018 0.8750000000000018 0.9468750000000007 1.0 1.0 1.0 1.0 1.0 1.0 1.0 1.0 
0.02500000000000213 1.0 1.0 1.0 0.8593749999999987 0.5468749999999996 1.0 1.0 1.0 1.0 1.0 1.0 1.0 1.0 0.5468749999999989 0.8593749999999987 1.0 1.0 1.0 1.0 
0.02500000000000213 1.0 1.0 0.8249999999999984 0.0 0.0 0.32500000000000107 1.0 1.0 1.0 1.0 1.0 1.0 0.3249999999999993 0.0 0.0 0.8249999999999993 1.0 1.0 0.02500000000000213 
0.02500000000000213 1.0 1.0 0.8249999999999984 0.0 0.0 0.0 0.3750000000000009 1.0 1.0 1.0 1.0 0.375 0.0 0.0 0.0 0.8249999999999993 1.0 1.0 0.02500000000000213 
0.8781250000000037 1.0 1.0 0.8249999999999984 0.0 0.0 0.0 0.3750000000000009 1.0 1.0 1.0 0.49687499999999857 0.04687499999999867 0.0 0.0 0.0 0.8249999999999993 1.0 1.0 0.02500000000000213 
1.0 1.0 1.0 0.8249999999999984 0.0 0.0 0.0 0.0 0.0 0.0 0.0 0.0 0.0 0.0 0.0 0.0 0.8249999999999993 1.0 1.0 0.02500000000000213 
1.0 1.0 1.0 0.8249999999999984 0.0 0.0 0.0 0.0 0.0 0.0 0.0 0.0 0.0 0.0 0.0 0.0 0.8249999999999993 1.0 1.0 0.02500000000000213 
1.0 1.0 1.0 0.8249999999999984 0.0 0.0 0.0 0.0 0.0 0.0 0.0 0.0 0.0 0.0 0.0 0.09687500000000257 0.846875 1.0 1.0 0.02500000000000213 
1.0 1.0 1.0 0.8249999999999984 0.0 0.0 0.0 0.0 0.0 0.0 0.0 0.0 0.0 0.0 0.0 0.7749999999999986 1.0 1.0 1.0 0.02500000000000213 
1.0 1.0 1.0 0.8249999999999984 0.0 0.0 0.0 0.0 0.0 0.0 0.0 0.0 0.0 0.0 0.0 0.7749999999999986 1.0 1.0 1.0 0.02500000000000213 
1.0 1.0 1.0 0.8249999999999984 0.0 0.0 0.0 0.0 0.0 0.0 0.0 0.0 0.0 0.0 0.0 0.7749999999999986 1.0 1.0 1.0 0.02500000000000213 
1.0 1.0 1.0 0.8249999999999984 0.0 0.0 0.0 0.0 0.0 0.0 0.0 0.0 0.0 0.0 0.0 0.7749999999999986 1.0 1.0 1.0 0.02500000000000213 
1.0 1.0 1.0 0.8249999999999984 0.0 0.0 0.0 0.0 0.0 0.0 0.0 0.0 0.0 0.0 0.0 0.7749999999999986 1.0 1.0 1.0 0.02500000000000213 
1.0 1.0 1.0 0.8249999999999984 0.0 0.0 0.0 0.0 0.0 0.0 0.0 0.0 0.0 0.0 0.0 0.7749999999999986 1.0 1.0 1.0 0.02500000000000213 
