0.974999999999997 1.0 1.0 1.0 1.0 1.0 1.0 1.0 1.0 1.0 1.0 1.0 1.0 1.0 1.0 0.8593749999999977 0.37500000000000355 0.32812500000000044 0.0 0.0 
0.974999999999997 1.0 1.0 1.0 1.0 0.9093749999999975 0.8749999999999964 0.8749999999999964 0.8749999999999964 0.8749999999999964 0.8749999999999964 0.8749999999999964 0.8749999999999964 0.9156249999999979 1.0 1.0 1.0 0.8906249999999942 0.11562500000000249 0.0 
0.974999999999997 1.0 1.0 1.0 0.32187499999999847 0.03437499999999919 0.0 0.0 0.0 0.0 0.0 0.0 0.0 0.04062499999999934 0.12499999999999689 0.3218750000000019 1.0 1.0 0.9906249999999994 0.8531249999999949 
0.974999999999997 1.0 1.0 1.0 0.22500000000000098 0.0 0.0 0.0 0.0 0.0 0.0 0.0 0.0 0.0 0.0 0.08437500000000127 0.48437500000000044 1.0 1.0 0.9749999999999908 
0.974999999999997 1.0 1.0 1.0 0.22500000000000098 0.0 0.0 0.0 0.0 0.0 0.0 0.0 0.0 0.0 0.0 0.0 0.17500000000000426 1.0 1.0 0.9749999999999908 
0.974999999999997 1.0 1.0 1.0 0.22500000000000098 0.0 0.0 0.0 0.0 0.0 0.0 0.0 0.0 0.0 0.0 0.0 0.17500000000000426 1.0 1.0 0.9749999999999908 
0.12187499999999789 0.9343749999999976 1.0 1.0 0.22500000000000098 0.0 0.0 0.0 0.0 0.0 0.0 0.0 0.0 0.0 0.0 0.0 0.17500000000000426 1.0 1.0 0.9749999999999908 
0.0 0.9249999999999976 1.0 1.0 0.22500000000000098 0.0 0.0 0.0 0.0 0.0 0.0 0.0 0.0 0.0 0.0 0.0 0.17500000000000426 1.0 1.0 0.9749999999999908 
0.0 0.9249999999999975 1.0 1.0 0.22500000000000098 0.0 0.0 0.0 0.0 0.0 0.0 0.0 0.0 0.0 0.0 0.0 0.17500000000000426 1.0 1.0 0.9749999999999908 
0.0 0.9249999999999975 1.0 1.0 0.22500000000000098 0.0 0.0 0.0 0.0 0.0 0.0 0.0 0.0 0.0 0.0 0.0 0.17500000000000426 1.0 1.0 0.9749999999999908 
0.0 0.9249999999999975 1.0 1.0 0.22500000000000098 0.0 0.0 0.0 0.0 0.0 0.0 0.0 0.0 0.0 0.0 0.0 0.17500000000000426 1.0 1.0 0.9749999999999908 
0.0 0.9249999999999975 1.0 1.0 0.22500000000000098 0.0 0.0 0.0 0.0 0.0 0.0 0.0 0.0 0.0 0.0 0.0 0.17500000000000426 1.0 1.0 0.9749999999999908 
0.0 0.9249999999999975 1.0 1.0 0.22500000000000098 0.0 0.0 0.0 0.0 0.0 0.0 0.0 0.0 0.0 0.0 0.0 0.17500000000000426 1.0 1.0 0.9749999999999908 
0.0 0.9249999999999975 1.0 1.0 0.22500000000000098 0.0 0.0 0.0 0.0 0.0 0.0 0.0 0.0 0.0 0.0 0.0 0.17500000000000426 1.0 1.0 0.9749999999999908 
0.0 0.9249999999999975 1.0 1.0 0.22500000000000098 0.0 0.0 0.0 0.0 0.0 0.0 0.0 0.0 0.0 0.0 0.0 0.17500000000000426 1.0 1.0 0.9749999999999908 
0.0 0.9249999999999975 1.0 1.0 0.22500000000000098 0.0 0.0 0.0 0.0 0.0 0.0 0.0 0.0 0.0 0.0 0.0 0.17500000000000426 1.0 1.0 0.9749999999999908 
0.0 0.9249999999999975 1.0 1.0 0.22500000000000098 0.0 0.0 0.0 0.0 0.0 0.0 0.0 0.0 0.0 0.0 0.08437500000000187 0.48437500000000266 1.0 1.0 0.9749999999999908 
0.0 0.9249999999999975 1.0 1.0 0.32187500000000085 0.034375000000000044 0.0 0.0 0.0 0.0 0.0 0.0 0.046875000000000444 0.125 0.125 0.32187500000000435 1.0 1.0 1.0 0.9749999999999908 
0.0 0.9249999999999975 1.0 1.0 1.0 0.909375 0.875 0.875 0.875 0.875 0.875 0.875 0.9218750000000004 1.0 1.0 1.0 1.0 1.0 0.9343749999999944 0.12187499999999885 
0.0 0.9249999999999975 1.0 1.0 1.0 1.0 1.0 1.0 1.0 1.0 1.0 1.0 1.0 1.0 1.0 0.8593749999999969 0.375 0.32812499999999734 0.0 0.0 
