0.0 0.0 0.0 0.0 0.027500000000002068 0.24750000000000372 0.27500000000000213 0.27500000000000213 0.4925000000000065 0.9274999999999953 0.34749999999999714 0.27500000000000213 0.27500000000000213 0.27500000000000213 0.24749999999999958 0.02749999999999865 0.0 0.0 0.0 0.0 
0.0 0.0 0.0 0.2475000000000063 0.8425000000000029 0.9825000000000014 1.0 1.0 1.0 1.0 1.0 1.0 1.0 1.0 0.9824999999999987 0.8425000000000008 0.2474999999999953 0.0 0.0 0.0 
0.0 0.26250000000000373 0.6875000000000051 1.0 1.0 1.0 0.737499999999996 0.6249999999999982 0.6249999999999982 0.6249999999999982 0.6249999999999982 0.6249999999999982 0.6249999999999982 0.7375000000000017 1.0 1.0 1.0 0.6874999999999964 0.2624999999999983 0.0 
0.0 0.7000000000000066 1.0 1.0 0.9074999999999936 0.1674999999999925 0.022499999999998976 0.0 0.0 0.0 0.0 0.0 0.0 0.022500000000000107 0.16750000000000645 0.9075000000000051 1.0 1.0 0.6999999999999922 0.0 
0.9000000000000066 1.0 1.0 0.8574999999999963 0.4724999999999952 0.05249999999999641 0.0 0.0 0.0 0.0 0.0 0.0 0.0 0.0 0.052500000000004335 0.4725000000000017 0.8575000000000026 1.0 1.0 0.8999999999999915 
0.9000000000000066 1.0 1.0 0.6999999999999931 0.0 0.0 0.0 0.0 0.0 0.0 0.0 0.0 0.0 0.0 0.0 0.0 0.7000000000000064 1.0 1.0 0.8999999999999915 
0.9000000000000066 1.0 1.0 0.6999999999999931 0.0 0.0 0.0 0.0 0.0 0.0 0.0 0.0 0.0 0.0 0.0 0.0 0.7000000000000064 1.0 1.0 0.8999999999999915 
0.9000000000000066 1.0 0.9374999999999991 0.6124999999999939 0.0 0.0 0.0 0.0 0.0 0.0 0.0 0.0 0.0 0.0 0.0 0.0 0.0875000000000008 0.5625000000000062 1.0 0.8999999999999915 
0.2925000000000015 0.7975000000000043 0.8374999999999981 0.4724999999999958 0.0 0.0 0.0 0.0 0.0 0.0 0.0 0.0 0.0 0.0 0.0 0.0 0.7000000000000064 1.0 1.0 0.8999999999999915 
0.0 0.5425000000000041 0.8875000000000008 1.0 0.9224999999999949 0.3024999999999962 0.06749999999999878 0.0 0.0 0.0 0.0 0.0 0.0 0.06750000000000218 0.3025000000000079 0.9225000000000045 1.0 0.8874999999999977 0.8425000000000008 0.8999999999999915 
0.0 0.0 0.11250000000000132 0.4575000000000051 1.0 1.0 0.2999999999999927 0.3875000000000057 0.7750000000000004 0.7750000000000004 0.7750000000000004 0.23249999999999515 0.0 0.3000000000000078 1.0 1.0 1.0 0.8874999999999986 0.842500000000002 0.8999999999999915 
0.0 0.0 0.0 0.0 0.06750000000000463 0.607500000000005 0.6750000000000007 0.6750000000000007 0.6750000000000007 0.6750000000000007 0.6750000000000007 0.6750000000000007 0.6750000000000007 0.4724999999999952 0.0 0.0 0.7000000000000064 1.0 1.0 0.8999999999999915 
0.0 0.0 0.0 0.0 0.0 0.0 0.0 0.0 0.0 0.0 0.0 0.0 0.0 0.0 0.0 0.0 0.7000000000000064 1.0 1.0 0.8999999999999915 
0.0 0.0 0.0 0.0 0.0 0.0 0.0 0.0 0.0 0.0 0.0 0.0 0.0 0.0 0.0 0.0 0.0 0.28750000000000375 0.7025000000000028 0.8999999999999915 
0.0 0.0 0.0 0.0 0.0 0.0 0.0 0.0 0.0 0.0 0.0 0.0 0.0 0.0 0.0 0.0 0.6825000000000048 0.487499999999992 0.3000000000000078 0.8999999999999915 
0.4725000000000022 0.5249999999999986 0.5249999999999986 0.3674999999999954 0.0 0.0 0.0 0.0 0.0 0.0 0.0 0.0 0.0 0.0 0.0 0.0 0.332500000000004 0.7375000000000045 1.0 0.8999999999999915 
0.8325000000000067 0.9775000000000007 1.0 0.6999999999999931 0.0 0.0 0.0 0.0 0.0 0.0 0.0 0.0 0.0 0.0 0.0 0.0 0.0 0.5000000000000071 0.6999999999999922 0.0 
0.0 0.7000000000000066 1.0 0.8874999999999974 0.5624999999999958 0.06249999999999589 0.0 0.0 0.0 0.0 0.0 0.0 0.0 0.0 0.06250000000000533 0.5625000000000036 0.625 0.4999999999999982 0.26249999999999707 0.0 
0.0 0.577500000000005 0.8249999999999993 0.6299999999999952 0.2575000000000062 0.9175000000000055 0.4224999999999945 0.1750000000000007 0.12249999999999929 0.0 0.0 0.12250000000000162 0.1750000000000007 0.1750000000000007 0.2400000000000061 0.7600000000000031 0.2474999999999945 0.0 0.0 0.0 
0.0 0.0 0.0 0.08250000000000254 0.27500000000000213 0.27500000000000213 0.782500000000006 1.0 0.9174999999999974 0.7249999999999979 0.7249999999999979 0.9175000000000011 1.0 0.782499999999995 0.24749999999999958 0.02749999999999865 0.0 0.0 0.0 0.0 
