0.0 0.9249999999999943 1.0 1.0 1.0 1.0 1.0 1.0 1.0 1.0 1.0 1.0 1.0 1.0 1.0 1.0 1.0 1.0 1.0 0.975000000000005 
0.0 0.9249999999999943 1.0 1.0 1.0 1.0 1.0 0.8750000000000083 0.8000000000000114 0.8000000000000114 0.8000000000000114 0.8000000000000114 0.8000000000000114 0.8000000000000114 0.8000000000000114 0.8000000000000114 0.8000000000000114 0.8000000000000114 0.8000000000000114 0.780000000000015 
0.0 0.9249999999999943 1.0 1.0 1.0 0.27500000000001307 1.021405182655144e-14 3.830269434956853e-15 0.0 0.0 0.0 0.0 0.0 0.0 0.0 0.0 0.0 0.0 0.0 0.0 
0.0 0.9249999999999943 1.0 1.0 1.0 0.2750000000000057 0.0 0.0 0.0 0.0 0.0 0.0 0.0 0.0 0.0 0.0 0.0 0.0 0.0 0.0 
0.0 0.9249999999999943 1.0 1.0 1.0 0.2750000000000057 0.0 0.0 0.0 0.0 0.0 0.0 0.0 0.0 0.0 0.0 0.0 0.0 0.0 0.0 
0.0 0.9249999999999943 1.0 1.0 1.0 0.2750000000000057 0.0 0.0 0.0 0.0 0.0 0.0 0.0 0.0 0.0 0.0 0.0 0.0 0.0 0.0 
0.0 0.9249999999999943 1.0 1.0 1.0 0.42000000000000015 0.19999999999999396 0.6999999999999927 1.0 1.0 1.0 1.0 1.0 1.0 0.7800000000000037 0.19999999999999396 0.1649999999999963 0.0 0.0 0.0 
0.0 0.9249999999999943 1.0 1.0 1.0 1.0 1.0 1.0 1.0 1.0 1.0 1.0 1.0 1.0 1.0 1.0 0.9999999999999991 0.8750000000000024 0.0 0.0 
0.0 0.9249999999999943 1.0 1.0 1.0 1.0 0.46000000000000824 0.07500000000000298 0.0 0.0 0.0 0.0 0.07500000000000032 0.20000000000000462 0.41999999999999793 1.0 1.0 1.0 0.9250000000000078 0.0 
0.0 0.36999999999999966 0.40000000000000213 0.40000000000000213 0.40000000000000213 0.11000000000000286 0.0 0.0 0.0 0.0 0.0 0.0 0.0 0.0 0.10999999999999789 0.5349999999999983 1.0 1.0 1.0 0.975000000000005 
0.0 0.0 0.0 0.0 0.0 0.0 0.0 0.0 0.0 0.0 0.0 0.0 0.0 0.0 0.0 0.22499999999999432 1.0 1.0 1.0 0.975000000000005 
0.0 0.0 0.0 0.0 0.0 0.0 0.0 0.0 0.0 0.0 0.0 0.0 0.0 0.0 0.0 0.22499999999999432 1.0 1.0 1.0 0.975000000000005 
0.0 0.0 0.0 0.0 0.0 0.0 0.0 0.0 0.0 0.0 0.0 0.0 0.0 0.0 0.0 0.22499999999999432 1.0 1.0 1.0 0.975000000000005 
0.0 0.0 0.0 0.0 0.0 0.0 0.0 0.0 0.0 0.0 0.0 0.0 0.0 0.0 0.0 0.22499999999999432 1.0 1.0 1.0 0.975000000000005 
0.584999999999998 0.6000000000000014 0.6000000000000014 0.6000000000000014 0.13500000000000384 0.0 0.0 0.0 0.0 0.0 0.0 0.0 0.0 0.0 0.0 0.22499999999999432 1.0 1.0 1.0 0.975000000000005 
0.9749999999999943 1.0 1.0 1.0 0.22500000000000586 0.0 0.0 0.0 0.0 0.0 0.0 0.0 0.0 0.0 0.0 0.22499999999999432 1.0 1.0 1.0 0.975000000000005 
0.0 0.9249999999999943 1.0 1.0 1.0 0.2750000000000057 0.0 0.0 0.0 0.0 0.0 0.0 0.0 0.0 0.27499999999999325 1.0 1.0 1.0 0.9250000000000078 0.0 
0.0 0.0 0.8749999999999942 1.0 1.0 1.0 1.0 0.37500000000000844 3.552713678800501e-15 3.552713678800501e-15 3.552713678800501e-15 3.552713678800501e-15 0.3749999999999951 1.0 1.0 1.0 0.9999999999999993 0.875000000000004 0.0 0.0 
0.0 0.0 0.1749999999999889 0.8599999999999932 1.0 1.0 1.0 1.0 1.0 1.0 1.0 1.0 1.0 1.0 1.0 0.820000000000002 0.1649999999999919 0.0 0.0 0.0 
0.0 0.0 0.0 0.0 0.0 0.28999999999999154 0.3999999999999915 0.3999999999999915 0.7449999999999928 1.0 1.0 0.7450000000000002 0.3999999999999915 0.3999999999999915 0.28999999999999654 0.0 0.0 0.0 0.0 0.0 
