0.0 0.0 0.0 0.0 0.0 0.0 0.0 0.0 0.0 0.0 0.0 0.0 1.8651746813702706e-15 0.35000000000000486 1.0 1.0 1.0 1.0 0.9999999999999929 0.0 
0.0 0.0 0.0 0.0 0.0 0.0 0.0 0.0 0.0 0.0 3.3750779948604718e-15 0.9499999999999991 1.0 1.0 1.0 1.0 1.0 1.0 0.9999999999999929 0.0 
0.0 0.0 0.0 0.0 0.0 0.0 0.0 0.0 0.0 2.664535259100379e-15 0.7500000000000009 0.7500000000000018 1.0 1.0 1.0 1.0 1.0 1.0 0.9999999999999929 0.0 
0.0 0.0 0.0 0.0 0.0 0.0 0.0 0.0 0.0 1.5987211554602292e-15 0.450000000000003 1.0 1.0 1.0 1.0 1.0 1.0 1.0 0.9999999999999929 0.0 
0.0 0.0 0.0 0.0 0.0 0.0 0.0 0.0 3.552713678800501e-15 1.0 1.0 1.0 1.0 1.0 1.0 1.0 1.0 1.0 0.9999999999999929 0.0 
0.0 0.0 0.0 0.0 0.0 0.0 0.0 3.0198066269804245e-15 0.8500000000000002 1.0 1.0 1.0 1.0 1.0 1.0 1.0 1.0 1.0 0.9999999999999929 0.0 
0.0 0.0 0.0 0.0 0.0 0.0 1.953992523340278e-15 0.5500000000000023 1.0 1.0 1.0 1.0 1.0 1.0 1.0 1.0 1.0 1.0 0.9999999999999929 0.0 
0.0 0.0 0.0 0.0 0.0 6.661338147750939e-16 0.25000000000000266 1.0 1.0 1.0 0.9999999999999991 0.7499999999999973 0.0 5.329070518200751e-15 1.0 1.0 1.0 1.0 0.9999999999999929 0.0 
0.0 0.0 0.0 0.0 2.531308496145355e-15 0.9499999999999994 1.0 1.0 1.0 1.0 0.9999999999999964 0.0 0.0 5.329070518200751e-15 1.0 1.0 1.0 1.0 0.9999999999999929 0.0 
0.0 0.0 0.0 1.7319479184152404e-15 0.6499999999999995 1.0 1.0 1.0 1.0 0.9999999999999964 0.0 0.0 0.0 5.329070518200751e-15 1.0 1.0 1.0 1.0 0.9999999999999929 0.0 
0.0 0.0 7.771561172376048e-16 0.3499999999999996 1.0 1.0 1.0 1.0 0.9999999999999964 0.0 0.0 0.0 0.0 5.329070518200751e-15 1.0 1.0 1.0 0.9999999999999929 0.0 0.0 
0.0 1.9984014443252818e-15 1.0 1.0 1.0 1.0 1.0 0.9999999999999964 0.0 0.0 0.0 0.0 0.0 5.329070518200751e-15 1.0 1.0 1.0 0.9999999999999929 0.0 0.0 
1.3322676295501878e-15 0.7500000000000004 1.0 1.0 1.0 1.0 0.9999999999999973 0.2499999999999991 0.0 0.0 0.0 0.0 0.0 5.329070518200751e-15 1.0 1.0 1.0 0.9999999999999929 0.0 0.0 
0.4500000000000003 1.0 1.0 1.0 1.0 0.9999999999999988 0.5499999999999987 0.0 0.0 0.0 0.0 0.0 0.0 5.329070518200751e-15 1.0 1.0 1.0 0.9999999999999929 0.0 0.0 
1.0 1.0 1.0 1.0 1.0 1.0 1.0 1.0 1.0 0.999999999999997 0.1500000000000016 1.0 1.0 1.0 1.0 1.0 1.0 1.0 0.999999999999994 0.14999999999999752 
1.0 1.0 1.0 1.0 1.0 1.0 1.0 1.0 1.0 1.0 1.0 1.0 1.0 1.0 1.0 1.0 1.0 1.0 1.0 0.9999999999999929 
1.0 1.0 1.0 1.0 1.0 1.0 1.0 1.0 1.0 1.0 1.0 1.0 1.0 1.0 1.0 1.0 1.0 1.0 1.0 0.9999999999999929 
0.0 0.0 0.0 0.0 0.0 0.0 0.0 0.0 0.0 0.0 0.0 0.0 3.9968028886505825e-15 0.7500000000000049 1.0 1.0 1.0 0.9999999999999982 0.7499999999999982 0.0 
0.0 0.0 0.0 0.0 0.0 0.0 0.0 0.0 0.0 0.0 0.0 0.0 0.0 5.329070518200751e-15 1.0 1.0 1.0 0.9999999999999929 0.0 0.0 
0.0 0.0 0.0 0.0 0.0 0.0 0.0 0.0 0.0 0.0 0.0 0.0 0.0 5.329070518200751e-15 1.0 1.0 1.0 0.9999999999999929 0.0 0.0 
