0.0 0.0 0.0 0.0 0.026249999999999746 0.14874999999999902 0.2712499999999983 0.43124999999999813 0.658749999999999 0.8862499999999998 1.0 1.0 1.0 1.0 1.0 1.0 1.0 1.0 1.0 0.6749999999999989 
0.03374999999999865 0.0737499999999976 0.40624999999999833 0.7387499999999991 1.0 1.0 1.0 1.0 1.0 1.0 1.0 1.0 1.0 1.0 1.0 1.0 1.0 1.0 1.0 0.6749999999999989 
0.6749999999999994 1.0 1.0 1.0 1.0 1.0 1.0 1.0 1.0 1.0 1.0 1.0 1.0 1.0 1.0 1.0 1.0 1.0 1.0 0.6749999999999989 
0.6749999999999994 1.0 1.0 1.0 1.0 1.0 1.0 1.0 1.0 1.0 1.0 1.0 1.0 1.0 1.0 1.0 1.0 1.0 1.0 0.6749999999999989 
0.5737499999999999 0.8537500000000005 0.9062500000000002 0.9587500000000001 1.0 1.0 1.0 1.0 1.0 1.0 1.0 1.0 1.0 1.0 1.0 1.0 1.0 1.0 1.0 0.6749999999999989 
0.0 0.0037499999999999287 0.056250000000000064 0.10875000000000021 0.2137500000000001 0.51125 0.80875 1.0 1.0 1.0 1.0 1.0 1.0 1.0 1.0 1.0 1.0 1.0 1.0 0.6749999999999989 
0.0 0.0 0.0 0.0 0.07499999999999973 0.4249999999999998 0.7749999999999999 1.0 1.0 1.0 1.0 1.0 1.0 1.0 1.0 1.0 1.0 1.0 1.0 0.6749999999999989 
0.0 0.0 0.0 0.0 0.07499999999999973 0.4249999999999998 0.7749999999999999 1.0 1.0 1.0 1.0 1.0 1.0 1.0 1.0 1.0 1.0 1.0 1.0 0.6749999999999989 
0.0 0.0 0.0 0.0 0.07499999999999973 0.4249999999999998 0.7749999999999999 1.0 1.0 1.0 1.0 1.0 1.0 1.0 1.0 1.0 1.0 1.0 1.0 0.6749999999999989 
0.0 0.0 0.0 0.0 0.07499999999999973 0.4249999999999998 0.7749999999999999 1.0 1.0 1.0 1.0 1.0 1.0 1.0 1.0 1.0 1.0 1.0 1.0 0.6749999999999989 
0.0 0.0 0.0 0.0 0.07499999999999973 0.4249999999999998 0.7749999999999999 1.0 1.0 1.0 1.0 1.0 1.0 1.0 1.0 1.0 0.7249999999999996 0.375 0.02499999999999858 0.0 
0.0 0.0 0.0 0.0 0.07499999999999973 0.4249999999999998 0.7749999999999999 1.0 1.0 1.0 1.0 1.0 1.0 1.0 1.0 1.0 0.7249999999999996 0.375 0.02499999999999858 0.0 
0.0 0.0 0.0 0.0 0.07499999999999973 0.4249999999999998 0.7749999999999999 1.0 1.0 1.0 1.0 1.0 1.0 1.0 1.0 1.0 0.7249999999999996 0.375 0.02499999999999858 0.0 
0.0 0.0 0.0 0.0 0.07499999999999973 0.4249999999999998 0.7749999999999999 1.0 1.0 1.0 1.0 1.0 1.0 1.0 1.0 1.0 0.7249999999999996 0.375 0.02499999999999858 0.0 
0.0 0.0 0.0 0.0 0.07499999999999973 0.4249999999999998 0.7749999999999999 1.0 1.0 1.0 1.0 1.0 1.0 1.0 1.0 1.0 0.7249999999999996 0.375 0.02499999999999858 0.0 
0.0 0.0 0.0 0.0 0.07499999999999973 0.4249999999999998 0.7749999999999999 1.0 1.0 1.0 1.0 1.0 1.0 1.0 1.0 1.0 0.7249999999999996 0.375 0.02499999999999858 0.0 
0.0 0.013749999999999813 0.20625000000000135 0.3987500000000029 0.5837500000000038 0.7412500000000024 0.8987500000000009 1.0 1.0 1.0 1.0 1.0 1.0 1.0 1.0 1.0 0.7249999999999996 0.375 0.02499999999999858 0.0 
0.0 0.024999999999999467 0.37499999999999956 0.7249999999999996 1.0 1.0 1.0 1.0 1.0 1.0 1.0 1.0 1.0 1.0 1.0 1.0 0.7249999999999996 0.375 0.02499999999999858 0.0 
0.0 0.024999999999999467 0.37499999999999956 0.7249999999999996 1.0 1.0 1.0 1.0 1.0 1.0 1.0 1.0 1.0 1.0 1.0 1.0 0.7249999999999996 0.375 0.02499999999999858 0.0 
0.0 0.008749999999999671 0.1312499999999977 0.25374999999999576 0.39874999999999455 0.6262499999999966 0.8537499999999987 1.0 1.0 1.0 0.8862499999999989 0.6587499999999968 0.43124999999999475 0.3499999999999943 0.3499999999999943 0.3499999999999943 0.25374999999999576 0.13124999999999787 0.00874999999999936 0.0 
