0.0 0.02625000000000127 0.4312499999999988 1.0 0.8537499999999938 0.5287500000000013 0.7887499999999916 0.21874999999999273 0.0 0.0 0.0 0.0 0.0 0.0 0.0 0.0 0.825000000000017 1.0 1.0 1.0 
0.0 0.07500000000000484 1.0 1.0 1.0 1.0 1.0 0.6249999999999893 0.0 0.0 0.0 0.0 0.0 0.0 0.0 0.0 0.825000000000017 1.0 1.0 1.0 
0.0 0.07500000000000484 1.0 1.0 1.0 1.0 1.0 0.9062499999999956 0.43124999999998864 0.0 0.0 0.0 0.0 0.0 0.0 0.0 0.825000000000017 1.0 1.0 1.0 
0.0 0.07500000000000484 1.0 1.0 1.0 1.0 1.0 1.0 0.5749999999999886 0.0 0.0 0.0 0.0 0.0 0.0 0.0 0.825000000000017 1.0 1.0 1.0 
0.0 0.07500000000000484 1.0 1.0 1.0 1.0 1.0 1.0 1.0 0.5249999999999879 0.0 0.0 0.0 0.0 0.0 0.7750000000000181 1.0 1.0 1.0 1.0 
0.0 0.07500000000000484 1.0 1.0 1.0 1.0 1.0 1.0 1.0 0.5249999999999879 0.0 0.0 0.0 0.0 0.0 0.7750000000000181 1.0 1.0 1.0 1.0 
0.0 0.07500000000000484 1.0 1.0 1.0 1.0 1.0 1.0 1.0 1.0 0.4749999999999872 0.0 0.0 0.0 0.0 0.7750000000000181 1.0 1.0 1.0 0.4637499999999903 
0.0 0.07500000000000484 1.0 1.0 1.0 1.0 1.0 1.0 1.0 1.0 0.6062499999999885 0.10624999999999511 0.0 0.0 0.0 0.7750000000000181 1.0 1.0 1.0 0.024999999999977263 
0.0 0.07500000000000484 1.0 1.0 1.0 0.7387499999999928 0.3587500000000111 1.0 1.0 1.0 1.0 0.4249999999999865 0.0 0.0 0.0 0.7750000000000181 1.0 1.0 1.0 0.024999999999977263 
0.0 0.07500000000000484 1.0 1.0 1.0 0.7249999999999917 0.0 0.37500000000001066 1.0 1.0 1.0 1.0 0.374999999999984 0.0 0.0 0.7750000000000181 1.0 1.0 1.0 0.024999999999977263 
0.0 0.07500000000000484 1.0 1.0 1.0 0.7249999999999917 0.0 0.24375000000000774 0.7987500000000052 1.0 1.0 1.0 0.5937499999999882 0.11374999999999347 0.0 0.7750000000000181 1.0 1.0 1.0 0.024999999999977263 
0.0 0.07500000000000484 1.0 1.0 0.9887500000000002 0.6887499999999941 0.0 0.0 0.403750000000012 0.9737500000000021 1.0 1.0 1.0 1.0 0.3112499999999814 0.7862500000000165 1.0 1.0 1.0 0.024999999999977263 
0.0 0.07500000000000484 1.0 1.0 0.7749999999999924 0.0 0.0 0.0 0.0 0.4750000000000121 1.0 1.0 1.0 1.0 1.0 1.0 1.0 1.0 1.0 0.024999999999977263 
0.025000000000003908 1.0 1.0 1.0 0.7749999999999924 0.0 0.0 0.0 0.0 0.4750000000000121 1.0 1.0 1.0 1.0 1.0 1.0 1.0 1.0 1.0 0.024999999999977263 
0.025000000000003908 1.0 1.0 1.0 0.7749999999999924 0.0 0.0 0.0 0.0 0.0 0.5250000000000128 1.0 1.0 1.0 1.0 1.0 1.0 1.0 0.07499999999998153 0.0 
0.025000000000003908 1.0 1.0 1.0 0.7749999999999924 0.0 0.0 0.0 0.0 0.0 0.07875000000000117 0.6387500000000108 1.0 1.0 1.0 1.0 1.0 1.0 0.07499999999998153 0.0 
0.025000000000003908 1.0 1.0 1.0 0.7749999999999924 0.0 0.0 0.0 0.0 0.0 0.0 0.25875000000000564 0.7937500000000085 1.0 1.0 1.0 1.0 1.0 0.07499999999998153 0.0 
0.025000000000003908 1.0 1.0 1.0 0.7749999999999924 0.0 0.0 0.0 0.0 0.0 0.0 0.0 0.625000000000016 1.0 1.0 1.0 1.0 1.0 0.07499999999998153 0.0 
0.025000000000003908 1.0 1.0 1.0 0.7749999999999924 0.0 0.0 0.0 0.0 0.0 0.0 0.0 0.625000000000016 1.0 1.0 1.0 1.0 1.0 0.07499999999998153 0.0 
0.3662500000000039 1.0 1.0 0.8862499999999958 0.27124999999999844 0.0 0.0 0.0 0.0 0.0 0.0 0.0 0.0 0.23625000000000682 0.8212500000000117 0.4962499999999893 0.3500000000000014 0.3500000000000014 0.02624999999999364 0.0 
