0.0 0.0 0.0 0.07500000000000029 0.25 0.25 0.7750000000000008 1.0 1.0 1.0 1.0 1.0 1.0 0.7749999999999995 0.22499999999999964 0.025000000000000355 0.0 0.0 0.0 0.0 
0.0 0.0 0.0 0.30000000000000115 1.0 1.0 1.0 1.0 1.0 1.0 1.0 1.0 1.0 1.0 0.9749999999999996 0.7750000000000001 0.22500000000000048 0.0 0.0 0.0 
0.0 0.175 0.6250000000000007 1.0 0.9749999999999999 0.7750000000000002 0.22499999999999934 0.0 0.0 0.0 0.0 0.0 0.0 0.22500000000000067 0.7750000000000008 0.9749999999999996 1.0 0.6249999999999998 0.17499999999999952 0.0 
0.0 0.7000000000000012 1.0 1.0 0.899999999999999 0.0999999999999992 0.0 0.0 0.0 0.0 0.0 0.0 0.0 0.0 0.10000000000000142 0.8999999999999986 1.0 1.0 0.6999999999999993 0.0 
0.2249999999999995 0.7750000000000006 1.0 1.0 0.899999999999999 0.0999999999999992 0.0 0.0 0.0 0.0 0.0 0.0 0.0 0.0 0.10000000000000142 0.8999999999999986 1.0 1.0 0.6999999999999993 0.0 
0.22500000000000112 0.7750000000000011 1.0 1.0 0.899999999999999 0.0999999999999992 0.0 0.0 0.0 0.0 0.0 0.0 0.0 0.0 0.10000000000000142 0.8999999999999986 1.0 1.0 0.6999999999999993 0.0 
0.0 0.7000000000000012 1.0 1.0 0.899999999999999 0.0999999999999992 0.0 0.0 0.0 0.0 0.0 0.0 0.0 0.0 0.10000000000000142 0.8999999999999986 1.0 1.0 0.6999999999999993 0.0 
0.0 0.17500000000000154 0.6250000000000018 1.0 0.9749999999999996 0.7749999999999982 0.22499999999999867 0.0 0.0 0.0 0.0 0.0 0.0 0.225 0.7749999999999988 0.9749999999999994 1.0 0.6250000000000009 0.17500000000000107 0.0 
0.0 0.0 0.3750000000000017 0.7500000000000018 0.7750000000000018 0.9750000000000003 1.0 0.6249999999999984 0.24999999999999822 0.24999999999999822 0.24999999999999822 0.24999999999999822 0.6249999999999991 1.0 0.9749999999999999 0.7750000000000019 0.7500000000000018 0.3750000000000009 0.0 0.0 
0.0 0.0 0.0 0.0 0.10000000000000098 0.9000000000000008 1.0 1.0 1.0 1.0 1.0 1.0 1.0 1.0 0.8999999999999986 0.10000000000000142 0.0 0.0 0.0 0.0 
0.0 0.0 0.12499999999999939 0.47499999999999964 1.0 1.0 0.825000000000001 0.7500000000000018 0.5250000000000007 0.0 0.0 0.5250000000000007 0.7500000000000018 0.8250000000000014 1.0 1.0 0.4749999999999993 0.12499999999999911 0.0 0.0 
0.0 0.5249999999999984 0.8749999999999984 1.0 0.9249999999999996 0.3250000000000026 0.0750000000000008 0.0 0.0 0.0 0.0 0.0 0.0 0.07500000000000125 0.3250000000000043 0.9249999999999993 1.0 0.8749999999999982 0.524999999999997 0.0 
0.9000000000000012 1.0 1.0 0.9250000000000007 0.6750000000000025 0.07499999999999976 0.0 0.0 0.0 0.0 0.0 0.0 0.0 0.0 0.10000000000000142 0.8999999999999986 1.0 1.0 0.7749999999999984 0.22499999999999645 
0.9000000000000012 1.0 1.0 0.6999999999999988 0.0 0.0 0.0 0.0 0.0 0.0 0.0 0.0 0.0 0.0 0.02500000000000071 0.22500000000000284 0.7750000000000006 1.0 1.0 0.8999999999999986 
0.9000000000000012 1.0 1.0 0.6999999999999988 0.0 0.0 0.0 0.0 0.0 0.0 0.0 0.0 0.0 0.0 0.025 0.22499999999999645 0.7749999999999984 1.0 1.0 0.8999999999999986 
0.9000000000000012 1.0 1.0 0.6999999999999988 0.0 0.0 0.0 0.0 0.0 0.0 0.0 0.0 0.0 0.0 0.10000000000000142 0.8999999999999986 1.0 1.0 1.0 0.8999999999999986 
0.0 0.7000000000000012 1.0 0.6999999999999988 0.0 0.0 0.0 0.0 0.0 0.0 0.0 0.0 0.0 0.0 0.10000000000000142 0.8999999999999986 1.0 1.0 0.6999999999999993 0.0 
0.0 0.1750000000000028 0.25000000000000355 0.1750000000000022 0.0 0.0 0.0 0.0 0.0 0.0 0.0 0.0 0.3749999999999982 0.7499999999999964 0.7749999999999971 0.9749999999999993 1.0 0.6250000000000018 0.17500000000000232 0.0 
0.0 0.0 0.0 0.22500000000000192 0.7500000000000036 0.7500000000000036 0.399999999999998 0.6249999999999989 1.0 1.0 1.0 1.0 1.0 1.0 0.975 0.7750000000000036 0.2250000000000016 0.0 0.0 0.0 
0.0 0.0 0.0 0.0 0.0 0.0 0.17500000000000276 0.25000000000000355 0.47500000000000303 1.0 1.0 0.47500000000000303 0.25000000000000355 0.25000000000000355 0.22500000000000284 0.02500000000000071 0.0 0.0 0.0 0.0 
