0.0 0.0 0.0 0.0 0.027500000000002068 0.24750000000000372 0.27500000000000213 0.6375000000000062 1.0 0.9274999999999953 0.34749999999999714 0.27500000000000213 0.27500000000000213 0.19249999999999934 0.0 0.0 0.0 0.0 0.0 0.0 
0.0 0.0 0.4125000000000065 0.825000000000002 0.8425000000000029 0.9825000000000014 1.0 1.0 1.0 1.0 1.0 1.0 1.0 0.9474999999999992 0.7424999999999947 0.08249999999999551 0.0 0.0 0.0 0.0 
0.0 0.7000000000000066 1.0 1.0 1.0 1.0 1.0 0.8124999999999964 0.6249999999999982 0.6249999999999982 0.6249999999999982 0.8875000000000018 1.0 1.0 1.0 1.0 1.0 0.4999999999999929 0.0 0.0 
0.8325000000000076 0.9775000000000009 1.0 1.0 0.9074999999999936 0.1674999999999925 0.0749999999999984 0.037499999999998666 0.0 0.0 0.0 0.05249999999999936 0.0749999999999984 0.3525000000000061 1.0 1.0 1.0 0.9625000000000002 0.6474999999999939 0.0 
0.9000000000000066 1.0 1.0 0.8574999999999963 0.4724999999999952 0.05249999999999641 0.0 0.0 0.0 0.0 0.0 0.0 0.0 0.15750000000000366 0.5725000000000028 0.9525000000000026 1.0 1.0 0.6999999999999922 0.0 
0.9000000000000066 1.0 1.0 0.6999999999999931 0.0 0.0 0.0 0.0 0.0 0.0 0.0 0.0 0.0 0.0 0.0 0.0 0.0 0.0 0.0 0.0 
0.9000000000000066 1.0 1.0 0.8724999999999974 0.5174999999999971 0.057499999999996325 0.0 0.0 0.0 0.0 0.0 0.0 0.0 0.0 0.0 0.0 0.0 0.0 0.0 0.0 
0.7875000000000058 0.9625000000000008 1.0 1.0 1.0 1.0 0.3874999999999936 0.06249999999999911 0.0 0.0 0.0 0.0 0.0 0.0 0.0 0.0 0.0 0.0 0.0 0.0 
0.0 0.22750000000000165 0.6625000000000041 1.0 1.0 1.0 1.0 0.837499999999998 0.6750000000000007 0.607499999999996 0.06749999999999563 0.0 0.0 0.0 0.0 0.0 0.0 0.0 0.0 0.0 
0.0 0.0 0.0 0.23250000000000495 0.7975000000000002 0.9775000000000014 1.0 1.0 1.0 1.0 1.0 0.457499999999996 0.22500000000000142 0.15749999999999922 0.0 0.0 0.0 0.0 0.0 0.0 
0.0 0.0 0.0 0.0 0.022500000000001484 0.20250000000000115 0.22499999999999964 0.6125000000000054 1.0 1.0 1.0 1.0 1.0 0.9324999999999983 0.6974999999999937 0.07749999999999563 0.0 0.0 0.0 0.0 
0.0 0.0 0.0 0.0 0.0 0.0 0.0 0.0 0.0 0.06750000000000463 0.607500000000005 0.9025000000000023 1.0 1.0 1.0 1.0 0.5274999999999952 0.16249999999999734 0.0 0.0 
0.0 0.0 0.0 0.0 0.0 0.0 0.0 0.0 0.0 0.0 0.0 0.0875000000000008 0.5625000000000062 1.0 1.0 1.0 1.0 0.9374999999999991 0.6124999999999932 0.0 
0.0 0.0 0.0 0.0 0.0 0.0 0.0 0.0 0.0 0.0 0.0 0.0 0.0 0.1725000000000043 0.6175000000000029 0.9575000000000023 1.0 1.0 0.8274999999999957 0.382499999999997 
0.0 0.0 0.0 0.0 0.0 0.0 0.0 0.0 0.0 0.0 0.0 0.0 0.0 0.0 0.10000000000000853 0.9000000000000057 1.0 1.0 1.0 0.8999999999999915 
0.9000000000000066 1.0 1.0 0.6999999999999931 0.0 0.0 0.0 0.0 0.0 0.0 0.0 0.0 0.0 0.0 0.10000000000000853 0.9000000000000057 1.0 1.0 1.0 0.8999999999999915 
0.9000000000000066 1.0 1.0 1.0 0.9074999999999936 0.16749999999999327 0.02249999999999924 0.0 0.0 0.0 0.0 0.0 0.0 0.022500000000000374 0.16750000000000725 0.9075000000000052 1.0 1.0 0.9774999999999996 0.8324999999999928 
0.33750000000000246 0.8125000000000041 1.0 1.0 1.0 1.0 0.7374999999999973 0.625 0.43749999999999567 0.0 0.0 0.437500000000004 0.625 0.7375000000000029 1.0 1.0 1.0 1.0 0.6999999999999922 0.0 
0.0 0.577500000000005 0.8249999999999993 0.8775000000000007 1.0 1.0 1.0 1.0 1.0 1.0 1.0 1.0 1.0 1.0 1.0 1.0 0.8774999999999984 0.41249999999999376 0.0 0.0 
0.0 0.0 0.0 0.08250000000000254 0.3475000000000068 0.927500000000005 1.0 1.0 1.0 1.0 1.0 1.0 1.0 0.782499999999995 0.27500000000000213 0.27500000000000213 0.08249999999999888 0.0 0.0 0.0 
