0.9000000000000012 1.0 1.0 1.0 1.0 1.0 1.0 1.0 1.0 1.0 1.0 1.0 1.0 1.0 0.9249999999999989 0.32500000000000107 0.25 0.125 0.0 0.0 
0.9000000000000012 1.0 1.0 1.0 1.0 1.0 1.0 1.0 1.0 1.0 1.0 1.0 1.0 1.0 1.0 1.0 1.0 0.8749999999999999 0.5249999999999994 0.0 
0.9000000000000012 1.0 1.0 0.9249999999999998 0.6749999999999997 0.07499999999999944 0.0 0.0 0.0 0.0 0.0 0.0 0.0 0.22500000000000067 0.7750000000000008 0.9749999999999996 1.0 1.0 1.0 0.8999999999999986 
0.9000000000000012 1.0 1.0 0.6999999999999988 0.0 0.0 0.0 0.0 0.0 0.0 0.0 0.0 0.0 0.0 0.025000000000000445 0.22500000000000045 0.7749999999999997 1.0 1.0 0.8999999999999986 
0.9000000000000012 1.0 1.0 0.6999999999999988 0.0 0.0 0.0 0.0 0.0 0.0 0.0 0.0 0.0 0.0 0.0 0.0 0.6999999999999993 1.0 1.0 0.8999999999999986 
0.9000000000000012 1.0 1.0 0.6999999999999988 0.0 0.0 0.0 0.0 0.0 0.0 0.0 0.0 0.0 0.0 0.0 0.0 0.6999999999999993 1.0 1.0 0.8999999999999986 
0.9000000000000012 1.0 1.0 0.6999999999999988 0.0 0.0 0.0 0.0 0.0 0.0 0.0 0.0 0.0 0.0 0.0 0.0 0.6999999999999993 1.0 1.0 0.8999999999999986 
0.9000000000000012 1.0 1.0 0.6999999999999988 0.0 0.0 0.0 0.0 0.0 0.0 0.0 0.0 0.0 0.0 0.07500000000000089 0.6749999999999974 0.9249999999999993 1.0 1.0 0.8999999999999986 
0.9000000000000012 1.0 1.0 1.0 0.924999999999999 0.3249999999999978 0.24999999999999822 0.24999999999999822 0.24999999999999822 0.24999999999999822 0.24999999999999822 0.24999999999999822 0.24999999999999822 0.24999999999999822 0.32499999999999946 0.9249999999999987 1.0 1.0 0.6999999999999993 0.0 
0.9000000000000012 1.0 1.0 1.0 1.0 1.0 1.0 1.0 1.0 1.0 1.0 1.0 1.0 1.0 1.0 1.0 1.0 1.0 0.6999999999999993 0.0 
0.9000000000000012 1.0 1.0 1.0 0.9749999999999999 0.7750000000000014 0.7500000000000018 0.7500000000000018 0.7500000000000018 0.7500000000000018 0.7500000000000018 0.7500000000000018 0.7500000000000018 0.8250000000000014 1.0 1.0 1.0 1.0 0.7749999999999989 0.22499999999999803 
0.9000000000000012 1.0 1.0 0.7750000000000002 0.22500000000000295 0.025000000000000154 0.0 0.0 0.0 0.0 0.0 0.0 0.0 0.07500000000000125 0.3250000000000043 0.9249999999999993 1.0 1.0 1.0 0.8999999999999986 
0.9000000000000012 1.0 1.0 0.6999999999999988 0.0 0.0 0.0 0.0 0.0 0.0 0.0 0.0 0.0 0.0 0.0 0.0 0.6999999999999993 1.0 1.0 0.8999999999999986 
0.9000000000000012 1.0 1.0 0.6999999999999988 0.0 0.0 0.0 0.0 0.0 0.0 0.0 0.0 0.0 0.0 0.0 0.0 0.6999999999999993 1.0 1.0 0.8999999999999986 
0.9000000000000012 1.0 1.0 0.6999999999999988 0.0 0.0 0.0 0.0 0.0 0.0 0.0 0.0 0.0 0.0 0.0 0.0 0.6999999999999993 1.0 1.0 0.8999999999999986 
0.9000000000000012 1.0 1.0 0.6999999999999988 0.0 0.0 0.0 0.0 0.0 0.0 0.0 0.0 0.0 0.0 0.0 0.0 0.6999999999999993 1.0 1.0 0.8999999999999986 
0.9000000000000012 1.0 1.0 0.774999999999998 0.22499999999999656 0.024999999999999446 0.0 0.0 0.0 0.0 0.0 0.0 0.0 0.0 0.025 0.22499999999999645 0.7749999999999984 1.0 1.0 0.8999999999999986 
0.9000000000000012 1.0 1.0 1.0 0.899999999999999 0.0999999999999992 0.0 0.0 0.0 0.0 0.0 0.0 0.0 0.22499999999999948 0.7749999999999971 0.9749999999999993 1.0 1.0 1.0 0.8999999999999986 
0.9000000000000012 1.0 1.0 1.0 1.0 1.0 1.0 1.0 1.0 1.0 1.0 1.0 1.0 1.0 1.0 1.0 1.0 0.8750000000000018 0.5250000000000019 0.0 
0.9000000000000012 1.0 1.0 1.0 1.0 1.0 1.0 1.0 1.0 1.0 1.0 1.0 1.0 1.0 0.9249999999999993 0.3250000000000043 0.25000000000000355 0.12500000000000178 0.0 0.0 
