0.0 0.0 0.0 0.0 0.0 0.0 0.0 0.08750000000000353 0.2625000000000078 0.5125000000000087 0.8375000000000045 0.8374999999999987 0.512500000000003 0.3500000000000085 0.3500000000000085 0.3500000000000085 0.3500000000000085 0.3500000000000085 0.3500000000000085 0.2625000000000045 
0.0 0.0 0.0 0.2500000000000029 0.7500000000000031 1.0 1.0 1.0 1.0 1.0 1.0 1.0 1.0 1.0 1.0 1.0 1.0 1.0 1.0 0.7499999999999947 
0.0 0.18750000000000372 0.5625000000000077 0.8125000000000064 0.9375000000000027 1.0 1.0 1.0 1.0 1.0 1.0 1.0 1.0 1.0 1.0 1.0 1.0 1.0 1.0 0.7499999999999947 
0.7500000000000022 1.0 1.0 1.0 1.0 1.0 1.0 1.0 1.0 1.0 1.0 1.0 1.0 1.0 1.0 1.0 1.0 1.0 1.0 0.7499999999999947 
0.7500000000000022 1.0 1.0 1.0 1.0 1.0 1.0 1.0 1.0 1.0 1.0 1.0 1.0 1.0 1.0 1.0 1.0 1.0 1.0 0.7499999999999947 
0.7500000000000022 1.0 1.0 1.0 1.0 1.0 1.0 1.0 1.0 1.0 1.0 1.0 1.0 1.0 1.0 1.0 1.0 1.0 1.0 0.7499999999999947 
0.7500000000000022 1.0 1.0 0.8624999999999969 0.5874999999999937 0.3374999999999941 0.1124999999999969 0.250000000000004 0.750000000000004 1.0 1.0 1.0 1.0 1.0 1.0 1.0 1.0 1.0 1.0 0.7499999999999947 
0.0 0.0 0.0 0.0 0.0 0.0 0.0 0.250000000000004 0.750000000000004 1.0 1.0 1.0 1.0 1.0 1.0 1.0 1.0 1.0 1.0 0.7499999999999947 
0.0 0.0 0.0 0.0 0.0 0.0 0.0 0.250000000000004 0.750000000000004 1.0 1.0 1.0 1.0 1.0 1.0 1.0 1.0 1.0 1.0 0.7499999999999947 
0.0 0.0 0.0 0.0 0.0 0.0 0.0 0.250000000000004 0.750000000000004 1.0 1.0 1.0 1.0 1.0 1.0 1.0 1.0 1.0 1.0 0.7499999999999947 
0.0 0.0 0.0 0.0 0.0 0.0 0.0 0.250000000000004 0.750000000000004 1.0 1.0 1.0 1.0 1.0 1.0 1.0 1.0 1.0 1.0 0.7499999999999947 
0.0 0.0 0.0 0.0 0.0 0.0 0.0 0.250000000000004 0.750000000000004 1.0 1.0 1.0 1.0 1.0 1.0 1.0 1.0 1.0 1.0 0.7499999999999947 
0.0 0.0 0.0 0.0 0.0 0.0 0.0 0.250000000000004 0.750000000000004 1.0 1.0 1.0 1.0 1.0 1.0 1.0 1.0 1.0 1.0 0.7499999999999947 
0.0 0.0 0.0 0.0 0.0 0.0 0.0 0.250000000000004 0.750000000000004 1.0 1.0 1.0 1.0 1.0 1.0 1.0 1.0 1.0 1.0 0.7499999999999947 
0.0 0.0 0.0 0.0 0.0 0.0 0.0 0.250000000000004 0.750000000000004 1.0 1.0 1.0 1.0 1.0 1.0 1.0 1.0 1.0 1.0 0.7499999999999947 
0.0 0.0 0.0 0.0 0.0 0.0 0.0 0.250000000000004 0.750000000000004 1.0 1.0 1.0 1.0 1.0 1.0 1.0 1.0 1.0 1.0 0.7499999999999947 
0.0 0.0 0.0 0.0 0.0 0.0 0.0 0.250000000000004 0.750000000000004 1.0 1.0 1.0 1.0 1.0 1.0 1.0 1.0 1.0 1.0 0.7499999999999947 
0.0 0.0 0.0 0.0 0.0 0.0 0.0 0.250000000000004 0.750000000000004 1.0 1.0 1.0 1.0 1.0 1.0 1.0 1.0 1.0 1.0 0.7499999999999947 
0.0 0.0 0.0 0.0 0.0 0.0 0.0 0.250000000000004 0.750000000000004 1.0 1.0 1.0 1.0 1.0 1.0 1.0 1.0 1.0 1.0 0.7499999999999947 
0.0 0.0 0.0 0.0 0.0 0.0 0.0 0.08750000000000176 0.26250000000000245 0.5125000000000034 0.8375000000000027 1.0 1.0 1.0 1.0 1.0 1.0 1.0 1.0 0.7499999999999947 
