0.0 0.0 0.0 0.0 0.0 1.1546319456101855e-15 0.3250000000000064 0.3250000000000064 0.3250000000000076 1.0 0.9999999999999988 0.3250000000000064 0.3250000000000064 0.3250000000000064 0.3250000000000064 5.773159728050928e-16 0.0 0.0 0.0 0.0 
0.0 0.0 0.0 3.896882816434325e-15 0.9750000000000063 0.9750000000000064 1.0 1.0 1.0 1.0 1.0 1.0 1.0 1.0 1.0 0.9750000000000063 0.9750000000000063 0.0 0.0 0.0 
0.0 0.0 4.440892098500626e-15 1.0 1.0 1.0 1.0 1.0 1.0 1.0 1.0 1.0 1.0 1.0 1.0 1.0 1.0 1.0 0.6250000000000062 0.0 
0.0 4.884981308350689e-15 1.0 1.0 1.0 1.0 1.0 1.0 0.9999999999999996 0.7249999999999943 0.7249999999999948 1.0 1.0 1.0 1.0 1.0 1.0 1.0 1.0 0.0 
4.929390229335727e-15 0.9250000000000064 1.0 1.0 1.0 1.0 1.0 0.9999999999999983 0.07499999999999382 0.0 1.3322676295500806e-16 0.07499999999999396 0.07499999999999396 1.0 1.0 1.0 1.0 1.0 1.0 0.925000000000006 
5.329070518200751e-15 1.0 1.0 1.0 1.0 1.0 0.9999999999999973 0.0 0.0 0.0 0.0 0.0 0.0 0.0 0.0 0.0 0.42499999999999283 0.4249999999999936 0.4249999999999936 0.0 
5.329070518200751e-15 1.0 1.0 1.0 1.0 0.9999999999999964 0.0 0.0 0.0 0.0 0.0 0.0 0.0 0.0 0.0 0.0 0.0 0.0 0.0 0.0 
5.329070518200751e-15 1.0 1.0 1.0 1.0 0.9999999999999996 0.8750000000000053 0.8750000000000053 0.8750000000000053 0.8750000000000053 0.8750000000000053 0.8750000000000053 0.8750000000000053 0.0 0.0 0.0 0.0 0.0 0.0 0.0 
5.329070518200751e-15 1.0 1.0 1.0 1.0 1.0 1.0 1.0 1.0 1.0 1.0 1.0 1.0 1.0 1.0 0.5250000000000066 9.325873406851416e-16 0.0 0.0 0.0 
5.329070518200751e-15 1.0 1.0 1.0 1.0 1.0 1.0 1.0 1.0 1.0 1.0 1.0 1.0 1.0 1.0 1.0 1.0 0.17500000000000604 0.0 0.0 
5.329070518200751e-15 1.0 1.0 1.0 1.0 1.0 1.0 1.0 1.0 1.0 1.0 1.0 1.0 1.0 1.0 1.0 1.0 1.0 0.8250000000000064 0.0 
5.329070518200751e-15 1.0 1.0 1.0 1.0 1.0 0.9999999999999987 0.5249999999999941 0.0 0.0 0.0 0.0 0.524999999999995 0.524999999999995 0.9999999999999991 1.0 1.0 1.0 1.0 0.0 
0.8749999999999971 1.0 1.0 1.0 1.0 0.9999999999999964 0.0 0.0 0.0 0.0 0.0 0.0 0.0 0.0 0.9999999999999982 1.0 1.0 1.0 1.0 1.0 
5.329070518200751e-15 1.0 1.0 1.0 1.0 0.9999999999999964 0.0 0.0 0.0 0.0 0.0 0.0 0.0 0.0 0.9999999999999982 1.0 1.0 1.0 1.0 1.0 
5.329070518200751e-15 1.0 1.0 1.0 1.0 0.9999999999999964 0.0 0.0 0.0 0.0 0.0 0.0 0.0 0.0 0.9999999999999982 1.0 1.0 1.0 1.0 1.0 
5.329070518200751e-15 1.0 1.0 1.0 1.0 0.9999999999999967 0.0750000000000062 0.0 0.0 0.0 0.0 0.0 0.0 0.0750000000000064 0.9999999999999983 1.0 1.0 1.0 1.0 0.9249999999999936 
5.329070518200751e-15 1.0 1.0 1.0 1.0 1.0 0.9999999999999993 0.7250000000000036 0.0 0.0 0.0 0.0 0.725000000000005 1.0 1.0 1.0 1.0 1.0 1.0 0.0 
0.0 4.884981308350689e-15 1.0 1.0 1.0 1.0 1.0 1.0 1.0 1.0 1.0 1.0 1.0 1.0 1.0 1.0 1.0 1.0 0.6249999999999964 0.0 
0.0 0.0 4.329869796038085e-15 0.9749999999999944 1.0 1.0 1.0 1.0 1.0 1.0 1.0 1.0 1.0 1.0 1.0 1.0 0.9749999999999943 0.0 0.0 0.0 
0.0 0.0 0.0 1.2989609388114161e-15 0.32499999999999574 0.3249999999999981 1.0 1.0 1.0 1.0 1.0 1.0 1.0 1.0 0.32499999999999696 0.32499999999999574 5.773159728050738e-16 0.0 0.0 0.0 
