0.0 0.0 0.0 0.0 0.25187500000000373 0.32500000000000284 0.32500000000000284 0.7468750000000053 1.0 1.0 0.6793749999999967 0.32500000000000284 0.32500000000000284 0.32500000000000284 0.23562499999999906 0.0 0.0 0.0 0.0 0.0 
0.0 0.0 0.0 0.8043750000000067 0.9943750000000008 1.0 1.0 1.0 1.0 1.0 1.0 1.0 1.0 1.0 0.9931250000000005 0.7556249999999938 0.0 0.0 0.0 0.0 
0.0 0.5781250000000047 0.9531250000000018 1.0 1.0 1.0 1.0 1.0 1.0 1.0 1.0 1.0 1.0 1.0 1.0 1.0 0.9343749999999968 0.5468749999999979 0.0 0.0 
0.26812500000000294 0.9456250000000027 1.0 1.0 1.0 1.0 1.0 1.0 0.841874999999997 0.7249999999999979 0.7249999999999979 0.8418750000000009 1.0 1.0 1.0 1.0 1.0 0.9093749999999952 0.25437499999999924 0.0 
0.9750000000000032 1.0 1.0 1.0 1.0 1.0 1.0 0.4218749999999927 0.03187499999999846 0.0 0.0 0.03187499999999953 0.42187500000000666 1.0 1.0 1.0 1.0 1.0 0.92499999999999 0.0 
0.0 0.3931249999999989 0.42499999999999716 0.42499999999999716 0.42499999999999716 0.1168749999999971 0.0 0.0 0.0 0.0 0.0 0.0 0.0 0.32500000000000817 1.0 1.0 1.0 1.0 1.0 0.9749999999999872 
0.0 0.0 0.0 0.0 0.0 0.0 0.0 0.0 0.0 0.0 0.0 0.0 0.0 0.32500000000000817 1.0 1.0 1.0 1.0 1.0 0.9749999999999872 
0.0 0.0 0.0 0.0 0.0 0.0 0.0 0.0 0.0 0.0 0.0 0.0 0.0 0.32500000000000817 1.0 1.0 1.0 1.0 0.9343749999999912 0.12187499999999667 
0.0 0.0 0.0 0.0 0.0 0.0 0.0 0.3281250000000046 0.5250000000000021 0.5250000000000021 0.5250000000000021 0.5250000000000021 0.7031250000000056 1.0 1.0 1.0 1.0 1.0 0.92499999999999 0.0 
0.0 0.0 0.0 0.0 0.0 0.0 0.675000000000006 1.0 1.0 1.0 1.0 1.0 1.0 1.0 1.0 1.0 0.9693749999999979 0.7218749999999919 0.0 0.0 
0.0 0.0 0.0 0.0 0.0 0.0 0.675000000000006 1.0 1.0 1.0 1.0 1.0 1.0 1.0 1.0 1.0 0.8249999999999904 0.0 0.0 0.0 
0.0 0.0 0.0 0.0 0.0 0.0 0.3543750000000022 0.8218750000000024 1.0 1.0 1.0 1.0 1.0 1.0 1.0 1.0 0.9081249999999952 0.41562499999999786 0.0 0.0 
0.0 0.0 0.0 0.0 0.0 0.0 0.0 0.0 0.0 0.0 0.0 0.37187500000000684 0.9218750000000011 1.0 1.0 1.0 1.0 1.0 0.92499999999999 0.0 
0.0 0.0 0.0 0.0 0.0 0.0 0.0 0.0 0.0 0.0 0.0 0.0 0.0843750000000012 0.4768750000000049 1.0 1.0 1.0 1.0 0.92499999999999 0.0 
0.0 0.0 0.0 0.0 0.0 0.0 0.0 0.0 0.0 0.0 0.0 0.0 0.0 0.32500000000000817 1.0 1.0 1.0 1.0 0.92499999999999 0.0 
0.07312500000000301 0.07500000000000284 0.07500000000000284 0.07500000000000284 0.07500000000000284 0.020625000000000407 0.0 0.0 0.0 0.0 0.0 0.0 0.028125000000001732 0.3756250000000095 1.0 1.0 1.0 1.0 0.92499999999999 0.0 
0.9750000000000032 1.0 1.0 1.0 1.0 0.8006249999999997 0.7250000000000014 0.27187499999999604 0.0 0.0 0.0 0.30812500000000625 0.8281250000000033 1.0 1.0 1.0 1.0 1.0 0.92499999999999 0.0 
0.609375000000002 0.9718750000000014 1.0 1.0 1.0 1.0 1.0 1.0 1.0 1.0 1.0 1.0 1.0 1.0 1.0 1.0 0.9343749999999964 0.5468749999999956 0.0 0.0 
0.0 0.0 0.853125000000002 0.9956249999999998 1.0 1.0 1.0 1.0 1.0 1.0 1.0 1.0 1.0 1.0 0.9931249999999991 0.75562499999999 0.0 0.0 0.0 0.0 
0.0 0.0 0.0 0.2681250000000009 0.3249999999999993 0.8143750000000032 1.0 1.0 1.0 1.0 1.0 1.0 0.7468749999999937 0.3249999999999993 0.23562499999999648 0.0 0.0 0.0 0.0 0.0 
