1.0 1.0 1.0 1.0 1.0 1.0 1.0 1.0 1.0 1.0 1.0 1.0 1.0 1.0 1.0 1.0 1.0 0.6749999999999936 0.0 0.0 
1.0 1.0 1.0 1.0 1.0 1.0 1.0 1.0 1.0 1.0 1.0 1.0 1.0 1.0 1.0 1.0 1.0 0.0 0.0 0.0 
1.0 1.0 1.0 1.0 1.0 1.0 1.0 1.0 1.0 1.0 1.0 1.0 1.0 1.0 1.0 1.0 1.0 0.3749999999999938 0.0 0.0 
1.0 1.0 1.0 1.0 1.0 0.999999999999999 0.7249999999999943 0.7249999999999943 0.7249999999999943 0.7249999999999943 0.7249999999999943 0.7249999999999943 0.7249999999999943 0.7249999999999943 0.7249999999999943 0.7249999999999943 0.7249999999999943 0.0 0.0 0.0 
1.0 1.0 1.0 1.0 1.0 0.9999999999999964 0.0 0.0 0.0 0.0 0.0 0.0 0.0 0.0 0.0 0.0 0.0 0.0 0.0 0.0 
1.0 1.0 1.0 1.0 1.0 0.9999999999999964 0.0 0.0 0.0 0.0 0.0 0.0 0.0 0.0 0.0 0.0 0.0 0.0 0.0 0.0 
1.0 1.0 1.0 1.0 1.0 0.9999999999999972 0.22500000000000497 0.22500000000000497 0.22500000000000497 0.22500000000000497 0.22500000000000497 0.22500000000000497 0.0 0.0 0.0 0.0 0.0 0.0 0.0 0.0 
1.0 1.0 1.0 1.0 1.0 1.0 1.0 1.0 1.0 1.0 1.0 1.0 0.8750000000000053 0.8750000000000053 1.5543122344752286e-15 0.0 0.0 0.0 0.0 0.0 
1.0 1.0 1.0 1.0 1.0 1.0 1.0 1.0 1.0 1.0 1.0 1.0 1.0 1.0 1.0 1.0 0.5250000000000066 0.0 0.0 0.0 
1.0 1.0 1.0 1.0 1.0 1.0 1.0 1.0 1.0 1.0 1.0 1.0 1.0 1.0 1.0 1.0 1.0 1.0 0.0 0.0 
1.0 1.0 1.0 1.0 1.0 1.0 1.0 0.9999999999999986 0.1749999999999936 0.1749999999999936 0.17499999999999508 1.0 1.0 1.0 1.0 1.0 1.0 1.0 0.8250000000000064 0.0 
0.5249999999999976 0.9999999999999977 0.524999999999995 0.524999999999995 0.524999999999995 0.5249999999999931 0.0 0.0 0.0 0.0 0.0 0.0 0.524999999999995 1.0 1.0 1.0 1.0 1.0 1.0 0.0 
0.0 0.0 0.0 0.0 0.0 0.0 0.0 0.0 0.0 0.0 0.0 0.0 0.0 0.0 0.9999999999999982 1.0 1.0 1.0 1.0 0.12500000000000355 
0.0 0.0 0.0 0.0 0.0 0.0 0.0 0.0 0.0 0.0 0.0 0.0 0.0 0.0 0.9999999999999982 1.0 1.0 1.0 1.0 1.0 
0.0 0.0 0.0 0.0 0.0 0.0 0.0 0.0 0.0 0.0 0.0 0.0 0.0 0.0 0.9999999999999982 1.0 1.0 1.0 1.0 0.5749999999999957 
0.07500000000001132 1.0 1.0 1.0 0.9999999999999967 0.0750000000000064 0.0750000000000062 0.0 0.0 0.0 0.0 0.0 0.0750000000000064 1.0 1.0 1.0 1.0 1.0 1.0 0.0 
1.0 1.0 1.0 1.0 1.0 1.0 0.9999999999999993 0.7250000000000036 0.0 1.2878587085651904e-15 0.725000000000005 0.725000000000005 1.0 1.0 1.0 1.0 1.0 1.0 1.0 0.0 
3.3306690738754507e-15 0.6249999999999983 1.0 1.0 1.0 1.0 1.0 1.0 1.0 1.0 1.0 1.0 1.0 1.0 1.0 1.0 1.0 1.0 0.0 0.0 
0.0 4.762856775641894e-15 0.9749999999999943 0.9749999999999944 1.0 1.0 1.0 1.0 1.0 1.0 1.0 1.0 1.0 1.0 1.0 1.0 0.9749999999999943 0.0 0.0 0.0 
0.0 0.0 0.0 1.2989609388114161e-15 0.32499999999999574 0.3249999999999981 1.0 1.0 1.0 1.0 1.0 1.0 1.0 1.0 0.32499999999999696 0.32499999999999574 5.773159728050738e-16 0.0 0.0 0.0 
