0.0 0.0 0.0 0.0 0.0 0.3499999999999961 1.0 1.0 1.0 1.0 1.0 1.0 0.7500000000000071 0.050000000000007816 0.0 0.0 0.0 0.0 0.0 0.0 
0.0 0.0 0.0 0.0 0.0 0.3499999999999961 1.0 1.0 1.0 1.0 1.0 1.0 0.7500000000000071 0.050000000000007816 0.0 0.0 0.0 0.0 0.0 0.0 
0.0 0.0 0.0 0.0 0.0 0.3499999999999961 1.0 1.0 1.0 1.0 1.0 1.0 0.7500000000000071 0.050000000000007816 0.0 0.0 0.0 0.0 0.0 0.0 
0.0 0.0 0.0 0.0 0.0 0.3499999999999961 1.0 1.0 1.0 1.0 1.0 1.0 0.9375000000000016 0.7625000000000011 0.26250000000000606 0.0 0.0 0.0 0.0 0.0 
0.0 0.0 0.0 0.0 0.6499999999999968 1.0 1.0 1.0 1.0 1.0 1.0 1.0 1.0 1.0 0.3500000000000085 0.0 0.0 0.0 0.0 0.0 
0.0 0.0 0.0 0.0 0.6499999999999968 1.0 1.0 1.0 1.0 1.0 1.0 1.0 1.0 1.0 0.3500000000000085 0.0 0.0 0.0 0.0 0.0 
0.0 0.0 0.0 0.0 0.6499999999999968 1.0 0.987500000000001 0.8125000000000024 0.8624999999999997 1.0 1.0 1.0 1.0 1.0 0.3500000000000085 0.0 0.0 0.0 0.0 0.0 
0.0 0.0 0.1874999999999979 0.7124999999999965 0.9124999999999985 1.0 0.9500000000000037 0.25000000000000444 0.11249999999999952 0.2500000000000018 0.2500000000000018 0.662499999999996 1.0 1.0 0.837500000000001 0.48750000000000576 0.0 0.0 0.0 0.0 
0.0 0.0 0.24999999999999778 0.9499999999999975 1.0 1.0 0.9500000000000037 0.25000000000000444 0.0 0.0 0.0 0.5499999999999936 1.0 1.0 1.0 0.6500000000000092 0.0 0.0 0.0 0.0 
0.0 0.0 0.24999999999999778 0.9499999999999975 1.0 1.0 0.9500000000000037 0.25000000000000444 0.0 0.0 0.0 0.5499999999999936 1.0 1.0 1.0 0.6500000000000092 0.0 0.0 0.0 0.0 
0.0 0.5499999999999983 1.0 1.0 1.0 0.6500000000000039 0.0 0.0 0.0 0.0 0.0 0.0 0.2499999999999929 0.9499999999999922 1.0 0.7375000000000063 0.2375000000000008 0.06250000000000222 0.0 0.0 
0.0 0.5499999999999983 1.0 1.0 1.0 0.6500000000000039 0.0 0.0 0.0 0.0 0.0 0.0 0.2499999999999929 0.9499999999999922 1.0 1.0 0.95000000000001 0.25000000000001066 0.0 0.0 
0.21249999999999666 0.6624999999999971 0.9375000000000014 0.762500000000004 0.7500000000000036 0.48750000000000526 0.0 0.0 0.0 0.0 0.0 0.0 0.2499999999999929 0.9499999999999922 0.5125000000000041 0.5124999999999907 0.95000000000001 0.25000000000001066 0.0 0.0 
0.8499999999999988 1.0 0.9374999999999997 0.7624999999999973 0.2625000000000012 0.0 0.0 0.0 0.0 0.0 0.0 0.0 0.06249999999999911 0.23750000000000143 0.25000000000000355 0.5124999999999954 0.9875000000000023 0.8125 0.4125000000000066 0.0 
0.6375000000000021 0.7500000000000036 0.7500000000000036 0.7500000000000036 0.2625000000000036 0.0 0.0 0.0 0.0 0.0 0.0 0.0 0.0 0.0 0.6499999999999915 0.6500000000000092 0.04999999999999005 0.7499999999999893 0.5500000000000114 0.0 
0.6374999999999961 0.7499999999999964 0.7499999999999964 0.7499999999999964 0.2625000000000012 0.0 0.0 0.0 0.0 0.0 0.0 0.0 0.0 0.0 0.6499999999999915 0.9125000000000011 0.7250000000000019 0.3750000000000071 0.13750000000000479 0.0 
0.21249999999999666 0.24999999999999645 0.1874999999999979 0.012500000000000445 0.6499999999999968 0.6500000000000039 0.03749999999999738 0.5624999999999993 0.7500000000000036 0.7500000000000036 0.7500000000000036 0.8875 0.9375000000000027 0.7625000000000053 0.2625000000000076 0.34999999999999076 0.95000000000001 0.25000000000001066 0.0 0.0 
0.8499999999999988 0.5875000000000032 0.18750000000000322 0.012500000000000799 0.1625000000000015 0.16250000000000328 0.0 0.0 0.0 0.0 0.0 0.13750000000000034 0.18750000000000444 0.012500000000002131 0.0 0.34999999999999076 0.95000000000001 0.25000000000001066 0.33749999999998986 0.6375000000000061 
0.8499999999999988 0.45000000000000173 0.0 0.0 0.0 0.0 0.0 0.0 0.0 0.0 0.0 0.0 0.0 0.0 0.0 0.2624999999999943 0.7250000000000081 0.37500000000000355 0.1375000000000009 0.0 
0.21250000000000271 0.11250000000000203 0.0 0.0 0.0 0.0 0.0 0.0 0.0 0.0 0.0 0.0 0.0 0.0 0.0 0.0 0.04999999999999005 0.7499999999999893 0.8875000000000013 0.6375000000000061 
