0.924999999999998 1.0 1.0 1.0 1.0 1.0 1.0 1.0 1.0 1.0 1.0 1.0 1.0 1.0 1.0 1.0 1.0 1.0 0.8425000000000032 0.2775000000000085 
0.09249999999999312 0.09999999999999276 0.09999999999999276 0.09999999999999276 0.09999999999999276 0.09999999999999276 0.09999999999999276 0.09999999999999276 0.09999999999999276 0.6174999999999947 0.6174999999999995 0.3474999999999935 1.0 1.0 1.0 1.0 1.0 1.0 1.0 0.9250000000000043 
0.0 0.0 0.0 0.0 0.0 0.0 0.0 0.0 0.0 0.0 0.0 0.0 0.0 0.0 0.0 0.6749999999999972 1.0 1.0 0.8874999999999995 0.46249999999999597 
0.0 0.0 0.0 0.0 0.0 0.0 0.0 0.0 0.0 0.0 0.0 0.0 0.0 0.0 0.08250000000000476 0.7074999999999994 1.0 0.6250000000000036 0.0 0.0 
0.0 0.0 0.0 0.0 0.0 0.0 0.0 0.0 0.0 0.0 0.0 0.0 0.0874999999999982 0.6825000000000039 0.9475000000000008 1.0 1.0 0.6250000000000036 0.0 0.0 
0.0 0.0 0.0 0.0 0.0 0.0 0.0 0.0 0.0 0.0 0.0 0.0 0.0 0.0 0.8249999999999993 1.0 0.4750000000000014 0.0 0.0 0.0 
0.0 0.0 0.0 0.0 0.0 0.0 0.0 0.0 0.0 0.0 0.0 0.0 0.1124999999999973 0.877500000000002 0.9825000000000006 0.3924999999999999 0.04749999999999829 0.0 0.0 0.0 
0.0 0.0 0.0 0.0 0.0 0.0 0.0 0.0 0.0 0.0 0.0 0.2749999999999986 1.0 1.0 0.1750000000000007 0.0 0.0 0.0 0.0 0.0 
0.0 0.0 0.0 0.0 0.0 0.0 0.0 0.0 0.0 0.05750000000000159 0.1000000000000032 0.34750000000000103 0.8750000000000036 0.02500000000000213 0.0 0.0 0.0 0.0 0.0 0.0 
0.0 0.0 0.0 0.0 0.0 0.0 0.0 0.0 0.0 0.5749999999999975 1.0 1.0 0.8750000000000036 0.02500000000000213 0.0 0.0 0.0 0.0 0.0 0.0 
0.0 0.0 0.0 0.0 0.0 0.0 0.007499999999999413 0.2625000000000032 0.30000000000000426 0.7025000000000001 1.0 0.7250000000000014 0.0 0.0 0.0 0.0 0.0 0.0 0.0 0.0 
0.0 0.0 0.0 0.0 0.0 0.0 0.02499999999999769 0.8749999999999982 1.0 1.0 0.6175000000000016 0.0724999999999986 0.0 0.0 0.0 0.0 0.0 0.0 0.0 0.0 
0.0 0.0 0.0 0.0 0.0 0.08749999999999902 0.5 0.5 0.8624999999999989 0.7125000000000012 0.2875000000000014 0.0 0.0 0.0 0.0 0.0 0.0 0.0 0.0 0.0 
0.0 0.0 0.0 0.0 0.03250000000000026 0.2574999999999994 0.9975000000000002 0.912499999999999 0.8999999999999986 0.3825000000000016 0.0 0.0 0.0 0.0 0.0 0.0 0.0 0.0 0.0 0.0 
0.0 0.0 0.0 0.0 0.32499999999999796 0.8775000000000015 0.3099999999999997 0.6499999999999988 0.1925000000000013 0.0 0.0 0.0 0.0 0.0 0.0 0.0 0.0 0.0 0.0 0.0 
0.0 0.0 0.0 0.0 0.32499999999999796 1.0 0.9750000000000023 0.12500000000000178 0.0 0.0 0.0 0.0 0.0 0.0 0.0 0.0 0.0 0.0 0.0 0.0 
0.0 0.0 0.0 0.0 0.32499999999999796 0.842500000000002 0.09750000000000161 0.012500000000000355 0.0 0.0 0.0 0.0 0.0 0.0 0.0 0.0 0.0 0.0 0.0 0.0 
0.0 0.0 0.624999999999998 0.7624999999999994 0.4999999999999988 0.4125000000000039 0.0 0.0 0.0 0.0 0.0 0.0 0.0 0.0 0.0 0.0 0.0 0.0 0.0 0.0 
0.0 0.6974999999999999 0.9625000000000006 0.9525000000000012 0.6075000000000033 0.0 0.0 0.0 0.0 0.0 0.0 0.0 0.0 0.0 0.0 0.0 0.0 0.0 0.0 0.0 
0.0 0.5424999999999953 0.45000000000000184 0.1575000000000029 0.0 0.0 0.0 0.0 0.0 0.0 0.0 0.0 0.0 0.0 0.0 0.0 0.0 0.0 0.0 0.0 
