0.924999999999998 1.0 1.0 1.0 1.0 1.0 1.0 1.0 1.0 1.0 1.0 1.0 1.0 1.0 1.0 1.0 1.0 1.0 1.0 0.9250000000000043 
0.09249999999999312 0.09999999999999276 0.09999999999999276 0.09999999999999276 0.09999999999999276 0.2574999999999923 1.0 1.0 1.0 1.0 1.0 1.0 0.8875000000000023 0.12249999999999486 0.09999999999999276 0.7074999999999951 0.5274999999999974 0.09999999999999276 0.09999999999999276 0.09249999999999373 
0.0 0.0 0.0 0.0 0.0 0.0 0.0 0.0 0.7249999999999979 1.0 1.0 0.7250000000000014 0.0 0.0 0.0 0.0 0.0 0.0 0.0 0.0 
0.0 0.0 0.0 0.0 0.0 0.0 0.0 0.0 0.7249999999999979 1.0 1.0 0.7250000000000014 0.0 0.0 0.0 0.0 0.0 0.0 0.0 0.0 
0.0 0.0 0.0 0.0 0.0 0.0 0.0 0.0 0.7249999999999979 1.0 1.0 0.7250000000000014 0.0 0.0 0.0 0.0 0.0 0.0 0.0 0.0 
0.0 0.0 0.0 0.0 0.0 0.0 0.0 0.0 0.7249999999999979 1.0 1.0 0.7250000000000014 0.0 0.0 0.0 0.0 0.0 0.0 0.0 0.0 
0.0 0.0 0.0 0.0 0.0 0.0 0.0 0.0 0.7249999999999979 1.0 1.0 0.7250000000000014 0.0 0.0 0.0 0.0 0.0 0.0 0.0 0.0 
0.0 0.0 0.0 0.0 0.0 0.0 0.0 0.0 0.7249999999999979 1.0 1.0 0.7250000000000014 0.0 0.0 0.0 0.0 0.0 0.0 0.0 0.0 
0.0 0.0 0.0 0.0 0.0 0.0 0.0 0.0 0.7249999999999979 1.0 0.9574999999999989 0.652499999999999 0.0 0.0 0.0 0.0 0.0 0.0 0.0 0.0 
0.0 0.0 0.0 0.0 0.0 0.0 0.0 0.0 0.7249999999999979 1.0 0.5750000000000028 0.0 0.0 0.0 0.0 0.0 0.0 0.0 0.0 0.0 
0.0 0.0 0.0 0.0 0.0 0.0 0.0 0.0 0.7249999999999979 1.0 0.5750000000000028 0.0 0.0 0.0 0.0 0.0 0.0 0.0 0.0 0.0 
0.0 0.0 0.0 0.0 0.0 0.0 0.0 0.0 0.7249999999999979 1.0 0.5750000000000028 0.0 0.0 0.0 0.0 0.0 0.0 0.0 0.0 0.0 
0.0 0.0 0.0 0.0 0.0 0.0 0.0 0.0 0.7249999999999979 1.0 0.5750000000000028 0.0 0.0 0.0 0.0 0.0 0.0 0.0 0.0 0.0 
0.0 0.0 0.0 0.0 0.0 0.0 0.0 0.0 0.7249999999999979 1.0 0.5750000000000028 0.0 0.0 0.0 0.0 0.0 0.0 0.0 0.0 0.0 
0.0 0.0 0.0 0.0 0.0 0.0 0.0 0.0 0.7249999999999979 1.0 0.5750000000000028 0.0 0.0 0.0 0.0 0.0 0.0 0.0 0.0 0.0 
0.0 0.0 0.0 0.0 0.0 0.0 0.0 0.0 0.7249999999999979 1.0 0.5750000000000028 0.0 0.0 0.0 0.0 0.0 0.0 0.0 0.0 0.0 
0.0 0.0 0.0 0.0 0.0 0.0 0.0 0.0 0.7249999999999979 1.0 0.5750000000000028 0.0 0.0 0.0 0.0 0.0 0.0 0.0 0.0 0.0 
0.0 0.0 0.0 0.0 0.0 0.0 0.012499999999998757 0.437499999999996 0.8624999999999979 1.0 0.5750000000000028 0.0 0.0 0.0 0.0 0.0 0.0 0.0 0.0 0.0 
0.0 0.0 0.0 0.0 0.0 0.0 0.022499999999997976 0.7875000000000003 0.9725000000000004 1.0 0.5750000000000028 0.0 0.0 0.0 0.0 0.0 0.0 0.0 0.0 0.0 
0.0 0.0 0.0 0.0 0.0 0.0 0.0 0.0 0.7249999999999979 1.0 0.5750000000000028 0.0 0.0 0.0 0.0 0.0 0.0 0.0 0.0 0.0 
