0.0 0.9250000000000036 1.0 1.0 0.2249999999999952 0.0 0.0 0.0 0.0 0.0 0.0 0.0 0.0 0.0 0.0 0.22500000000000853 1.0 1.0 1.0 0.9749999999999872 
0.0 0.9250000000000036 1.0 1.0 0.2249999999999952 0.0 0.0 0.0 0.0 0.0 0.0 0.0 0.0 0.0 0.0 0.22500000000000853 1.0 1.0 1.0 0.9749999999999872 
0.0 0.9250000000000036 1.0 1.0 0.2249999999999952 0.0 0.0 0.0 0.0 0.0 0.0 0.0 0.0 0.0 0.0 0.22500000000000853 1.0 1.0 0.9531249999999936 0.3656249999999926 
0.0 0.9250000000000036 1.0 1.0 0.2249999999999952 0.0 0.0 0.0 0.0 0.0 0.0 0.0 0.0 0.0 0.0 0.22500000000000853 1.0 1.0 0.92499999999999 0.0 
0.0 0.9250000000000036 1.0 1.0 0.2249999999999952 0.0 0.0 0.0 0.0 0.0 0.0 0.0 0.0 0.0 0.0 0.22500000000000853 1.0 1.0 0.92499999999999 0.0 
0.0 0.9250000000000036 1.0 1.0 0.2249999999999952 0.0 0.0 0.0 0.0 0.0 0.0 0.0 0.0 0.0 0.0 0.22500000000000853 1.0 1.0 0.92499999999999 0.0 
0.0 0.9250000000000036 1.0 1.0 0.2249999999999952 0.0 0.0 0.0 0.0 0.0 0.0 0.0 0.0 0.0 0.0 0.22500000000000853 1.0 1.0 0.92499999999999 0.0 
0.0 0.9250000000000036 1.0 1.0 0.2249999999999952 0.0 0.0 0.0 0.0 0.0 0.0 0.0 0.0 0.0 0.0 0.22500000000000853 1.0 1.0 0.92499999999999 0.0 
0.0 0.9250000000000036 1.0 1.0 0.2249999999999952 0.0 0.0 0.0 0.0 0.0 0.0 0.0 0.0 0.0 0.0 0.22500000000000853 1.0 1.0 0.92499999999999 0.0 
0.0 0.9250000000000036 1.0 0.8556249999999972 0.1856249999999955 0.0 0.0 0.0 0.0 0.0 0.0 0.0 0.0 0.0 0.0 0.22500000000000853 1.0 1.0 0.92499999999999 0.0 
0.0 0.9250000000000036 1.0 0.17499999999999538 0.0 0.0 0.0 0.0 0.0 0.0 0.0 0.0 0.0 0.0 0.0 0.22500000000000853 1.0 1.0 0.92499999999999 0.0 
0.4631250000000029 0.9606250000000021 1.0 0.17499999999999538 0.0 0.0 0.0 0.0 0.0 0.0 0.0 0.0 0.0 0.0 0.0 0.22500000000000853 1.0 1.0 0.92499999999999 0.0 
0.9750000000000032 1.0 1.0 0.17499999999999538 0.0 0.0 0.0 0.0 0.0 0.0 0.0 0.0 0.0 0.0 0.0 0.22500000000000853 1.0 1.0 0.92499999999999 0.0 
0.21937499999999865 0.9418750000000027 1.0 0.17499999999999538 0.0 0.0 0.0 0.0 0.0 0.0 0.0 0.0 0.0 0.0 0.0 0.22500000000000853 1.0 1.0 0.92499999999999 0.0 
0.9750000000000032 1.0 1.0 0.17499999999999538 0.0 0.0 0.0 0.0 0.0 0.0 0.0 0.0 0.0 0.0 0.0 0.22500000000000853 1.0 1.0 0.92499999999999 0.0 
0.9018750000000002 0.994375 1.0 1.0 0.2249999999999952 0.0 0.0 0.0 0.0 0.0 0.0 0.0 0.0 0.0 0.020625000000001475 0.28312500000001006 1.0 0.9906249999999991 0.8556249999999882 0.0 
0.0 0.9250000000000036 1.0 1.0 0.2249999999999952 0.0 0.0 0.0 0.0 0.0 0.0 0.0 0.0 0.0 0.27500000000000924 1.0 1.0 0.8749999999999929 0.0 0.0 
0.0 0.5781250000000022 0.9531250000000016 1.0 1.0 0.5468749999999969 0.12187499999999774 0.0 0.0 0.0 0.0 0.0 0.14062500000000333 0.5781250000000051 1.0 1.0 0.8249999999999904 0.0 0.0 0.0 
0.0 0.0 0.0 0.8043750000000027 0.9943749999999997 1.0 1.0 1.0 1.0 1.0 0.5368749999999944 0.43937500000000884 1.0 1.0 0.9931249999999991 0.75562499999999 0.0 0.0 0.0 0.0 
0.0 0.0 0.0 0.0 0.251875000000001 0.8143750000000032 1.0 1.0 1.0 1.0 1.0 1.0 0.7468749999999937 0.3249999999999993 0.23562499999999648 0.0 0.0 0.0 0.0 0.0 
