0.0 0.0 0.0 0.06749999999999942 0.22499999999999787 0.22499999999999787 0.7674999999999995 1.0 1.0 1.0 1.0 1.0 1.0 0.7675000000000002 0.22499999999999787 0.22499999999999787 0.06749999999999952 0.0 0.0 0.0 
0.0 0.0 0.0 0.30000000000000027 1.0 1.0 1.0 1.0 1.0 1.0 1.0 1.0 1.0 1.0 1.0 1.0 0.7724999999999991 0.33749999999999913 0.0 0.0 
0.0 0.0874999999999991 0.5624999999999996 1.0 1.0 1.0 1.0 0.9375000000000007 0.8750000000000013 0.8750000000000013 0.8750000000000013 0.8750000000000013 0.8750000000000013 0.9125000000000008 1.0 1.0 1.0 1.0 0.7000000000000011 0.0 
0.0 0.7000000000000003 1.0 1.0 1.0 1.0 0.5975000000000004 0.21250000000000036 0.0 0.0 0.0 0.0 0.0 0.29999999999999893 1.0 1.0 1.0 1.0 0.7000000000000011 0.0 
0.02249999999999953 0.7075000000000001 1.0 1.0 0.9975 0.9775000000000005 0.2925 0.0 0.0 0.0 0.0 0.0 0.0 0.0 0.09999999999999964 0.8999999999999986 1.0 1.0 0.7075000000000009 0.02249999999999953 
0.9000000000000004 1.0 1.0 1.0 0.8999999999999999 0.10000000000000009 0.0 0.0 0.0 0.0 0.0 0.0 0.0 0.0 0.09999999999999964 0.8999999999999986 1.0 1.0 1.0 0.9000000000000004 
0.9000000000000004 1.0 1.0 1.0 0.8999999999999999 0.10000000000000009 0.0 0.0 0.0 0.0 0.0 0.0 0.0 0.0 0.09999999999999964 0.8999999999999986 1.0 1.0 1.0 0.9000000000000004 
0.9000000000000004 1.0 1.0 1.0 0.8999999999999999 0.10000000000000009 0.0 0.0 0.0 0.0 0.0 0.0 0.0 0.0 0.09999999999999964 0.8999999999999986 1.0 1.0 1.0 0.9000000000000004 
0.9000000000000004 1.0 1.0 1.0 0.8999999999999999 0.10000000000000009 0.0 0.0 0.0 0.0 0.0 0.0 0.0 0.0 0.09999999999999964 0.8999999999999986 1.0 1.0 0.7525000000000006 0.1574999999999991 
0.9000000000000004 1.0 1.0 1.0 0.8999999999999999 0.10000000000000009 0.0 0.0 0.0 0.0 0.0 0.0 0.0 0.0 0.09999999999999964 0.8999999999999986 1.0 1.0 0.7000000000000011 0.0 
0.9000000000000004 1.0 1.0 1.0 0.8999999999999999 0.10000000000000009 0.0 0.0 0.0 0.0 0.0 0.0 0.0 0.0 0.09999999999999964 0.8999999999999986 1.0 1.0 0.7000000000000011 0.0 
0.9000000000000004 1.0 1.0 1.0 0.8999999999999999 0.10000000000000009 0.0 0.0 0.0 0.0 0.0 0.0 0.0 0.0 0.09999999999999964 0.8999999999999986 1.0 1.0 0.7000000000000011 0.0 
0.9000000000000004 1.0 1.0 1.0 0.8999999999999999 0.10000000000000009 0.0 0.0 0.0 0.0 0.0 0.0 0.0 0.0 0.09999999999999964 0.8999999999999986 1.0 1.0 0.7000000000000011 0.0 
0.9000000000000004 1.0 1.0 1.0 0.8999999999999999 0.10000000000000009 0.0 0.0 0.0 0.0 0.0 0.0 0.0 0.0 0.09999999999999964 0.8999999999999986 1.0 1.0 0.7000000000000011 0.0 
0.9000000000000004 1.0 1.0 1.0 0.8999999999999999 0.10000000000000009 0.0 0.0 0.0 0.0 0.0 0.0 0.0 0.0 0.09999999999999964 0.8999999999999986 1.0 1.0 0.7000000000000011 0.0 
0.022499999999995534 0.7074999999999988 1.0 1.0 0.8999999999999999 0.10000000000000009 0.0 0.0 0.0 0.0 0.0 0.0 0.0 0.0 0.09999999999999964 0.8999999999999986 1.0 1.0 0.7000000000000011 0.0 
0.0 0.7000000000000003 1.0 1.0 1.0 1.0 0.5975000000000029 0.21250000000000213 0.0 0.0 0.0 0.0 0.21250000000000213 0.5975000000000024 1.0 1.0 1.0 1.0 0.7000000000000011 0.0 
0.0 0.08749999999999755 0.5624999999999984 1.0 1.0 1.0 1.0 0.9375000000000018 0.8750000000000036 0.8750000000000036 0.8750000000000036 0.8750000000000036 0.9375000000000018 1.0 1.0 1.0 1.0 0.5624999999999982 0.08749999999999765 0.0 
0.0 0.0 0.0 0.20249999999999826 0.7074999999999942 0.9674999999999994 1.0 1.0 1.0 1.0 1.0 1.0 1.0 1.0 0.9674999999999995 0.7074999999999947 0.20249999999999857 0.0 0.0 0.0 
0.0 0.0 0.0 0.0 0.02249999999999945 0.20249999999999485 0.22499999999999432 0.22499999999999432 0.4574999999999959 0.9224999999999997 0.30249999999999533 0.22499999999999432 0.22499999999999432 0.22499999999999432 0.20249999999999496 0.022499999999999753 0.0 0.0 0.0 0.0 
