0.0 0.0 0.0 0.0 0.02249999999999981 0.20249999999999807 0.22499999999999787 0.6124999999999989 1.0 1.0 1.0 1.0 1.0 1.0 0.9225000000000001 0.3024999999999992 0.06749999999999952 0.0 0.0 0.0 
0.0 0.0 0.0 0.20249999999999965 0.7074999999999985 0.9674999999999998 1.0 1.0 1.0 1.0 1.0 1.0 1.0 1.0 1.0 1.0 0.7724999999999991 0.6749999999999983 0.47249999999999953 0.0 
0.0 0.0 0.5000000000000002 1.0 1.0 1.0 1.0 1.0 0.9625000000000005 0.8750000000000013 0.8750000000000013 0.9625000000000004 1.0 1.0 1.0 1.0 1.0 1.0 0.7000000000000011 0.0 
0.0 0.4024999999999997 0.7874999999999998 1.0 1.0 1.0 1.0 0.7125000000000004 0.2975000000000006 0.0 0.0 0.2975000000000002 0.4250000000000007 0.5974999999999999 1.0 1.0 1.0 1.0 0.7000000000000011 0.0 
0.0 0.7000000000000003 1.0 1.0 1.0 1.0 0.2999999999999998 0.0 0.0 0.0 0.0 0.0 0.0 0.0 0.09999999999999964 0.8999999999999986 1.0 1.0 1.0 0.9000000000000004 
0.0 0.7000000000000003 1.0 1.0 1.0 1.0 0.2999999999999998 0.0 0.0 0.0 0.0 0.0 0.0 0.0 0.05249999999999985 0.4724999999999996 0.5250000000000004 0.5250000000000004 0.5250000000000004 0.47250000000000053 
0.0 0.7000000000000003 1.0 1.0 0.9074999999999999 0.16749999999999943 0.022499999999999774 0.0 0.0 0.0 0.0 0.0 0.0 0.0 0.0 0.0 0.0 0.0 0.0 0.0 
0.0 0.7000000000000003 1.0 1.0 0.8999999999999999 0.10000000000000009 0.0 0.0 0.0 0.0 0.0 0.0 0.0 0.0 0.0 0.0 0.0 0.0 0.0 0.0 
0.7425000000000013 0.9475000000000003 1.0 1.0 0.8999999999999999 0.10000000000000009 0.0 0.0 0.0 0.0 0.0 0.0 0.0 0.0 0.0 0.0 0.0 0.0 0.0 0.0 
0.6524999999999983 0.9174999999999994 1.0 1.0 0.8999999999999999 0.10000000000000009 0.0 0.0 0.0 0.09999999999999964 0.8999999999999995 1.0 1.0 1.0 1.0 1.0 1.0 1.0 1.0 0.9000000000000004 
0.0 0.7000000000000003 1.0 1.0 0.8999999999999999 0.10000000000000009 0.0 0.0 0.0 0.09999999999999964 0.8999999999999995 1.0 1.0 1.0 1.0 1.0 1.0 1.0 1.0 0.9000000000000004 
0.9000000000000004 1.0 1.0 1.0 0.8999999999999999 0.10000000000000009 0.0 0.0 0.0 0.0 0.0 0.0 0.0 0.0 0.09999999999999964 0.8999999999999986 1.0 1.0 1.0 0.9000000000000004 
0.9000000000000004 1.0 1.0 1.0 0.8999999999999999 0.10000000000000009 0.0 0.0 0.0 0.0 0.0 0.0 0.0 0.0 0.09999999999999964 0.8999999999999986 1.0 1.0 1.0 0.9000000000000004 
0.9000000000000004 1.0 1.0 1.0 0.8999999999999999 0.10000000000000009 0.0 0.0 0.0 0.0 0.0 0.0 0.0 0.0 0.09999999999999964 0.8999999999999986 1.0 1.0 1.0 0.9000000000000004 
0.9000000000000004 1.0 1.0 1.0 0.8999999999999999 0.10000000000000009 0.0 0.0 0.0 0.0 0.0 0.0 0.0 0.0 0.09999999999999964 0.8999999999999986 1.0 1.0 1.0 0.9000000000000004 
0.022499999999995534 0.7074999999999988 1.0 1.0 0.8999999999999999 0.10000000000000009 0.0 0.0 0.0 0.0 0.0 0.0 0.0 0.0 0.09999999999999964 0.8999999999999986 1.0 1.0 1.0 0.9000000000000004 
0.0 0.7000000000000003 1.0 1.0 1.0 1.0 0.5975000000000029 0.21250000000000213 0.0 0.0 0.0 0.0 0.0 0.12750000000000083 0.48250000000000365 0.9424999999999996 1.0 1.0 0.7000000000000011 0.0 
0.0 0.08749999999999755 0.5624999999999984 1.0 1.0 1.0 1.0 0.9375000000000018 0.8750000000000036 0.8750000000000036 0.8750000000000036 0.8750000000000036 0.8750000000000036 0.9125000000000023 1.0 1.0 1.0 1.0 0.7000000000000011 0.0 
0.0 0.0 0.0 0.20249999999999826 0.7074999999999942 0.9674999999999994 1.0 1.0 1.0 1.0 1.0 1.0 1.0 1.0 1.0 1.0 0.7724999999999957 0.3374999999999968 0.0 0.0 
0.0 0.0 0.0 0.0 0.02249999999999945 0.20249999999999485 0.22499999999999432 0.6124999999999972 1.0 1.0 1.0 1.0 1.0 0.7674999999999991 0.22499999999999432 0.22499999999999432 0.06749999999999845 0.0 0.0 0.0 
