0.0 0.0 0.0 0.0 0.08124999999999895 0.12499999999999822 0.12499999999999822 0.12499999999999822 0.5187500000000007 1.0 1.0 0.5187499999999968 0.12499999999999822 0.12499999999999822 0.12499999999999822 0.08124999999999845 0.0 0.0 0.0 0.0 
0.0 0.0 0.09374999999999964 0.35624999999999857 0.7812499999999999 1.0 1.0 1.0 0.83125 0.6250000000000018 0.6250000000000018 0.8312500000000017 1.0 1.0 1.0 0.7812499999999973 0.35624999999999674 0.09374999999999756 0.0 0.0 
0.0 0.343749999999999 0.7187499999999988 0.9812500000000002 1.0 0.78125 0.3750000000000018 0.3750000000000018 0.20625000000000024 0.0 0.0 0.2062500000000019 0.3750000000000018 0.3750000000000018 0.7812500000000031 1.0 0.9812499999999983 0.7187499999999967 0.3437499999999961 0.0 
0.7437499999999981 0.9437499999999992 1.0 1.0 0.43125000000000047 0.08125000000000103 0.0 0.0 0.0 0.0 0.0 0.0 0.0 0.0 0.08125000000000164 0.43125000000000396 1.0 1.0 0.5499999999999954 0.0 
0.7437500000000012 0.8750000000000018 0.8750000000000018 0.8750000000000018 0.3062499999999999 0.0 0.0 0.0 0.0 0.0 0.0 0.0 0.0 0.0 0.0 0.3500000000000032 1.0 1.0 1.0 0.8499999999999943 
0.0 0.0 0.0 0.0 0.0 0.0 0.0 0.0 0.0 0.0 0.0 0.0 0.0 0.0 0.0 0.3500000000000032 1.0 1.0 1.0 0.8499999999999943 
0.0 0.0 0.0 0.0 0.0 0.0 0.0 0.0 0.0 0.0 0.0 0.0 0.0 0.0 0.0 0.3500000000000032 1.0 1.0 1.0 0.8499999999999943 
0.0 0.0 0.0 0.0 0.0 0.0 0.0 0.0 0.0 0.0 0.0 0.0 0.0 0.0 0.0 0.3500000000000032 1.0 1.0 0.6062499999999967 0.1062500000000008 
0.0 0.0 0.0 0.0 0.0 0.0 0.0 0.0 0.056249999999999446 0.12499999999999822 0.12499999999999822 0.12499999999999822 0.3437500000000018 0.9562500000000024 1.0 0.9562500000000003 0.8312499999999979 0.21874999999999578 0.0 0.0 
0.0 0.0 0.0 0.0 0.0 0.0 0.0 0.0 0.45000000000000195 1.0 1.0 1.0 1.0 1.0 1.0 0.6499999999999968 0.0 0.0 0.0 0.0 
0.0 0.0 0.0 0.0 0.0 0.0 0.0 0.0 0.16875000000000154 0.3750000000000018 0.3750000000000018 0.3750000000000018 0.5312500000000036 0.9687500000000019 1.0 0.8687499999999981 0.5937499999999957 0.15624999999999623 0.0 0.0 
0.0 0.0 0.0 0.0 0.0 0.0 0.0 0.0 0.0 0.0 0.0 0.0 0.03125000000000089 0.11875000000000205 0.12500000000000178 0.43125000000000396 0.9937499999999994 0.906249999999998 0.48124999999999496 0.0 
0.0 0.0 0.0 0.0 0.0 0.0 0.0 0.0 0.0 0.0 0.0 0.0 0.0 0.0 0.0 0.3062500000000034 0.8812500000000022 0.9687500000000011 1.0 0.8499999999999943 
0.0 0.0 0.0 0.0 0.0 0.0 0.0 0.0 0.0 0.0 0.0 0.0 0.0 0.0 0.0 0.0 0.05000000000000426 0.7500000000000053 1.0 0.8499999999999943 
0.5312499999999998 0.625 0.4687499999999999 0.03124999999999961 0.0 0.0 0.0 0.0 0.0 0.0 0.0 0.0 0.0 0.0 0.0 0.0 0.05000000000000426 0.7500000000000053 1.0 0.8499999999999943 
0.8499999999999996 1.0 0.96875 0.8812499999999999 0.3062499999999993 0.0 0.0 0.0 0.0 0.0 0.0 0.0 0.0 0.0 0.0 0.0 0.05000000000000426 0.7500000000000053 1.0 0.8499999999999943 
0.7437499999999997 0.94375 1.0 1.0 0.4312499999999993 0.08124999999999988 0.0 0.0 0.0 0.0 0.0 0.0 0.0 0.0 0.08125000000000049 0.4312500000000028 1.0 1.0 0.9437499999999994 0.743749999999995 
0.0 0.34374999999999994 0.7187500000000001 0.9812500000000002 1.0 0.7812499999999993 0.375 0.375 0.20624999999999927 0.0 0.0 0.20625000000000093 0.375 0.375 0.7812500000000024 1.0 0.9812499999999984 0.718749999999998 0.3437499999999971 0.0 
0.0 0.0 0.09375000000000008 0.35625000000000023 0.7812500000000004 1.0 1.0 1.0 0.8312499999999993 0.625 0.625 0.8312500000000009 1.0 1.0 1.0 0.781249999999998 0.3562499999999984 0.093749999999998 0.0 0.0 
0.0 0.0 0.0 0.0 0.0812500000000001 0.125 0.125 0.125 0.125 0.125 0.125 0.6062500000000022 0.7812499999999969 0.1687499999999975 0.125 0.0812499999999996 0.0 0.0 0.0 0.0 
