0.0 0.0 0.012500000000000178 0.03750000000000055 0.06250000000000092 0.08750000000000127 0.21250000000000163 0.4375000000000015 0.6625000000000011 0.8875000000000007 1.0 1.0 1.0 1.0 0.8874999999999986 0.662499999999999 0.4374999999999993 0.21249999999999963 0.08750000000000106 0.06250000000000071 
0.0 0.0 0.125 0.3750000000000001 0.6250000000000002 0.8750000000000002 1.0 1.0 1.0 1.0 1.0 1.0 1.0 1.0 1.0 1.0 1.0 1.0 0.8749999999999982 0.6249999999999982 
0.31250000000000044 0.4375000000000007 0.5625000000000008 0.6875000000000007 0.8125000000000004 0.9375000000000002 1.0 1.0 1.0 1.0 1.0 1.0 1.0 1.0 1.0 1.0 1.0 1.0 0.8749999999999982 0.6249999999999982 
0.6249999999999998 0.8749999999999999 1.0 1.0 1.0 1.0 1.0 1.0 1.0 1.0 1.0 1.0 1.0 1.0 1.0 1.0 1.0 1.0 0.8749999999999982 0.6249999999999982 
0.06249999999999976 0.08749999999999968 0.09999999999999964 0.09999999999999964 0.09999999999999964 0.09999999999999964 0.21250000000000008 0.4375000000000004 0.6625000000000004 0.8875000000000005 1.0 1.0 1.0 1.0 0.8874999999999984 0.6624999999999983 0.43749999999999817 0.21249999999999808 0.08749999999999951 0.0624999999999996 
0.0 0.0 0.0 0.0 0.0 0.0 0.12500000000000044 0.37500000000000067 0.6250000000000007 0.8750000000000007 1.0 1.0 1.0 1.0 0.8749999999999982 0.6249999999999982 0.3749999999999982 0.12499999999999822 0.0 0.0 
0.0 0.0 0.0 0.0 0.0 0.0 0.12500000000000044 0.37500000000000067 0.6250000000000007 0.8750000000000007 1.0 1.0 1.0 1.0 0.8749999999999982 0.6249999999999982 0.3749999999999982 0.12499999999999822 0.0 0.0 
0.0 0.0 0.0 0.0 0.0 0.0 0.12500000000000044 0.37500000000000067 0.6250000000000007 0.8750000000000007 1.0 1.0 1.0 1.0 0.8749999999999982 0.6249999999999982 0.3749999999999982 0.12499999999999822 0.0 0.0 
0.0 0.0 0.0 0.0 0.0 0.0 0.12500000000000044 0.37500000000000067 0.6250000000000007 0.8750000000000007 1.0 1.0 1.0 1.0 0.8749999999999982 0.6249999999999982 0.3749999999999982 0.12499999999999822 0.0 0.0 
0.0 0.0 0.0 0.0 0.0 0.0 0.12500000000000044 0.37500000000000067 0.6250000000000007 0.8750000000000007 1.0 1.0 1.0 1.0 0.8749999999999982 0.6249999999999982 0.3749999999999982 0.12499999999999822 0.0 0.0 
0.0 0.0 0.0 0.0 0.0 0.0 0.12500000000000044 0.37500000000000067 0.6250000000000007 0.8750000000000007 1.0 1.0 1.0 1.0 0.8749999999999982 0.6249999999999982 0.3749999999999982 0.12499999999999822 0.0 0.0 
0.0 0.0 0.0 0.0 0.0 0.0 0.12500000000000044 0.37500000000000067 0.6250000000000007 0.8750000000000007 1.0 1.0 1.0 1.0 0.8749999999999982 0.6249999999999982 0.3749999999999982 0.12499999999999822 0.0 0.0 
0.0 0.0 0.0 0.0 0.0 0.0 0.12500000000000044 0.37500000000000067 0.6250000000000007 0.8750000000000007 1.0 1.0 1.0 1.0 0.8749999999999982 0.6249999999999982 0.3749999999999982 0.12499999999999822 0.0 0.0 
0.0 0.0 0.0 0.0 0.0 0.0 0.12500000000000044 0.37500000000000067 0.6250000000000007 0.8750000000000007 1.0 1.0 1.0 1.0 0.8749999999999982 0.6249999999999982 0.3749999999999982 0.12499999999999822 0.0 0.0 
0.0 0.0 0.0 0.0 0.0 0.0 0.12500000000000044 0.37500000000000067 0.6250000000000007 0.8750000000000007 1.0 1.0 1.0 1.0 0.8749999999999982 0.6249999999999982 0.3749999999999982 0.12499999999999822 0.0 0.0 
0.0 0.0 0.0 0.0 0.0 0.0 0.12500000000000044 0.37500000000000067 0.6250000000000007 0.8750000000000007 1.0 1.0 1.0 1.0 0.8749999999999982 0.6249999999999982 0.3749999999999982 0.12499999999999822 0.0 0.0 
0.0 0.0 0.037499999999999645 0.11249999999999896 0.18749999999999828 0.26249999999999757 0.38749999999999785 0.5624999999999987 0.7374999999999994 0.9125000000000001 1.0 1.0 1.0 1.0 0.8749999999999982 0.6249999999999982 0.3749999999999982 0.12499999999999822 0.0 0.0 
0.0 0.0 0.125 0.3750000000000001 0.6250000000000002 0.8750000000000002 1.0 1.0 1.0 1.0 1.0 1.0 1.0 1.0 0.8749999999999982 0.6249999999999982 0.3749999999999982 0.12499999999999822 0.0 0.0 
0.0 0.0 0.125 0.3750000000000001 0.6250000000000002 0.8750000000000002 1.0 1.0 1.0 1.0 1.0 1.0 1.0 1.0 0.8749999999999982 0.6249999999999982 0.3749999999999982 0.12499999999999822 0.0 0.0 
0.0 0.0 0.125 0.3750000000000001 0.6250000000000002 0.8750000000000002 1.0 1.0 1.0 1.0 1.0 1.0 1.0 1.0 0.8749999999999982 0.6249999999999982 0.3749999999999982 0.12499999999999822 0.0 0.0 
