0.0 0.0 0.0 0.0 0.0 0.0 0.0 0.028124999999998936 0.22499999999999787 0.5543749999999965 1.0 1.0 1.0 1.0 1.0 0.7481249999999998 0.22499999999999787 0.084375 0.0 0.0 
0.0 0.0 0.0 0.0 0.0 0.0 0.6581249999999959 0.715624999999997 1.0 1.0 1.0 1.0 1.0 1.0 1.0 1.0 1.0 0.7968749999999998 0.15187500000000048 0.0 
0.0 0.0 0.0 0.0 0.08437499999999815 0.8468749999999974 1.0 1.0 1.0 1.0 0.9281250000000014 0.8750000000000022 0.8750000000000022 0.878125000000002 1.0 1.0 1.0 1.0 1.0 0.19062500000000043 
0.0 0.0 0.0 0.30187499999999684 0.861874999999998 1.0 1.0 0.9281250000000023 0.4250000000000025 0.4250000000000025 0.18062500000000137 0.0 0.0 0.010624999999999458 0.4250000000000025 0.6118750000000013 1.0 1.0 1.0 1.0 
0.0 0.0 0.3749999999999969 1.0 1.0 1.0 0.9756250000000023 0.0 0.0 0.0 0.0 0.0 0.0 0.0 0.0 0.3249999999999993 1.0 1.0 1.0 1.0 
0.0 0.10687499999999799 0.671874999999997 1.0 1.0 1.0 0.02500000000000302 0.0 0.0 0.0 0.0 0.0 0.0 0.0 0.0 0.3249999999999993 1.0 1.0 1.0 1.0 
0.0 0.22499999999999676 1.0 1.0 1.0 1.0 0.02500000000000302 0.0 0.0 0.0 0.0 0.0 0.0 0.0 0.0 0.3249999999999993 1.0 1.0 1.0 1.0 
0.0 0.22499999999999676 1.0 1.0 1.0 1.0 0.02500000000000302 0.0 0.0 0.0 0.0 0.0 0.0 0.0 0.0 0.3249999999999993 1.0 1.0 1.0 0.6531250000000027 
0.0 0.22499999999999676 1.0 1.0 1.0 1.0 0.02500000000000302 0.0 0.0 0.0 0.0 0.0 0.0 0.0 0.14437499999999723 0.8818749999999982 1.0 1.0 1.0 0.07500000000000284 
0.0 0.22499999999999676 1.0 1.0 1.0 1.0 0.2931249999999991 0.24062499999999817 0.0 0.0 0.0 0.0 0.24062499999999623 0.29312499999999586 1.0 1.0 1.0 1.0 1.0 0.07500000000000284 
0.0 0.06187499999999959 0.5468749999999991 1.0 1.0 1.0 1.0 0.9656250000000007 0.7249999999999979 0.7249999999999979 0.7249999999999979 0.7249999999999979 0.9656249999999987 1.0 1.0 1.0 1.0 1.0 0.43812500000000265 0.02062500000000094 
0.0 0.0 0.0 0.43312499999999887 0.9431250000000004 1.0 1.0 1.0 1.0 1.0 1.0 1.0 1.0 1.0 1.0 1.0 1.0 1.0 0.22500000000000142 0.0 
0.0 0.0 0.0 0.0 0.2531250000000013 0.37500000000000355 0.9843749999999982 1.0 1.0 1.0 1.0 1.0 0.45312500000000533 0.39062500000000255 1.0 1.0 1.0 1.0 0.22500000000000142 0.0 
0.0 0.0 0.0 0.0 0.0 0.0 0.0 0.0 0.0 0.0 0.0 0.0 0.0 0.02499999999999858 1.0 1.0 1.0 0.9531250000000029 0.20812500000000228 0.0 
0.0 0.0 0.0 0.0 0.0 0.0 0.0 0.0 0.0 0.0 0.0 0.0 0.0 0.02499999999999858 1.0 1.0 1.0 0.37500000000000355 0.0 0.0 
0.0 0.0 0.0 0.0 0.0 0.0 0.0 0.0 0.0 0.0 0.0 0.0 0.0 0.9756249999999979 1.0 1.0 1.0 0.37500000000000355 0.0 0.0 
0.42499999999999716 0.42499999999999716 0.42499999999999716 0.42499999999999716 0.42499999999999716 0.07437500000000057 0.0 0.0 0.0 0.0 0.0 0.30812499999999704 0.9281249999999976 1.0 1.0 0.8618750000000013 0.3018750000000027 0.0 0.0 0.0 
0.19062500000000032 1.0 1.0 1.0 1.0 0.8968749999999974 0.8749999999999964 0.8749999999999964 0.8749999999999964 0.8749999999999964 0.8749999999999964 0.9656249999999987 1.0 1.0 1.0 0.6750000000000007 0.0 0.0 0.0 0.0 
0.0 0.15187499999999876 0.7968750000000017 1.0 1.0 1.0 1.0 1.0 1.0 1.0 1.0 1.0 1.0 0.6581250000000051 0.0 0.0 0.0 0.0 0.0 0.0 
0.0 0.0 0.08437499999999984 0.6318749999999982 1.0 1.0 1.0 1.0 1.0 1.0 0.5543750000000014 0.22500000000000142 0.22500000000000142 0.0 0.0 0.0 0.0 0.0 0.0 0.0 
