0.0 0.18562499999999377 0.2749999999999915 0.2749999999999915 0.26812499999999184 0.0 0.0 0.0 0.0 0.0 0.0 0.0 0.0 0.0 0.14437499999999612 0.2749999999999915 0.6918749999999934 0.9093750000000015 0.5106249999999989 0.7868750000000051 
0.0 0.6749999999999983 1.0 1.0 0.9750000000000005 0.0 0.0 0.0 0.0 0.0 0.0 0.0 0.0 0.06187500000000179 0.9168749999999969 1.0 1.0 1.0 0.7318749999999972 0.039375000000000666 
0.0 0.6749999999999983 1.0 1.0 0.9750000000000005 0.0 0.0 0.0 0.0 0.0 0.0 0.0 0.23437499999999745 1.0 1.0 1.0 1.0 0.6718750000000041 0.0 0.0 
0.0 0.6749999999999983 1.0 1.0 0.9750000000000005 0.0 0.0 0.0 0.0 0.0 0.0 0.16187500000000313 0.9718749999999985 1.0 1.0 1.0 0.606874999999998 0.00937500000000031 0.0 0.0 
0.10687499999999811 0.8293749999999978 1.0 1.0 0.9750000000000005 0.0 0.0 0.0 0.0 0.0 0.3443749999999978 1.0 1.0 1.0 1.0 0.5368750000000014 0.0 0.0 0.0 0.0 
0.22499999999999787 1.0 1.0 1.0 0.0 0.0 0.0 0.0 0.0 0.29312499999999975 1.0 1.0 1.0 0.9018750000000002 0.0 0.0 0.0 0.0 0.0 0.0 
0.22499999999999787 1.0 1.0 1.0 0.0 0.0 0.0 0.0 0.47437500000000005 1.0 1.0 1.0 0.6406249999999984 0.0 0.0 0.0 0.0 0.0 0.0 0.0 
0.22499999999999787 1.0 1.0 1.0 0.0 0.0 0.0 0.453125 1.0 1.0 1.0 0.7218749999999963 0.0 0.0 0.0 0.0 0.0 0.0 0.0 0.0 
0.22499999999999787 1.0 1.0 1.0 0.6581250000000011 0.0 0.6243750000000011 1.0 1.0 1.0 0.5106249999999986 0.0 0.0 0.0 0.0 0.0 0.0 0.0 0.0 0.0 
0.22499999999999787 1.0 1.0 1.0 1.0 1.0 1.0 1.0 1.0 1.0 0.43812499999999993 0.0 0.0 0.0 0.0 0.0 0.0 0.0 0.0 0.0 
0.22499999999999787 1.0 1.0 1.0 1.0 1.0 1.0 1.0 1.0 1.0 1.0 0.0 0.0 0.0 0.0 0.0 0.0 0.0 0.0 0.0 
0.22499999999999787 1.0 1.0 1.0 1.0 1.0 0.6993749999999972 0.7968749999999982 1.0 1.0 1.0 0.8818749999999976 0.12187499999999991 0.0 0.0 0.0 0.0 0.0 0.0 0.0 
0.22499999999999787 1.0 1.0 1.0 1.0 1.0 0.07499999999999929 0.046874999999997335 0.8468749999999997 1.0 1.0 1.0 0.921875000000004 0.0 0.0 0.0 0.0 0.0 0.0 0.0 
0.22499999999999787 1.0 1.0 1.0 0.5606249999999927 0.0 0.0 0.0 0.0 0.6918749999999952 1.0 1.0 1.0 0.393125000000006 0.0 0.0 0.0 0.0 0.0 0.0 
0.9806250000000065 1.0 1.0 0.4393749999999958 0.0 0.0 0.0 0.0 0.0 0.0068749999999977085 0.731874999999999 1.0 1.0 0.9981250000000006 0.46312500000000195 0.0 0.0 0.0 0.0 0.0 
1.0 1.0 1.0 0.4250000000000007 0.0 0.0 0.0 0.0 0.0 0.0 0.344374999999994 1.0 1.0 1.0 0.7506250000000039 0.01312499999999762 0.0 0.0 0.0 0.0 
1.0 1.0 1.0 0.4250000000000007 0.0 0.0 0.0 0.0 0.0 0.0 0.0 0.17500000000000426 1.0 1.0 1.0 1.0 0.0 0.0 0.0 0.0 
1.0 1.0 1.0 0.4250000000000007 0.0 0.0 0.0 0.0 0.0 0.0 0.0 0.06562499999999974 0.7656249999999982 1.0 1.0 1.0 0.35937500000000344 0.0 0.0 0.0 
1.0 1.0 1.0 0.4250000000000007 0.0 0.0 0.0 0.0 0.0 0.0 0.0 0.0 0.0 1.0 1.0 1.0 1.0 0.278125000000007 0.0 0.0 
1.0 1.0 1.0 0.4250000000000007 0.0 0.0 0.0 0.0 0.0 0.0 0.0 0.0 0.0 0.32937499999999087 1.0 0.2931249999999846 1.0 1.0 0.0 0.0 
