0.0 0.0 0.0 0.0 0.0 0.0 0.2681249999999992 0.2749999999999986 0.2749999999999986 0.5831249999999997 1.0 0.47437499999999794 0.2749999999999986 0.268124999999999 0.0 0.0 0.0 0.0 0.0 0.0 
0.0 0.0 0.0 0.0 0.5568750000000011 0.8249999999999986 0.9956250000000004 1.0 1.0 1.0 1.0 1.0 1.0 0.9956250000000002 0.8249999999999986 0.5568749999999997 0.0 0.0 0.0 0.0 
0.0 0.08437500000000098 0.6093750000000011 1.0 1.0 1.0 1.0 1.0 1.0 1.0 1.0 1.0 1.0 1.0 1.0 1.0 1.0 0.6093750000000013 0.08437500000000023 0.0 
0.0 0.22500000000000342 1.0 1.0 1.0 1.0 1.0 0.07500000000000107 0.07500000000000107 0.07500000000000107 0.07500000000000107 0.07500000000000107 0.07500000000000107 1.0 1.0 1.0 1.0 1.0 0.22500000000000142 0.0 
0.07500000000000373 1.0 1.0 1.0 1.0 0.6081250000000001 0.013124999999998818 0.0 0.0 0.0 0.0 0.0 0.0 0.013124999999999285 0.6081249999999997 1.0 1.0 1.0 1.0 0.07500000000000284 
0.09812500000000232 1.0 1.0 1.0 1.0 0.17499999999999805 0.0 0.0 0.0 0.0 0.0 0.0 0.0 0.0 0.17062499999999747 0.9831250000000009 1.0 1.0 1.0 1.0 
1.0 1.0 1.0 1.0 1.0 0.17499999999999805 0.0 0.0 0.0 0.0 0.0 0.0 0.0 0.0 0.0 0.3249999999999993 1.0 1.0 1.0 1.0 
0.8843750000000021 1.0 1.0 1.0 1.0 0.17499999999999805 0.0 0.0 0.0 0.0 0.0 0.0 0.0 0.0 0.0 0.3249999999999993 1.0 1.0 1.0 1.0 
0.07500000000000373 1.0 1.0 1.0 1.0 0.17499999999999805 0.0 0.0 0.0 0.0 0.0 0.0 0.0 0.0 0.0 0.3249999999999993 1.0 1.0 1.0 1.0 
0.07500000000000373 1.0 1.0 1.0 1.0 0.17499999999999805 0.0 0.0 0.0 0.0 0.0 0.0 0.0 0.0 0.0 0.3249999999999993 1.0 1.0 1.0 1.0 
0.07500000000000373 1.0 1.0 1.0 1.0 0.17499999999999805 0.0 0.0 0.0 0.0 0.0 0.0 0.0 0.0 0.0 0.3249999999999993 1.0 1.0 1.0 1.0 
0.07500000000000373 1.0 1.0 1.0 1.0 0.17499999999999805 0.0 0.0 0.0 0.0 0.0 0.0 0.0 0.0 0.0 0.3249999999999993 1.0 1.0 1.0 1.0 
0.07500000000000373 1.0 1.0 1.0 1.0 0.17499999999999805 0.0 0.0 0.0 0.0 0.0 0.0 0.0 0.0 0.0 0.3249999999999993 1.0 1.0 1.0 1.0 
0.07500000000000373 1.0 1.0 1.0 1.0 0.17499999999999805 0.0 0.0 0.0 0.0 0.0 0.0 0.0 0.0 0.0 0.3249999999999993 1.0 1.0 1.0 1.0 
0.07500000000000373 1.0 1.0 1.0 1.0 0.17499999999999805 0.0 0.0 0.0 0.0 0.0 0.0 0.0 0.0 0.0 0.3249999999999993 1.0 1.0 1.0 1.0 
0.07500000000000373 1.0 1.0 1.0 1.0 0.6081249999999979 0.013124999999998752 0.0 0.0 0.0 0.0 0.0 0.0 0.0 0.09187499999999826 0.6793749999999987 1.0 1.0 1.0 0.5143750000000028 
0.0 0.22500000000000342 1.0 1.0 1.0 1.0 1.0 0.07499999999999929 0.05437499999999933 0.0 0.0 0.0 0.06562499999999938 0.09812499999999799 1.0 1.0 1.0 1.0 0.9418750000000007 0.06937500000000268 
0.0 0.08437500000000128 0.609375000000002 1.0 1.0 1.0 1.0 1.0 0.8968749999999992 0.625 0.625 0.625 0.953125 1.0 1.0 1.0 1.0 1.0 0.22500000000000142 0.0 
0.0 0.0 0.0 0.4331250000000021 0.8249999999999993 0.9693750000000002 1.0 1.0 1.0 1.0 1.0 1.0 1.0 1.0 1.0 0.9431249999999999 0.8249999999999993 0.3093750000000027 0.0 0.0 
0.0 0.0 0.0 0.0 0.0 0.2268750000000023 0.27500000000000213 1.0 1.0 1.0 1.0 1.0 1.0 0.27500000000000213 0.27500000000000213 0.18562500000000162 0.0 0.0 0.0 0.0 
