0.0 0.0 0.0 0.0 0.0 0.0 0.0 0.0 0.0 0.2612500000000018 1.0 1.0 1.0 1.0 0.5499999999999972 0.0 0.0 0.0 0.0 0.0 
0.0 0.0 0.0 0.0 0.0 0.0 0.0 0.0 0.0 0.9499999999999993 1.0 1.0 1.0 1.0 0.5499999999999972 0.0 0.0 0.0 0.0 0.0 
0.0 0.0 0.0 0.0 0.0 0.0 0.0 0.0 0.3187500000000028 0.9687499999999997 1.0 1.0 1.0 0.6499999999999986 0.0 0.0 0.0 0.0 0.0 0.0 
0.0 0.0 0.0 0.0 0.0 0.0 0.0 0.0 0.8500000000000014 1.0 1.0 1.0 0.7687499999999994 0.048749999999998274 0.0 0.0 0.0 0.0 0.0 0.0 
0.0 0.0 0.0 0.0 0.0 0.0 0.0 0.75 1.0 1.0 1.0 0.9287499999999985 0.3937499999999976 0.0 0.0 0.0 0.0 0.0 0.0 0.0 
0.0 0.0 0.0 0.0 0.0 0.0 0.6499999999999995 1.0 1.0 1.0 0.9987499999999998 0.8287499999999945 0.0 0.0 0.0 0.0 0.0 0.0 0.0 0.0 
0.0 0.0 0.0 0.0 0.0 0.3162500000000015 0.8512500000000007 1.0 1.0 1.0 0.9499999999999993 0.0 0.0 0.0 0.0 0.0 0.0 0.0 0.0 0.0 
0.0 0.0 0.0 0.0 0.05625000000000151 0.6062500000000015 1.0 1.0 1.0 1.0 0.0 0.0 0.0 0.0 0.0 0.0 0.0 0.0 0.0 0.0 
0.0 0.0 0.0 0.0 0.4499999999999993 1.0 1.0 1.0 1.0 0.35874999999999646 0.0 0.0 0.0 0.0 0.0 0.0 0.0 0.0 0.0 0.0 
0.0 0.0 0.0 0.34999999999999876 1.0 1.0 1.0 1.0 0.8087499999999954 0.038750000000000305 0.0 0.0 0.0 0.0 0.0 0.0 0.0 0.0 0.0 0.0 
0.0 0.0 0.1937500000000004 0.8537500000000035 1.0 1.0 1.0 1.0 0.14999999999999858 0.0 0.0 0.0 0.19375000000000142 0.7750000000000057 0.7750000000000057 0.7750000000000057 0.7750000000000057 0.19374999999999867 0.0 0.0 
0.0 0.048750000000000425 0.4937500000000039 1.0 1.0 1.0 0.7887499999999961 0.1687499999999984 0.0 0.0 0.0 0.0 0.25 1.0 1.0 1.0 1.0 0.24999999999999645 0.0 0.0 
0.0 0.14999999999999836 1.0 1.0 1.0 1.0 0.35000000000000053 0.0 0.0 0.0 0.0 0.0 0.25 1.0 1.0 1.0 1.0 0.24999999999999645 0.0 0.0 
0.049999999999998046 1.0 1.0 1.0 1.0 0.7662499999999978 0.20124999999999882 0.0 0.0 0.0 0.0 0.0 0.25 1.0 1.0 1.0 1.0 0.24999999999999645 0.0 0.0 
0.9762500000000047 1.0 1.0 1.0 1.0 0.9862500000000027 0.3412500000000023 0.0 0.0 0.0 0.04875000000000094 0.975000000000005 0.9812500000000037 1.0 1.0 1.0 1.0 0.9812500000000036 0.975000000000005 0.048749999999997476 
1.0 1.0 1.0 1.0 1.0 1.0 1.0 1.0 1.0 1.0 1.0 1.0 1.0 1.0 1.0 1.0 1.0 1.0 1.0 1.0 
1.0 1.0 1.0 1.0 1.0 1.0 1.0 1.0 1.0 1.0 1.0 1.0 1.0 1.0 1.0 1.0 1.0 1.0 1.0 0.9287499999999937 
0.3749999999999929 0.3749999999999929 0.3749999999999929 0.3749999999999929 0.3749999999999929 0.3749999999999929 0.3749999999999929 0.3749999999999929 0.3749999999999929 0.3749999999999929 0.3749999999999929 0.3749999999999929 0.5312499999999947 1.0 1.0 1.0 1.0 0.5312499999999925 0.3749999999999929 0.01874999999999858 
0.0 0.0 0.0 0.0 0.0 0.0 0.0 0.0 0.0 0.0 0.0 0.0 0.25 1.0 1.0 1.0 1.0 0.24999999999999645 0.0 0.0 
0.0 0.0 0.0 0.0 0.0 0.0 0.0 0.0 0.0 0.0 0.0 0.0 0.25 1.0 1.0 1.0 0.528749999999993 0.0687499999999969 0.0 0.0 
