0.0 0.0 0.0 0.0 0.027500000000002068 0.24750000000000372 0.27500000000000213 0.6375000000000062 1.0 1.0 1.0 1.0 0.637499999999996 0.27500000000000213 0.27500000000000213 0.27500000000000213 0.08249999999999888 0.0 0.0 0.0 
0.0 0.0 0.0 0.2475000000000063 0.8425000000000029 0.9825000000000014 1.0 1.0 1.0 1.0 1.0 1.0 1.0 1.0 1.0 1.0 0.8775000000000003 0.4124999999999951 0.0 0.0 
0.0 0.26250000000000373 0.6875000000000051 1.0 1.0 1.0 1.0 1.0 0.8874999999999968 0.6249999999999982 0.6249999999999982 0.6249999999999982 0.8125000000000018 1.0 1.0 1.0 1.0 1.0 0.6999999999999922 0.0 
0.0 0.7000000000000066 1.0 1.0 1.0 1.0 0.35249999999999215 0.0749999999999984 0.05249999999999836 0.0 0.0 0.0 0.037499999999999735 0.3525000000000061 1.0 1.0 1.0 1.0 0.9774999999999999 0.8324999999999936 
0.9000000000000066 1.0 1.0 1.0 0.8999999999999932 0.09999999999999343 0.0 0.0 0.0 0.0 0.0 0.0 0.0 0.0 0.10000000000000853 0.9000000000000057 1.0 1.0 1.0 0.8999999999999915 
0.9000000000000066 1.0 1.0 1.0 0.8999999999999932 0.09999999999999343 0.0 0.0 0.0 0.0 0.0 0.0 0.0 0.0 0.0 0.0 0.6825000000000048 0.9749999999999979 0.9749999999999979 0.8774999999999897 
0.9000000000000066 1.0 1.0 1.0 0.8999999999999932 0.09999999999999343 0.0 0.0 0.0 0.0 0.0 0.0 0.0 0.0 0.0 0.0 0.0 0.0 0.0 0.0 
0.9000000000000066 1.0 1.0 1.0 0.8999999999999932 0.09999999999999343 0.0 0.0 0.0 0.0 0.0 0.0 0.0 0.0 0.0 0.0 0.0 0.0 0.0 0.0 
0.9000000000000066 1.0 1.0 1.0 0.8999999999999932 0.09999999999999343 0.0 0.0 0.2025000000000049 0.6750000000000007 0.6750000000000007 0.6750000000000007 0.3374999999999956 0.0 0.0 0.0 0.0 0.0 0.0 0.0 
0.9000000000000066 1.0 1.0 1.0 1.0 1.0 1.0 1.0 1.0 1.0 1.0 1.0 1.0 1.0 1.0 1.0 0.457499999999996 0.11249999999999911 0.0 0.0 
0.9000000000000066 1.0 1.0 1.0 1.0 1.0 1.0 1.0 1.0 1.0 1.0 1.0 1.0 1.0 1.0 1.0 1.0 0.8874999999999986 0.5424999999999942 0.0 
0.9000000000000066 1.0 1.0 1.0 1.0 1.0 0.7724999999999982 0.3374999999999956 0.0 0.032500000000002124 0.2925000000000015 0.7975000000000041 1.0 1.0 1.0 1.0 1.0 1.0 1.0 0.8999999999999915 
0.9000000000000066 1.0 1.0 1.0 0.9124999999999941 0.21249999999999425 0.03749999999999909 0.0 0.26250000000000606 0.7999999999999949 0.19999999999999507 0.7375000000000056 1.0 1.0 1.0 1.0 1.0 1.0 1.0 0.8999999999999915 
0.9000000000000066 1.0 1.0 1.0 0.8999999999999932 0.09999999999999343 0.0 0.0 0.12750000000000317 0.48250000000000454 0.9425000000000039 1.0 1.0 0.8724999999999965 0.6175000000000029 0.9575000000000023 1.0 1.0 1.0 0.8999999999999915 
0.9000000000000066 1.0 1.0 1.0 0.9974999999999996 0.9774999999999979 0.9749999999999979 0.9749999999999979 0.9824999999999987 1.0 1.0 1.0 0.5124999999999942 0.017500000000001296 0.10000000000000853 0.9000000000000057 1.0 1.0 1.0 0.8999999999999915 
0.9000000000000066 1.0 1.0 1.0 1.0 1.0 0.6324999999999972 0.4750000000000014 0.4750000000000014 0.42749999999999805 0.04749999999999702 0.0 0.0 0.0 0.10000000000000853 0.9000000000000057 1.0 1.0 1.0 0.8999999999999915 
0.9000000000000066 1.0 1.0 1.0 0.9074999999999936 0.16749999999999327 0.02249999999999924 0.0 0.0 0.0 0.0 0.0 0.0 0.022500000000000374 0.16750000000000725 0.9075000000000052 1.0 1.0 1.0 0.8999999999999915 
0.33750000000000246 0.8125000000000041 1.0 1.0 1.0 1.0 0.7374999999999973 0.31249999999999556 0.0 0.0 0.0 0.0 0.31250000000000444 0.7375000000000029 1.0 1.0 1.0 1.0 0.8124999999999951 0.3374999999999968 
0.0 0.0 0.41250000000000514 0.8775000000000007 1.0 1.0 1.0 1.0 1.0 1.0 1.0 1.0 1.0 1.0 1.0 1.0 1.0 0.9124999999999984 0.577499999999993 0.0 
0.0 0.0 0.0 0.08250000000000254 0.3475000000000068 0.927500000000005 1.0 1.0 1.0 1.0 1.0 1.0 1.0 1.0 0.927499999999994 0.3474999999999978 0.27500000000000213 0.13749999999999912 0.0 0.0 
