0.0 0.0 0.0 0.0 0.015000000000000492 0.13500000000000223 0.15000000000000213 0.5750000000000033 1.0 1.0 1.0 1.0 1.0 0.744999999999997 0.15000000000000213 0.15000000000000213 0.04500000000000021 0.0 0.0 0.0 
0.0 0.0 0.2250000000000019 0.4500000000000024 0.5050000000000032 0.9450000000000014 1.0 1.0 1.0 1.0 1.0 1.0 1.0 1.0 1.0 1.0 0.6150000000000001 0.2249999999999996 0.0 0.0 
0.0 0.5250000000000029 0.8750000000000018 1.0 1.0 1.0 1.0 1.0 1.0 1.0 1.0 1.0 1.0 1.0 1.0 1.0 1.0 0.8750000000000004 0.5249999999999987 0.0 
0.0 0.7000000000000014 1.0 1.0 1.0 1.0 0.9649999999999982 0.4749999999999962 0.0 0.0 0.0 0.0 0.47500000000000214 0.9649999999999985 1.0 1.0 1.0 1.0 0.6999999999999957 0.0 
0.31500000000000333 0.8050000000000019 1.0 1.0 0.964999999999999 0.6849999999999964 0.19499999999999776 0.0 0.0 0.0 0.0 0.0 0.0 0.1950000000000018 0.6849999999999988 0.9650000000000004 1.0 1.0 0.8049999999999982 0.3150000000000011 
0.9000000000000012 1.0 1.0 1.0 0.8999999999999981 0.09999999999999787 0.0 0.0 0.0 0.0 0.0 0.0 0.0 0.0 0.10000000000000497 0.9000000000000021 1.0 1.0 1.0 0.899999999999995 
0.9000000000000012 1.0 1.0 1.0 0.8999999999999981 0.09999999999999787 0.0 0.0 0.0 0.0 0.0 0.0 0.0 0.0 0.10000000000000497 0.9000000000000021 1.0 1.0 1.0 0.899999999999995 
0.9000000000000012 1.0 1.0 1.0 0.8999999999999981 0.09999999999999787 0.0 0.0 0.0 0.0 0.0 0.0 0.0 0.0 0.10000000000000497 0.9000000000000021 1.0 1.0 1.0 0.899999999999995 
0.9000000000000012 1.0 1.0 1.0 0.8999999999999981 0.09999999999999787 0.0 0.0 0.0 0.0 0.0 0.0 0.0 0.0 0.10000000000000497 0.9000000000000021 1.0 1.0 1.0 0.899999999999995 
0.9000000000000012 1.0 1.0 1.0 0.8999999999999981 0.09999999999999787 0.0 0.0 0.0 0.0 0.0 0.0 0.0 0.0 0.10000000000000497 0.9000000000000021 1.0 1.0 1.0 0.899999999999995 
0.9000000000000012 1.0 1.0 1.0 0.8999999999999981 0.09999999999999787 0.0 0.0 0.0 0.0 0.0 0.0 0.0 0.0 0.10000000000000497 0.9000000000000021 1.0 1.0 1.0 0.899999999999995 
0.9000000000000012 1.0 1.0 1.0 0.8999999999999981 0.09999999999999787 0.0 0.0 0.0 0.0 0.0 0.0 0.0 0.0 0.10000000000000497 0.9000000000000021 1.0 1.0 0.8649999999999967 0.4949999999999931 
0.9000000000000012 1.0 1.0 1.0 0.8999999999999981 0.09999999999999787 0.0 0.0 0.0 0.0 0.0 0.0 0.0 0.0 0.10000000000000497 0.9000000000000021 1.0 1.0 0.6999999999999957 0.0 
0.9000000000000012 1.0 1.0 1.0 0.8999999999999981 0.09999999999999787 0.0 0.0 0.0 0.0 0.0 0.0 0.0 0.0 0.10000000000000497 0.9000000000000021 1.0 1.0 0.9849999999999985 0.8549999999999914 
0.9000000000000012 1.0 1.0 1.0 0.8999999999999981 0.09999999999999787 0.0 0.0 0.0 0.0 0.0 0.0 0.0 0.0 0.10000000000000497 0.9000000000000021 1.0 1.0 0.6999999999999957 0.0 
0.9000000000000012 1.0 1.0 1.0 0.8999999999999981 0.09999999999999787 0.0 0.0 0.0 0.0 0.0 0.0 0.0 0.0 0.10000000000000497 0.9000000000000021 1.0 1.0 0.6999999999999957 0.0 
0.04499999999999431 0.7149999999999994 1.0 1.0 0.9950000000000006 0.9550000000000056 0.2850000000000001 0.0 0.0 0.0 0.0 0.0 0.0 0.28500000000000597 0.955000000000006 0.9950000000000008 1.0 1.0 0.6999999999999957 0.0 
0.0 0.524999999999996 0.8749999999999969 1.0 1.0 1.0 1.0 1.0 1.0 0.9249999999999989 0.3250000000000041 0.2500000000000071 0.6250000000000062 1.0 1.0 1.0 1.0 0.8749999999999956 0.5249999999999918 0.0 
0.0 0.0 0.22499999999999679 0.6149999999999954 1.0 1.0 1.0 1.0 1.0 1.0 1.0 1.0 1.0 1.0 1.0 1.0 0.614999999999993 0.22499999999999448 0.0 0.0 
0.0 0.0 0.0 0.04499999999999768 0.2349999999999939 0.9150000000000009 1.0 1.0 1.0 1.0 1.0 1.0 1.0 0.7449999999999938 0.14999999999999147 0.14999999999999147 0.044999999999997015 0.0 0.0 0.0 
