0.0 0.0 0.0 0.021874999999999877 0.15312499999999774 0.690625 1.0 1.0 1.0 1.0 1.0 1.0 1.0 0.4843749999999982 0.10937499999999822 0.0 0.0 0.0 0.0 0.0 
0.0 0.0 0.19687500000000002 0.5843749999999988 0.9406250000000004 1.0 1.0 1.0 1.0 1.0 1.0 1.0 1.0 1.0 0.8218749999999992 0.5249999999999979 0.5249999999999979 0.19687499999999922 0.0 0.0 
0.0 0.5468750000000007 0.9218749999999993 1.0 1.0 1.0 0.6718749999999998 0.12500000000000133 0.12500000000000133 0.12500000000000133 0.12500000000000133 0.23437500000000117 0.8906250000000002 1.0 1.0 1.0 1.0 0.9218749999999991 0.5468749999999991 0.0 
0.19687500000000008 0.7093750000000012 1.0 1.0 1.0 0.37499999999999867 0.0 0.0 0.0 0.0 0.0 0.0 0.0 0.4843750000000002 0.8593750000000002 1.0 1.0 1.0 0.625 0.0 
0.8750000000000018 1.0 1.0 1.0 1.0 0.37499999999999867 0.0 0.0 0.0 0.0 0.0 0.0 0.0 0.0 0.375 1.0 1.0 1.0 0.625 0.0 
0.8750000000000018 1.0 1.0 1.0 1.0 0.37499999999999867 0.0 0.0 0.0 0.0 0.0 0.0 0.0 0.0 0.028124999999999734 0.07499999999999929 0.07499999999999929 0.07499999999999929 0.046874999999999556 0.0 
0.0 0.6250000000000017 1.0 1.0 1.0 0.37499999999999867 0.0 0.0 0.0 0.0 0.0 0.0 0.0 0.0 0.0 0.0 0.0 0.0 0.0 0.0 
0.0 0.6250000000000017 1.0 1.0 1.0 0.37499999999999867 0.0 0.0 0.0 0.0 0.0 0.0 0.0 0.0 0.0 0.0 0.0 0.0 0.0 0.0 
0.0 0.6250000000000017 1.0 1.0 1.0 0.37499999999999867 0.0 0.0 0.0 0.0 0.0 0.0 0.0 0.0 0.0 0.0 0.0 0.0 0.0 0.0 
0.0 0.6250000000000017 1.0 1.0 1.0 1.0 1.0 1.0 1.0 1.0 1.0 1.0 1.0 1.0 1.0 0.9156250000000006 0.40937500000000404 0.12187500000000173 0.0 0.0 
0.0 0.6250000000000017 1.0 1.0 1.0 1.0 1.0 0.9156249999999989 0.40937499999999566 0.32499999999999574 0.32499999999999574 0.32499999999999574 0.32499999999999574 0.7468749999999984 1.0 1.0 1.0 0.7968750000000027 0.42187500000000266 0.0 
0.0 0.6250000000000017 1.0 1.0 1.0 0.9843749999999964 0.6093749999999956 0.0 0.0 0.0 0.0 0.0 0.0 0.0 0.36562499999999787 0.978124999999995 0.9968749999999993 1.0 0.6343750000000021 0.021875000000004974 
0.0 0.6250000000000017 1.0 1.0 1.0 0.37499999999999867 0.0 0.0 0.0 0.0 0.0 0.0 0.0 0.0 0.0 0.125 0.875 1.0 1.0 0.875 
0.0 0.6250000000000017 1.0 1.0 1.0 0.37499999999999867 0.0 0.0 0.0 0.0 0.0 0.0 0.0 0.0 0.0 0.125 0.875 1.0 1.0 0.875 
0.0 0.6250000000000017 1.0 1.0 1.0 0.37499999999999867 0.0 0.0 0.0 0.0 0.0 0.0 0.0 0.0 0.0 0.125 0.875 1.0 1.0 0.875 
0.0 0.35937499999999606 0.7343749999999958 1.0 1.0 0.37499999999999867 0.0 0.0 0.0 0.0 0.0 0.0 0.0 0.0 0.0 0.125 0.875 1.0 1.0 0.875 
0.0 0.0 0.37500000000000155 1.0 1.0 0.8593750000000054 0.4843750000000051 0.0 0.0 0.0 0.0 0.0 0.0 0.0 0.29062500000000346 0.8031250000000081 0.9718750000000012 1.0 1.0 0.875 
0.0 0.0 0.0 0.12500000000000133 0.8750000000000013 1.0 1.0 0.8906250000000006 0.23437500000000855 0.12500000000001066 0.12500000000001066 0.12500000000001066 0.12500000000001066 0.12500000000001066 0.45312500000000666 1.0 1.0 1.0 0.625 0.0 
0.0 0.0 0.0 0.06562499999999918 0.45937499999999015 0.8218749999999961 1.0 1.0 1.0 1.0 1.0 1.0 1.0 1.0 1.0 1.0 1.0 0.7031249999999925 0.32812499999999245 0.0 
0.0 0.0 0.0 0.0 0.0 0.10937499999999402 0.17499999999999005 0.278124999999992 0.8968749999999995 1.0 1.0 1.0 1.0 1.0 1.0 0.8968749999999988 0.2781249999999913 0.06562499999999627 0.0 0.0 
