0.0 0.0 0.0 0.05250000000000065 0.25750000000000256 0.9175000000000019 1.0 1.0 1.0 1.0 1.0 1.0 1.0 0.7524999999999982 0.1750000000000007 0.1750000000000007 0.052499999999999714 0.0 0.0 0.0 
0.0 0.0 0.2625000000000017 0.6675000000000019 1.0 1.0 1.0 1.0 1.0 1.0 1.0 1.0 1.0 1.0 1.0 1.0 0.29999999999999716 0.0 0.0 0.0 
0.0 0.6125000000000028 0.9375000000000009 1.0 1.0 1.0 1.0 0.562499999999997 0.12499999999999867 0.12499999999999867 0.12499999999999867 0.12499999999999867 0.5625000000000024 1.0 1.0 1.0 0.9125000000000005 0.43749999999999756 0.0 0.0 
0.20250000000000176 0.7675000000000021 1.0 1.0 0.9774999999999994 0.7974999999999982 0.23249999999999738 0.0 0.0 0.0 0.0 0.0 0.0 0.3000000000000025 1.0 1.0 1.0 1.0 0.6999999999999975 0.0 
0.3824999999999992 0.8275000000000007 1.0 1.0 0.8999999999999977 0.09999999999999787 0.0 0.0 0.0 0.0 0.0 0.0 0.0 0.12750000000000047 0.4825000000000001 0.942500000000001 1.0 1.0 0.6999999999999975 0.0 
0.8325000000000042 0.9775000000000009 1.0 1.0 0.8999999999999977 0.09999999999999787 0.0 0.0 0.0 0.0 0.0 0.0 0.0 0.0 0.007499999999999991 0.06749999999999792 0.07499999999999751 0.07499999999999751 0.052499999999998076 0.0 
0.6524999999999996 0.9175 1.0 1.0 0.8999999999999977 0.09999999999999787 0.0 0.0 0.0 0.0 0.0 0.0 0.0 0.0 0.0 0.0 0.0 0.0 0.0 0.0 
0.0 0.7000000000000022 1.0 1.0 0.8999999999999977 0.09999999999999787 0.0 0.0 0.0 0.0 0.0 0.0 0.0 0.0 0.0 0.0 0.0 0.0 0.0 0.0 
0.0 0.7000000000000022 1.0 1.0 0.8999999999999977 0.09999999999999787 0.0 0.0 0.0 0.0 0.0 0.0 0.0 0.0 0.0 0.0 0.0 0.0 0.0 0.0 
0.0 0.7000000000000022 1.0 1.0 0.8999999999999977 0.09999999999999787 0.0 0.0 0.0 0.10000000000000231 0.9000000000000021 1.0 1.0 1.0 1.0 1.0 1.0 1.0 0.6999999999999975 0.0 
0.0 0.7000000000000022 1.0 1.0 0.8999999999999977 0.09999999999999787 0.0 0.0 0.0 0.10000000000000231 0.9000000000000021 1.0 1.0 1.0 1.0 1.0 1.0 1.0 0.6999999999999975 0.0 
0.0 0.7000000000000022 1.0 1.0 0.8999999999999977 0.09999999999999787 0.0 0.0 0.0 0.0 0.0 0.0 0.0 0.29250000000000126 0.9774999999999966 0.9974999999999996 1.0 1.0 0.6999999999999975 0.0 
0.0 0.7000000000000022 1.0 1.0 0.8999999999999977 0.09999999999999787 0.0 0.0 0.0 0.0 0.0 0.0 0.0 0.0 0.1000000000000032 0.9000000000000021 1.0 1.0 0.8124999999999996 0.337500000000002 
0.0 0.7000000000000022 1.0 1.0 0.8999999999999977 0.09999999999999787 0.0 0.0 0.0 0.0 0.0 0.0 0.0 0.0 0.1000000000000032 0.9000000000000021 1.0 1.0 1.0 0.8999999999999968 
0.0 0.7000000000000022 1.0 1.0 0.8999999999999977 0.09999999999999787 0.0 0.0 0.0 0.0 0.0 0.0 0.0 0.0 0.1000000000000032 0.9000000000000021 1.0 1.0 1.0 0.8999999999999968 
0.0 0.7000000000000022 1.0 1.0 0.8999999999999977 0.09999999999999787 0.0 0.0 0.0 0.0 0.0 0.0 0.0 0.0 0.1000000000000032 0.9000000000000021 1.0 1.0 0.8724999999999976 0.5174999999999943 
0.0 0.7000000000000022 1.0 1.0 0.9775 0.7975000000000046 0.2324999999999995 0.0 0.0 0.0 0.0 0.0 0.0 0.0 0.1000000000000032 0.9000000000000021 1.0 1.0 0.6999999999999975 0.0 
0.0 0.0 0.5000000000000022 1.0 1.0 1.0 1.0 0.5625000000000012 0.1250000000000071 0.1250000000000071 0.1250000000000071 0.1250000000000071 0.1250000000000071 0.38750000000000717 1.0 1.0 1.0 1.0 0.6999999999999975 0.0 
0.0 0.0 0.2624999999999987 0.6674999999999978 1.0 1.0 1.0 1.0 1.0 1.0 1.0 1.0 1.0 1.0 1.0 1.0 0.6674999999999952 0.524999999999995 0.3674999999999952 0.0 
0.0 0.0 0.0 0.05249999999999852 0.2574999999999962 0.9175000000000011 1.0 1.0 1.0 1.0 1.0 1.0 1.0 1.0 0.9174999999999968 0.2574999999999925 0.05249999999999758 0.0 0.0 0.0 
