0.0 0.0 0.0 0.0 0.0 0.0 0.0 0.0 0.0 0.0 0.020624999999998988 0.0618749999999967 0.4218750000000006 0.9306250000000036 1.0 0.9749999999999961 0.4249999999999954 0.0 0.0 0.0 
0.0 0.0 0.0 0.0 0.0 0.0 0.0 0.0 0.0 0.0 0.27500000000000213 0.8250000000000028 1.0 1.0 0.8931250000000008 0.755625000000001 0.3293749999999982 0.0 0.0 0.0 
0.0 0.0 0.0 0.0 0.0 0.0 0.0 0.0 0.06562500000000024 0.2718749999999983 0.5468749999999984 0.8906250000000011 0.8593750000000002 0.6531250000000021 0.328124999999999 0.0 0.0 0.0 0.0 0.0 
0.0 0.0 0.0 0.0 0.0 0.0 0.039375000000000486 0.3281249999999984 0.6081249999999978 0.8693750000000005 0.8556250000000001 0.5668750000000019 0.2968750000000009 0.03562499999999828 0.0 0.0 0.0 0.0 0.0 0.0 
0.0 0.0 0.0 0.0 0.0 0.3543749999999986 0.6993749999999971 0.8781249999999992 0.881874999999999 0.5106250000000006 0.235625000000002 0.05687499999999973 0.0 0.0 0.0 0.0 0.0 0.0 0.0 0.0 
0.0 0.0 0.0 0.0 0.0 0.5250000000000008 1.0 1.0 0.8249999999999975 0.2749999999999968 0.0 0.0 0.0 0.0 0.0 0.0 0.0 0.0 0.0 0.0 
0.0 0.0 0.0 0.4143749999999986 0.9506249999999967 0.9881249999999981 1.0 1.0 0.8249999999999975 0.2749999999999968 0.0 0.0 0.0 0.0 0.0 0.0 0.0 0.0 0.0 0.0 
0.0 0.0 0.0 0.42500000000000027 0.9750000000000005 1.0 1.0 1.0 0.8468749999999972 0.36562499999999465 0.12499999999999645 0.12499999999999645 0.12499999999999645 0.12499999999999645 0.06562499999999752 0.0 0.0 0.0 0.0 0.0 
0.0 0.0893749999999988 0.24062499999999715 0.5831249999999983 0.9818750000000003 1.0 1.0 1.0 1.0 1.0 0.9243750000000003 0.7731250000000018 0.828125000000003 0.9793750000000014 0.6556249999999948 0.2681249999999958 0.11687499999999737 0.0 0.0 0.0 
0.0 0.3249999999999994 0.8749999999999998 1.0 1.0 0.7768750000000011 0.5750000000000028 0.5750000000000028 0.5750000000000028 0.5750000000000028 0.41687500000000083 0.10062499999999887 0.21562500000000312 0.5318750000000051 0.7768750000000036 0.9856249999999976 0.6693749999999957 0.37187499999999524 0.1381249999999965 0.0 
0.4456249999999975 0.713124999999998 0.9468749999999996 1.0 1.0 0.4749999999999992 0.0 0.0 0.0 0.0 0.0 0.0 0.0 0.0 0.2018750000000033 0.4393750000000047 0.7556250000000038 0.8749999999999947 0.32499999999999396 0.0 
0.774999999999999 1.0 1.0 1.0 1.0 0.4749999999999992 0.0 0.0 0.0 0.0 0.0 0.0 0.0 0.0 0.0 0.025000000000003908 0.5750000000000046 0.9656249999999983 0.814374999999997 0.5618749999999948 
0.774999999999999 1.0 1.0 0.6281250000000013 0.146875000000003 0.059375000000001586 0.0 0.0 0.0 0.0 0.0 0.0 0.0 0.0 0.0 0.025000000000003908 0.5750000000000046 1.0 1.0 0.774999999999995 
0.774999999999999 1.0 1.0 0.5749999999999997 0.024999999999999467 0.0 0.0 0.0 0.0 0.0 0.0 0.0 0.0 0.0 0.0 0.025000000000003908 0.5750000000000046 1.0 1.0 0.774999999999995 
0.6393750000000014 0.8250000000000028 0.8250000000000028 0.47437500000000143 0.02062499999999963 0.0 0.0 0.0 0.0 0.0 0.0 0.0 0.0 0.0 0.0 0.025000000000003908 0.5750000000000046 1.0 1.0 0.774999999999995 
0.0 0.10562499999999958 0.2843749999999993 0.3249999999999993 0.3249999999999993 0.1543749999999994 0.0 0.0 0.0 0.0 0.0 0.0 0.0 0.0 0.0 0.025000000000003908 0.5750000000000046 0.9593749999999983 0.7806249999999986 0.5231249999999972 
0.0 0.1706250000000004 0.45937500000000175 0.7268750000000014 0.9881250000000004 0.4749999999999992 0.0 0.0 0.0 0.0 0.0 0.0 0.0 0.0 0.22562500000000135 0.488125 0.7768750000000015 0.8749999999999947 0.32499999999999396 0.0 
0.0 0.0 0.0 0.42500000000000027 0.9750000000000005 0.8031249999999979 0.5781249999999958 0.23437499999999756 0.0 0.0 0.0 0.0 0.2343750000000009 0.5781249999999993 0.803125 0.9843749999999977 0.6406249999999991 0.3281250000000011 0.12187499999999889 0.0 
0.0 0.0 0.0 0.09562500000000067 0.2193750000000015 0.6318750000000013 0.9831249999999996 0.8593749999999987 0.7749999999999986 0.7749999999999986 0.7749999999999986 0.7749999999999986 0.8593749999999999 0.9831250000000009 0.6318749999999969 0.21937500000000051 0.09562499999999957 0.0 0.0 0.0 
0.0 0.0 0.0 0.0 0.0 0.039375000000001555 0.07500000000000284 0.07500000000000284 0.23687500000000464 0.7456250000000038 1.0 1.0 0.6531249999999977 0.1443749999999987 0.03937500000000112 0.0 0.0 0.0 0.0 0.0 
