0.7874999999999988 0.8999999999999986 0.8999999999999986 0.8999999999999986 0.8999999999999986 0.9624999999999997 1.0 1.0 1.0 1.0 1.0 1.0 1.0 1.0 1.0 1.0 1.0 0.3749999999999911 0.0 0.0 
0.0 0.0 0.0 0.0 0.0 0.4375000000000009 0.6999999999999984 0.6999999999999984 0.6999999999999984 0.6999999999999984 0.6999999999999984 0.6999999999999984 0.6999999999999984 0.8875000000000015 1.0 1.0 1.0 0.3749999999999911 0.0 0.0 
0.0 0.0 0.0 0.0 0.0 0.0 0.0 0.0 0.0 0.0 0.0 0.0 0.0 0.6250000000000071 1.0 1.0 1.0 0.3749999999999911 0.0 0.0 
0.0 0.0 0.0 0.0 0.0 0.0 0.0 0.0 0.0 0.0 0.0 0.08750000000000398 0.6125000000000067 0.8875000000000028 1.0 0.9124999999999935 0.3874999999999921 0.1124999999999966 0.0 0.0 
0.0 0.0 0.0 0.0 0.0 0.0 0.0 0.0 0.0 0.0 0.0 0.12500000000000533 0.8750000000000071 1.0 1.0 0.8749999999999911 0.12499999999999112 0.0 0.0 0.0 
0.0 0.0 0.0 0.0 0.0 0.0 0.0 0.0 0.0 0.0 0.0375000000000014 0.21250000000000682 0.8875000000000067 1.0 0.6249999999999929 0.0 0.0 0.0 0.0 0.0 
0.0 0.0 0.0 0.0 0.0 0.0 0.0 0.0 0.0 0.18750000000000316 0.5625000000000053 1.0 1.0 0.8124999999999963 0.43749999999999345 0.0 0.0 0.0 0.0 0.0 
0.0 0.0 0.0 0.0 0.0 0.0 0.0 0.0 0.0 0.6250000000000053 1.0 1.0 1.0 0.3749999999999929 0.0 0.0 0.0 0.0 0.0 0.0 
0.0 0.0 0.0 0.0 0.0 0.0 0.0 0.08750000000000284 0.6125000000000056 0.8875000000000026 1.0 0.9124999999999959 0.3874999999999925 0.1124999999999968 0.0 0.0 0.0 0.0 0.0 0.0 
0.0 0.0 0.0 0.0 0.0 0.0 0.0 0.12500000000000355 0.8750000000000044 1.0 1.0 0.8749999999999947 0.1249999999999929 0.0 0.0 0.0 0.0 0.0 0.0 0.0 
0.0 0.0 0.0 0.0 0.0 0.0 0.03750000000000155 0.212500000000006 0.8875000000000044 1.0 0.6249999999999947 0.0 0.0 0.0 0.0 0.0 0.0 0.0 0.0 0.0 
0.0 0.0 0.0 0.0 0.0 0.0 0.37500000000000355 1.0 1.0 0.8124999999999958 0.4374999999999936 0.0 0.0 0.0 0.0 0.0 0.0 0.0 0.0 0.0 
0.0 0.0 0.0 0.0 0.0 0.31250000000000355 0.687500000000004 1.0 1.0 0.37499999999999467 0.0 0.0 0.0 0.0 0.0 0.0 0.0 0.0 0.0 0.0 
0.0 0.0 0.0 0.0 0.0 0.6250000000000027 1.0 1.0 1.0 0.37499999999999467 0.0 0.0 0.0 0.0 0.0 0.0 0.0 0.0 0.0 0.0 
0.0 0.0 0.0 0.1125000000000023 0.787500000000007 0.9625000000000024 1.0 0.8874999999999961 0.21249999999999103 0.037499999999997334 0.0 0.0 0.0 0.0 0.0 0.0 0.0 0.0 0.0 0.0 
0.0 0.0 0.037500000000001976 0.21250000000000596 0.8875000000000026 1.0 0.9624999999999978 0.7874999999999924 0.11249999999999538 0.0 0.0 0.0 0.0 0.0 0.0 0.0 0.0 0.0 0.0 0.0 
0.0 0.0 0.3750000000000011 1.0 1.0 1.0 0.6249999999999964 0.0 0.0 0.0 0.0 0.0 0.0 0.0 0.0 0.0 0.0 0.0 0.0 0.0 
0.0 0.0 0.3750000000000011 1.0 1.0 1.0 0.6249999999999964 0.0 0.0 0.0 0.0 0.0 0.0 0.0 0.0 0.0 0.0 0.0 0.0 0.0 
0.0 0.0 0.3750000000000011 1.0 1.0 1.0 0.8875 0.7000000000000028 0.7000000000000028 0.7000000000000028 0.7000000000000028 0.7000000000000028 0.7000000000000028 0.7000000000000028 0.7000000000000028 0.7000000000000028 0.7000000000000028 0.7000000000000028 0.43749999999999434 0.0 
0.0 0.0 0.03749999999999798 0.09999999999999432 0.09999999999999432 0.6625000000000003 0.6624999999999946 0.21249999999999822 0.8875000000000033 1.0 1.0 1.0 1.0 1.0 1.0 1.0 1.0 1.0 0.962500000000001 0.7874999999999954 
