0.0 0.0 0.031249999999999584 0.11874999999999838 0.12499999999999822 0.4312499999999997 1.0 1.0 1.0 0.8687499999999979 0.2562499999999965 0.12499999999999822 0.12499999999999822 0.12499999999999822 0.04374999999999889 0.0 0.0 0.0 0.0 0.0 
0.0 0.206249999999999 0.5312499999999988 0.9687500000000003 1.0 1.0 0.9812499999999995 0.7187500000000007 0.6250000000000018 0.6250000000000018 0.6250000000000018 0.8312500000000017 1.0 1.0 0.5937499999999964 0.24374999999999764 0.0 0.0 0.0 0.0 
0.0 0.5499999999999999 1.0 1.0 0.5937500000000007 0.3750000000000018 0.35625000000000107 0.09374999999999978 0.0 0.0 0.0 0.2062500000000019 0.3750000000000018 0.3750000000000018 0.7812500000000031 0.8687499999999981 0.5937499999999957 0.15624999999999623 0.0 0.0 
0.7437499999999981 0.9437499999999992 1.0 1.0 0.3499999999999992 0.0 0.0 0.0 0.0 0.0 0.0 0.0 0.0 0.0 0.08125000000000164 0.43125000000000396 0.9937499999999994 0.906249999999998 0.48124999999999496 0.0 
0.8499999999999996 1.0 0.7499999999999998 0.04999999999999938 0.0 0.0 0.0 0.0 0.0 0.0 0.0 0.0 0.0 0.0 0.0 0.3062500000000034 0.8812500000000022 0.9687500000000011 0.5499999999999954 0.0 
0.8499999999999996 1.0 0.7499999999999998 0.04999999999999938 0.0 0.0 0.0 0.0 0.0 0.0 0.0 0.0 0.0 0.0 0.0 0.0 0.031250000000002755 0.46875000000000466 0.3437499999999981 0.0 
0.8499999999999996 1.0 0.7499999999999998 0.04999999999999938 0.0 0.0 0.0 0.0 0.0 0.0 0.0 0.0 0.0 0.0 0.0 0.0 0.0 0.0 0.0 0.0 
0.8499999999999996 1.0 0.9687499999999996 0.8812499999999982 0.3062499999999987 0.0 0.0 0.0 0.0 0.0 0.0 0.0 0.0 0.0 0.0 0.0 0.0 0.0 0.0 0.0 
0.8499999999999996 1.0 1.0 1.0 0.3499999999999992 0.0 0.0 0.0 0.0 0.0 0.0 0.0 0.0 0.0 0.0 0.0 0.0 0.0 0.0 0.0 
0.8499999999999996 1.0 1.0 1.0 0.3499999999999992 0.0 0.0 0.0 0.0 0.0 0.0 0.20624999999999996 0.3749999999999982 0.3749999999999982 0.3749999999999982 0.3749999999999982 0.3749999999999982 0.3749999999999982 0.3749999999999982 0.31874999999999637 
0.8499999999999996 1.0 1.0 1.0 0.3499999999999992 0.0 0.0 0.0 0.0 0.0 0.0 0.5500000000000025 1.0 1.0 1.0 1.0 1.0 1.0 1.0 0.8499999999999943 
0.8499999999999996 1.0 1.0 1.0 0.3499999999999992 0.0 0.0 0.0 0.0 0.0 0.0 0.06875000000000128 0.12500000000000178 0.12500000000000178 0.12500000000000178 0.43125000000000396 1.0 1.0 1.0 0.8499999999999943 
0.0 0.5499999999999999 1.0 1.0 0.3499999999999992 0.0 0.0 0.0 0.0 0.0 0.0 0.0 0.0 0.0 0.0 0.0 0.05000000000000426 0.7500000000000053 1.0 0.8499999999999943 
0.0 0.5499999999999999 1.0 1.0 0.3499999999999992 0.0 0.0 0.0 0.0 0.0 0.0 0.0 0.0 0.0 0.0 0.0 0.05000000000000426 0.7500000000000053 1.0 0.8499999999999943 
0.0 0.5499999999999999 1.0 1.0 0.3499999999999992 0.0 0.0 0.0 0.0 0.0 0.0 0.0 0.0 0.0 0.0 0.0 0.05000000000000426 0.7500000000000053 1.0 0.8499999999999943 
0.0 0.5499999999999999 1.0 1.0 0.3499999999999992 0.0 0.0 0.0 0.0 0.0 0.0 0.0 0.0 0.0 0.0 0.0 0.05000000000000426 0.7500000000000053 1.0 0.8499999999999943 
0.0 0.48124999999999996 0.90625 0.9937500000000001 0.4312499999999993 0.08124999999999988 0.0 0.0 0.0 0.0 0.0 0.0 0.0 0.0 0.0 0.0437500000000004 0.16875000000000373 0.7812500000000047 1.0 0.8499999999999943 
0.0 0.0 0.15625000000000014 0.5937500000000004 0.8687500000000004 0.7812499999999993 0.375 0.375 0.20624999999999927 0.0 0.0 0.0 0.0 0.0 0.24375000000000147 0.593750000000002 1.0 1.0 0.8312499999999983 0.5312499999999964 
0.0 0.0 0.0 0.0 0.2437500000000003 0.5937500000000007 1.0 1.0 0.8312499999999993 0.625 0.625 0.625 0.625 0.625 0.8687500000000015 1.0 0.9687499999999973 0.5312499999999967 0.20624999999999827 0.0 
0.0 0.0 0.0 0.0 0.0 0.04375000000000012 0.125 0.125 0.5187500000000017 1.0 1.0 1.0 1.0 1.0 1.0 0.6937499999999972 0.11874999999999947 0.031249999999999334 0.0 0.0 
