0.0 0.0 0.031249999999999584 0.11874999999999838 0.12499999999999822 0.4312499999999997 1.0 1.0 1.0 1.0 1.0 1.0 0.7812499999999964 0.16874999999999582 0.04374999999999889 0.0 0.0 0.0 0.0 0.0 
0.0 0.206249999999999 0.5312499999999988 0.9687500000000003 1.0 0.8687500000000002 0.6250000000000018 0.6250000000000018 0.6250000000000018 0.6250000000000018 0.6250000000000018 0.8312500000000017 1.0 1.0 0.5937499999999964 0.24374999999999764 0.0 0.0 0.0 0.0 
0.5312499999999982 0.8312499999999992 1.0 1.0 0.5937500000000007 0.2437500000000008 0.0 0.0 0.0 0.0 0.0 0.2062500000000019 0.3750000000000018 0.3750000000000018 0.7812500000000031 0.8687499999999981 0.5937499999999957 0.15624999999999623 0.0 0.0 
0.8499999999999996 1.0 0.7812500000000002 0.16875000000000115 0.043750000000000525 0.0 0.0 0.0 0.0 0.0 0.0 0.0 0.0 0.0 0.6500000000000039 1.0 0.9937499999999994 0.906249999999998 0.48124999999999496 0.0 
0.7437500000000012 0.8750000000000018 0.6562500000000011 0.043749999999999546 0.0 0.0 0.0 0.0 0.0 0.0 0.0 0.0 0.0 0.0 0.0 0.3500000000000032 1.0 1.0 0.5499999999999954 0.0 
0.0 0.0 0.0 0.0 0.0 0.0 0.0 0.0 0.0 0.0 0.0 0.0 0.0 0.0 0.0 0.3500000000000032 1.0 1.0 0.5499999999999954 0.0 
0.0 0.0 0.0 0.0 0.0 0.0 0.0 0.0 0.0 0.0 0.0 0.0 0.0 0.0 0.4062500000000013 0.7562500000000001 1.0 1.0 0.5499999999999954 0.0 
0.0 0.0 0.0 0.0 0.0 0.0 0.0 0.0 0.0 0.0 0.0 0.0 0.0 0.0 0.6500000000000039 1.0 1.0 1.0 0.5499999999999954 0.0 
0.0 0.0 0.0 0.0 0.0 0.0 0.0 0.0 0.0 0.0 0.0 0.06874999999999934 0.3437500000000018 0.9562500000000024 1.0 0.9562500000000003 0.8312499999999979 0.21874999999999578 0.0 0.0 
0.0 0.0 0.0 0.0 0.0 0.0 0.0 0.0 0.0 0.0 0.0 0.5500000000000025 1.0 1.0 0.7562499999999996 0.40624999999999917 0.0 0.0 0.0 0.0 
0.0 0.0 0.0 0.0 0.0 0.0 0.0 0.0 0.0 0.09375000000000107 0.5312499999999999 0.8312500000000002 1.0 1.0 0.3499999999999961 0.0 0.0 0.0 0.0 0.0 
0.0 0.0 0.0 0.0 0.0 0.0 0.0 0.0 0.39375000000000093 0.8937499999999987 0.9812500000000001 1.0 0.7812499999999973 0.1687499999999992 0.043750000000000136 0.0 0.0 0.0 0.0 0.0 
0.0 0.0 0.0 0.0 0.0 0.0 0.0500000000000016 0.7500000000000018 1.0 0.98125 0.8937500000000013 0.3937499999999986 0.0 0.0 0.0 0.0 0.0 0.0 0.0 0.0 
0.0 0.0 0.0 0.0 0.0 0.13125000000000037 0.406250000000001 0.8437500000000011 1.0 0.8499999999999979 0.1499999999999977 0.0 0.0 0.0 0.0 0.0 0.0 0.0 0.0 0.0 
0.0 0.0 0.0 0.0 0.4062500000000005 0.7562500000000003 1.0 1.0 0.7187499999999988 0.3187499999999992 0.056249999999999134 0.0 0.0 0.0 0.0 0.0 0.0 0.0 0.0 0.0 
0.0 0.0 0.2187500000000002 0.8312500000000005 0.95625 1.0 0.9562499999999986 0.34374999999999845 0.06874999999999976 0.0 0.0 0.0 0.0 0.0 0.0 0.0 0.0 0.0 0.0 0.0 
0.0 0.06874999999999999 0.3437500000000002 0.9562500000000005 1.0 0.9562499999999998 0.8312499999999986 0.21874999999999845 0.0 0.0 0.0 0.0 0.0 0.0 0.0 0.0 0.0 0.0 0.0 0.0 
0.0 0.5499999999999999 1.0 1.0 1.0 0.7812499999999993 0.3562499999999994 0.09374999999999933 0.0 0.0 0.0 0.0 0.0 0.0 0.0 0.0 0.0 0.0 0.0 0.0 
0.0 0.5499999999999999 1.0 1.0 1.0 1.0 0.9812499999999994 0.7187499999999993 0.625 0.625 0.625 0.625 0.625 0.625 0.625 0.625 0.625 0.625 0.625 0.5312499999999964 
0.0 0.5499999999999999 1.0 1.0 1.0 1.0 1.0 1.0 1.0 1.0 1.0 1.0 1.0 1.0 1.0 1.0 1.0 1.0 1.0 0.8499999999999943 
