0.0 0.05937500000000295 0.1250000000000071 0.1250000000000071 0.49687500000000123 1.0 1.0 1.0 1.0 1.0 1.0 1.0 1.0 0.7593750000000032 0.19062500000000906 0.05312500000000355 0.0 0.0 0.0 0.0 
0.3093750000000044 0.6718750000000016 1.0 1.0 0.8406249999999983 0.6249999999999931 0.6249999999999931 0.6249999999999931 0.6249999999999931 0.6249999999999931 0.6249999999999931 0.6249999999999931 0.8593749999999964 1.0 1.0 0.6406250000000067 0.29062500000000613 0.04687500000000219 0.0 0.0 
0.8249999999999966 1.0 0.9218750000000012 0.5156249999999969 0.2156249999999974 0.0 0.0 0.0 0.0 0.0 0.0 0.0 0.23437499999999484 0.5468749999999942 0.9531249999999977 1.0 0.9156250000000024 0.6718750000000071 0.29687500000000405 0.0 
0.8249999999999966 1.0 0.8750000000000033 0.2250000000000032 0.0 0.0 0.0 0.0 0.0 0.0 0.0 0.0 0.0 0.034374999999998115 0.1156249999999939 0.6281249999999936 1.0 1.0 0.4750000000000014 0.0 
0.7218749999999919 0.8749999999999938 0.7656249999999974 0.1968750000000014 0.0 0.0 0.0 0.0 0.0 0.0 0.0 0.0 0.0 0.0 0.0 0.5749999999999957 1.0 1.0 1.0 0.8250000000000028 
0.0 0.0 0.0 0.0 0.0 0.0 0.0 0.0 0.0 0.0 0.0 0.0 0.0 0.0 0.0 0.5749999999999957 1.0 1.0 1.0 0.8250000000000028 
0.0 0.0 0.0 0.0 0.0 0.0 0.0 0.0 0.0 0.0 0.0 0.0 0.0 0.0 0.0 0.5749999999999957 1.0 1.0 0.6718749999999981 0.3093749999999967 
0.0 0.0 0.0 0.0 0.0 0.0 0.0 0.0 0.0 0.0 0.0 0.0 0.0 0.24062500000000023 0.8093750000000024 0.9468750000000017 1.0 1.0 0.4750000000000014 0.0 
0.0 0.0 0.0 0.0 0.0 0.0 0.0 0.046875000000001554 0.12500000000000533 0.12500000000000533 0.12500000000000533 0.12500000000000533 0.6718749999999997 1.0 1.0 0.9281249999999974 0.6781249999999978 0.10937500000000244 0.0 0.0 
0.0 0.0 0.0 0.0 0.0 0.0 0.0 0.37499999999999645 1.0 1.0 1.0 1.0 1.0 1.0 1.0 0.42500000000000426 0.0 0.0 0.0 0.0 
0.0 0.0 0.0 0.0 0.0 0.0 0.0 0.14062499999999667 0.37499999999999467 0.37499999999999467 0.37499999999999467 0.37499999999999467 0.37499999999999467 0.5468749999999952 0.9531249999999978 0.7843750000000047 0.48437500000000544 0.07812500000000289 0.0 0.0 
0.0 0.0 0.0 0.0 0.0 0.0 0.0 0.0 0.0 0.0 0.0 0.0 0.0 0.03437499999999836 0.11562499999999472 0.628124999999994 0.9718750000000015 0.8906250000000051 0.4156250000000038 0.0 
0.0 0.0 0.0 0.0 0.0 0.0 0.0 0.0 0.0 0.0 0.0 0.0 0.0 0.0 0.0 0.5031249999999943 0.903124999999997 0.9843749999999991 1.0 0.8250000000000028 
0.0 0.0 0.0 0.0 0.0 0.0 0.0 0.0 0.0 0.0 0.0 0.0 0.0 0.0 0.0 0.0 0.22499999999999787 0.8749999999999964 1.0 0.8250000000000028 
0.5156250000000008 0.6250000000000036 0.5468750000000052 0.1406250000000028 0.0 0.0 0.0 0.0 0.0 0.0 0.0 0.0 0.0 0.0 0.0 0.0 0.22499999999999787 0.8749999999999964 1.0 0.8250000000000028 
0.8249999999999966 1.0 0.8750000000000033 0.2250000000000032 0.0 0.0 0.0 0.0 0.0 0.0 0.0 0.0 0.0 0.0 0.0 0.0 0.22499999999999787 0.8749999999999964 1.0 0.8250000000000028 
0.8249999999999966 1.0 0.8906250000000033 0.3218750000000056 0.07187500000000245 0.0 0.0 0.0 0.0 0.0 0.0 0.0 0.0 0.0 0.0 0.5749999999999957 1.0 1.0 0.9343749999999983 0.7218749999999996 
0.515624999999995 0.8031249999999969 1.0 1.0 0.7343750000000036 0.34687500000000454 0.1031250000000021 0.0 0.0 0.0 0.0 0.0 0.0 0.10312500000000044 0.3468750000000022 0.7343749999999989 1.0 1.0 0.4750000000000014 0.0 
0.0 0.17812499999999706 0.4531249999999948 0.8593749999999972 1.0 0.9718750000000016 0.7281250000000037 0.6250000000000036 0.6250000000000036 0.6250000000000036 0.6250000000000036 0.6250000000000036 0.6250000000000036 0.728125000000002 0.9718749999999992 1.0 0.8593750000000006 0.4531249999999991 0.17812499999999884 0.0 
0.0 0.0 0.01562499999999914 0.09687499999999685 0.12499999999999645 0.19062499999999377 0.7593749999999964 1.0 1.0 1.0 1.0 1.0 1.0 0.7593750000000002 0.1906249999999992 0.12499999999999645 0.09687499999999752 0.015625 0.0 0.0 
