0.0 0.0 0.0 0.0 0.0 0.052500000000000116 0.14999999999999858 0.14999999999999858 0.532500000000004 1.0 1.0 1.0 0.7874999999999936 0.1924999999999932 0.14999999999999858 0.0974999999999978 0.0 0.0 0.0 0.0 
0.0 0.0 0.112500000000001 0.42750000000000016 0.4499999999999984 0.6425000000000012 1.0 1.0 0.7974999999999982 0.5500000000000016 0.5500000000000016 0.7975000000000039 1.0 1.0 1.0 0.8074999999999948 0.42749999999999494 0.1124999999999948 0.0 0.0 
0.0 0.41250000000000103 0.8124999999999994 0.9875000000000008 1.0 0.7374999999999976 0.2500000000000018 0.2500000000000018 0.1374999999999996 0.0 0.0 0.1375000000000027 0.2500000000000018 0.2500000000000018 0.7375000000000076 1.0 0.9874999999999979 0.812499999999996 0.41249999999999154 0.0 
0.042499999999998456 0.5725000000000017 1.0 1.0 0.3499999999999961 0.0 0.0 0.0 0.0 0.0 0.0 0.0 0.0 0.0 0.0 0.3325000000000088 0.9525000000000022 0.987500000000001 1.0 0.8499999999999908 
0.5525000000000033 0.6500000000000021 0.6500000000000021 0.6500000000000021 0.2274999999999982 0.0 0.0 0.0 0.0 0.0 0.0 0.0 0.0 0.0 0.0 0.0 0.050000000000007816 0.7500000000000107 1.0 0.8499999999999908 
0.0 0.0 0.0 0.0 0.0 0.0 0.0 0.0 0.0 0.0 0.0 0.0 0.0 0.0 0.0 0.0 0.050000000000007816 0.7500000000000107 1.0 0.8499999999999908 
0.0 0.0 0.0 0.0 0.0 0.0 0.0 0.0 0.0 0.0 0.0 0.0 0.0 0.0 0.0 0.33250000000000723 0.952499999999998 0.9874999999999999 1.0 0.8499999999999908 
0.0 0.0 0.0 0.0 0.0 0.0 0.0 0.0 0.0 0.0 0.0 0.0 0.0 0.0 0.1625 0.5125000000000041 1.0 1.0 0.54999999999999 0.0 
0.0 0.0 0.0 0.0 0.0 0.0 0.0 0.0 0.0 0.0 0.0 0.0 0.1375000000000032 0.5225000000000009 0.8425000000000031 1.0 0.9724999999999958 0.5874999999999962 0.24749999999999708 0.0 
0.0 0.0 0.0 0.0 0.0 0.0 0.0 0.0 0.0 0.0 0.0 0.4675000000000047 0.8874999999999995 0.9925000000000008 1.0 0.7024999999999935 0.14250000000000085 0.03749999999999894 0.0 0.0 
0.0 0.0 0.0 0.0 0.0 0.0 0.0 0.0 0.0 0.15000000000000568 0.8500000000000059 1.0 1.0 1.0 0.9025000000000007 0.5524999999999949 0.0 0.0 0.0 0.0 
0.0 0.0 0.0 0.0 0.0 0.0 0.0 0.0 0.20250000000000057 0.5324999999999995 0.9175000000000026 1.0 0.8874999999999978 0.5725000000000011 0.19249999999999642 0.0 0.0 0.0 0.0 0.0 
0.0 0.0 0.0 0.0 0.0 0.0 0.0 0.0 0.4500000000000055 1.0 1.0 0.5874999999999968 0.1875000000000009 0.012499999999998578 0.0 0.0 0.0 0.0 0.0 0.0 
0.0 0.0 0.0 0.0 0.0 0.01749999999999921 0.0975000000000022 0.7625000000000044 1.0 0.8499999999999943 0.14999999999999414 0.0 0.0 0.0 0.0 0.0 0.0 0.0 0.0 0.0 
0.0 0.0 0.0 0.0 0.22749999999999768 0.577499999999999 1.0 1.0 0.8425000000000007 0.5525000000000011 0.09749999999999705 0.0 0.0 0.0 0.0 0.0 0.0 0.0 0.0 0.0 
0.0 0.0 0.0 0.0 0.6500000000000039 1.0 0.9674999999999969 0.5125000000000003 0.1925000000000008 0.0 0.0 0.0 0.0 0.0 0.0 0.0 0.0 0.0 0.0 0.0 
0.0 0.0 0.23750000000000188 0.9024999999999995 0.9824999999999987 1.0 0.9499999999999948 0.24999999999999467 0.0 0.0 0.0 0.0 0.0 0.0 0.0 0.0 0.0 0.0 0.0 0.0 
0.0 0.5500000000000027 1.0 1.0 1.0 1.0 0.9624999999999959 0.43749999999999334 0.24999999999999645 0.24999999999999645 0.24999999999999645 0.24999999999999645 0.18749999999999556 0.012499999999998224 0.0 0.0 0.0 0.0 0.0 0.0 
0.0 0.5500000000000027 1.0 1.0 1.0 1.0 1.0 1.0 1.0 1.0 1.0 1.0 0.8874999999999961 0.5724999999999945 0.5499999999999972 0.5499999999999972 0.5499999999999972 0.5499999999999972 0.5499999999999972 0.4674999999999925 
0.0 0.08250000000000353 0.15000000000000568 0.15000000000000568 0.15000000000000568 0.15000000000000568 0.15000000000000568 0.15000000000000568 0.15000000000000568 0.15000000000000568 0.15000000000000568 0.15000000000000568 0.15000000000000568 0.15000000000000568 0.15000000000000568 0.15000000000000568 0.19250000000001205 0.7875000000000105 1.0 0.8499999999999908 
