0.8499999999999996 1.0 0.7499999999999998 0.04999999999999938 0.0 0.0 0.0 0.0 0.0 0.0 0.0 0.0 0.0 0.0 0.0 0.043749999999999775 0.16875000000000204 0.7812500000000042 1.0 0.8499999999999943 
0.8499999999999996 1.0 0.7499999999999998 0.04999999999999938 0.0 0.0 0.0 0.0 0.0 0.0 0.0 0.0 0.0 0.0 0.0 0.3500000000000032 1.0 1.0 1.0 0.8499999999999943 
0.8499999999999996 1.0 0.9062499999999994 0.643749999999998 0.2187499999999989 0.0 0.0 0.0 0.0 0.0 0.0 0.0 0.0 0.0 0.0 0.3500000000000032 1.0 1.0 1.0 0.8499999999999943 
0.8499999999999996 1.0 1.0 1.0 0.3499999999999992 0.0 0.0 0.0 0.0 0.0 0.0 0.0 0.0 0.0 0.0 0.3500000000000032 1.0 1.0 0.6062499999999967 0.1062500000000008 
0.0 0.5499999999999999 1.0 1.0 0.3499999999999992 0.0 0.0 0.0 0.0 0.0 0.0 0.0 0.0 0.0 0.6500000000000039 1.0 1.0 1.0 0.5499999999999954 0.0 
0.0 0.5499999999999999 1.0 1.0 0.5937499999999983 0.24374999999999847 0.0 0.0 0.0 0.0 0.0 0.0 0.0 0.0 0.6500000000000039 1.0 1.0 1.0 0.5499999999999954 0.0 
0.0 0.5499999999999999 1.0 1.0 1.0 0.649999999999999 0.0 0.0 0.0 0.0 0.0 0.0 0.0 0.0 0.6500000000000039 1.0 0.9687499999999974 0.531249999999998 0.20624999999999924 0.0 
0.0 0.5499999999999999 1.0 1.0 1.0 0.649999999999999 0.0 0.0 0.0 0.0 0.0 0.0 0.21875000000000266 0.8312500000000008 0.9562499999999998 1.0 0.9499999999999957 0.24999999999999467 0.0 0.0 
0.0 0.0 0.2500000000000002 0.9500000000000006 1.0 0.649999999999999 0.0 0.0 0.0 0.0 0.0 0.0 0.25000000000000355 0.9500000000000028 1.0 1.0 0.9499999999999957 0.24999999999999467 0.0 0.0 
0.0 0.0 0.2500000000000002 0.9500000000000006 1.0 0.7812499999999988 0.35624999999999774 0.09374999999999889 0.0 0.0 0.0 0.0 0.25000000000000355 0.9500000000000028 1.0 0.8687499999999995 0.593749999999999 0.1562499999999971 0.0 0.0 
0.0 0.0 0.2500000000000002 0.9500000000000006 1.0 1.0 0.9499999999999984 0.24999999999999822 0.0 0.0 0.0 0.34375000000000056 0.71875 0.981250000000001 1.0 0.6499999999999968 0.0 0.0 0.0 0.0 
0.0 0.0 0.2500000000000002 0.9500000000000006 1.0 1.0 0.9499999999999984 0.24999999999999822 0.0 0.0 0.0 0.5500000000000025 1.0 1.0 1.0 0.6499999999999968 0.0 0.0 0.0 0.0 
0.0 0.0 0.0 0.0 0.6500000000000008 1.0 0.9562499999999985 0.3437499999999971 0.06874999999999878 0.0 0.0 0.5500000000000025 1.0 1.0 0.9187500000000006 0.5687499999999983 0.0 0.0 0.0 0.0 
0.0 0.0 0.0 0.0 0.6500000000000008 1.0 1.0 1.0 0.7187499999999988 0.375 0.375 0.7187500000000016 1.0 1.0 0.3499999999999961 0.0 0.0 0.0 0.0 0.0 
0.0 0.0 0.0 0.0 0.6500000000000008 1.0 1.0 1.0 1.0 1.0 1.0 1.0 1.0 1.0 0.3499999999999961 0.0 0.0 0.0 0.0 0.0 
0.0 0.0 0.0 0.0 0.0812500000000001 0.43125000000000085 1.0 1.0 1.0 1.0 1.0 1.0 0.7812499999999969 0.1687499999999975 0.04374999999999951 0.0 0.0 0.0 0.0 0.0 
0.0 0.0 0.0 0.0 0.0 0.350000000000001 1.0 1.0 1.0 1.0 1.0 1.0 0.7499999999999964 0.04999999999999716 0.0 0.0 0.0 0.0 0.0 0.0 
0.0 0.0 0.0 0.0 0.0 0.350000000000001 1.0 1.0 1.0 1.0 1.0 1.0 0.7499999999999964 0.04999999999999716 0.0 0.0 0.0 0.0 0.0 0.0 
0.0 0.0 0.0 0.0 0.0 0.350000000000001 1.0 1.0 1.0 1.0 1.0 0.6562499999999984 0.28124999999999867 0.018749999999998934 0.0 0.0 0.0 0.0 0.0 0.0 
0.0 0.0 0.0 0.0 0.0 0.04375000000000012 0.1687500000000014 0.7812500000000016 1.0 1.0 1.0 0.4499999999999975 0.0 0.0 0.0 0.0 0.0 0.0 0.0 0.0 
