0.0 0.0 0.018749999999999913 0.11624999999999663 0.14999999999999503 0.14999999999999503 0.14999999999999503 0.4687499999999984 1.0 1.0 1.0 1.0 0.4687499999999969 0.14999999999999503 0.14999999999999503 0.06374999999999799 0.0 0.0 0.0 0.0 
0.0 0.2137499999999995 0.5187499999999978 0.8762500000000008 1.0 1.0 1.0 1.0 1.0 1.0 1.0 1.0 1.0 1.0 1.0 0.6837499999999976 0.3487499999999965 0.05624999999999941 0.0 0.0 
0.6187499999999995 0.8687499999999986 1.0 1.0 1.0 0.9437499999999985 0.4562500000000015 0.25000000000000444 0.25000000000000444 0.25000000000000444 0.25000000000000444 0.25000000000000444 0.7187500000000017 1.0 1.0 1.0 0.9437499999999991 0.7812499999999961 0.35624999999999896 0.0 
0.8250000000000042 1.0 1.0 1.0 0.5749999999999971 0.0 0.0 0.0 0.0 0.0 0.0 0.0 0.0 0.2612500000000016 0.8787500000000049 0.9787500000000019 1.0 1.0 0.5012499999999989 0.04124999999999624 
0.8250000000000042 1.0 0.9562499999999993 0.7287500000000019 0.37375000000000036 0.0 0.0 0.0 0.0 0.0 0.0 0.0 0.0 0.0 0.0 0.5749999999999993 1.0 1.0 1.0 0.8250000000000011 
0.8250000000000042 1.0 0.8749999999999964 0.22499999999999676 0.0 0.0 0.0 0.0 0.0 0.0 0.0 0.0 0.0 0.0 0.0 0.2012500000000016 0.3500000000000032 0.3500000000000032 0.3500000000000032 0.288750000000003 
0.8250000000000042 1.0 0.8749999999999964 0.22499999999999676 0.0 0.0 0.0 0.0 0.0 0.0 0.0 0.0 0.0 0.0 0.0 0.0 0.0 0.0 0.0 0.0 
0.8250000000000042 1.0 0.8749999999999964 0.22499999999999676 0.0 0.0 0.0 0.0 0.0 0.0 0.0 0.0 0.0 0.0 0.0 0.0 0.0 0.0 0.0 0.0 
0.8250000000000042 1.0 0.8749999999999964 0.22499999999999676 0.0 0.0 0.0 0.2062499999999999 0.5499999999999972 0.5499999999999972 0.5499999999999972 0.5499999999999972 0.20624999999999893 0.0 0.0 0.0 0.0 0.0 0.0 0.0 
0.8250000000000042 1.0 0.9812499999999992 0.8837499999999978 0.8499999999999979 0.8499999999999979 0.8499999999999979 0.9062499999999989 1.0 1.0 1.0 1.0 0.9062499999999987 0.8499999999999979 0.8499999999999979 0.3612499999999997 0.0 0.0 0.0 0.0 
0.8250000000000042 1.0 1.0 1.0 1.0 0.9887499999999998 0.8912500000000007 0.8500000000000014 0.8500000000000014 0.8500000000000014 0.8500000000000014 0.8500000000000014 0.8500000000000014 0.8912500000000011 0.9887500000000002 1.0 1.0 1.0 0.4750000000000014 0.0 
0.8250000000000042 1.0 1.0 1.0 0.8087499999999997 0.508750000000001 0.1512499999999994 0.0 0.0 0.0 0.0 0.0 0.0 0.15125000000000088 0.5087500000000027 0.8087500000000007 1.0 1.0 0.7112499999999995 0.3712499999999984 
0.8250000000000042 1.0 1.0 1.0 0.5749999999999971 0.0 0.0 0.0 0.0 0.0 0.0 0.0 0.0 0.0 0.0 0.5749999999999993 1.0 1.0 1.0 0.8250000000000011 
0.8250000000000042 1.0 0.8749999999999964 0.22499999999999676 0.0 0.0 0.0 0.0 0.0 0.0 0.0 0.0 0.0 0.0 0.0 0.5749999999999993 1.0 1.0 1.0 0.8250000000000011 
0.8250000000000042 1.0 0.8749999999999964 0.22499999999999676 0.0 0.0 0.0 0.0 0.0 0.0 0.0 0.0 0.0 0.0 0.0 0.5749999999999993 1.0 1.0 1.0 0.8250000000000011 
0.8250000000000042 1.0 0.8749999999999964 0.22499999999999676 0.0 0.0 0.0 0.0 0.0 0.0 0.0 0.0 0.0 0.0 0.0 0.5749999999999993 1.0 1.0 1.0 0.8250000000000011 
0.8250000000000042 1.0 0.8749999999999964 0.22499999999999676 0.0 0.0 0.0 0.0 0.0 0.0 0.0 0.0 0.0 0.0 0.0 0.5749999999999993 1.0 1.0 0.5012500000000017 0.04125000000000064 
0.0 0.47500000000000386 1.0 1.0 0.6812499999999978 0.2312499999999994 0.06874999999999942 0.0 0.0 0.0 0.0 0.0 0.0 0.06875000000000009 0.23125000000000018 0.6812499999999995 0.9437500000000001 0.78125 0.35625000000000107 0.0 
0.0 0.2137500000000014 0.5187500000000014 0.8762500000000016 1.0 0.9662499999999989 0.6737499999999995 0.5500000000000007 0.5500000000000007 0.5500000000000007 0.5500000000000007 0.5500000000000007 0.5500000000000007 0.6737500000000007 0.9662500000000004 0.68375 0.3487499999999996 0.05624999999999991 0.0 0.0 
0.0 0.0 0.018750000000000357 0.11624999999999938 0.14999999999999858 0.21375000000000072 0.7662500000000015 1.0 1.0 1.0 1.0 1.0 0.4687499999999991 0.14999999999999858 0.14999999999999858 0.0637499999999995 0.0 0.0 0.0 0.0 
