0.8249999999999966 1.0 1.0 1.0 1.0 1.0 1.0 1.0 1.0 1.0 1.0 1.0 1.0 1.0 1.0 1.0 1.0 1.0 1.0 0.8250000000000028 
0.8249999999999966 1.0 1.0 1.0 1.0 1.0 1.0 1.0 1.0 1.0 1.0 1.0 1.0 1.0 1.0 1.0 1.0 1.0 1.0 0.8250000000000028 
0.30937499999999324 0.37499999999999334 0.37499999999999334 0.37499999999999334 0.37499999999999334 0.37499999999999334 0.37499999999999334 0.37499999999999334 0.37499999999999334 0.37499999999999334 0.37499999999999334 0.37499999999999334 0.37499999999999334 0.5468749999999942 0.9531249999999977 1.0 1.0 1.0 1.0 0.8250000000000028 
0.0 0.0 0.0 0.0 0.0 0.0 0.0 0.0 0.0 0.0 0.0 0.0 0.0 0.2749999999999986 0.9249999999999972 1.0 1.0 1.0 0.5406249999999979 0.10312499999999522 
0.0 0.0 0.0 0.0 0.0 0.0 0.0 0.0 0.0 0.0 0.0 0.0 0.07812500000000355 0.36562500000000325 0.934374999999998 1.0 1.0 1.0 0.4750000000000014 0.0 
0.0 0.0 0.0 0.0 0.0 0.0 0.0 0.0 0.0 0.0 0.0 0.0 0.6249999999999973 1.0 1.0 1.0 0.9156249999999995 0.6718749999999959 0.29687499999999795 0.0 
0.0 0.0 0.0 0.0 0.0 0.0 0.0 0.0 0.0 0.0 0.2031249999999996 0.6093750000000033 0.859375000000001 1.0 1.0 1.0 0.7750000000000021 0.12500000000000355 0.0 0.0 
0.0 0.0 0.0 0.0 0.0 0.0 0.0 0.0 0.0 0.0 0.3249999999999966 0.974999999999997 1.0 1.0 1.0 0.4968750000000007 0.09687499999999613 0.015624999999999778 0.0 0.0 
0.0 0.0 0.0 0.0 0.0 0.0 0.0 0.0 0.024999999999996803 0.6749999999999972 1.0 1.0 1.0 0.9656249999999987 0.8843749999999955 0.37187500000000145 0.0 0.0 0.0 0.0 
0.0 0.0 0.0 0.0 0.0 0.0 0.0 0.14062500000000067 0.3906250000000032 0.796875 1.0 1.0 1.0 0.7250000000000014 0.07500000000000284 0.0 0.0 0.0 0.0 0.0 
0.0 0.0 0.0 0.0 0.0 0.0 0.0 0.37499999999999645 1.0 1.0 1.0 1.0 0.6093749999999983 0.27187499999999665 0.028125000000000667 0.0 0.0 0.0 0.0 0.0 
0.0 0.0 0.0 0.0 0.0 0.0 0.0 0.37499999999999645 1.0 1.0 1.0 1.0 0.37500000000000266 0.0 0.0 0.0 0.0 0.0 0.0 0.0 
0.0 0.0 0.0 0.0 0.0 0.07499999999999662 0.724999999999997 1.0 1.0 1.0 0.6750000000000034 0.02500000000000302 0.0 0.0 0.0 0.0 0.0 0.0 0.0 0.0 
0.0 0.0 0.0 0.0 0.15937500000000027 0.42187500000000117 0.8281249999999991 1.0 0.9906250000000011 0.7468749999999986 0.4218749999999997 0.015625000000001797 0.0 0.0 0.0 0.0 0.0 0.0 0.0 0.0 
0.0 0.0 0.0 0.0 0.4249999999999967 1.0 1.0 0.7656250000000009 0.36562499999999776 0.12187499999999991 0.0 0.0 0.0 0.0 0.0 0.0 0.0 0.0 0.0 0.0 
0.0 0.0 0.10937499999999753 0.678125 0.9281250000000016 1.0 1.0 0.6250000000000036 0.0 0.0 0.0 0.0 0.0 0.0 0.0 0.0 0.0 0.0 0.0 0.0 
0.0 0.05937500000000127 0.2343750000000002 0.803124999999998 1.0 0.9250000000000034 0.275000000000003 0.0 0.0 0.0 0.0 0.0 0.0 0.0 0.0 0.0 0.0 0.0 0.0 0.0 
0.0 0.47499999999999665 1.0 1.0 1.0 0.9250000000000034 0.275000000000003 0.0 0.0 0.0 0.0 0.0 0.0 0.0 0.0 0.0 0.0 0.0 0.0 0.0 
0.0 0.47499999999999665 1.0 1.0 1.0 0.9718750000000016 0.7281250000000037 0.6250000000000036 0.6250000000000036 0.6250000000000036 0.6250000000000036 0.6250000000000036 0.6250000000000036 0.6250000000000036 0.6250000000000036 0.6250000000000036 0.6250000000000036 0.6250000000000036 0.6250000000000036 0.5156250000000047 
0.0 0.47499999999999665 1.0 1.0 1.0 1.0 1.0 1.0 1.0 1.0 1.0 1.0 1.0 1.0 1.0 1.0 1.0 1.0 1.0 0.8250000000000028 
