0.0 0.0 0.0 0.0 0.0 0.0 0.0 0.0 0.0 0.0 0.0 0.0 0.25000000000000355 0.9500000000000028 1.0 1.0 1.0 1.0 0.5499999999999954 0.0 
0.0 0.0 0.0 0.0 0.0 0.0 0.0 0.0 0.0 0.0 0.0 0.20624999999999996 0.5312500000000009 0.9687500000000017 1.0 1.0 1.0 1.0 0.5499999999999954 0.0 
0.0 0.0 0.0 0.0 0.0 0.0 0.0 0.0 0.0 0.0 0.0 0.5500000000000025 1.0 1.0 1.0 1.0 1.0 1.0 0.5499999999999954 0.0 
0.0 0.0 0.0 0.0 0.0 0.0 0.0 0.0 0.0 0.1312500000000016 0.7437500000000005 0.9437499999999995 1.0 1.0 1.0 1.0 1.0 1.0 0.5499999999999954 0.0 
0.0 0.0 0.0 0.0 0.0 0.0 0.0 0.0 0.056249999999999446 0.25625000000000037 0.8687500000000018 1.0 1.0 1.0 1.0 1.0 1.0 1.0 0.5499999999999954 0.0 
0.0 0.0 0.0 0.0 0.0 0.0 0.01875000000000051 0.28124999999999933 0.6562500000000002 1.0 1.0 1.0 0.9062499999999991 0.6437500000000006 0.8687500000000021 1.0 1.0 1.0 0.5499999999999954 0.0 
0.0 0.0 0.0 0.0 0.0 0.0 0.0500000000000016 0.7500000000000018 1.0 1.0 1.0 0.6562499999999994 0.28125 0.018749999999999024 0.6500000000000039 1.0 1.0 1.0 0.5499999999999954 0.0 
0.0 0.0 0.0 0.0 0.0 0.30625000000000024 0.8812499999999985 0.9687499999999998 1.0 1.0 1.0 0.4499999999999975 0.0 0.0 0.08125000000000164 0.43125000000000396 1.0 1.0 0.5499999999999954 0.0 
0.0 0.0 0.0 0.0 0.0 0.350000000000001 1.0 1.0 1.0 0.8499999999999979 0.1499999999999977 0.0 0.0 0.0 0.08124999999999934 0.43125000000000163 1.0 1.0 0.5499999999999954 0.0 
0.0 0.0 0.0 0.0 0.24374999999999913 0.5937499999999994 1.0 1.0 0.83125 0.5312500000000002 0.09374999999999882 0.0 0.0 0.0 0.4062500000000036 0.7562500000000023 1.0 1.0 0.5499999999999954 0.0 
0.0 0.0 0.0 0.0 0.6500000000000008 1.0 1.0 1.0 0.549999999999998 0.0 0.0 0.0 0.0 0.0 0.0 0.3500000000000032 1.0 1.0 0.5499999999999954 0.0 
0.0 0.0 0.21874999999999975 0.8312499999999988 0.9562499999999995 1.0 0.9562499999999987 0.3437499999999998 0.06875000000000073 0.0 0.0 0.0 0.0 0.0 0.0 0.3500000000000032 1.0 1.0 0.5499999999999954 0.0 
0.0 0.06874999999999902 0.3437499999999989 0.9562500000000005 1.0 0.649999999999999 0.0 0.0 0.0 0.0 0.0 0.0 0.0 0.0 0.5687500000000045 0.9187500000000015 1.0 1.0 0.5499999999999954 0.0 
0.31874999999999987 0.71875 1.0 1.0 1.0 0.649999999999999 0.0 0.0 0.0 0.0 0.0 0.0 0.0 0.0 0.24375000000000147 0.593750000000002 1.0 1.0 0.5499999999999954 0.0 
0.8499999999999996 1.0 1.0 1.0 1.0 0.649999999999999 0.0 0.0 0.0 0.0 0.0 0.0 0.0 0.0 0.6500000000000039 1.0 1.0 1.0 0.5499999999999954 0.0 
0.8499999999999996 1.0 1.0 1.0 1.0 0.9562499999999998 0.875 0.875 0.875 0.875 0.875 0.875 0.875 0.875 0.9562500000000005 1.0 1.0 1.0 0.9437499999999994 0.743749999999995 
0.7437499999999997 0.875 0.875 0.875 0.875 0.875 0.875 0.875 0.875 0.875 0.875 0.875 0.875 0.875 0.875 0.9187500000000004 1.0 1.0 0.9437499999999994 0.743749999999995 
0.0 0.0 0.0 0.0 0.0 0.0 0.0 0.0 0.0 0.0 0.0 0.0 0.0 0.0 0.0 0.3500000000000032 1.0 1.0 0.5499999999999954 0.0 
0.0 0.0 0.0 0.0 0.0 0.0 0.0 0.0 0.0 0.0 0.0 0.0 0.0 0.0 0.0 0.3500000000000032 1.0 1.0 0.5499999999999954 0.0 
0.0 0.0 0.0 0.0 0.0 0.0 0.0 0.0 0.0 0.0 0.0 0.0 0.0 0.0 0.0 0.3500000000000032 1.0 1.0 0.5499999999999954 0.0 
