0.0 0.0 0.2500000000000012 0.5500000000000014 0.8500000000000016 1.0 1.0 1.0 1.0 1.0 1.0 1.0 1.0 1.0 1.0 1.0 1.0 1.0 0.9499999999999957 0.649999999999995 
0.0 0.0 0.2500000000000012 0.5500000000000014 0.8500000000000016 1.0 1.0 1.0 1.0 1.0 1.0 1.0 1.0 1.0 1.0 1.0 1.0 1.0 0.9499999999999957 0.649999999999995 
0.6499999999999982 0.9499999999999973 0.999999999999997 0.9999999999999982 0.9999999999999994 1.0 1.0 1.0 1.0 1.0 1.0 1.0 1.0 1.0 1.0 1.0 1.0 1.0 0.9499999999999957 0.649999999999995 
0.6500000000000008 0.9500000000000011 1.0 1.0 1.0 1.0 1.0 1.0 1.0 1.0 1.0 1.0 1.0 1.0 1.0 1.0 1.0 1.0 0.9499999999999957 0.649999999999995 
0.13000000000000259 0.19000000000000375 0.4000000000000038 0.6400000000000028 0.8800000000000019 1.0 1.0 1.0 1.0 1.0 1.0 1.0 1.0 1.0 1.0 1.0 1.0 1.0 0.9499999999999957 0.649999999999995 
0.0 0.0 0.0 0.0 0.0 0.1500000000000019 0.45000000000000195 0.7500000000000022 1.0 1.0 1.0 1.0 1.0 1.0 1.0 1.0 1.0 1.0 0.9499999999999957 0.649999999999995 
0.0 0.0 0.0 0.0 0.0 0.1500000000000019 0.45000000000000195 0.7500000000000022 1.0 1.0 1.0 1.0 1.0 1.0 1.0 1.0 1.0 1.0 0.9499999999999957 0.649999999999995 
0.0 0.0 0.0 0.0 0.0 0.1500000000000019 0.45000000000000195 0.7500000000000022 1.0 1.0 1.0 1.0 1.0 1.0 1.0 1.0 1.0 1.0 0.9499999999999957 0.649999999999995 
0.0 0.0 0.0 0.0 0.0 0.1500000000000019 0.45000000000000195 0.7500000000000022 1.0 1.0 1.0 1.0 1.0 1.0 1.0 1.0 1.0 1.0 0.9499999999999957 0.649999999999995 
0.0 0.0 0.0 0.0 0.0 0.1500000000000019 0.45000000000000195 0.7500000000000022 1.0 1.0 1.0 1.0 1.0 1.0 1.0 1.0 1.0 1.0 0.9499999999999957 0.649999999999995 
0.0 0.0 0.0 0.0 0.0 0.1500000000000019 0.45000000000000195 0.7500000000000022 1.0 1.0 1.0 1.0 1.0 1.0 1.0 1.0 1.0 1.0 0.9499999999999957 0.649999999999995 
0.0 0.0 0.0 0.0 0.0 0.1500000000000019 0.45000000000000195 0.7500000000000022 1.0 1.0 1.0 1.0 1.0 1.0 1.0 1.0 1.0 1.0 0.9499999999999957 0.649999999999995 
0.0 0.0 0.0 0.0 0.0 0.1500000000000019 0.45000000000000195 0.7500000000000022 1.0 1.0 1.0 1.0 1.0 1.0 1.0 1.0 1.0 1.0 0.9499999999999957 0.649999999999995 
0.0 0.0 0.0 0.0 0.0 0.1500000000000019 0.45000000000000195 0.7500000000000022 1.0 1.0 1.0 1.0 1.0 1.0 1.0 1.0 1.0 1.0 0.9499999999999957 0.649999999999995 
0.0 0.0 0.0 0.0 0.0 0.1500000000000019 0.45000000000000195 0.7500000000000022 1.0 1.0 1.0 1.0 1.0 1.0 1.0 1.0 1.0 1.0 0.9499999999999957 0.649999999999995 
0.0 0.0 0.0 0.0 0.0 0.1500000000000019 0.45000000000000195 0.7500000000000022 1.0 1.0 1.0 1.0 1.0 1.0 1.0 1.0 1.0 1.0 0.9499999999999957 0.649999999999995 
0.0 0.0 0.0 0.0 0.0 0.1500000000000019 0.45000000000000195 0.7500000000000022 1.0 1.0 1.0 1.0 1.0 1.0 1.0 1.0 1.0 1.0 0.9499999999999957 0.649999999999995 
0.0 0.0 0.0 0.0 0.0 0.1500000000000019 0.45000000000000195 0.7500000000000022 1.0 1.0 1.0 1.0 1.0 1.0 1.0 1.0 1.0 1.0 0.9499999999999957 0.649999999999995 
0.0 0.0 0.0 0.0 0.0 0.1500000000000019 0.45000000000000195 0.7500000000000022 1.0 1.0 1.0 1.0 1.0 1.0 1.0 1.0 1.0 1.0 0.9499999999999957 0.649999999999995 
0.0 0.0 0.0 0.0 0.0 0.030000000000000807 0.09000000000000168 0.15000000000000258 0.24000000000000468 0.48000000000000403 0.7200000000000034 0.9600000000000027 0.7999999999999983 0.5599999999999989 0.3199999999999995 0.20000000000000284 0.20000000000000284 0.20000000000000284 0.19000000000000183 0.13000000000000086 
