0.0 0.0 0.05624999999999969 0.12374999999999904 0.19124999999999837 0.3412499999999986 0.5737499999999993 0.8062499999999998 1.0 1.0 1.0 1.0 1.0 1.0 1.0 1.0 1.0 1.0 0.9500000000000011 0.6500000000000012 
0.0 0.0 0.250000000000001 0.5500000000000009 0.8500000000000008 1.0 1.0 1.0 1.0 1.0 1.0 1.0 1.0 1.0 1.0 1.0 1.0 1.0 0.9500000000000011 0.6500000000000012 
0.08124999999999842 0.11874999999999761 0.3437499999999989 0.6062499999999996 0.8687500000000002 1.0 1.0 1.0 1.0 1.0 1.0 1.0 1.0 1.0 1.0 1.0 1.0 1.0 0.9500000000000011 0.6500000000000012 
0.6500000000000012 0.9500000000000011 1.0 1.0 1.0 1.0 1.0 1.0 1.0 1.0 1.0 1.0 1.0 1.0 1.0 1.0 1.0 1.0 0.9500000000000011 0.6500000000000012 
0.0 0.0 0.24375000000000177 0.5362500000000027 0.8287500000000034 0.9787500000000028 0.9862500000000017 0.9937500000000008 1.0 1.0 1.0 1.0 1.0 1.0 1.0 1.0 1.0 1.0 0.9500000000000011 0.6500000000000012 
0.0 0.0 0.0 0.0 0.0 0.15000000000000058 0.4500000000000006 0.7500000000000004 1.0 1.0 1.0 1.0 1.0 1.0 1.0 1.0 1.0 1.0 0.9500000000000011 0.6500000000000012 
0.0 0.0 0.0 0.0 0.0 0.15000000000000058 0.4500000000000006 0.7500000000000004 1.0 1.0 1.0 1.0 1.0 1.0 1.0 1.0 1.0 1.0 0.9500000000000011 0.6500000000000012 
0.0 0.0 0.0 0.0 0.0 0.09375000000000089 0.281250000000002 0.46875000000000294 0.6437500000000035 0.7562500000000023 0.8687500000000012 0.9812500000000001 1.0 1.0 1.0 1.0 1.0 1.0 0.9500000000000011 0.6500000000000012 
0.0 0.0 0.0 0.0 0.0 0.12374999999999983 0.3712499999999986 0.6187499999999971 0.833749999999996 0.8862499999999972 0.9387499999999985 0.9912499999999997 1.0 1.0 1.0 1.0 1.0 1.0 0.9500000000000011 0.6500000000000012 
0.0 0.0 0.0 0.0 0.0 0.10875000000000117 0.3262500000000027 0.5437500000000041 0.7387500000000048 0.8212500000000033 0.9037500000000017 0.9862500000000002 1.0 1.0 1.0 1.0 1.0 1.0 0.9500000000000011 0.6500000000000012 
0.0 0.0 0.0 0.0 0.0 0.0 0.0 0.0 0.050000000000000266 0.3500000000000001 0.6499999999999999 0.9499999999999997 1.0 1.0 1.0 1.0 1.0 1.0 0.9500000000000011 0.6500000000000012 
0.0 0.0 0.0 0.0 0.0 0.0 0.0 0.0 0.050000000000000266 0.3500000000000001 0.6499999999999999 0.9499999999999997 1.0 1.0 1.0 1.0 1.0 1.0 0.9500000000000011 0.6500000000000012 
0.0 0.0 0.0 0.0 0.0 0.0 0.0 0.0 0.050000000000000266 0.3500000000000001 0.6499999999999999 0.9499999999999997 1.0 1.0 1.0 1.0 1.0 1.0 0.9500000000000011 0.6500000000000012 
0.0 0.0 0.0 0.0 0.0 0.0 0.0 0.0 0.050000000000000266 0.3500000000000001 0.6499999999999999 0.9499999999999997 1.0 1.0 1.0 1.0 1.0 1.0 0.9500000000000011 0.6500000000000012 
0.0 0.0 0.0 0.0 0.0 0.0 0.0 0.0 0.050000000000000266 0.3500000000000001 0.6499999999999999 0.9499999999999997 1.0 1.0 1.0 1.0 1.0 1.0 0.9500000000000011 0.6500000000000012 
0.0 0.0 0.0 0.0 0.0 0.0 0.0 0.0 0.050000000000000266 0.3500000000000001 0.6499999999999999 0.9499999999999997 1.0 1.0 1.0 1.0 1.0 1.0 0.9500000000000011 0.6500000000000012 
0.0 0.0 0.0 0.0 0.0 0.0 0.0 0.0 0.050000000000000266 0.3500000000000001 0.6499999999999999 0.9499999999999997 1.0 1.0 1.0 1.0 1.0 1.0 0.9500000000000011 0.6500000000000012 
0.0 0.0 0.0 0.0 0.0 0.0 0.0 0.0 0.050000000000000266 0.3500000000000001 0.6499999999999999 0.9499999999999997 1.0 1.0 1.0 1.0 1.0 1.0 0.9500000000000011 0.6500000000000012 
0.0 0.0 0.0 0.0 0.0 0.0 0.0 0.0 0.050000000000000266 0.3500000000000001 0.6499999999999999 0.9499999999999997 1.0 1.0 1.0 1.0 1.0 1.0 0.9500000000000011 0.6500000000000012 
0.0 0.0 0.0 0.0 0.0 0.0 0.0 0.0 0.050000000000000266 0.3500000000000001 0.6499999999999999 0.9499999999999997 1.0 1.0 1.0 1.0 1.0 1.0 0.9500000000000011 0.6500000000000012 
