0.9250000000000025 1.0 1.0 1.0 0.6749999999999994 0.0 0.0 0.0 0.0 0.0 0.0 0.0 0.028124999999999824 0.21937500000000398 0.8643749999999976 1.0 1.0 0.9156249999999994 0.6006250000000005 0.0 
0.9250000000000025 1.0 1.0 1.0 0.6749999999999994 0.0 0.0 0.0 0.0 0.0 0.0 0.18562499999999907 0.7156250000000027 0.9918749999999988 1.0 1.0 0.645625000000001 0.20312499999999892 0.0 0.0 
0.9250000000000025 1.0 1.0 1.0 0.6749999999999994 0.0 0.0 0.0 0.0 0.0 0.053125000000001345 0.3656250000000001 1.0 1.0 1.0 0.9156249999999979 0.41562500000000246 0.0 0.0 0.0 
0.3931249999999976 0.8706250000000003 1.0 1.0 0.6749999999999994 0.0 0.0 0.0 0.0 0.3306250000000012 0.7556250000000009 1.0 1.0 1.0 0.5256249999999993 0.13812500000000075 0.0 0.0 0.0 0.0 
0.0 0.775000000000002 1.0 1.0 0.6749999999999994 0.0 0.0 0.0 0.018125000000002157 0.5856249999999997 1.0 1.0 0.9968749999999997 0.9756249999999972 0.17062500000000363 0.0 0.0 0.0 0.0 0.0 
0.0 0.775000000000002 1.0 1.0 0.6749999999999994 0.0 0.011874999999999804 0.4156250000000016 0.855625 1.0 1.0 0.8693750000000009 0.45937499999999987 0.013125000000001994 0.0 0.0 0.0 0.0 0.0 0.0 
0.0 0.775000000000002 1.0 1.0 0.9756250000000007 0.9250000000000025 0.9268750000000023 0.9906250000000002 1.0 1.0 0.6068750000000016 0.05437499999999844 0.0 0.0 0.0 0.0 0.0 0.0 0.0 0.0 
0.0 0.775000000000002 1.0 1.0 1.0 1.0 1.0 1.0 1.0 0.7843749999999996 0.3593750000000008 0.0 0.0 0.0 0.0 0.0 0.0 0.0 0.0 0.0 
0.0 0.775000000000002 1.0 1.0 1.0 1.0 1.0 1.0 0.40187500000000026 0.07437499999999983 0.0 0.0 0.0 0.0 0.0 0.0 0.0 0.0 0.0 0.0 
0.0 0.7750000000000021 1.0 1.0 1.0 1.0 1.0 1.0 0.27500000000000124 0.0 0.0 0.0 0.0 0.0 0.0 0.0 0.0 0.0 0.0 0.0 
0.0 0.7750000000000021 1.0 1.0 1.0 1.0 1.0 1.0 0.8006250000000001 0.308125000000001 0.0 0.0 0.0 0.0 0.0 0.0 0.0 0.0 0.0 0.0 
0.0 0.7750000000000021 1.0 1.0 1.0 1.0 1.0 1.0 1.0 1.0 0.5750000000000028 0.0 0.0 0.0 0.0 0.0 0.0 0.0 0.0 0.0 
0.0 0.775000000000002 1.0 1.0 1.0 0.8906250000000001 0.39062499999999967 0.9218749999999994 1.0 1.0 0.8406250000000011 0.453125000000002 0.0 0.0 0.0 0.0 0.0 0.0 0.0 0.0 
0.0 0.775000000000002 1.0 1.0 0.6749999999999994 0.0 0.0 0.0 0.6706249999999994 0.9681250000000001 1.0 1.0 0.8843750000000032 0.09812500000000292 0.013125000000000196 0.0 0.0 0.0 0.0 0.0 
0.0 0.775000000000002 1.0 1.0 0.6749999999999994 0.0 0.0 0.0 0.0 0.27312500000000006 0.6981249999999993 1.0 1.0 1.0 0.17500000000000426 0.0 0.0 0.0 0.0 0.0 
0.0 0.775000000000002 1.0 1.0 0.6749999999999994 0.0 0.0 0.0 0.0 0.0 0.42499999999999716 1.0 1.0 1.0 0.9793749999999983 0.3168750000000038 0.0 0.0 0.0 0.0 
0.0 0.775000000000002 1.0 1.0 0.8131249999999988 0.35062499999999774 0.0 0.0 0.0 0.0 0.0 0.15812499999999893 0.6281250000000009 0.9893749999999983 1.0 1.0 0.6981250000000014 0.2656250000000005 0.0 0.0 
0.0 0.775000000000002 1.0 1.0 1.0 0.8250000000000002 0.0 0.0 0.0 0.0 0.0 0.0 0.12499999999999645 0.9749999999999961 1.0 1.0 1.0 0.6250000000000053 0.0 0.0 
0.0 0.7750000000000019 1.0 1.0 1.0 0.8250000000000002 0.0 0.0 0.0 0.0 0.0 0.0 0.0 0.0 0.5568750000000007 0.8943749999999999 1.0 1.0 0.8481250000000029 0.3006249999999974 
0.0 0.1743750000000043 0.7093750000000031 1.0 1.0 0.8250000000000002 0.0 0.0 0.0 0.0 0.0 0.0 0.0 0.0 0.0 0.1518750000000023 0.6318749999999985 1.0 1.0 0.9250000000000043 
