0.0 0.0 0.0 0.0 0.0 0.0 0.6093749999999923 0.6249999999999929 0.7281249999999944 1.0 1.0 0.7281249999999957 0.6249999999999929 0.6093749999999962 0.0 0.0 0.0 0.0 0.0 0.0 
0.0 0.0 0.0 0.4593749999999958 0.9593749999999975 1.0 1.0 1.0 1.0 1.0 1.0 1.0 1.0 1.0 1.0 0.9593749999999982 0.45937500000000125 0.0 0.0 0.0 
0.00937499999999949 0.32187499999999436 1.0 1.0 1.0 0.8968750000000061 0.021875000000001265 0.0 0.0 0.0 0.0 0.0 0.0 0.021874999999995825 0.8750000000000071 0.9156250000000042 1.0 1.0 0.22500000000000497 0.0 
0.07500000000000018 1.0 1.0 0.8031250000000039 0.20312500000000297 0.0 0.0 0.0 0.0 0.0 0.0 0.0 0.0 0.0 0.0 0.20312499999999964 0.8031250000000016 1.0 1.0 0.0750000000000064 
1.0 1.0 1.0 0.47500000000000053 0.0 0.0 0.0 0.0 0.0 0.0 0.0 0.0 0.0 0.0 0.0 0.0 0.4749999999999943 1.0 1.0 0.6531249999999958 
1.0 1.0 1.0 0.47500000000000053 0.0 0.0 0.0 0.0 0.0 0.0 0.0 0.0 0.0 0.0 0.0 0.0 0.0 0.0 0.0 0.0 
1.0 1.0 1.0 0.47500000000000053 0.0 0.0 0.0 0.0 0.0 0.0 0.0 0.0 0.0 0.0 0.0 0.0 0.0 0.0 0.0 0.0 
1.0 1.0 1.0 0.47500000000000053 0.0 0.0 0.0 0.0 0.0 0.0 0.0 0.0 0.0 0.0 0.0 0.0 0.0 0.0 0.0 0.0 
1.0 1.0 1.0 0.47500000000000053 0.0 0.0 0.0 0.0 0.0 0.0 0.0 0.0 0.0 0.0 0.0 0.0 0.0 0.0 0.0 0.0 
1.0 1.0 1.0 0.47500000000000053 0.0 0.0 0.0 0.0 0.0 0.0 0.5031249999999922 0.8749999999999929 0.8749999999999929 0.8749999999999929 0.8749999999999929 0.8749999999999929 0.8749999999999929 0.8749999999999929 0.8749999999999929 0.8749999999999929 
1.0 1.0 1.0 0.47500000000000053 0.0 0.0 0.0 0.0 0.0 0.0 0.5031250000000004 0.8750000000000071 0.8750000000000071 0.8750000000000071 0.8750000000000071 0.8750000000000071 0.9343750000000031 1.0 1.0 1.0 
1.0 1.0 1.0 0.47500000000000053 0.0 0.0 0.0 0.0 0.0 0.0 0.0 0.0 0.0 0.0 0.0 0.0 0.4749999999999943 1.0 1.0 1.0 
1.0 1.0 1.0 0.47500000000000053 0.0 0.0 0.0 0.0 0.0 0.0 0.0 0.0 0.0 0.0 0.0 0.0 0.4749999999999943 1.0 1.0 1.0 
1.0 1.0 1.0 0.47500000000000053 0.0 0.0 0.0 0.0 0.0 0.0 0.0 0.0 0.0 0.0 0.0 0.0 0.4749999999999943 1.0 1.0 1.0 
1.0 1.0 1.0 0.47500000000000053 0.0 0.0 0.0 0.0 0.0 0.0 0.0 0.0 0.0 0.0 0.0 0.0 0.4749999999999943 1.0 1.0 1.0 
0.6531250000000066 1.0 1.0 0.47500000000000053 0.0 0.0 0.0 0.0 0.0 0.0 0.0 0.0 0.0 0.0 0.0 0.0 0.4749999999999943 1.0 1.0 0.653125000000009 
0.07500000000000018 1.0 1.0 0.8031249999999965 0.20312499999999836 0.0 0.0 0.0 0.0 0.0 0.0 0.0 0.0 0.0 0.0 0.20312499999999503 0.8031249999999941 1.0 1.0 0.0750000000000064 
0.0 0.22499999999999987 1.0 1.0 0.9156249999999954 0.15312500000000015 0.0 0.0 0.0 0.0 0.0 0.0 0.0 0.0 0.15312499999999316 0.9156249999999947 1.0 1.0 0.22500000000000497 0.0 
0.0 0.0 0.0 0.45937500000000325 0.9593750000000022 1.0 1.0 1.0 1.0 1.0 1.0 1.0 1.0 1.0 1.0 0.9593750000000029 0.4593750000000087 0.0 0.0 0.0 
0.0 0.0 0.0 0.0 0.0 0.0 0.6093750000000061 0.6250000000000071 0.7281250000000046 1.0 1.0 1.0 0.6718750000000075 0.60937500000001 0.0 0.0 0.0 0.0 0.0 0.0 
