0.0 0.0 0.0 0.0 0.0 0.49500000000000155 0.600000000000005 1.0 1.0 1.0 1.0 1.0 0.6500000000000072 0.600000000000005 0.49500000000000793 0.0 0.0 0.0 0.0 0.0 
0.0 0.0 0.0 0.42000000000000015 0.9350000000000009 1.0 1.0 1.0 1.0 0.6600000000000029 0.6599999999999915 1.0 1.0 1.0 1.0 0.9350000000000033 0.4200000000000101 0.0 0.0 0.0 
0.0 0.22499999999999787 1.0 1.0 1.0 0.17500000000000426 0.0 0.0 0.0 0.0 0.0 0.0 0.0 0.0 0.1749999999999936 1.0 1.0 1.0 0.22500000000001621 3.9968028886510937e-16 
0.0749999999999984 1.0 1.0 1.0 0.32500000000000373 0.0 0.0 0.0 0.0 0.0 0.0 0.0 0.0 0.0 0.0 0.3249999999999922 1.0 1.0 1.0 0.07500000000000995 
0.04499999999999862 0.6899999999999947 0.849999999999999 0.5999999999999943 0.1950000000000004 0.0 0.0 0.0 0.0 0.0 0.0 0.0 0.0 0.0 0.0 0.3249999999999922 1.0 1.0 1.0 0.07500000000000995 
0.0 0.0 0.0 0.0 0.0 0.0 0.0 0.0 0.0 0.0 0.0 0.0 0.0 0.0 0.0 0.3249999999999922 1.0 1.0 1.0 0.07500000000000995 
0.0 0.0 0.0 0.0 0.0 0.0 0.0 0.0 0.0 0.0 0.0 0.0 0.0 0.0 0.0 0.3249999999999922 1.0 1.0 1.0 0.07500000000000995 
0.0 0.0 0.0 0.0 0.0 0.0 0.0 0.0 0.0 0.0 0.0 0.0 0.0 0.0 0.1749999999999936 1.0 1.0 0.9999999999999956 0.22500000000001047 0.0 
0.0 0.0 0.0 0.0 0.0 0.0 0.0 0.0 0.0 0.0 0.0 0.1450000000000035 0.2000000000000064 1.0 1.0 0.9349999999999995 0.7999999999999936 0.30000000000000615 0.0 0.0 
0.0 0.0 0.0 0.0 0.0 0.0 0.0 0.12499999999999645 1.0 1.0 1.0 1.0 1.0 1.0 1.0 0.6750000000000078 0.0 0.0 0.0 0.0 
0.0 0.0 0.0 0.0 0.0 0.0 0.0 0.049999999999997956 0.399999999999995 0.399999999999995 0.399999999999995 0.399999999999995 0.399999999999995 1.0 1.0 0.8700000000000048 0.31500000000000816 0.0 0.0 0.0 
0.0 0.0 0.0 0.0 0.0 0.0 0.0 0.0 0.0 0.0 0.0 0.0 0.0 0.0049999999999981 0.3399999999999884 1.0 1.0 0.875000000000007 0.18000000000001143 0.0 
0.0 0.0 0.0 0.0 0.0 0.0 0.0 0.0 0.0 0.0 0.0 0.0 0.0 0.0 0.0 0.0 0.47499999999999076 1.0 1.0 0.07500000000000995 
0.0 0.0 0.0 0.0 0.0 0.0 0.0 0.0 0.0 0.0 0.0 0.0 0.0 0.0 0.0 0.0 0.47499999999999076 1.0 1.0 1.0 
0.0 0.0 0.0 0.0 0.0 0.0 0.0 0.0 0.0 0.0 0.0 0.0 0.0 0.0 0.0 0.0 0.47499999999999076 1.0 1.0 1.0 
1.0 1.0 1.0 0.4750000000000032 0.0 0.0 0.0 0.0 0.0 0.0 0.0 0.0 0.0 0.0 0.0 0.0 0.47499999999999076 1.0 1.0 1.0 
0.2599999999999882 1.0 1.0 0.4750000000000032 0.0 0.0 0.0 0.0 0.0 0.0 0.0 0.0 0.0 0.0 0.0 0.25999999999999746 0.8950000000000041 1.0 1.0 0.07500000000000995 
0.0 0.22499999999999468 0.9999999999999911 1.0 1.0 0.17500000000001598 3.5527136788011825e-16 0.0 0.0 0.0 0.0 0.0 0.0 3.552713678799289e-16 0.17500000000000532 1.0 1.0 1.0 0.22500000000001208 0.0 
0.0 0.0 0.2999999999999968 0.904999999999998 1.0 1.0 1.0 0.20000000000000284 0.20000000000000284 0.20000000000000284 0.20000000000000284 0.20000000000000284 0.20000000000000284 1.0 1.0 1.0 0.9050000000000005 0.3000000000000075 0.0 0.0 
0.0 0.0 0.0 0.0 0.0 0.4949999999999928 0.5999999999999943 1.0 1.0 1.0 1.0 1.0 1.0 0.5999999999999943 0.5999999999999943 0.40500000000000086 0.0 0.0 0.0 0.0 
