0.0 0.0 0.0 0.0 0.0 0.0 0.0 0.0 0.0 0.0 0.0 0.0 0.0 0.21562500000000312 0.5750000000000028 0.5750000000000028 1.0 1.0 0.37499999999999645 0.0 
0.0 0.0 0.0 0.0 0.0 0.0 0.0 0.0 0.0 0.0 0.0 0.0 0.12500000000000355 1.0 1.0 1.0 1.0 1.0 0.37499999999999645 0.0 
0.0 0.0 0.0 0.0 0.0 0.0 0.0 0.0 0.0 0.0 0.0 0.0 1.0 1.0 1.0 1.0 1.0 1.0 0.37499999999999645 0.0 
0.0 0.0 0.0 0.0 0.0 0.0 0.0 0.0 0.0 0.0 0.015625000000000822 0.8781250000000019 1.0 1.0 1.0 1.0 1.0 1.0 0.37499999999999645 0.0 
0.0 0.0 0.0 0.0 0.0 0.0 0.0 0.0 0.0 0.06562500000000057 0.6906250000000017 1.0 1.0 1.0 1.0 1.0 1.0 1.0 0.37499999999999645 0.0 
0.0 0.0 0.0 0.0 0.0 0.0 0.0 0.0 0.12500000000000178 1.0 1.0 1.0 0.5906249999999982 0.0 0.42187500000000283 0.9593750000000012 1.0 1.0 0.37499999999999645 0.0 
0.0 0.0 0.0 0.0 0.0 0.0 0.0 0.0 1.0 1.0 1.0 0.5843749999999994 0.0 0.0 0.0 0.8750000000000036 1.0 1.0 0.37499999999999645 0.0 
0.0 0.0 0.0 0.0 0.0 0.0 0.0 0.8750000000000018 1.0 1.0 0.6093749999999989 0.046874999999999334 0.0 0.0 0.0 0.8750000000000036 1.0 1.0 0.37499999999999645 0.0 
0.0 0.0 0.0 0.0 0.0 0.0 0.6250000000000018 1.0 1.0 0.7093749999999992 0.08437500000000013 0.0 0.0 0.0 0.0 0.8750000000000036 1.0 1.0 0.37499999999999645 0.0 
0.0 0.0 0.0 0.0 0.0 0.3750000000000009 1.0 1.0 0.8843749999999987 0.046875000000001645 0.0 0.0 0.0 0.0 0.0 0.8750000000000036 1.0 1.0 0.37499999999999645 0.0 
0.0 0.0 0.0 0.0 0.1906249999999971 1.0 1.0 0.9343750000000036 0.0 0.0 0.0 0.0 0.0 0.0 0.0 0.8750000000000036 1.0 1.0 0.37499999999999645 0.0 
0.0 0.0 0.0 0.19687499999999833 1.0 1.0 0.8593750000000009 0.09687499999999889 0.0 0.0 0.0 0.0 0.0 0.0 0.0 0.8750000000000036 1.0 1.0 0.37499999999999645 0.0 
0.0 0.0 0.23437499999999795 0.9218750000000001 1.0 0.859375000000001 0.23437500000000022 0.0 0.0 0.0 0.0 0.0 0.0 0.0 0.0 0.8750000000000036 1.0 1.0 0.37499999999999645 0.0 
0.0 0.19687499999999825 0.8218749999999984 1.0 0.9343750000000002 0.29687500000000266 0.0 0.0 0.0 0.0 0.0 0.0 0.0 0.0 0.0 0.8750000000000036 1.0 1.0 0.37499999999999645 0.0 
0.08437499999999964 0.7968749999999983 1.0 1.0 0.8749999999999991 0.0 0.0 0.0 0.0 0.0 0.0 0.0 0.0 0.0 0.0 0.8750000000000036 1.0 1.0 0.37499999999999645 0.0 
1.0 1.0 1.0 1.0 0.9781249999999992 0.8249999999999957 0.8249999999999957 0.8249999999999957 0.8249999999999957 0.8249999999999957 0.8249999999999957 0.8249999999999957 0.8249999999999957 0.8249999999999957 0.9343749999999991 1.0 1.0 1.0 1.0 0.8468749999999956 
1.0 1.0 1.0 1.0 1.0 1.0 1.0 1.0 1.0 1.0 1.0 1.0 1.0 1.0 1.0 1.0 1.0 1.0 1.0 1.0 
0.0 0.0 0.0 0.0 0.0 0.0 0.0 0.0 0.0 0.0 0.0 0.0 0.0 0.0 0.0 0.8750000000000036 1.0 1.0 0.37499999999999645 0.0 
0.0 0.0 0.0 0.0 0.0 0.0 0.0 0.0 0.0 0.0 0.0 0.0 0.0 0.0 0.0 0.8750000000000036 1.0 1.0 0.37499999999999645 0.0 
0.0 0.0 0.0 0.0 0.0 0.0 0.0 0.0 0.0 0.0 0.0 0.0 0.0 0.0 0.0 0.8750000000000036 1.0 1.0 0.37499999999999645 0.0 
