1.0 1.0 1.0 1.0 1.0 1.0 1.0 1.0 1.0 1.0 1.0 1.0 1.0 1.0 0.925625000000001 0.5749999999999993 0.3018749999999988 0.0 0.0 0.0 
1.0 1.0 1.0 1.0 1.0 1.0 1.0 1.0 1.0 1.0 1.0 1.0 1.0 1.0 1.0 1.0 1.0 0.8281249999999998 0.16312500000000096 0.0 
1.0 1.0 1.0 0.5406249999999992 0.04062499999999991 0.0 0.0 0.0 0.0 0.0 0.0 0.0 0.0 0.0 0.021874999999999645 0.4093750000000025 1.0 1.0 1.0 0.07500000000000284 
1.0 1.0 1.0 0.4749999999999992 0.0 0.0 0.0 0.0 0.0 0.0 0.0 0.0 0.0 0.0 0.0 0.0 0.4750000000000014 1.0 1.0 1.0 
1.0 1.0 1.0 0.4749999999999992 0.0 0.0 0.0 0.0 0.0 0.0 0.0 0.0 0.0 0.0 0.0 0.0 0.4750000000000014 1.0 1.0 1.0 
1.0 1.0 1.0 0.4749999999999992 0.0 0.0 0.0 0.0 0.0 0.0 0.0 0.0 0.0 0.0 0.0 0.0 0.4750000000000014 1.0 1.0 1.0 
1.0 1.0 1.0 0.4749999999999992 0.0 0.0 0.0 0.0 0.0 0.0 0.0 0.0 0.0 0.0 0.0 0.0 0.4750000000000014 1.0 1.0 1.0 
1.0 1.0 1.0 0.4749999999999992 0.0 0.0 0.0 0.0 0.0 0.0 0.0 0.0 0.0 0.0 0.0 0.0 0.4750000000000014 1.0 1.0 1.0 
1.0 1.0 1.0 0.4749999999999992 0.0 0.0 0.0 0.0 0.0 0.0 0.0 0.0 0.0 0.0 0.0 0.0 0.4750000000000014 1.0 1.0 1.0 
1.0 1.0 1.0 0.4749999999999992 0.0 0.0 0.0 0.0 0.0 0.0 0.0 0.0 0.0 0.0 0.0 0.0 0.4750000000000014 1.0 1.0 1.0 
1.0 1.0 1.0 0.4749999999999992 0.0 0.0 0.0 0.0 0.0 0.0 0.0 0.0 0.0 0.0 0.0 0.0 0.4750000000000014 1.0 1.0 1.0 
1.0 1.0 1.0 0.4749999999999992 0.0 0.0 0.0 0.0 0.0 0.0 0.0 0.0 0.0 0.0 0.0 0.0 0.4750000000000014 1.0 1.0 1.0 
1.0 1.0 1.0 0.4749999999999992 0.0 0.0 0.0 0.0 0.0 0.0 0.0 0.0 0.0 0.0 0.0 0.0 0.4750000000000014 1.0 1.0 1.0 
1.0 1.0 1.0 0.4749999999999992 0.0 0.0 0.0 0.0 0.0 0.0 0.0 0.0 0.0 0.0 0.0 0.0 0.4750000000000014 1.0 1.0 1.0 
1.0 1.0 1.0 0.4749999999999992 0.0 0.0 0.0 0.0 0.0 0.0 0.0 0.0 0.0 0.0 0.0 0.0 0.4750000000000014 1.0 1.0 1.0 
1.0 1.0 1.0 0.4749999999999992 0.0 0.0 0.0 0.0 0.0 0.0 0.0 0.0 0.0 0.0 0.0 0.0 0.4750000000000014 1.0 1.0 1.0 
1.0 1.0 1.0 0.4749999999999992 0.0 0.0 0.0 0.0 0.0 0.0 0.0 0.0 0.0 0.0 0.0 0.31687500000000557 0.9868750000000045 1.0 1.0 1.0 
1.0 1.0 1.0 0.4749999999999992 0.0 0.0 0.0 0.0 0.0 0.0 0.0 0.0 0.0 0.0031250000000000444 0.2781249999999975 1.0 1.0 1.0 0.9031250000000002 0.06562500000000249 
1.0 1.0 1.0 1.0 0.5106250000000033 0.2750000000000057 0.2750000000000057 0.2750000000000057 0.2750000000000057 0.2750000000000057 0.2750000000000057 0.2750000000000057 0.2750000000000057 1.0 1.0 1.0 1.0 0.8281249999999964 0.16312499999999974 0.0 
1.0 1.0 1.0 1.0 1.0 1.0 1.0 1.0 1.0 1.0 1.0 1.0 1.0 1.0 0.9256249999999993 0.5749999999999886 0.30187499999999323 0.0 0.0 0.0 
