0.07500000000000107 1.0 1.0 1.0 1.0 1.0 1.0 1.0 1.0 1.0 1.0 1.0 1.0 1.0 1.0 1.0 1.0 1.0 1.0 1.0 
0.02062500000000032 0.27500000000000036 0.27500000000000036 0.27500000000000036 0.27500000000000036 0.27500000000000036 0.27500000000000036 0.27500000000000036 0.27500000000000036 0.27500000000000036 0.27500000000000036 0.27500000000000036 0.27500000000000036 1.0 1.0 1.0 1.0 1.0 1.0 1.0 
0.0 0.0 0.0 0.0 0.0 0.0 0.0 0.0 0.0 0.0 0.0 0.0 0.0 0.0 0.17499999999999716 1.0 1.0 1.0 1.0 0.07500000000000284 
0.0 0.0 0.0 0.0 0.0 0.0 0.0 0.0 0.0 0.0 0.0 0.0 0.0 0.0006250000000000178 0.19562499999999752 1.0 1.0 0.9843749999999998 0.21937500000000132 0.0 
0.0 0.0 0.0 0.0 0.0 0.0 0.0 0.0 0.0 0.0 0.0 0.0 0.0 0.195625000000001 1.0 1.0 0.9168749999999994 0.30937499999999973 0.0 0.0 
0.0 0.0 0.0 0.0 0.0 0.0 0.0 0.0 0.0 0.0 0.0 0.0 0.28437500000000093 1.0 1.0 0.8943749999999987 0.3543749999999985 0.0 0.0 0.0 
0.0 0.0 0.0 0.0 0.0 0.0 0.0 0.0 0.0 0.0 0.0 0.7249999999999996 1.0 1.0 0.9168750000000011 0.35437499999999755 0.0 0.0 0.0 0.0 
0.0 0.0 0.0 0.0 0.0 0.0 0.0 0.0 0.0 0.0 0.5750000000000011 1.0 1.0 0.9843749999999998 0.3093749999999996 0.0 0.0 0.0 0.0 0.0 
0.0 0.0 0.0 0.0 0.0 0.0 0.0 0.0 0.0 0.4250000000000007 1.0 1.0 1.0 0.21937499999999785 0.0 0.0 0.0 0.0 0.0 0.0 
0.0 0.0 0.0 0.0 0.0 0.0 0.0 0.0 0.27500000000000036 1.0 1.0 1.0 0.19062499999999938 0.0 0.0 0.0 0.0 0.0 0.0 0.0 
0.0 0.0 0.0 0.0 0.0 0.0 0.0 0.1906250000000025 1.0 1.0 1.0 0.27500000000000036 0.0 0.0 0.0 0.0 0.0 0.0 0.0 0.0 
0.0 0.0 0.0 0.0 0.0 0.0 0.21937500000000498 1.0 1.0 1.0 0.42499999999999893 0.0 0.0 0.0 0.0 0.0 0.0 0.0 0.0 0.0 
0.0 0.0 0.0 0.0 0.0 0.30937500000000334 0.9843750000000004 1.0 1.0 0.5749999999999993 0.0 0.0 0.0 0.0 0.0 0.0 0.0 0.0 0.0 0.0 
0.0 0.0 0.0 0.0 0.3543750000000018 0.9168750000000009 1.0 1.0 0.7249999999999996 0.0 0.0 0.0 0.0 0.0 0.0 0.0 0.0 0.0 0.0 0.0 
0.0 0.0 0.0 0.35437500000000277 0.8943750000000016 1.0 1.0 0.875 0.0 0.0 0.0 0.0 0.0 0.0 0.0 0.0 0.0 0.0 0.0 0.0 
0.0 0.0 0.3093750000000018 0.9168750000000014 1.0 1.0 1.0 0.0 0.0 0.0 0.0 0.0 0.0 0.0 0.0 0.0 0.0 0.0 0.0 0.0 
0.0 0.21937500000000287 0.9843750000000053 1.0 1.0 1.0 0.024999999999999467 0.0 0.0 0.0 0.0 0.0 0.0 0.0 0.0 0.0 0.0 0.0 0.0 0.0 
0.07500000000000107 1.0 1.0 1.0 1.0 0.17499999999999893 0.0 0.0 0.0 0.0 0.0 0.0 0.0 0.0 0.0 0.0 0.0 0.0 0.0 0.0 
0.329375000000006 1.0 1.0 1.0 1.0 1.0 0.29312500000000513 0.2750000000000057 0.2750000000000057 0.2750000000000057 0.2750000000000057 0.2750000000000057 0.2750000000000057 0.2750000000000057 0.2750000000000057 0.2750000000000057 0.2750000000000057 0.2750000000000057 0.2750000000000057 0.2750000000000057 
0.07500000000000107 1.0 1.0 1.0 1.0 1.0 1.0 1.0 1.0 1.0 1.0 1.0 1.0 1.0 1.0 1.0 1.0 1.0 1.0 1.0 
