1.0 1.0 1.0 1.0 1.0 1.0 1.0 1.0 1.0 1.0 1.0 1.0 1.0 1.0 1.0 1.0 1.0 1.0 1.0 0.049999999999979394 
1.0 1.0 1.0 1.0 1.0 1.0 1.0 1.0 1.0 1.0 1.0 1.0 1.0 1.0 1.0 1.0 1.0 1.0 0.8300000000000028 0.03999999999998391 
1.0 1.0 1.0 1.0 1.0 0.44999999999999873 7.105427357601002e-15 7.105427357601002e-15 7.105427357601002e-15 7.105427357601002e-15 7.105427357601002e-15 7.105427357601002e-15 7.105427357601002e-15 7.105427357601002e-15 7.105427357601002e-15 7.105427357601002e-15 7.105427357601002e-15 7.105427357601002e-15 1.065814103640014e-15 0.0 
1.0 1.0 1.0 1.0 0.5499999999999963 0.0 0.0 0.0 0.0 0.0 0.0 0.0 0.0 0.0 0.0 0.0 0.0 0.0 0.0 0.0 
1.0 1.0 1.0 1.0 0.5499999999999963 0.0 0.0 0.0 0.0 0.0 0.0 0.0 0.0 0.0 0.0 0.0 0.0 0.0 0.0 0.0 
1.0 1.0 1.0 1.0 0.5499999999999963 0.0 0.0 0.0 0.0 0.0 0.0 0.0 0.0 0.0 0.0 0.0 0.0 0.0 0.0 0.0 
1.0 1.0 1.0 1.0 1.0 0.5599999999999936 0.19999999999999574 0.8000000000000039 1.0 1.0 1.0 1.0 0.949999999999999 0.5899999999999941 0.19999999999999574 0.0899999999999951 0.0 0.0 0.0 0.0 
1.0 1.0 1.0 1.0 1.0 1.0 1.0 1.0 1.0 1.0 1.0 0.8499999999999913 2.664535259100338e-15 0.3500000000000121 1.0 0.999999999999998 0.9999999999999964 0.24999999999998135 0.0 0.0 
1.0 1.0 1.0 1.0 1.0 0.5599999999999974 0.20000000000000284 0.04999999999999947 0.0 0.0 0.010000000000002417 0.17000000000000057 0.25000000000001066 1.0 1.0 1.0 1.0 1.0 0.14999999999998082 0.0 
0.40000000000000213 0.40000000000000213 0.40000000000000213 0.40000000000000213 0.21999999999999967 0.0 0.0 0.0 0.0 0.0 0.0 0.0 0.0 0.0 0.4500000000000135 1.0 1.0 1.0 1.0 0.049999999999979394 
0.0 0.0 0.0 0.0 0.0 0.0 0.0 0.0 0.0 0.0 0.0 0.0 0.0 0.0 0.0 0.5500000000000149 1.0 1.0 1.0 0.4299999999999863 
0.0 0.0 0.0 0.0 0.0 0.0 0.0 0.0 0.0 0.0 0.0 0.0 0.0 0.0 0.0 0.5500000000000149 1.0 1.0 1.0 1.0 
0.0 0.0 0.0 0.0 0.0 0.0 0.0 0.0 0.0 0.0 0.0 0.0 0.0 0.0 0.0 0.5500000000000149 1.0 1.0 1.0 0.049999999999979394 
0.0 0.0 0.0 0.0 0.0 0.0 0.0 0.0 0.0 0.0 0.0 0.0 0.0 0.0 0.0 0.5500000000000149 1.0 1.0 1.0 0.049999999999979394 
1.0 1.0 1.0 0.6499999999999972 0.0 0.0 0.0 0.0 0.0 0.0 0.0 0.0 0.0 0.0 0.0 0.5500000000000149 1.0 1.0 1.0 0.049999999999979394 
1.0 1.0 1.0 0.7899999999999991 0.21999999999999967 0.0 0.0 0.0 0.0 0.0 0.0 0.0 0.0 0.0 0.18000000000000635 0.73000000000001 1.0 1.0 1.0 0.049999999999979394 
0.8099999999999973 1.0 1.0 1.0 0.6399999999999983 0.09000000000000025 0.0 0.0 0.0 0.0 0.0 0.0 0.0 0.0700000000000034 0.5600000000000124 1.0 1.0 1.0 0.14999999999998082 0.0 
0.0 0.1500000000000008 1.0 1.0 1.0 1.0 1.0 0.24999999999999645 3.552713678800501e-15 3.552713678800501e-15 0.05000000000001474 1.0 1.0 1.0 1.0 1.0 0.9999999999999977 0.24999999999998135 0.0 0.0 
0.0 0.02999999999999952 0.19999999999999574 0.4799999999999994 1.0 1.0 1.0 1.0 1.0 1.0 1.0 1.0 1.0 1.0 1.0 0.5599999999999857 0.06999999999999523 0.0 0.0 0.0 
0.0 0.0 0.0 0.0 0.17999999999999766 0.3999999999999915 0.3999999999999915 0.8500000000000016 1.0 1.0 1.0 0.9099999999999931 0.3999999999999915 0.3999999999999915 0.2199999999999899 0.0 0.0 0.0 0.0 0.0 
