0.0 0.0 0.0 0.0 0.27000000000000135 0.40000000000000213 0.9849999999999999 1.0 1.0 1.0 1.0 1.0 1.0 1.0 0.895 0.2700000000000003 0.0 0.0 0.0 0.0 
0.0 0.0 0.37499999999999956 1.0 1.0 1.0 1.0 1.0 0.9449999999999994 0.799999999999998 0.799999999999998 0.9449999999999997 1.0 1.0 1.0 1.0 1.0 0.5000000000000012 0.04500000000000001 0.0 
1.3322676295501752e-16 0.2250000000000008 1.0 1.0 1.0 1.0 0.9999999999999982 0.0 0.0 0.0 0.0 0.0 0.0 0.02500000000000031 0.9999999999999986 1.0 1.0 1.0 1.0 0.07499999999999929 
0.07499999999999929 1.0 1.0 1.0 1.0 0.3399999999999978 0.005000000000000009 0.0 0.0 0.0 0.0 0.0 0.0 0.0 0.1750000000000007 1.0 1.0 1.0 1.0 0.07499999999999929 
0.07499999999999929 1.0 1.0 1.0 0.5949999999999985 0.06999999999999952 0.0 0.0 0.0 0.0 0.0 0.0 0.0 0.0 0.0 0.32500000000000284 1.0 1.0 1.0 1.0 
0.44500000000000156 1.0 1.0 1.0 0.3250000000000002 0.0 0.0 0.0 0.0 0.0 0.0 0.0 0.0 0.0 0.0 0.32500000000000284 1.0 1.0 1.0 1.0 
0.07499999999999929 1.0 1.0 1.0 0.4600000000000021 0.03500000000000046 0.0 0.0 0.0 0.0 0.0 0.0 0.0 0.0 0.03500000000000064 0.4600000000000042 1.0 1.0 1.0 0.8149999999999973 
0.07499999999999929 1.0 1.0 1.0 1.0 0.1750000000000013 4.440892098500689e-17 0.0 0.0 0.0 0.0 0.0 0.0 4.440892098500689e-17 0.17500000000000218 1.0 1.0 1.0 1.0 0.07499999999999929 
0.014999999999999672 0.3799999999999976 1.0 1.0 1.0 1.0 0.8050000000000025 0.0 0.0 0.0 0.0 0.0 0.0 0.8050000000000025 1.0 1.0 1.0 1.0 1.0 0.07499999999999929 
0.0 0.0 0.1499999999999993 0.714999999999999 1.0 1.0 1.0 1.0 1.0 1.0 1.0 1.0 1.0 1.0 1.0 1.0 1.0 1.0 1.0 0.07499999999999929 
0.0 0.0 0.0 0.0 0.0 0.49499999999999833 0.5999999999999979 0.5999999999999979 0.5999999999999979 0.5999999999999979 0.5999999999999979 0.5999999999999979 0.5999999999999979 0.0 0.10500000000000005 0.7299999999999998 1.0 1.0 1.0 0.07499999999999929 
0.0 0.0 0.0 0.0 0.0 0.0 0.0 0.0 0.0 0.0 0.0 0.0 0.0 0.0 0.0 0.32500000000000284 1.0 1.0 1.0 0.07499999999999929 
0.0 0.0 0.0 0.0 0.0 0.0 0.0 0.0 0.0 0.0 0.0 0.0 0.0 0.0 0.0 0.32500000000000284 1.0 1.0 1.0 0.07499999999999929 
0.05999999999999975 0.6200000000000038 0.0 0.0 0.0 0.0 0.0 0.0 0.0 0.0 0.0 0.0 0.0 0.0 0.0 0.32500000000000284 1.0 1.0 1.0 0.07499999999999929 
1.0 1.0 1.0 1.0 0.3250000000000002 0.0 0.0 0.0 0.0 0.0 0.0 0.0 0.0 0.0 0.0 0.32500000000000284 1.0 1.0 1.0 0.07499999999999929 
0.07499999999999929 1.0 1.0 1.0 0.5950000000000015 0.0700000000000003 0.0 0.0 0.0 0.0 0.0 0.0 0.0 0.0 0.1750000000000007 1.0 1.0 1.0 1.0 0.07499999999999929 
0.05999999999999922 0.8449999999999976 1.0 1.0 1.0 1.0 0.22000000000000305 0.0 0.0 0.0 0.0 0.0 0.0 0.22000000000000305 1.0 1.0 1.0 1.0 0.22499999999999787 0.0 
0.0 0.0 0.3749999999999982 0.9999999999999983 1.0 1.0 1.0 1.0 0.7250000000000006 3.552713678800501e-15 0.5750000000000026 1.0 1.0 1.0 1.0 1.0 0.9999999999999983 0.37499999999999867 0.0 0.0 
0.0 0.0 0.0 0.10500000000000138 0.7400000000000008 1.0 1.0 1.0 1.0 1.0 1.0 1.0 1.0 1.0 1.0 0.7399999999999987 0.1050000000000012 0.0 0.0 0.0 
0.0 0.0 0.0 0.0 0.0 0.329999999999993 0.3999999999999915 0.3999999999999915 0.5649999999999941 1.0 1.0 0.564999999999993 0.3999999999999915 0.3899999999999915 0.0 0.0 0.0 0.0 0.0 0.0 
