0.0 0.0 0.0 0.0 0.0 0.21999999999999736 0.3999999999999915 0.8500000000000016 1.0 1.0 1.0 1.0 1.0 0.7899999999999898 0.3999999999999915 0.1799999999999902 0.0 0.0 0.0 0.0 
0.0 0.0 0.0499999999999984 0.4799999999999971 1.0 1.0 1.0 1.0 1.0 1.0 1.0 1.0 1.0 1.0 1.0 1.0 1.0 0.3999999999999799 0.02999999999999499 0.0 
0.0 0.14999999999999974 0.9999999999999947 1.0 1.0 1.0 1.0 0.2499999999999991 7.105427357601002e-15 7.105427357601002e-15 7.105427357601002e-15 7.105427357601002e-15 7.105427357601002e-15 0.3500000000000167 1.0 1.0 1.0 1.0 0.999999999999994 0.04999999999997904 
0.039999999999999536 0.8299999999999947 1.0 1.0 1.0 0.5599999999999994 0.0700000000000011 0.0 0.0 0.0 0.0 0.0 0.0 0.0 0.09000000000000558 0.6400000000000148 1.0 1.0 1.0 0.8099999999999898 
0.020000000000000212 0.4900000000000053 1.0 1.0 0.7300000000000003 0.1800000000000005 0.0 0.0 0.0 0.0 0.0 0.0 0.0 0.0 0.0 0.5500000000000149 1.0 1.0 1.0 1.0 
0.0 0.0 0.0 0.0 0.0 0.0 0.0 0.0 0.0 0.0 0.0 0.0 0.0 0.0 0.0 0.5500000000000149 1.0 1.0 1.0 1.0 
0.0 0.0 0.0 0.0 0.0 0.0 0.0 0.0 0.0 0.0 0.0 0.0 0.0 0.0 0.0 0.5500000000000149 1.0 1.0 1.0 0.8099999999999999 
0.0 0.0 0.0 0.0 0.0 0.0 0.0 0.0 0.0 0.0 0.0 0.0 0.0 0.0 0.4500000000000119 0.9999999999999984 1.0 1.0 1.0 0.049999999999979394 
0.0 0.0 0.0 0.0 0.0 0.0 0.0 0.0 0.6800000000000044 0.7999999999999972 0.7999999999999972 0.7999999999999972 0.85 1.0 1.0 1.0 1.0 0.3999999999999879 0.02999999999999659 0.0 
0.0 0.0 0.0 0.0 0.0 0.0 0.0 0.0 0.8500000000000085 1.0 1.0 1.0 1.0 1.0 1.0 1.0 0.34999999999998366 0.0 0.0 0.0 
0.0 0.0 0.0 0.0 0.0 0.0 0.0 0.0 0.0 0.0 0.030000000000006893 0.6000000000000014 0.6000000000000014 0.7400000000000058 1.0 1.0 0.6099999999999892 0.09999999999999254 0.0 0.0 
0.0 0.0 0.0 0.0 0.0 0.0 0.0 0.0 0.0 0.0 0.0 0.0 0.0 0.0 0.36000000000001114 0.9100000000000033 1.0 1.0 1.0 0.23999999999998284 
0.0 0.0 0.0 0.0 0.0 0.0 0.0 0.0 0.0 0.0 0.0 0.0 0.0 0.0 0.0 0.0 0.6500000000000163 1.0 1.0 1.0 
0.0399999999999999 0.8000000000000007 0.8000000000000007 0.8000000000000007 0.4399999999999974 0.0 0.0 0.0 0.0 0.0 0.0 0.0 0.0 0.0 0.0 0.0 0.6500000000000163 1.0 1.0 1.0 
1.0 1.0 1.0 1.0 0.5499999999999963 0.0 0.0 0.0 0.0 0.0 0.0 0.0 0.0 0.0 0.0 0.0 0.6500000000000163 1.0 1.0 1.0 
0.04999999999999982 1.0 1.0 1.0 0.7299999999999986 0.1799999999999989 0.0 0.0 0.0 0.0 0.0 0.0 0.0 0.0 0.0 0.5500000000000149 1.0 1.0 1.0 1.0 
0.039999999999999716 0.8299999999999977 1.0 1.0 1.0 0.5599999999999974 0.20000000000000284 0.04999999999999947 0.0 0.0 0.0 0.0 0.0 0.0700000000000034 0.5600000000000124 1.0 1.0 1.0 1.0 0.049999999999979394 
0.0 0.0 0.2500000000000009 0.9999999999999977 1.0 1.0 1.0 1.0 0.1499999999999945 3.552713678800501e-15 3.552713678800501e-15 0.15000000000001226 1.0 1.0 1.0 1.0 1.0 0.9999999999999973 0.1499999999999803 0.0 
0.0 0.0 0.0 0.06999999999999906 0.5600000000000007 1.0 1.0 1.0 1.0 1.0 1.0 1.0 1.0 1.0 1.0 1.0 0.47999999999998416 0.04999999999999538 0.0 0.0 
0.0 0.0 0.0 0.0 0.0 0.21999999999999736 0.3999999999999915 0.3999999999999915 0.3999999999999915 0.9700000000000055 0.3999999999999915 0.3999999999999915 0.3999999999999915 0.3999999999999915 0.2199999999999899 0.0 0.0 0.0 0.0 0.0 
