0.0 0.0 0.0 0.0 0.0 0.47437500000000005 0.5749999999999993 1.0 1.0 1.0 1.0 1.0 0.6281249999999994 0.5749999999999993 0.47437500000000105 0.0 0.0 0.0 0.0 0.0 
0.0 0.0 0.0 0.3806250000000004 0.910625 1.0 1.0 1.0 1.0 1.0 1.0 1.0 1.0 1.0 1.0 0.9106249999999991 0.38062499999999877 0.0 0.0 0.0 
0.0 0.19687500000000085 0.9218750000000001 1.0 1.0 1.0 1.0 0.125 0.125 0.125 0.125 0.125 0.125 1.0 1.0 1.0 1.0 0.921875 0.19687500000000124 0.0 
0.07500000000000107 1.0 1.0 1.0 1.0 0.17499999999999893 0.0 0.0 0.0 0.0 0.0 0.0 0.0 0.0 0.17499999999999716 1.0 1.0 1.0 1.0 0.07500000000000284 
0.07500000000000107 1.0 1.0 1.0 0.8818749999999994 0.144374999999999 0.0 0.0 0.0 0.0 0.0 0.0 0.0 0.0 0.14437499999999753 0.8249999999999993 0.8249999999999993 0.8249999999999993 0.8249999999999993 0.06187500000000229 
0.07500000000000107 1.0 1.0 1.0 1.0 0.17499999999999893 0.0 0.0 0.0 0.0 0.0 0.0 0.0 0.0 0.0 0.0 0.0 0.0 0.0 0.0 
0.03937500000000045 0.6318749999999994 1.0 1.0 1.0 0.5668750000000006 0.011874999999999782 0.0 0.0 0.0 0.0 0.0 0.0 0.0 0.0 0.0 0.0 0.0 0.0 0.0 
0.0 0.22500000000000098 1.0 1.0 1.0 1.0 1.0 0.5468750000000016 0.0 0.0 0.0 0.0 0.0 0.0 0.0 0.0 0.0 0.0 0.0 0.0 
0.0 0.0 0.0843749999999994 0.22499999999999787 0.7481249999999998 1.0 1.0 1.0 1.0 0.9043750000000007 0.3293750000000001 0.0 0.0 0.0 0.0 0.0 0.0 0.0 0.0 0.0 
0.0 0.0 0.0 0.0 0.05062499999999957 0.07499999999999929 0.9768750000000005 1.0 1.0 1.0 1.0 1.0 0.9343750000000006 0.0 0.0 0.0 0.0 0.0 0.0 0.0 
0.0 0.0 0.0 0.0 0.0 0.0 0.0 0.0 0.2543749999999996 0.9568749999999984 1.0 1.0 1.0 1.0 1.0 0.6993749999999983 0.03937500000000139 0.0 0.0 0.0 
0.0 0.0 0.0 0.0 0.0 0.0 0.0 0.0 0.0 0.0 0.0 0.5618749999999961 0.9718749999999994 1.0 1.0 1.0 1.0 0.5156250000000031 0.05062500000000144 0.0 
0.0 0.0 0.0 0.0 0.0 0.0 0.0 0.0 0.0 0.0 0.0 0.0 0.0 0.015625000000000132 0.690624999999996 1.0 1.0 1.0 0.5156250000000037 0.028125000000001333 
0.0 0.0 0.0 0.0 0.0 0.0 0.0 0.0 0.0 0.0 0.0 0.0 0.0 0.0 0.08312499999999828 0.6456250000000001 1.0 1.0 1.0 0.07500000000000284 
0.0 0.0 0.0 0.0 0.0 0.0 0.0 0.0 0.0 0.0 0.0 0.0 0.0 0.0 0.0 0.32500000000000284 1.0 1.0 1.0 1.0 
1.0 1.0 1.0 1.0 0.3249999999999993 0.0 0.0 0.0 0.0 0.0 0.0 0.0 0.0 0.0 0.0 0.32500000000000284 1.0 1.0 1.0 0.23687499999999972 
0.09812499999999315 1.0 1.0 1.0 1.0 0.17499999999999893 0.0 0.0 0.0 0.0 0.0 0.0 0.0 0.0 0.17499999999999716 1.0 1.0 1.0 1.0 0.07500000000000284 
0.0 0.22500000000000098 1.0 1.0 1.0 1.0 1.0 0.890625 0.125 0.125 0.125 0.125 0.890625 1.0 1.0 1.0 1.0 0.921875 0.19687500000000124 0.0 
0.0 0.0 0.27187499999999853 0.7249999999999943 0.9106249999999984 1.0 1.0 1.0 1.0 1.0 1.0 1.0 1.0 1.0 1.0 0.9106249999999974 0.380624999999996 0.0 0.0 0.0 
0.0 0.0 0.0 0.0 0.0 0.4743749999999912 0.5749999999999886 0.62812499999999 1.0 1.0 1.0 1.0 0.62812499999999 0.5749999999999886 0.4743749999999923 0.0 0.0 0.0 0.0 0.0 
