0.0 0.0 0.0 0.0 0.0 0.4537499999999924 0.988749999999998 1.0 1.0 1.0 1.0 1.0 1.0 0.9887500000000029 0.4537500000000002 0.0 0.0 0.0 0.0 0.0 
0.0 0.0 0.24374999999999578 0.8337499999999961 1.0 1.0 1.0 1.0 1.0 1.0 1.0 1.0 1.0 1.0 1.0 1.0 0.8337499999999992 0.2437500000000024 0.0 0.0 
0.0 0.1687499999999967 0.8437499999999959 1.0 1.0 1.0 0.26875000000000815 0.0 0.0 0.0 0.0 0.0 0.0 0.26875000000000016 1.0 1.0 1.0 0.8437499999999984 0.1687500000000052 0.0 
0.06374999999999753 0.8837499999999958 1.0 1.0 1.0 0.17500000000000426 0.0 0.0 0.0 0.0 0.0 0.0 0.0 0.0 0.17499999999999005 1.0 1.0 1.0 1.0 0.07500000000000995 
0.07499999999999751 1.0 1.0 1.0 1.0 0.17500000000000426 0.0 0.0 0.0 0.0 0.0 0.0 0.0 0.0 0.0 0.32499999999999574 1.0 1.0 1.0 0.07500000000000995 
0.0 0.0 0.0 0.0 0.0 0.0 0.0 0.0 0.0 0.0 0.0 0.0 0.0 0.0 0.0 0.32499999999999574 1.0 1.0 1.0 0.07500000000000995 
0.0 0.0 0.0 0.0 0.0 0.0 0.0 0.0 0.0 0.0 0.0 0.0 0.0 0.0 0.17499999999999005 1.0 1.0 1.0 1.0 0.07500000000000995 
0.0 0.0 0.0 0.0 0.0 0.0 0.0 0.0 0.0 0.0 0.0 0.0 0.0 0.2687499999999915 1.0 1.0 1.0 1.0 0.22500000000000853 0.0 
0.0 0.0 0.0 0.0 0.0 0.0 0.0 0.04374999999999787 0.34999999999999787 0.34999999999999787 0.34999999999999787 0.34999999999999787 0.9187499999999963 1.0 1.0 1.0 0.833750000000003 0.2437500000000054 0.0 0.0 
0.0 0.0 0.0 0.0 0.0 0.0 0.0 0.12499999999999467 1.0 1.0 1.0 1.0 1.0 1.0 1.0 0.6750000000000043 0.0 0.0 0.0 0.0 
0.0 0.0 0.0 0.0 0.0 0.0 0.0 0.05624999999999751 0.4499999999999993 0.4499999999999993 0.4499999999999993 0.4499999999999993 0.931249999999997 1.0 1.0 0.8537500000000022 0.5500000000000007 0.20625000000000418 0.0 0.0 
0.0 0.0 0.0 0.0 0.0 0.0 0.0 0.0 0.0 0.0 0.0 0.0 0.0 0.008749999999997673 0.4637499999999947 1.0 1.0 1.0 0.7287500000000019 0.04875000000000636 
0.0 0.0 0.0 0.0 0.0 0.0 0.0 0.0 0.0 0.0 0.0 0.0 0.0 0.0 0.04374999999999751 0.4937499999999968 1.0 1.0 1.0 0.07500000000000995 
0.0 0.0 0.0 0.0 0.0 0.0 0.0 0.0 0.0 0.0 0.0 0.0 0.0 0.0 0.0 0.32499999999999574 1.0 1.0 1.0 1.0 
0.9499999999999993 0.9499999999999993 0.9499999999999993 0.9499999999999993 0.3087500000000033 0.0 0.0 0.0 0.0 0.0 0.0 0.0 0.0 0.0 0.0 0.32499999999999574 1.0 1.0 1.0 1.0 
1.0 1.0 1.0 1.0 0.32500000000000373 0.0 0.0 0.0 0.0 0.0 0.0 0.0 0.0 0.0 0.0 0.32499999999999574 1.0 1.0 1.0 0.07500000000000995 
0.07499999999999751 1.0 1.0 1.0 1.0 0.17500000000000426 0.0 0.0 0.0 0.0 0.0 0.0 0.0 0.0037499999999991295 0.29874999999999624 1.0 1.0 1.0 1.0 0.07500000000000995 
0.0 0.2249999999999972 1.0 1.0 1.0 1.0 0.26875000000000293 0.0 0.0 0.0 0.0 0.0 0.21874999999999867 0.26874999999999494 1.0 1.0 1.0 0.8437500000000018 0.1687500000000064 0.0 
0.0 0.0 0.24374999999999478 0.8337499999999949 1.0 1.0 1.0 1.0 1.0 1.0 1.0 1.0 1.0 1.0 1.0 1.0 0.833749999999998 0.2437500000000014 0.0 0.0 
0.0 0.0 0.0 0.0 0.371249999999996 0.5499999999999972 0.5499999999999972 1.0 1.0 1.0 1.0 1.0 1.0 0.9887500000000029 0.45375000000000315 0.0 0.0 0.0 0.0 0.0 
