0.0 0.0 0.0 0.0 0.0 0.0 0.49499999999999145 0.8249999999999886 0.8949999999999929 1.0 1.0 1.0 0.8249999999999893 0.8249999999999886 0.16500000000000006 0.0 0.0 0.0 0.0 0.0 
0.0 0.0 0.0 0.18999999999999528 0.8949999999999974 1.0 1.0 1.0 1.0 1.0 1.0 1.0 1.0 1.0 1.0 1.0 0.6849999999999951 1.687538997430202e-15 0.0 0.0 
0.0 0.07499999999999457 0.9999999999999992 1.0 1.0 1.0 1.0 1.0 0.9500000000000037 0.8750000000000089 0.8750000000000089 0.9500000000000033 1.0 1.0 1.0 1.0 1.0 1.0 0.07499999999999485 0.0 
0.0 0.5999999999999992 1.0 1.0 1.0 1.0 0.5350000000000068 3.996802888650715e-16 0.0 0.0 0.0 0.0 0.0 0.535000000000004 1.0 1.0 1.0 1.0 0.9099999999999969 0.1550000000000005 
0.1999999999999993 1.0 1.0 1.0 1.0 0.8000000000000007 0.0 0.0 0.0 0.0 0.0 0.0 0.0 0.0 0.0 1.0 1.0 1.0 1.0 0.5399999999999965 
0.1999999999999993 1.0 1.0 1.0 1.0 0.8000000000000007 0.0 0.0 0.0 0.0 0.0 0.0 0.0 0.0 0.0 0.0 0.0 0.0 0.0 0.0 
0.055000000000000944 0.7100000000000017 1.0 1.0 1.0 0.9449999999999991 0.28999999999999926 0.0 0.0 0.0 0.0 0.0 0.0 0.0 0.0 0.0 0.0 0.0 0.0 0.0 
0.0 0.3750000000000016 0.9999999999999997 1.0 1.0 1.0 1.0 1.0 0.2249999999999984 0.0 0.0 0.0 0.0 0.0 0.0 0.0 0.0 0.0 0.0 0.0 
0.0 0.0 0.0 0.9850000000000008 1.0 1.0 1.0 1.0 1.0 1.0 0.8050000000000004 0.009999999999999485 0.0 0.0 0.0 0.0 0.0 0.0 0.0 0.0 
0.0 0.0 0.0 0.0 0.0 0.45999999999999897 1.0 1.0 1.0 1.0 1.0 1.0 1.0 0.40500000000000136 0.0 0.0 0.0 0.0 0.0 0.0 
0.0 0.0 0.0 0.0 0.0 0.0 0.0 0.0 0.8049999999999978 1.0 1.0 1.0 1.0 1.0 1.0 0.8650000000000011 0.13000000000000184 0.0 0.0 0.0 
0.0 0.0 0.0 0.0 0.0 0.0 0.0 0.0 0.0 0.0 0.21999999999999817 1.0 1.0 1.0 1.0 1.0 1.0 0.9750000000000015 0.0 0.0 
0.0 0.0 0.0 0.0 0.0 0.0 0.0 0.0 0.0 0.0 0.0 0.0 0.0 0.375 0.8749999999999982 1.0 1.0 1.0 1.0 0.20000000000000284 
0.0 0.0 0.0 0.0 0.0 0.0 0.0 0.0 0.0 0.0 0.0 0.0 0.0 0.0 0.0 0.7799999999999953 1.0 1.0 1.0 1.0 
0.0 0.0 0.0 0.0 0.0 0.0 0.0 0.0 0.0 0.0 0.0 0.0 0.0 0.0 0.0 0.1999999999999993 1.0 1.0 1.0 1.0 
0.1999999999999993 1.0 1.0 1.0 1.0 0.46000000000000835 0.0 0.0 0.0 0.0 0.0 0.0 0.0 0.0 0.0 0.6600000000000077 1.0 1.0 1.0 1.0 
0.15499999999999775 0.9099999999999964 1.0 1.0 1.0 1.0 0.5350000000000068 3.996802888650715e-16 0.0 0.0 0.0 0.0 0.0 0.0 0.7999999999999972 1.0 1.0 1.0 1.0 0.20000000000000284 
0.0 0.07499999999999564 0.9999999999999992 1.0 1.0 1.0 1.0 1.0 0.8750000000000071 0.8750000000000071 0.8750000000000071 0.8750000000000071 0.8750000000000071 1.0 1.0 1.0 1.0 1.0 0.6000000000000014 0.0 
0.0 0.0 0.0 0.6849999999999916 1.0 1.0 1.0 1.0 1.0 1.0 1.0 1.0 1.0 1.0 1.0 1.0 0.6849999999999934 1.6875389974301925e-15 0.0 0.0 
0.0 0.0 0.0 0.0 0.0 0.16499999999999715 0.8249999999999886 0.8249999999999886 1.0 1.0 1.0 1.0 0.8249999999999893 0.8249999999999886 0.8249999999999886 0.0 0.0 0.0 0.0 0.0 
