0.0 0.0 0.0 0.0 0.0 0.0 0.0 0.0 0.0 0.0 0.0 0.0 0.25000000000001066 1.0 1.0 1.0 1.0 1.0 0.7499999999999893 0.0 
0.0 0.0 0.0 0.0 0.0 0.0 0.0 0.0 0.0 0.0 0.0 0.24375000000000077 1.0 1.0 1.0 1.0 1.0 1.0 0.7499999999999893 0.0 
0.0 0.0 0.0 0.0 0.0 0.0 0.0 0.0 0.0 0.0 0.21875000000000555 0.9687500000000002 1.0 1.0 1.0 1.0 1.0 1.0 0.7499999999999893 0.0 
0.0 0.0 0.0 0.0 0.0 0.0 0.0 0.0 0.0 0.0 1.0 1.0 1.0 1.0 1.0 1.0 1.0 1.0 0.7499999999999893 0.0 
0.0 0.0 0.0 0.0 0.0 0.0 0.0 0.0 0.0 0.7500000000000071 1.0 1.0 1.0 1.0 1.0 1.0 1.0 1.0 0.7499999999999893 0.0 
0.0 0.0 0.0 0.0 0.0 0.0 0.0 0.0 1.0 1.0 1.0 1.0 0.8687499999999957 0.475000000000005 1.0 1.0 1.0 1.0 0.7499999999999893 0.0 
0.0 0.0 0.0 0.0 0.0 0.0 0.0 0.7500000000000071 1.0 1.0 1.0 0.9437500000000026 0.0 0.0 0.3062500000000067 1.0 1.0 1.0 0.7499999999999893 0.0 
0.0 0.0 0.0 0.0 0.0 0.0 0.7187499999999973 1.0 1.0 1.0 0.8437499999999973 0.09374999999999911 0.0 0.0 1.0 1.0 1.0 1.0 0.7499999999999893 0.0 
0.0 0.0 0.0 0.0 0.0 0.7500000000000053 1.0 1.0 1.0 1.0 0.0 0.0 0.0 0.0 1.0 1.0 1.0 1.0 0.7499999999999893 0.0 
0.0 0.0 0.0 0.0 0.25000000000000533 1.0 1.0 1.0 1.0 0.2499999999999929 0.0 0.0 0.0 0.0 0.25000000000001066 1.0 1.0 1.0 0.7499999999999893 0.0 
0.0 0.0 0.0 0.20624999999999508 1.0 1.0 1.0 1.0 0.5437500000000013 0.0 0.0 0.0 0.0 0.0 0.25000000000001066 1.0 1.0 1.0 0.7499999999999893 0.0 
0.0 0.0 0.2062500000000017 0.9562499999999989 1.0 1.0 1.0 0.38125 0.0 0.0 0.0 0.0 0.0 0.0 1.0 1.0 1.0 1.0 0.7499999999999893 0.0 
0.0 0.0 1.0 1.0 1.0 1.0 0.4687500000000009 0.0 0.0 0.0 0.0 0.0 0.0 0.0 0.25000000000001066 1.0 1.0 1.0 0.7499999999999893 0.0 
0.0 0.750000000000004 1.0 1.0 1.0 0.3062500000000025 0.0 0.0 0.0 0.0 0.0 0.0 0.0 0.0 0.9437499999999933 1.0 1.0 1.0 0.7499999999999893 0.0 
0.6062499999999923 1.0 1.0 1.0 1.0 0.6062499999999876 0.4749999999999872 0.4749999999999872 0.4749999999999872 0.4749999999999872 0.4749999999999872 0.4749999999999872 0.4749999999999872 0.4749999999999872 1.0 1.0 1.0 1.0 0.8687499999999913 0.11874999999999174 
1.0 1.0 1.0 1.0 1.0 1.0 1.0 1.0 1.0 1.0 1.0 1.0 1.0 1.0 1.0 1.0 1.0 1.0 1.0 1.0 
0.5687500000000105 1.0 1.0 1.0 1.0 1.0 1.0 1.0 1.0 1.0 1.0 1.0 1.0 1.0 1.0 1.0 1.0 1.0 1.0 0.5687500000000024 
0.0 0.0 0.0 0.0 0.0 0.0 0.0 0.0 0.0 0.0 0.0 0.0 0.0 0.0 0.906250000000012 1.0 1.0 1.0 0.7499999999999893 0.0 
0.0 0.0 0.0 0.0 0.0 0.0 0.0 0.0 0.0 0.0 0.0 0.0 0.0 0.0 0.25000000000001066 1.0 1.0 1.0 0.7499999999999893 0.0 
0.0 0.0 0.0 0.0 0.0 0.0 0.0 0.0 0.0 0.0 0.0 0.0 0.0 0.0 0.831250000000012 1.0 1.0 1.0 0.5812500000000014 0.0 
