0.0 0.0 0.0 0.0 0.38812499999999994 0.5749999999999993 0.9893750000000002 1.0 1.0 1.0 1.0 1.0 0.6281249999999994 0.5606249999999992 0.0 0.0 0.0 0.0 0.0 0.0 
0.0 0.0 0.27187500000000053 0.869375 1.0 1.0 1.0 1.0 1.0 1.0 1.0 1.0 1.0 1.0 1.0 0.9106249999999991 0.38062499999999877 0.0 0.0 0.0 
0.06562500000000093 0.9031250000000002 1.0 1.0 1.0 1.0 0.14687499999999953 0.109375 0.0 0.0 0.0 0.09062499999999996 0.125 1.0 1.0 1.0 1.0 0.921875 0.19687500000000124 0.0 
1.0 1.0 1.0 1.0 0.3249999999999993 0.0 0.0 0.0 0.0 0.0 0.0 0.0 0.0 0.0 0.17062499999999717 0.9831249999999998 1.0 1.0 1.0 0.07500000000000284 
1.0 1.0 1.0 0.4749999999999992 0.0 0.0 0.0 0.0 0.0 0.0 0.0 0.0 0.0 0.0 0.0 0.32500000000000284 1.0 1.0 1.0 0.236875000000003 
1.0 1.0 1.0 0.4749999999999992 0.0 0.0 0.0 0.0 0.0 0.0 0.0 0.0 0.0 0.0 0.0 0.0 0.0 0.0 0.0 0.0 
1.0 1.0 1.0 0.4749999999999992 0.0 0.0 0.0 0.0 0.0 0.0 0.0 0.0 0.0 0.0 0.0 0.0 0.0 0.0 0.0 0.0 
1.0 1.0 1.0 0.4749999999999992 0.0 0.0 0.0 0.0 0.0 0.0 0.0 0.0 0.0 0.0 0.0 0.0 0.0 0.0 0.0 0.0 
1.0 1.0 1.0 0.4749999999999992 0.0 0.0 0.0 0.0 0.0 0.0 0.0 0.0 0.0 0.0 0.0 0.0 0.0 0.0 0.0 0.0 
1.0 1.0 1.0 0.4749999999999992 0.0 0.0 0.0 0.0 0.0 0.0 0.5750000000000011 1.0 1.0 0.9250000000000007 0.9250000000000007 0.9250000000000007 0.9250000000000007 0.9250000000000007 0.9250000000000007 0.9250000000000007 
1.0 1.0 1.0 0.4749999999999992 0.0 0.0 0.0 0.0 0.0 0.0 0.5750000000000011 1.0 1.0 1.0 1.0 1.0 1.0 1.0 1.0 1.0 
1.0 1.0 1.0 0.4749999999999992 0.0 0.0 0.0 0.0 0.0 0.0 0.0 0.0 0.0 0.0 0.0 0.32500000000000284 1.0 1.0 1.0 1.0 
1.0 1.0 1.0 0.4749999999999992 0.0 0.0 0.0 0.0 0.0 0.0 0.0 0.0 0.0 0.0 0.0 0.32500000000000284 1.0 1.0 1.0 1.0 
1.0 1.0 1.0 0.4749999999999992 0.0 0.0 0.0 0.0 0.0 0.0 0.0 0.0 0.0 0.0 0.0 0.32500000000000284 1.0 1.0 1.0 1.0 
1.0 1.0 1.0 0.829375000000002 0.2193750000000009 0.0 0.0 0.0 0.0 0.0 0.0 0.0 0.0 0.0 0.0 0.32500000000000284 1.0 1.0 1.0 1.0 
1.0 1.0 1.0 1.0 0.3249999999999993 0.0 0.0 0.0 0.0 0.0 0.0 0.0 0.0 0.0 0.0 0.32500000000000284 1.0 1.0 1.0 1.0 
0.09812499999999315 1.0 1.0 1.0 0.3249999999999993 0.0 0.0 0.0 0.0 0.0 0.0 0.0 0.0 0.0 0.0 0.32500000000000284 1.0 1.0 1.0 1.0 
0.0 0.22500000000000098 1.0 1.0 1.0 1.0 0.14687499999999953 0.0 0.0 0.0 0.0 0.0 0.109375 0.1468750000000003 1.0 1.0 1.0 1.0 0.9031250000000002 0.06562500000000249 
0.0 0.0 0.27187499999999853 0.8693749999999976 1.0 1.0 1.0 1.0 1.0 1.0 1.0 1.0 1.0 1.0 1.0 1.0 1.0 0.375 0.0 0.0 
0.0 0.0 0.0 0.0 0.3881249999999927 0.5749999999999886 0.5749999999999886 1.0 1.0 1.0 1.0 1.0 1.0 0.9893749999999996 0.5749999999999886 0.38812499999999067 0.0 0.0 0.0 0.0 
