0.05749999999999784 0.5749999999999957 0.5749999999999957 0.5749999999999957 0.5749999999999957 0.5749999999999957 0.5749999999999957 0.7874999999999979 1.0 1.0 1.0 1.0 1.0 0.7024999999999958 0.9575000000000005 0.5749999999999957 0.4024999999999946 0.0 0.0 0.0 
0.7524999999999956 1.0 1.0 1.0 1.0 1.0 1.0 1.0 1.0 1.0 1.0 1.0 1.0 1.0 1.0 1.0 1.0 0.862499999999997 0.2174999999999942 0.0 
0.8874999999999964 1.0 1.0 1.0 1.0 0.12500000000000355 0.12500000000000355 0.12500000000000355 0.12500000000000355 0.12500000000000355 0.12500000000000355 0.12500000000000355 0.12500000000000355 0.12500000000000355 0.9125000000000022 1.0 1.0 1.0 1.0 0.09999999999999432 
0.09999999999999698 1.0 1.0 1.0 0.9775000000000029 0.0 0.0 0.0 0.0 0.0 0.0 0.0 0.0 0.0 0.0 0.10000000000000497 1.0 1.0 1.0 1.0 
0.09999999999999698 1.0 1.0 1.0 1.0 0.0 0.0 0.0 0.0 0.0 0.0 0.0 0.0 0.0 0.0 0.10000000000000497 1.0 1.0 1.0 1.0 
0.09999999999999698 1.0 1.0 1.0 0.39249999999999874 0.0 0.0 0.0 0.0 0.0 0.0 0.0 0.0 0.0 0.0 0.10000000000000497 1.0 1.0 1.0 1.0 
0.09999999999999698 1.0 1.0 1.0 0.10000000000000142 0.0 0.0 0.0 0.0 0.0 0.0 0.0 0.0 0.0 0.0 0.10000000000000497 1.0 1.0 1.0 1.0 
0.6624999999999973 1.0 1.0 1.0 1.0 0.0 0.0 0.0 0.0 0.0 0.0 0.0 0.0 0.0 0.0 0.6625000000000003 1.0 1.0 1.0 1.0 
0.30249999999999894 1.0 1.0 1.0 1.0 0.0 0.0 0.0 0.0 0.0 0.0 0.0 0.0 0.0 0.6975000000000003 1.0 1.0 1.0 1.0 0.09999999999999432 
0.09999999999999698 1.0 1.0 1.0 1.0 1.0 1.0 1.0 1.0 1.0 1.0 1.0 1.0 1.0 1.0 1.0 1.0 0.5374999999999981 0.022500000000000374 0.0 
0.09999999999999698 1.0 1.0 1.0 1.0 1.0 1.0 1.0 1.0 1.0 0.9924999999999999 0.9250000000000007 0.9250000000000007 0.9250000000000007 0.9250000000000007 0.832499999999996 0.0 0.0 0.0 0.0 
0.09999999999999698 1.0 1.0 1.0 0.797499999999999 0.0 0.0 0.0 0.0 0.0 0.0 0.0 0.0 0.0 0.0 0.0 0.0 0.0 0.0 0.0 
0.09999999999999698 1.0 1.0 1.0 0.6625000000000005 0.0 0.0 0.0 0.0 0.0 0.0 0.0 0.0 0.0 0.0 0.0 0.0 0.0 0.0 0.0 
1.0 1.0 1.0 1.0 0.10000000000000142 0.0 0.0 0.0 0.0 0.0 0.0 0.0 0.0 0.0 0.0 0.0 0.0 0.0 0.0 0.0 
1.0 1.0 1.0 1.0 0.10000000000000142 0.0 0.0 0.0 0.0 0.0 0.0 0.0 0.0 0.0 0.0 0.0 0.0 0.0 0.0 0.0 
1.0 1.0 1.0 1.0 0.10000000000000142 0.0 0.0 0.0 0.0 0.0 0.0 0.0 0.0 0.0 0.0 0.0 0.0 0.0 0.0 0.0 
1.0 1.0 1.0 1.0 0.10000000000000142 0.0 0.0 0.0 0.0 0.0 0.0 0.0 0.0 0.0 0.0 0.0 0.0 0.0 0.0 0.0 
1.0 1.0 1.0 1.0 1.0 0.0 0.0 0.0 0.0 0.0 0.0 0.0 0.0 0.0 0.0 0.0 0.0 0.0 0.0 0.0 
1.0 1.0 1.0 1.0 0.10000000000000142 0.0 0.0 0.0 0.0 0.0 0.0 0.0 0.0 0.0 0.0 0.0 0.0 0.0 0.0 0.0 
0.09999999999999698 1.0 1.0 1.0 0.10000000000000142 0.0 0.0 0.0 0.0 0.0 0.0 0.0 0.0 0.0 0.0 0.0 0.0 0.0 0.0 0.0 
