0.0 0.0 0.0 0.0 0.0 0.0 0.0 0.0 0.0 0.0 0.0 0.0 0.06875000000000701 0.7187500000000024 1.0 1.0 1.0 1.0 0.7187499999999896 0.06874999999999139 
0.0 0.0 0.0 0.0 0.0 0.0 0.0 0.0 0.0 0.0 0.0 0.0 1.0 1.0 1.0 1.0 1.0 1.0 1.0 0.12499999999998579 
0.0 0.0 0.0 0.0 0.0 0.0 0.0 0.0 0.0 0.0 0.0 0.8750000000000124 1.0 1.0 1.0 1.0 1.0 1.0 1.0 0.12499999999998579 
0.0 0.0 0.0 0.0 0.0 0.0 0.0 0.0 0.0 0.0 0.6250000000000124 1.0 1.0 1.0 1.0 1.0 1.0 1.0 1.0 0.12499999999998579 
0.0 0.0 0.0 0.0 0.0 0.0 0.0 0.0 0.0 0.37500000000001243 1.0 1.0 1.0 1.0 1.0 1.0 1.0 1.0 1.0 0.12499999999998579 
0.0 0.0 0.0 0.0 0.0 0.0 0.0 0.0 0.16875000000000934 1.0 1.0 1.0 0.8749999999999858 0.0 0.0 0.8750000000000142 1.0 1.0 1.0 0.12499999999998579 
0.0 0.0 0.0 0.0 0.0 0.0 0.0 0.13124999999999906 1.0 1.0 1.0 0.8687500000000009 0.0 0.0 0.0 0.8750000000000142 1.0 1.0 1.0 0.12499999999998579 
0.0 0.0 0.0 0.0 0.0 0.0 0.1562500000000009 0.9062500000000089 1.0 1.0 1.0 0.12499999999998757 0.0 0.0 0.0 0.8750000000000142 1.0 1.0 1.0 0.12499999999998579 
0.0 0.0 0.0 0.0 0.0 0.13125000000000325 0.7562500000000073 1.0 1.0 0.8687499999999965 0.24374999999999272 0.0 0.0 0.0 0.0 0.8750000000000142 1.0 1.0 1.0 0.12499999999998579 
0.0 0.0 0.0 0.0 0.05625000000000511 0.6562500000000059 1.0 1.0 0.9437499999999945 0.3437499999999936 0.0 0.0 0.0 0.0 0.0 0.8750000000000142 1.0 1.0 1.0 0.12499999999998579 
0.0 0.0 0.0 0.0 0.6062500000000058 1.0 1.0 1.0 0.39374999999999377 0.0 0.0 0.0 0.0 0.0 0.0 0.8750000000000142 1.0 1.0 1.0 0.12499999999998579 
0.0 0.0 0.0 0.8750000000000115 1.0 1.0 1.0 0.43124999999999314 0.0 0.0 0.0 0.0 0.0 0.0 0.0 0.8750000000000142 1.0 1.0 1.0 0.12499999999998579 
0.0 0.0 0.6250000000000111 1.0 1.0 1.0 0.5312499999999907 0.03124999999999689 0.0 0.0 0.0 0.0 0.0 0.0 0.0 0.8750000000000142 1.0 1.0 1.0 0.12499999999998579 
0.0 0.3750000000000109 1.0 1.0 1.0 0.6812499999999897 0.0562499999999976 0.0 0.0 0.0 0.0 0.0 0.0 0.0 0.0 0.8750000000000142 1.0 1.0 1.0 0.12499999999998579 
0.12500000000001066 1.0 1.0 1.0 1.0 0.6249999999999885 0.0 0.0 0.0 0.0 0.0 0.0 0.0 0.0 0.0 0.8750000000000142 1.0 1.0 1.0 0.12499999999998579 
1.0 1.0 1.0 1.0 1.0 1.0 1.0 1.0 1.0 1.0 1.0 1.0 1.0 1.0 1.0 1.0 1.0 1.0 1.0 1.0 
0.8499999999999943 0.8499999999999943 0.8499999999999943 0.8499999999999943 0.8499999999999943 0.8499999999999943 0.8499999999999943 0.8499999999999943 0.8499999999999943 0.8499999999999943 0.8499999999999943 0.8499999999999943 0.8499999999999943 0.9062499999999986 1.0 1.0 1.0 1.0 1.0 1.0 
0.0 0.0 0.0 0.0 0.0 0.0 0.0 0.0 0.0 0.0 0.0 0.0 0.0 0.0 0.0 0.8750000000000142 1.0 1.0 1.0 0.12499999999998579 
0.0 0.0 0.0 0.0 0.0 0.0 0.0 0.0 0.0 0.0 0.0 0.0 0.0 0.0 0.0 0.8750000000000142 1.0 1.0 1.0 0.12499999999998579 
0.0 0.0 0.0 0.0 0.0 0.0 0.0 0.0 0.0 0.0 0.0 0.0 0.0 0.0 0.0 0.8750000000000142 1.0 1.0 1.0 0.12499999999998579 
