0.0 0.0 0.0 0.0 0.09062500000000577 0.725000000000005 0.725000000000005 0.9656250000000031 1.0 1.0 1.0 1.0 1.0 0.896874999999998 0.725000000000005 0.09062499999999032 0.0 0.0 0.0 0.0 
0.0 0.0 0.10937500000000458 0.8968750000000062 1.0 1.0 1.0 0.8468749999999936 0.8249999999999944 0.8249999999999944 0.8249999999999944 0.8249999999999944 0.8468749999999969 1.0 1.0 1.0 1.0 0.6249999999999858 0.0 0.0 
0.07812500000000411 0.765625000000006 1.0 1.0 0.9218749999999948 0.23437499999999345 0.0 0.0 0.0 0.0 0.0 0.0 0.0 0.0 0.23437500000000144 0.9218750000000081 1.0 1.0 0.7656249999999986 0.0781249999999919 
0.19062500000001054 1.0 1.0 0.934374999999994 0.0 0.0 0.0 0.0 0.0 0.0 0.0 0.0 0.0 0.0 0.0 0.0 1.0 1.0 1.0 0.19062499999999244 
1.0 1.0 1.0 0.12499999999999334 0.0 0.0 0.0 0.0 0.0 0.0 0.0 0.0 0.0 0.0 0.0 0.0 0.1250000000000142 1.0 1.0 1.0 
1.0 1.0 1.0 0.12499999999999334 0.0 0.0 0.0 0.0 0.0 0.0 0.0 0.0 0.0 0.0 0.0 0.0 0.0 0.0 0.0 0.0 
1.0 1.0 1.0 0.12499999999999334 0.0 0.0 0.0 0.0 0.0 0.0 0.0 0.0 0.0 0.0 0.0 0.0 0.0 0.0 0.0 0.0 
1.0 1.0 1.0 0.12499999999999334 0.0 0.0 0.0 0.0 0.0 0.0 0.0 0.0 0.0 0.0 0.0 0.0 0.0 0.0 0.0 0.0 
1.0 1.0 1.0 0.12499999999999334 0.0 0.0 0.0 0.0 0.0 0.0 0.0 0.0 0.0 0.0 0.0 0.0 0.0 0.0 0.0 0.0 
1.0 1.0 1.0 0.12499999999999334 0.0 0.0 0.0 0.0 0.0 0.0 0.0 0.0 0.0 0.0 0.0 0.0 0.0 0.0 0.0 0.0 
1.0 1.0 1.0 0.12499999999999334 0.0 0.0 0.0 0.0 0.0 0.0 0.0 0.0 0.0 0.0 0.0 0.0 0.0 0.0 0.0 0.0 
1.0 1.0 1.0 0.12499999999999334 0.0 0.0 0.0 0.0 0.0 0.0 0.0 0.0 0.0 0.0 0.0 0.0 0.0 0.0 0.0 0.0 
1.0 1.0 1.0 0.12499999999999334 0.0 0.0 0.0 0.0 0.0 0.0 0.0 0.0 0.0 0.0 0.0 0.0 0.0 0.0 0.0 0.0 
1.0 1.0 1.0 0.12499999999999334 0.0 0.0 0.0 0.0 0.0 0.0 0.0 0.0 0.0 0.0 0.0 0.0 0.0 0.0 0.0 0.0 
1.0 1.0 1.0 0.12499999999999334 0.0 0.0 0.0 0.0 0.0 0.0 0.0 0.0 0.0 0.0 0.0 0.0 0.0 0.0 0.0 0.0 
1.0 1.0 1.0 0.12499999999999334 0.0 0.0 0.0 0.0 0.0 0.0 0.0 0.0 0.0 0.0 0.0 0.0 0.05937500000000782 0.4750000000000085 0.8031250000000106 1.0 
1.0 1.0 1.0 0.9343750000000095 0.0 0.0 0.0 0.0 0.0 0.0 0.0 0.0 0.0 0.0 0.0 0.0 1.0 1.0 1.0 0.1906249999999769 
0.07812500000000155 0.7656249999999933 1.0 1.0 0.9218749999999973 0.23437500000000622 0.0 0.0 0.0 0.0 0.0 0.0 0.0 0.0 0.2343750000000142 0.9218750000000107 1.0 1.0 0.3749999999999858 0.0 
0.0 0.0 0.10937499999999042 0.8968750000000034 1.0 1.0 1.0 0.8468750000000134 0.825000000000017 0.825000000000017 0.825000000000017 0.825000000000017 0.8468750000000168 1.0 1.0 1.0 0.8968749999999861 0.10937499999998686 0.0 0.0 
0.0 0.0 0.0 0.0 0.0 0.2718749999999977 0.7249999999999801 0.965625 1.0 1.0 1.0 1.0 0.9656249999999946 0.7249999999999801 0.2718749999999822 0.0 0.0 0.0 0.0 0.0 
