0.0 0.0 0.0 0.0 0.0 0.0 0.0 0.0 0.0 0.0 0.0 0.0 0.0 0.7250000000000014 1.0 1.0 1.0 1.0 0.5249999999999986 0.0 
0.0 0.0 0.0 0.0 0.0 0.0 0.0 0.0 0.0 0.0 0.0 0.0006250000000000955 0.3906250000000045 1.0 1.0 1.0 1.0 1.0 0.5249999999999986 0.0 
0.0 0.0 0.0 0.0 0.0 0.0 0.0 0.0 0.0 0.0 0.0 0.39062500000000394 1.0 1.0 1.0 1.0 1.0 1.0 0.5249999999999986 0.0 
0.0 0.0 0.0 0.0 0.0 0.0 0.0 0.0 0.0 0.0 0.48937500000000267 1.0 1.0 1.0 1.0 1.0 1.0 1.0 0.5249999999999986 0.0 
0.0 0.0 0.0 0.0 0.0 0.0 0.0 0.0 0.0 0.32500000000000107 1.0 1.0 1.0 0.9456249999999965 0.9306249999999959 1.0 1.0 1.0 0.5249999999999986 0.0 
0.0 0.0 0.0 0.0 0.0 0.0 0.0 0.0 0.0 1.0 1.0 0.989374999999999 0.35937499999999417 0.0 0.0 0.4250000000000007 1.0 1.0 0.5249999999999986 0.0 
0.0 0.0 0.0 0.0 0.0 0.0 0.0 0.48437500000000494 0.9943750000000005 1.0 1.0 0.219374999999994 0.0 0.0 0.0 0.4250000000000007 1.0 1.0 0.5249999999999986 0.0 
0.0 0.0 0.0 0.0 0.0 0.0 0.27500000000000213 1.0 1.0 1.0 0.3249999999999993 0.0 0.0 0.0 0.0 0.4250000000000007 1.0 1.0 0.5249999999999986 0.0 
0.0 0.0 0.0 0.0 0.0 0.0 1.0 1.0 1.0 0.35437499999999367 0.0 0.0 0.0 0.0 0.0 0.4250000000000007 1.0 1.0 0.5249999999999986 0.0 
0.0 0.0 0.0 0.0 0.0 0.9250000000000007 1.0 1.0 0.1956249999999891 0.0 0.0 0.0 0.0 0.0 0.0 0.4250000000000007 1.0 1.0 0.5249999999999986 0.0 
0.0 0.0 0.0 0.039375000000002804 0.6493750000000057 1.0 1.0 0.3749999999999982 0.0 0.0 0.0 0.0 0.0 0.0 0.0 0.4250000000000007 1.0 1.0 0.5249999999999986 0.0 
0.0 0.0 0.0 0.6318750000000106 1.0 1.0 0.7249999999999979 0.0 0.0 0.0 0.0 0.0 0.0 0.0 0.0 0.4250000000000007 1.0 1.0 0.5249999999999986 0.0 
0.0 0.0 0.7656250000000101 1.0 1.0 1.0 0.0 0.0 0.0 0.0 0.0 0.0 0.0 0.0 0.0 0.4250000000000007 1.0 1.0 0.5249999999999986 0.0 
0.0 0.5250000000000008 1.0 1.0 0.8706249999999929 0.058124999999998546 0.0 0.0 0.0 0.0 0.0 0.0 0.0 0.0 0.0 0.4250000000000007 1.0 1.0 0.5249999999999986 0.0 
0.6493750000000144 1.0 1.0 1.0 0.7556250000000093 0.04312500000000087 0.0 0.0 0.0 0.0 0.0 0.0 0.0 0.0 0.04312500000000291 0.7556250000000101 1.0 1.0 0.7981250000000075 0.10062500000000135 
1.0 1.0 1.0 1.0 1.0 1.0 0.9250000000000114 0.9250000000000114 0.9250000000000114 0.9250000000000114 0.9250000000000114 0.9250000000000114 0.9250000000000114 0.9250000000000114 0.9306250000000107 1.0 1.0 1.0 1.0 0.9381250000000092 
1.0 1.0 1.0 1.0 1.0 1.0 1.0 1.0 1.0 1.0 1.0 1.0 1.0 1.0 1.0 1.0 1.0 1.0 1.0 1.0 
0.0 0.0 0.0 0.0 0.0 0.0 0.0 0.0 0.0 0.0 0.0 0.0 0.0 0.0 0.028125 0.6406249999999922 1.0 1.0 0.7031249999999923 0.06562499999999645 
0.0 0.0 0.0 0.0 0.0 0.0 0.0 0.0 0.0 0.0 0.0 0.0 0.0 0.0 0.0 0.4250000000000007 1.0 1.0 0.5249999999999986 0.0 
0.0 0.0 0.0 0.0 0.0 0.0 0.0 0.0 0.0 0.0 0.0 0.0 0.0 0.0 0.0 0.4250000000000007 1.0 1.0 0.5249999999999986 0.0 
