0.0 0.0 0.0 0.0 0.0 0.1237499999999962 0.44999999999999574 0.6562499999999934 1.0 1.0 1.0 1.0 1.0 1.0 1.0 0.5737500000000043 0.44999999999999574 0.056250000000005865 0.0 0.0 
0.0 0.0 0.0 0.06124999999999801 0.49624999999999386 1.0 1.0 1.0 1.0 0.8337500000000051 0.6500000000000039 0.6500000000000039 0.6500000000000039 0.8862499999999972 1.0 1.0 1.0 1.0 0.3987500000000075 0.008750000000005621 
0.0 0.018749999999999167 0.34374999999999456 1.0 1.0 1.0 0.9187500000000026 0.46875000000000755 0.0 0.0 0.0 0.0 0.0 0.0 0.543749999999993 0.9437499999999973 1.0 1.0 1.0 0.2687500000000088 
0.0 0.07499999999999774 1.0 1.0 0.9662500000000014 0.6162500000000073 0.0 0.0 0.0 0.0 0.0 0.0 0.0 0.0 0.0 0.0 0.8249999999999851 1.0 1.0 1.0 
0.02499999999999858 1.0 1.0 1.0 0.7750000000000048 0.0 0.0 0.0 0.0 0.0 0.0 0.0 0.0 0.0 0.0 0.0 0.7837499999999882 0.9500000000000028 0.9500000000000028 0.9500000000000028 
0.02499999999999858 1.0 1.0 1.0 0.7750000000000048 0.0 0.0 0.0 0.0 0.0 0.0 0.0 0.0 0.0 0.0 0.0 0.0 0.0 0.0 0.0 
0.02499999999999858 1.0 1.0 1.0 0.7750000000000048 0.0 0.0 0.0 0.0 0.0 0.0 0.0 0.0 0.0 0.0 0.0 0.0 0.0 0.0 0.0 
0.02499999999999858 1.0 1.0 1.0 0.7750000000000048 0.0 0.0 0.0 0.0 0.0 0.0 0.0 0.0 0.0 0.0 0.0 0.0 0.0 0.0 0.0 
0.02499999999999858 1.0 1.0 1.0 0.7750000000000048 0.0 0.0 0.0 0.2762499999999941 0.6499999999999986 0.6499999999999986 0.6499999999999986 0.6499999999999986 0.6499999999999986 0.17875000000000793 0.0 0.0 0.0 0.0 0.0 
0.5612499999999966 1.0 1.0 1.0 0.8987500000000015 0.5499999999999972 0.6962499999999954 1.0 1.0 1.0 1.0 1.0 1.0 1.0 1.0 1.0 0.6287500000000044 0.06875000000000746 0.0 0.0 
1.0 1.0 1.0 1.0 1.0 1.0 0.8537500000000029 0.5500000000000007 0.5500000000000007 0.28875000000000545 0.0 0.31624999999999415 0.5500000000000007 0.8537499999999949 1.0 1.0 1.0 1.0 0.07500000000001705 0.0 
1.0 1.0 1.0 1.0 0.9212500000000013 0.4712500000000028 0.0 0.0 0.0 0.0 0.0 0.0 0.0 0.0 0.4712499999999907 0.9212499999999948 1.0 1.0 1.0 0.025000000000016342 
1.0 1.0 1.0 0.9562500000000009 0.5812500000000036 0.0 0.0 0.0 0.0 0.0 0.0 0.0 0.0 0.0 0.0 0.7749999999999861 1.0 1.0 1.0 0.025000000000016342 
1.0 1.0 1.0 0.8250000000000037 0.0 0.0 0.0 0.0 0.0 0.0 0.0 0.0 0.0 0.0 0.0 0.7749999999999861 1.0 1.0 1.0 0.025000000000016342 
1.0 1.0 1.0 0.8250000000000037 0.0 0.0 0.0 0.0 0.0 0.0 0.0 0.0 0.0 0.0 0.0 0.7749999999999861 1.0 1.0 1.0 0.025000000000016342 
1.0 1.0 1.0 0.8250000000000037 0.0 0.0 0.0 0.0 0.0 0.0 0.0 0.0 0.0 0.0 0.0 0.7749999999999861 1.0 1.0 1.0 0.025000000000016342 
1.0 1.0 1.0 0.8250000000000037 0.0 0.0 0.0 0.0 0.0 0.0 0.0 0.0 0.0 0.0 0.6162499999999902 0.9662499999999983 1.0 1.0 0.21375000000001318 0.003750000000002416 
0.26874999999999893 1.0 1.0 1.0 0.9437500000000012 0.5437500000000044 0.0 0.0 0.0 0.0 0.0 0.0 0.0 0.5062499999999912 0.9312499999999968 1.0 1.0 0.34375000000001066 0.018750000000004263 0.0 
0.008749999999999538 0.3987499999999998 1.0 1.0 1.0 1.0 1.0 0.8687500000000019 0.6499999999999986 0.6499999999999986 0.6499999999999986 0.8512499999999954 1.0 1.0 1.0 0.49625000000001007 0.061250000000005474 0.0 0.0 0.0 
0.0 0.0 0.0 0.07874999999999757 0.5737499999999941 1.0 1.0 1.0 1.0 1.0 1.0 1.0 0.6562500000000032 0.44999999999999574 0.12375000000000458 0.0 0.0 0.0 0.0 0.0 
