0.0 0.0 0.0 0.0 0.0 0.0 0.15437500000000476 0.4750000000000014 0.6981250000000068 1.0 1.0 1.0 1.0 0.645624999999995 0.4750000000000014 0.4750000000000014 0.08312499999999384 0.0 0.0 0.0 
0.0 0.0 0.0 0.07437500000000352 0.5543750000000058 1.0 1.0 1.0 1.0 1.0 1.0 1.0 1.0 1.0 1.0 1.0 1.0 0.49687499999999285 0.03187499999999374 0.0 
0.0 0.028125000000002714 0.4531250000000055 1.0 1.0 1.0 0.8781249999999963 0.39062499999999334 0.0 0.0 0.0 0.0 0.0 0.4218750000000065 0.6249999999999991 0.9156250000000046 1.0 1.0 0.4218749999999915 0.00937499999999416 
0.008125000000002163 0.37562500000000576 1.0 1.0 0.926874999999997 0.489374999999993 0.0 0.0 0.0 0.0 0.0 0.0 0.0 0.0 0.0 0.0 0.8250000000000135 1.0 1.0 1.0 
0.025000000000006573 1.0 1.0 1.0 0.7749999999999915 0.0 0.0 0.0 0.0 0.0 0.0 0.0 0.0 0.0 0.0 0.0 0.8250000000000135 1.0 1.0 1.0 
0.24437500000000476 1.0 1.0 0.8249999999999922 0.0 0.0 0.0 0.0 0.0 0.0 0.0 0.0 0.0 0.0 0.0 0.0 0.8250000000000135 1.0 1.0 1.0 
1.0 1.0 1.0 0.8249999999999922 0.0 0.0 0.0 0.0 0.0 0.0 0.0 0.0 0.0 0.0 0.0 0.0 0.8250000000000135 1.0 1.0 1.0 
1.0 1.0 1.0 0.8249999999999922 0.0 0.0 0.0 0.0 0.0 0.0 0.0 0.0 0.0 0.0 0.0 0.0968750000000016 0.8468750000000118 1.0 1.0 1.0 
0.025000000000006573 1.0 1.0 1.0 0.791874999999992 0.05437499999999879 0.0 0.0 0.0 0.0 0.0 0.0 0.0 0.0 0.05437500000000039 0.7918750000000117 1.0 1.0 1.0 1.0 
0.0 0.07500000000000706 1.0 1.0 1.0 1.0 0.6831249999999907 0.02499999999999858 0.014374999999998899 0.0 0.013124999999999575 0.02499999999999858 0.02499999999999858 0.6831250000000106 1.0 1.0 1.0 1.0 1.0 0.024999999999984368 
0.0 0.0018750000000003365 0.14687500000000922 1.0 1.0 1.0 1.0 1.0 0.9893749999999988 0.9749999999999979 0.9881249999999993 1.0 1.0 1.0 1.0 1.0 1.0 1.0 1.0 0.024999999999984368 
0.0 0.0 0.0 0.0 0.016875000000001278 0.07500000000000284 0.07500000000000284 0.4218750000000108 0.6068749999999907 0.07500000000000284 0.07500000000000284 0.07500000000000284 0.028125000000000268 0.0 0.0 0.05812500000000316 0.838125000000013 1.0 1.0 0.024999999999984368 
0.0 0.0 0.0 0.0 0.0 0.0 0.0 0.0 0.0 0.0 0.0 0.0 0.0 0.0 0.0 0.6781250000000112 0.9781250000000017 1.0 1.0 0.024999999999984368 
0.0 0.0 0.0 0.0 0.0 0.0 0.0 0.0 0.0 0.0 0.0 0.0 0.0 0.0 0.0 0.7750000000000128 1.0 1.0 1.0 0.024999999999984368 
0.0 0.0 0.0 0.0 0.0 0.0 0.0 0.0 0.0 0.0 0.0 0.0 0.0 0.0 0.0 0.7750000000000128 1.0 1.0 1.0 0.024999999999984368 
1.0 1.0 1.0 0.8249999999999922 0.0 0.0 0.0 0.0 0.0 0.0 0.0 0.0 0.0 0.0 0.0 0.7750000000000128 1.0 1.0 1.0 0.024999999999984368 
1.0 1.0 1.0 0.8249999999999922 0.0 0.0 0.0 0.0 0.0 0.0 0.0 0.0 0.0 0.0 0.4893750000000061 0.9268750000000034 1.0 1.0 0.07499999999998508 0.0 
0.3906250000000041 1.0 1.0 1.0 0.7749999999999915 0.0 0.0 0.0 0.0 0.0 0.0 0.0 0.39062500000000666 0.625 0.8968750000000045 1.0 1.0 0.4531249999999911 0.028124999999994404 0.0 
0.0106250000000029 0.468125000000008 1.0 1.0 1.0 1.0 0.8618749999999948 0.5749999999999957 0.5749999999999957 0.5749999999999957 0.7981250000000034 1.0 1.0 1.0 1.0 0.554374999999996 0.07437499999999501 0.0 0.0 0.0 
0.0 0.0 0.059375000000003765 0.4750000000000014 0.5931250000000056 1.0 1.0 1.0 1.0 1.0 1.0 1.0 0.6718749999999953 0.4750000000000014 0.13062499999999466 0.0 0.0 0.0 0.0 0.0 
