0.011875000000003157 0.4750000000000014 0.4750000000000014 0.4750000000000014 0.4750000000000014 0.4750000000000014 0.4750000000000014 0.4750000000000014 0.4750000000000014 0.4750000000000014 0.4750000000000014 0.7768750000000078 1.0 1.0 0.6193749999999947 0.4750000000000014 0.4750000000000014 0.059374999999993426 0.0 0.0 
0.025000000000006573 1.0 1.0 1.0 1.0 1.0 1.0 1.0 1.0 1.0 1.0 1.0 1.0 1.0 1.0 1.0 1.0 1.0 0.46812499999999246 0.010624999999993385 
1.0 1.0 1.0 1.0 0.9156249999999966 0.45312499999999356 0.0 0.0 0.0 0.0 0.0 0.0 0.0 0.0 0.4531250000000069 0.6249999999999991 0.9343750000000048 1.0 1.0 1.0 
1.0 1.0 1.0 0.8249999999999922 0.0 0.0 0.0 0.0 0.0 0.0 0.0 0.0 0.0 0.0 0.0 0.0 0.8250000000000135 1.0 1.0 1.0 
1.0 1.0 1.0 0.8249999999999922 0.0 0.0 0.0 0.0 0.0 0.0 0.0 0.0 0.0 0.0 0.0 0.0 0.8250000000000135 1.0 1.0 1.0 
1.0 1.0 1.0 0.8249999999999922 0.0 0.0 0.0 0.0 0.0 0.0 0.0 0.0 0.0 0.0 0.0 0.0 0.8250000000000135 1.0 1.0 1.0 
1.0 1.0 1.0 0.8249999999999922 0.0 0.0 0.0 0.0 0.0 0.0 0.0 0.0 0.0 0.0 0.0 0.0 0.8250000000000135 1.0 1.0 1.0 
1.0 1.0 1.0 0.8249999999999922 0.0 0.0 0.0 0.0 0.0 0.0 0.0 0.0 0.0 0.0 0.0 0.0 0.8250000000000135 1.0 1.0 1.0 
1.0 1.0 1.0 0.8249999999999922 0.0 0.0 0.0 0.0 0.0 0.0 0.0 0.0 0.0 0.0 0.0 0.0 0.8250000000000135 1.0 1.0 1.0 
1.0 1.0 1.0 0.8249999999999922 0.0 0.0 0.0 0.0 0.0 0.0 0.0 0.0 0.0 0.0 0.0 0.0 0.8250000000000135 1.0 1.0 1.0 
1.0 1.0 1.0 0.8249999999999922 0.0 0.0 0.0 0.0 0.0 0.0 0.0 0.0 0.0 0.0 0.0 0.0 0.8250000000000135 1.0 1.0 1.0 
1.0 1.0 1.0 0.8249999999999922 0.0 0.0 0.0 0.0 0.0 0.0 0.0 0.0 0.0 0.0 0.0 0.0 0.8250000000000135 1.0 1.0 1.0 
1.0 1.0 1.0 0.8249999999999922 0.0 0.0 0.0 0.0 0.0 0.0 0.0 0.0 0.0 0.0 0.0 0.0 0.8250000000000135 1.0 1.0 1.0 
1.0 1.0 1.0 0.8249999999999922 0.0 0.0 0.0 0.0 0.0 0.0 0.0 0.0 0.0 0.0 0.0 0.0 0.8250000000000135 1.0 1.0 1.0 
1.0 1.0 1.0 0.8249999999999922 0.0 0.0 0.0 0.0 0.0 0.0 0.0 0.0 0.0 0.0 0.0 0.0 0.8250000000000135 1.0 1.0 1.0 
1.0 1.0 1.0 0.8249999999999922 0.0 0.0 0.0 0.0 0.0 0.0 0.0 0.0 0.0 0.0 0.0 0.0 0.8250000000000135 1.0 1.0 1.0 
1.0 1.0 1.0 0.8249999999999922 0.0 0.0 0.0 0.0 0.0 0.0 0.0 0.0 0.0 0.0 0.0 0.0 0.8250000000000135 1.0 1.0 0.3418749999999922 
1.0 1.0 1.0 0.8249999999999922 0.0 0.0 0.0 0.0 0.0 0.0 0.0 0.0 0.0 0.0 0.45312500000000755 0.9156250000000048 1.0 1.0 1.0 0.024999999999984368 
1.0 1.0 1.0 1.0 0.9043749999999955 0.5749999999999957 0.5749999999999957 0.5749999999999957 0.5749999999999957 0.5749999999999957 0.5749999999999957 0.819375000000004 1.0 1.0 1.0 1.0 1.0 0.49687499999999557 0.03187499999999398 0.0 
1.0 1.0 1.0 1.0 1.0 1.0 1.0 1.0 1.0 1.0 1.0 1.0 1.0 0.645624999999995 0.4750000000000014 0.4750000000000014 0.08312499999999384 0.0 0.0 0.0 
