0.0 0.0 0.0 0.0 0.06500000000000034 0.20000000000000284 0.20000000000000284 0.20000000000000284 0.7799999999999984 1.0 1.0 0.7800000000000034 0.20000000000000284 0.20000000000000284 0.20000000000000284 0.06500000000000149 0.0 0.0 0.0 0.0 
0.0 0.0 0.0 0.2849999999999995 0.7300000000000006 1.0 1.0 1.0 1.0 1.0 1.0 1.0 1.0 1.0 1.0 0.730000000000003 0.28500000000000325 0.0 0.0 0.0 
0.0 2.0650148258027834e-15 0.6249999999999981 1.0 1.0 1.0 1.0 1.0 0.9999999999999981 0.9999999999999973 0.9999999999999973 0.9999999999999981 1.0 1.0 1.0 1.0 1.0 0.6250000000000046 2.0650148258028016e-15 0.0 
0.0 0.7749999999999971 1.0 1.0 1.0 1.0 0.9900000000000012 0.6499999999999992 0.16500000000000123 0.0 0.0 0.16499999999999748 0.6499999999999967 0.9899999999999984 1.0 1.0 1.0 1.0 0.7750000000000039 0.0 
0.74 0.955 1.0 1.0 1.0 0.8600000000000019 0.1949999999999982 0.025000000000000223 0.0 0.0 0.0 0.0 0.024999999999998978 0.1949999999999968 0.8599999999999975 1.0 1.0 1.0 0.7750000000000039 0.0 
0.7399999999999951 0.7999999999999972 0.7999999999999972 0.7999999999999972 0.7999999999999972 0.6599999999999999 0.0 0.0 0.0 0.0 0.0 0.0 0.0 0.0 0.8249999999999975 1.0 1.0 1.0 1.0 0.9250000000000043 
0.0 0.0 0.0 0.0 0.0 0.0 0.0 0.0 0.0 0.0 0.0 0.0 0.07499999999999804 0.5849999999999991 0.9299999999999993 1.0 1.0 1.0 0.865000000000002 0.3700000000000004 
0.0 0.0 0.0 0.0 0.0 0.0 0.0 0.0 0.0 0.0 0.0 4.884981308350632e-16 1.7763568394002505e-15 1.7763568394002505e-15 0.8249999999999978 1.0 1.0 1.0 0.7750000000000039 0.0 
0.0 0.0 0.0 0.0 0.0 0.0 0.009999999999998774 0.3500000000000008 0.40000000000000213 0.40000000000000213 0.40000000000000213 0.5649999999999996 1.0 1.0 1.0 1.0 1.0 0.8500000000000006 0.4650000000000007 0.0 
0.0 0.0 0.0 0.0 0.0 0.0 0.024999999999996803 0.8749999999999973 1.0 1.0 1.0 1.0 1.0 1.0 1.0 1.0 0.5800000000000012 0.12499999999999915 0.0 0.0 
0.0 0.0 0.0 0.0 0.0 0.0 0.01999999999999737 0.6999999999999954 0.7999999999999972 0.9149999999999981 1.0 1.0 1.0 1.0 1.0 1.0 0.5800000000000041 0.20000000000000284 0.155000000000003 0.0 
0.0 0.0 0.0 0.0 0.0 0.0 0.0 0.0 0.0 0.22999999999999785 0.3999999999999986 0.3999999999999986 0.47499999999999665 0.9849999999999977 1.0 1.0 1.0 1.0 0.7750000000000039 0.0 
0.0 0.0 0.0 0.0 0.0 0.0 0.0 0.0 0.0 0.0 0.0 0.0 0.0 0.0 0.0 0.6749999999999972 1.0 1.0 1.0 0.9250000000000043 
0.0 0.0 0.0 0.0 0.0 0.0 0.0 0.0 0.0 0.0 0.0 0.0 0.0 0.0 0.0 0.6749999999999972 1.0 1.0 1.0 0.9250000000000043 
0.7399999999999984 0.8000000000000007 0.8000000000000007 0.8000000000000007 0.5400000000000028 0.0 0.0 0.0 0.0 0.0 0.0 0.0 0.0 0.0 0.0 0.6749999999999972 1.0 1.0 1.0 0.9250000000000043 
0.9249999999999972 1.0 1.0 1.0 0.7400000000000033 0.16500000000000292 0.0 0.0 0.0 0.0 0.0 0.0 0.0 0.0 0.16500000000000184 0.7399999999999987 1.0 1.0 1.0 0.9250000000000043 
0.9249999999999972 1.0 1.0 1.0 1.0 0.8250000000000028 0.0 0.0 0.0 0.0 0.0 0.0 0.0 0.0 0.8249999999999975 1.0 1.0 1.0 1.0 0.9250000000000043 
0.0 0.7749999999999971 1.0 1.0 1.0 1.0 1.0 1.0 0.275000000000003 0.0 0.0 0.2749999999999968 1.0 1.0 1.0 1.0 1.0 1.0 0.7750000000000039 0.0 
0.0 0.0 0.37499999999999695 0.7899999999999977 1.0 1.0 1.0 1.0 1.0 1.0 1.0 1.0 1.0 1.0 1.0 1.0 0.7900000000000001 0.3750000000000008 0.0 0.0 
0.0 0.0 0.0 0.09499999999999906 0.1999999999999993 0.33999999999999714 1.0 1.0 1.0 1.0 1.0 1.0 1.0 1.0 0.3400000000000014 0.1999999999999993 0.0950000000000003 0.0 0.0 0.0 
