0.29749999999999166 1.0 1.0 1.0 0.9775000000000005 0.127500000000007 0.0 0.0 0.0 0.0 0.0 0.0 0.0 0.0 0.0 0.0 0.8499999999999943 0.8499999999999943 0.8499999999999943 0.8499999999999943 
0.34999999999999254 1.0 1.0 1.0 1.0 0.15000000000000924 0.0 0.0 0.0 0.0 0.0 0.0 0.0 0.0 0.0 0.8499999999999872 1.0 1.0 1.0 1.0 
0.34999999999999254 1.0 1.0 1.0 1.0 0.15000000000000924 0.0 0.0 0.0 0.0 0.0 0.0 0.0 0.0 0.0 0.8499999999999872 1.0 1.0 1.0 1.0 
0.34999999999999254 1.0 1.0 1.0 1.0 0.15000000000000924 0.0 0.0 0.0 0.0 0.0 0.0 0.0 0.0 0.0 0.8499999999999872 1.0 1.0 1.0 1.0 
0.34999999999999254 1.0 1.0 1.0 1.0 0.15000000000000924 0.0 0.0 0.0 0.0 0.0 0.0 0.0 0.0 0.0 0.8499999999999872 1.0 1.0 1.0 1.0 
0.34999999999999254 1.0 1.0 1.0 1.0 0.15000000000000924 0.0 0.0 0.0 0.0 0.0 0.0 0.0 0.0 0.0 0.8499999999999872 1.0 1.0 1.0 1.0 
0.34999999999999254 1.0 1.0 1.0 1.0 0.15000000000000924 0.0 0.0 0.0 0.0 0.0 0.0 0.0 0.0 0.0 0.8499999999999872 1.0 1.0 1.0 1.0 
0.34999999999999254 1.0 1.0 1.0 1.0 0.7875000000000023 0.33750000000000613 0.0 0.0 0.0 0.0 0.0 0.0 0.0 0.1124999999999936 0.9624999999999968 1.0 1.0 1.0 1.0 
0.34999999999999254 1.0 1.0 1.0 1.0 1.0 1.0 1.0 1.0 1.0 1.0 1.0 1.0 1.0 1.0 1.0 1.0 1.0 1.0 1.0 
0.34999999999999254 1.0 1.0 1.0 1.0 1.0 1.0 1.0 1.0 1.0 1.0 1.0 1.0 1.0 1.0 1.0 1.0 1.0 1.0 1.0 
1.0 1.0 1.0 1.0 1.0 1.0 1.0 1.0 1.0 1.0 1.0 1.0 1.0 1.0 1.0 1.0 1.0 1.0 1.0 1.0 
1.0 1.0 1.0 1.0 1.0 0.15000000000000924 0.0 0.0 0.0 0.0 0.0 0.0 0.0 0.0 0.14999999999999147 1.0 1.0 1.0 1.0 1.0 
1.0 1.0 1.0 1.0 0.8500000000000085 0.0 0.0 0.0 0.0 0.0 0.0 0.0 0.0 0.0 0.0 0.8499999999999872 1.0 1.0 1.0 1.0 
1.0 1.0 1.0 1.0 0.8500000000000085 0.0 0.0 0.0 0.0 0.0 0.0 0.0 0.0 0.0 0.14999999999999147 1.0 1.0 1.0 1.0 1.0 
1.0 1.0 1.0 1.0 0.8500000000000085 0.0 0.0 0.0 0.0 0.0 0.0 0.0 0.0 0.0 0.0 0.8499999999999872 1.0 1.0 1.0 1.0 
1.0 1.0 1.0 1.0 0.8500000000000085 0.0 0.0 0.0 0.0 0.0 0.0 0.0 0.0 0.0 0.14999999999999147 1.0 1.0 1.0 1.0 0.3500000000000085 
1.0 1.0 1.0 1.0 0.8500000000000085 0.0 0.0 0.0 0.0 0.0 0.0 0.0 0.0 0.0 0.14999999999999147 1.0 1.0 1.0 1.0 0.3500000000000085 
1.0 1.0 1.0 1.0 0.8500000000000085 0.0 0.0 0.0 0.0 0.0 0.0 0.0 0.0 0.0 0.14999999999999147 1.0 1.0 1.0 1.0 0.3500000000000085 
1.0 1.0 1.0 1.0 0.8500000000000085 0.0 0.0 0.0 0.0 0.0 0.0 0.0 0.0 0.0 0.14999999999999147 1.0 1.0 1.0 1.0 0.3500000000000085 
0.8499999999999872 1.0 1.0 0.8499999999999872 0.0 0.0 0.0 0.0 0.0 0.0 0.0 0.0 0.0 0.0 0.0 0.7224999999999783 1.0 1.0 1.0 0.29750000000000276 
