0.0 0.0 0.0 0.0 0.0 0.0 0.0 0.0 0.6750000000000007 1.0 1.0 1.0 1.0 1.0 0.02499999999999858 0.0 0.0 0.0 0.0 0.0 
0.0 0.0 0.0 0.0 0.0 0.0 0.0 0.5406250000000088 1.0 1.0 1.0 1.0 1.0 0.30187499999999634 0.0 0.0 0.0 0.0 0.0 0.0 
0.0 0.0 0.0 0.0 0.0 0.0031250000000004664 0.6281250000000044 1.0 1.0 1.0 1.0 1.0 0.125 0.0 0.0 0.0 0.0 0.0 0.0 0.0 
0.0 0.0 0.0 0.0 0.0 0.7806250000000078 1.0 1.0 1.0 1.0 1.0 0.6749999999999972 0.0 0.0 0.0 0.0 0.0 0.0 0.0 0.0 
0.0 0.0 0.0 0.0 0.4750000000000023 1.0 1.0 1.0 1.0 1.0 0.22499999999999964 0.0 0.0 0.0 0.0 0.0 0.0 0.0 0.0 0.0 
0.0 0.0 0.0 0.06937500000000446 1.0 1.0 1.0 1.0 1.0 0.7168749999999967 0.0 0.0 0.0 0.0 0.0 0.0 0.0 0.0 0.0 0.0 
0.0 0.0 0.0 0.9250000000000025 1.0 1.0 1.0 1.0 1.0 0.0 0.0 0.0 0.0 0.0 0.0 0.0 0.0 0.0 0.0 0.0 
0.0 0.0 0.6093750000000042 1.0 1.0 1.0 1.0 1.0 1.0 1.0 1.0 1.0 1.0 1.0 1.0 0.6718750000000028 0.3468750000000049 0.0 0.0 0.0 
0.0 0.020625000000001847 1.0 1.0 1.0 1.0 1.0 1.0 1.0 1.0 1.0 1.0 1.0 1.0 1.0 1.0 1.0 1.0 0.02062500000000183 0.0 
0.0 0.8250000000000035 1.0 1.0 1.0 1.0 1.0 1.0 1.0 1.0 1.0 1.0 1.0 1.0 1.0 1.0 1.0 1.0 0.9431250000000011 0.18562500000000404 
0.2750000000000039 1.0 1.0 1.0 1.0 0.9749999999999979 0.0 0.0 0.0 0.0 0.0 0.0 0.0 0.0 0.9750000000000014 1.0 1.0 1.0 1.0 0.5106250000000033 
0.2750000000000039 1.0 1.0 1.0 1.0 0.9749999999999979 0.0 0.0 0.0 0.0 0.0 0.0 0.0 0.0 0.0 1.0 1.0 1.0 1.0 1.0 
1.0 1.0 1.0 1.0 1.0 0.0 0.0 0.0 0.0 0.0 0.0 0.0 0.0 0.0 0.0 1.0 1.0 1.0 1.0 1.0 
1.0 1.0 1.0 1.0 1.0 0.0 0.0 0.0 0.0 0.0 0.0 0.0 0.0 0.0 0.0 1.0 1.0 1.0 1.0 1.0 
1.0 1.0 1.0 1.0 1.0 0.0 0.0 0.0 0.0 0.0 0.0 0.0 0.0 0.0 0.0 1.0 1.0 1.0 1.0 1.0 
0.2750000000000039 1.0 1.0 1.0 1.0 0.989374999999999 0.24437499999999757 0.0 0.0 0.0 0.0 0.0 0.0 0.0 0.9750000000000014 1.0 1.0 1.0 1.0 0.2750000000000057 
0.2131250000000046 0.9606250000000018 1.0 1.0 1.0 1.0 1.0 0.903124999999998 0.22499999999999432 0.17437499999999567 0.0 0.22499999999999432 0.9031249999999993 1.0 1.0 1.0 1.0 1.0 0.8250000000000028 0.0 
0.0 0.1031250000000063 1.0 1.0 1.0 1.0 1.0 1.0 1.0 1.0 1.0 1.0 1.0 1.0 1.0 1.0 1.0 1.0 0.0 0.0 
0.0 0.0 0.17812500000000467 0.960625000000002 1.0 1.0 1.0 1.0 1.0 1.0 1.0 1.0 1.0 1.0 1.0 1.0 0.4393750000000099 0.0 0.0 0.0 
0.0 0.0 0.0 0.0 0.0 0.020625000000002006 0.82500000000001 0.82500000000001 0.9431250000000033 1.0 1.0 0.82500000000001 0.82500000000001 0.47437500000000804 0.0 0.0 0.0 0.0 0.0 0.0 
