0.16625000000000423 0.8762500000000019 1.0 1.0 1.0 1.0 1.0 1.0 1.0 1.0 1.0 1.0 1.0 1.0 1.0 1.0 1.0 0.7937499999999952 0.14875000000000263 0.0 
0.4512499999999968 0.9212500000000001 1.0 1.0 1.0 1.0 1.0 1.0 1.0 1.0 1.0 1.0 1.0 1.0 1.0 1.0 1.0 1.0 0.8499999999999943 0.0 
0.0 0.8500000000000014 1.0 1.0 1.0 1.0 1.0 1.0 1.0 1.0 1.0 1.0 1.0 1.0 1.0 1.0 1.0 0.7812499999999929 0.10624999999999626 0.0 
0.0 0.8500000000000014 1.0 1.0 1.0 0.5499999999999972 0.0 0.0 0.0 0.0 0.0 0.0 0.0 0.0 0.0 0.0 0.0 0.0 0.0 0.0 
0.0 0.8500000000000014 1.0 1.0 1.0 0.5499999999999972 0.0 0.0 0.0 0.0 0.0 0.0 0.0 0.0 0.0 0.0 0.0 0.0 0.0 0.0 
0.0 0.8500000000000014 1.0 1.0 1.0 0.5499999999999972 0.0 0.0 0.0 0.0 0.0 0.0 0.0 0.0 0.0 0.0 0.0 0.0 0.0 0.0 
0.0 0.8500000000000014 1.0 1.0 1.0 0.673749999999999 0.27500000000000213 0.27500000000000213 0.27500000000000213 0.31125000000000513 0.9637500000000034 0.3837499999999982 0.27500000000000213 0.27500000000000213 0.27500000000000213 0.1512499999999994 0.0 0.0 0.0 0.0 
0.0 0.8500000000000014 1.0 1.0 1.0 1.0 1.0 1.0 1.0 1.0 1.0 1.0 1.0 1.0 1.0 0.8312499999999984 0.40624999999999695 0.0 0.0 0.0 
0.0 0.8500000000000014 1.0 1.0 1.0 1.0 1.0 1.0 1.0 1.0 1.0 1.0 1.0 1.0 1.0 1.0 0.9912500000000003 0.7312499999999942 0.0 0.0 
0.0 0.8500000000000014 1.0 1.0 1.0 1.0 0.8862499999999986 0.5062499999999968 0.0 0.0 0.0 0.0 0.0 0.43875000000000314 0.8537500000000015 1.0 1.0 1.0 0.8499999999999943 0.0 
0.0 0.2762499999999999 0.3249999999999993 0.3249999999999993 0.3249999999999993 0.3249999999999993 0.2112499999999985 0.0 0.0 0.0 0.0 0.0 0.0 0.0 0.550000000000006 1.0 1.0 1.0 0.9512499999999983 0.641249999999993 
0.0 0.0 0.0 0.0 0.0 0.0 0.0 0.0 0.0 0.0 0.0 0.0 0.0 0.0 0.550000000000006 1.0 1.0 1.0 1.0 0.9499999999999886 
0.0 0.0 0.0 0.0 0.0 0.0 0.0 0.0 0.0 0.0 0.0 0.0 0.0 0.0 0.550000000000006 1.0 1.0 1.0 1.0 0.9499999999999886 
0.0 0.0 0.0 0.0 0.0 0.0 0.0 0.0 0.0 0.0 0.0 0.0 0.0 0.0 0.550000000000006 1.0 1.0 1.0 1.0 0.9499999999999886 
0.0 0.8500000000000014 1.0 1.0 0.4912499999999973 0.0412499999999994 0.0 0.0 0.0 0.0 0.0 0.0 0.0 0.0 0.550000000000006 1.0 1.0 1.0 1.0 0.9499999999999886 
0.0 0.8500000000000014 1.0 1.0 1.0 0.5499999999999972 0.0 0.0 0.0 0.0 0.0 0.0 0.0 0.0 0.550000000000006 1.0 1.0 1.0 1.0 0.9499999999999886 
0.0 0.8500000000000014 1.0 1.0 1.0 0.8987499999999987 0.5037499999999966 0.0 0.0 0.0 0.0 0.0 0.0 0.5037500000000035 0.8987500000000007 1.0 1.0 1.0 1.0 0.9499999999999886 
0.0 0.0 0.6562500000000016 0.9562500000000003 1.0 1.0 0.6937499999999972 0.125 0.125 0.125 0.125 0.125 0.125 0.693750000000005 1.0 1.0 1.0 0.9687499999999991 0.743749999999995 0.0 
0.0 0.0 0.0 0.6500000000000021 1.0 1.0 1.0 1.0 1.0 1.0 1.0 1.0 1.0 1.0 1.0 1.0 0.8337499999999975 0.3937499999999979 0.0 0.0 
0.0 0.0 0.0 0.11375000000000314 0.17500000000000426 0.5462500000000047 1.0 1.0 1.0 1.0 1.0 1.0 1.0 1.0 1.0 0.6287499999999966 0.11375000000000159 0.0 0.0 0.0 
