0.3000000000000007 1.0 1.0 1.0 1.0 1.0 1.0 1.0 1.0 1.0 1.0 1.0 1.0 1.0 1.0 1.0 1.0 1.0 1.0 0.29999999999999716 
1.0 1.0 1.0 1.0 1.0 1.0 1.0 1.0 1.0 1.0 1.0 1.0 1.0 1.0 1.0 1.0 1.0 1.0 1.0 1.0 
1.0 1.0 1.0 1.0 1.0 1.0 1.0 1.0 1.0 1.0 1.0 1.0 1.0 1.0 1.0 1.0 1.0 1.0 1.0 1.0 
1.0 1.0 1.0 1.0 1.0 0.7674999999999983 0.02249999999999913 0.0 0.0 0.0 0.0 0.0 0.0 1.0 1.0 1.0 1.0 1.0 1.0 0.457499999999995 
0.3000000000000007 1.0 1.0 1.0 1.0 0.6999999999999993 0.0 0.0 0.0 0.0 0.0 0.0 0.21250000000000363 1.0 1.0 1.0 1.0 1.0 1.0 0.29999999999999716 
0.27749999999999925 0.9249999999999954 0.9249999999999954 0.9249999999999954 0.9249999999999954 0.6474999999999961 0.0 0.0 0.0 0.0 0.0 0.0 0.5375000000000056 1.0 1.0 1.0 1.0 1.0 0.8324999999999946 0.0 
0.0 0.0 0.0 0.0 0.0 0.0 0.0 0.0 0.0 0.0 0.0 0.6525000000000061 1.0 1.0 1.0 1.0 1.0 0.637499999999995 0.0 0.0 
0.0 0.0 0.0 0.0 0.0 0.0 0.0 0.0 0.0 0.0 0.3000000000000007 1.0 1.0 1.0 1.0 1.0 1.0 0.0 0.0 0.0 
0.0 0.0 0.0 0.0 0.0 0.0 0.0 0.0 0.0 0.017500000000004005 1.0 1.0 1.0 1.0 1.0 0.9924999999999983 0.09749999999999735 0.0 0.0 0.0 
0.0 0.0 0.0 0.0 0.0 0.0 0.0 0.0 0.06750000000000139 0.9025000000000016 1.0 1.0 1.0 1.0 1.0 0.2274999999999968 0.0 0.0 0.0 0.0 
0.0 0.0 0.0 0.0 0.0 0.0 0.0 0.0 1.0 1.0 1.0 1.0 1.0 1.0 0.29999999999999716 0.0 0.0 0.0 0.0 0.0 
0.0 0.0 0.0 0.0 0.0 0.0 0.0 0.5000000000000018 1.0 1.0 1.0 1.0 1.0 0.02249999999999229 0.0 0.0 0.0 0.0 0.0 0.0 
0.0 0.0 0.0 0.0 0.0 0.0 0.5625000000000078 1.0 1.0 1.0 1.0 1.0 0.49999999999999645 0.0 0.0 0.0 0.0 0.0 0.0 0.0 
0.0 0.0 0.0 0.0 0.0 0.3000000000000007 1.0 1.0 1.0 1.0 1.0 0.09999999999999787 0.0 0.0 0.0 0.0 0.0 0.0 0.0 0.0 
0.0 0.0 0.0 0.0 0.0 1.0 1.0 1.0 1.0 1.0 0.7224999999999959 0.007499999999998703 0.0 0.0 0.0 0.0 0.0 0.0 0.0 0.0 
0.0 0.0 0.0 0.0 0.7000000000000011 1.0 1.0 1.0 1.0 1.0 0.0 0.0 0.0 0.0 0.0 0.0 0.0 0.0 0.0 0.0 
0.0 0.0 0.0 0.0 0.7000000000000011 1.0 1.0 1.0 1.0 1.0 0.0 0.0 0.0 0.0 0.0 0.0 0.0 0.0 0.0 0.0 
0.0 0.0 0.0 0.0 0.7000000000000011 1.0 1.0 1.0 1.0 1.0 0.0 0.0 0.0 0.0 0.0 0.0 0.0 0.0 0.0 0.0 
0.0 0.0 0.0 0.0 0.7000000000000011 1.0 1.0 1.0 1.0 1.0 0.0 0.0 0.0 0.0 0.0 0.0 0.0 0.0 0.0 0.0 
0.0 0.0 0.0 0.0 0.5774999999999929 0.8774999999999922 1.0 1.0 1.0 0.8774999999999918 0.0 0.0 0.0 0.0 0.0 0.0 0.0 0.0 0.0 0.0 
