0.0 0.0 0.0 0.1950000000000018 0.30000000000000426 0.30000000000000426 0.545 1.0 1.0 1.0 1.0 0.4050000000000076 0.30000000000000426 0.10500000000000352 0.0 0.0 0.0 0.0 0.0 0.0 
0.0 0.0 0.6750000000000005 0.9650000000000012 1.0 1.0 1.0 1.0 1.0 1.0 1.0 1.0 1.0 0.9350000000000035 0.4050000000000077 0.0 0.0 0.0 0.0 0.0 
0.0 0.8499999999999972 1.0 1.0 1.0 1.0 0.8250000000000004 0.49999999999999556 0.49999999999999556 0.49999999999999556 0.49999999999999556 0.9249999999999965 1.0 1.0 1.0 0.7750000000000059 0.3250000000000066 0.0 0.0 0.0 
0.9499999999999975 1.0 1.0 1.0 0.9449999999999976 0.4950000000000011 0.0 0.0 0.0 0.0 0.0 0.0 0.0 0.5849999999999906 0.9549999999999971 1.0 1.0 0.7500000000000071 0.0 0.0 
0.9499999999999975 1.0 1.0 1.0 0.45000000000000373 0.0 0.0 0.0 0.0 0.0 0.0 0.0 0.0 0.0 0.5499999999999936 1.0 1.0 0.9250000000000033 0.5950000000000099 0.0 
0.9499999999999975 1.0 1.0 1.0 0.45000000000000373 0.0 0.0 0.0 0.0 0.0 0.0 0.0 0.0 0.0 0.3849999999999932 0.6999999999999957 0.6999999999999957 0.6999999999999957 0.5950000000000023 0.0 
0.9499999999999975 1.0 1.0 1.0 0.45000000000000373 0.0 0.0 0.0 0.0 0.0 0.0 0.0 0.0 0.0 0.0 0.0 0.0 0.0 0.0 0.0 
0.9499999999999975 1.0 1.0 1.0 0.45000000000000373 0.0 0.0 0.0 0.0 0.0 0.0 0.0 0.0 0.0 0.0 0.0 0.0 0.0 0.0 0.0 
0.9499999999999975 1.0 1.0 1.0 0.45000000000000373 0.0 0.0 0.0 0.0 0.0 0.0 0.0 0.0 0.0 0.0 0.0 0.0 0.0 0.0 0.0 
0.28499999999999487 0.8949999999999974 1.0 1.0 0.45000000000000373 0.0 0.0 0.0 0.0 0.034999999999997 0.6650000000000001 0.7000000000000046 0.7000000000000046 0.7000000000000046 0.7000000000000046 0.7000000000000046 0.7000000000000046 0.7000000000000046 0.5950000000000099 0.0 
0.0 0.8499999999999972 1.0 1.0 0.45000000000000373 0.0 0.0 0.0 0.0 0.04999999999999538 0.949999999999994 1.0 1.0 1.0 1.0 1.0 1.0 1.0 0.8500000000000085 0.0 
0.0 0.8499999999999972 1.0 1.0 0.45000000000000373 0.0 0.0 0.0 0.0 0.004999999999999254 0.09499999999999399 0.09999999999999432 0.09999999999999432 0.09999999999999432 0.5949999999999918 1.0 1.0 1.0 0.9850000000000017 0.8550000000000143 
0.0 0.8499999999999972 1.0 1.0 0.45000000000000373 0.0 0.0 0.0 0.0 0.0 0.0 0.0 0.0 0.0 0.0 0.4499999999999922 1.0 1.0 1.0 0.95000000000001 
0.0 0.8499999999999972 1.0 1.0 0.45000000000000373 0.0 0.0 0.0 0.0 0.0 0.0 0.0 0.0 0.0 0.0 0.4499999999999922 1.0 1.0 1.0 0.95000000000001 
0.0 0.8499999999999972 1.0 1.0 0.8350000000000046 0.3850000000000065 0.0 0.0 0.0 0.0 0.0 0.0 0.0 0.0 0.0 0.4499999999999922 1.0 1.0 1.0 0.95000000000001 
0.0 0.8499999999999972 1.0 1.0 1.0 0.5500000000000043 0.0 0.0 0.0 0.0 0.0 0.0 0.0 0.0 0.0 0.4499999999999922 1.0 1.0 1.0 0.95000000000001 
0.0 0.08499999999999489 0.7749999999999958 1.0 1.0 0.5500000000000043 0.0 0.0 0.0 0.0 0.0 0.0 0.0 0.0 0.0 0.4499999999999922 1.0 1.0 1.0 0.95000000000001 
0.0 0.0 0.3749999999999931 0.824999999999996 1.0 1.0 0.8250000000000044 0.37500000000000755 0.0 0.0 0.0 0.0 0.0 0.32500000000000123 0.775 1.0 1.0 1.0 0.8500000000000085 0.0 
0.0 0.0 0.0 0.0 0.4949999999999939 0.9449999999999968 1.0 1.0 1.0 1.0 1.0 1.0 1.0 1.0 1.0 1.0 0.964999999999999 0.6750000000000027 0.0 0.0 
0.0 0.0 0.0 0.0 0.0 0.13499999999999585 0.2999999999999936 0.4749999999999921 1.0 1.0 1.0 1.0 1.0 1.0 0.6150000000000009 0.2999999999999936 0.1949999999999981 0.0 0.0 0.0 
