0.0 0.0 0.0 0.0 0.09750000000000193 0.3000000000000078 0.317500000000006 0.9124999999999998 1.0 1.0 1.0 0.8075000000000031 0.3000000000000078 0.3000000000000078 0.05250000000000158 0.0 0.0 0.0 0.0 0.0 
0.0 0.0 0.5625000000000028 0.9000000000000072 0.9325000000000047 1.0 1.0 1.0 1.0 1.0 1.0 1.0 1.0 1.0 0.9175000000000061 0.2925000000000049 0.0 0.0 0.0 0.0 
0.4625000000000052 0.8875000000000005 1.0 1.0 1.0 0.9124999999999999 0.49999999999999334 0.49999999999999334 0.49999999999999334 0.49999999999999334 0.49999999999999334 0.6374999999999944 1.0 1.0 1.0 1.0 0.7375000000000043 0.31250000000000594 0.0 0.0 
0.924999999999998 1.0 1.0 1.0 0.675000000000002 0.0 0.0 0.0 0.0 0.0 0.0 0.0 0.0 0.0 0.7424999999999945 0.9674999999999978 1.0 1.0 0.7750000000000021 0.0 
0.924999999999998 1.0 1.0 1.0 0.675000000000002 0.0 0.0 0.0 0.0 0.0 0.0 0.0 0.0 0.0 0.0 0.6749999999999972 1.0 1.0 0.7750000000000021 0.0 
0.924999999999998 1.0 1.0 0.5250000000000021 0.0 0.0 0.0 0.0 0.0 0.0 0.0 0.0 0.0 0.0 0.0 0.6749999999999972 1.0 1.0 1.0 0.9250000000000043 
0.924999999999998 1.0 1.0 0.5250000000000021 0.0 0.0 0.0 0.0 0.0 0.0 0.0 0.0 0.0 0.0 0.0 0.6749999999999972 1.0 1.0 1.0 0.9250000000000043 
0.924999999999998 1.0 1.0 1.0 0.675000000000002 0.0 0.0 0.0 0.0 0.0 0.0 0.0 0.0 0.0 0.0 0.6749999999999972 1.0 1.0 1.0 0.9250000000000043 
0.8324999999999952 0.977499999999999 1.0 1.0 0.7075000000000029 0.08250000000000283 0.0 0.0 0.0 0.0 0.0 0.0 0.0 0.0 0.08250000000000257 0.7074999999999985 1.0 1.0 1.0 0.9250000000000043 
0.0 0.7749999999999981 1.0 1.0 1.0 0.9475000000000011 0.6825000000000044 0.0875000000000016 0.0 0.0 0.0 0.0 0.08749999999999787 0.6825000000000013 0.9475000000000002 1.0 1.0 1.0 1.0 0.9250000000000043 
0.0 0.0 0.43749999999999595 0.6999999999999957 0.7974999999999965 1.0 1.0 1.0 1.0 1.0 1.0 1.0 1.0 1.0 1.0 1.0 1.0 1.0 1.0 0.9250000000000043 
0.0 0.0 0.0 0.0 0.032499999999999106 0.09999999999999787 0.12249999999999585 0.8874999999999982 1.0 1.0 1.0 0.7525000000000007 0.09999999999999787 0.09999999999999787 0.09999999999999787 0.09999999999999787 0.5724999999999978 1.0 1.0 0.9250000000000043 
0.0 0.0 0.0 0.0 0.0 0.0 0.0 0.0 0.0 0.0 0.0 0.0 0.0 0.0 0.0 0.0 0.5249999999999986 1.0 1.0 0.9250000000000043 
0.0 0.0 0.0 0.0 0.0 0.0 0.0 0.0 0.0 0.0 0.0 0.0 0.0 0.0 0.0 0.0 0.5249999999999986 1.0 1.0 0.9250000000000043 
0.647499999999998 0.6999999999999993 0.6999999999999993 0.6999999999999993 0.472500000000001 0.0 0.0 0.0 0.0 0.0 0.0 0.0 0.0 0.0 0.0 0.0 0.5249999999999986 1.0 1.0 0.9250000000000043 
0.647499999999998 0.9324999999999992 1.0 1.0 0.675000000000002 0.0 0.0 0.0 0.0 0.0 0.0 0.0 0.0 0.0 0.0 0.0 0.5249999999999986 1.0 1.0 0.9250000000000043 
0.0 0.774999999999998 1.0 1.0 0.9674999999999998 0.7425000000000006 0.0 0.0 0.0 0.0 0.0 0.0 0.0 0.0 0.0 0.0 0.5249999999999986 1.0 1.0 0.9250000000000043 
0.0 0.3875000000000018 0.8125000000000003 1.0 1.0 0.9125000000000003 0.4874999999999977 0.06250000000000044 0.0 0.0 0.0 0.0 0.0 0.0 0.4124999999999967 0.8374999999999975 1.0 1.0 0.8875000000000018 0.4625000000000054 
0.0 0.0 0.0 0.4274999999999991 0.9325000000000012 1.0 1.0 1.0 1.0 1.0 1.0 1.0 1.0 1.0 1.0 1.0 1.0 0.9625000000000011 0.6975000000000036 0.0 
0.0 0.0 0.0 0.0 0.09750000000000077 0.30000000000000426 0.31750000000000256 0.9124999999999993 1.0 1.0 1.0 1.0 1.0 1.0 1.0 1.0 0.6325000000000032 0.18750000000000372 0.0 0.0 
