0.0 0.0 0.0 0.1950000000000018 0.30000000000000426 0.30000000000000426 0.545 1.0 1.0 1.0 1.0 1.0 0.4750000000000069 0.30000000000000426 0.30000000000000426 0.1650000000000047 0.0 0.0 0.0 0.0 
0.0 0.0 0.0 0.6499999999999968 1.0 1.0 1.0 1.0 1.0 1.0 1.0 1.0 1.0 1.0 1.0 0.5500000000000078 0.0 0.0 0.0 0.0 
0.0 0.4250000000000024 0.8749999999999996 1.0 1.0 1.0 0.8250000000000004 0.49999999999999556 0.4249999999999987 0.02499999999999747 0.47499999999999276 0.49999999999999556 0.49999999999999556 0.8249999999999951 1.0 1.0 1.0 0.7500000000000071 0.0 0.0 
0.0 0.8499999999999972 1.0 1.0 0.9449999999999976 0.4950000000000011 0.0 0.0 0.0 0.0 0.0 0.0 0.0 0.0 0.5499999999999936 1.0 1.0 1.0 0.8500000000000085 0.0 
0.6650000000000027 0.9549999999999998 1.0 1.0 0.45000000000000373 0.0 0.0 0.0 0.0 0.0 0.0 0.0 0.0 0.0 0.16499999999999554 0.614999999999992 1.0 1.0 0.8500000000000085 0.0 
0.6649999999999943 0.9549999999999985 1.0 1.0 0.45000000000000373 0.0 0.0 0.0 0.0 0.0 0.0 0.0 0.0 0.0 0.0 0.0 0.24499999999999328 0.6999999999999957 0.5950000000000023 0.0 
0.0 0.8499999999999972 1.0 1.0 0.45000000000000373 0.0 0.0 0.0 0.0 0.0 0.0 0.0 0.0 0.0 0.0 0.0 0.0 0.0 0.0 0.0 
0.0 0.8499999999999972 1.0 1.0 0.45000000000000373 0.0 0.0 0.0 0.0 0.0 0.0 0.0 0.0 0.0 0.0 0.0 0.0 0.0 0.0 0.0 
0.0 0.8499999999999972 1.0 1.0 0.5050000000000061 0.055000000000003164 0.03500000000000135 0.10000000000000497 0.10000000000000497 0.10000000000000497 0.10000000000000497 0.10000000000000497 0.10000000000000497 0.10000000000000497 0.04500000000000288 0.0 0.0 0.0 0.0 0.0 
0.0 0.8499999999999972 1.0 1.0 1.0 0.8650000000000033 0.8050000000000018 1.0 1.0 1.0 1.0 1.0 1.0 1.0 0.8350000000000044 0.385000000000008 0.0 0.0 0.0 0.0 
0.0 0.8499999999999972 1.0 1.0 1.0 1.0 1.0 0.9250000000000003 0.6999999999999957 0.6999999999999957 0.6999999999999957 0.6999999999999957 0.6999999999999957 0.8949999999999965 1.0 1.0 1.0 0.8250000000000061 0.25500000000000617 0.0 
0.0 0.8499999999999972 1.0 1.0 1.0 0.5950000000000013 0.09999999999999432 0.07499999999999618 0.0 0.0 0.0 0.0 0.0 0.06499999999999563 0.5949999999999918 1.0 1.0 1.0 0.8500000000000085 0.0 
0.0 0.8499999999999972 1.0 1.0 1.0 0.5500000000000043 0.0 0.0 0.0 0.0 0.0 0.0 0.0 0.0 0.0 0.4499999999999922 1.0 1.0 1.0 0.95000000000001 
0.0 0.8499999999999972 1.0 1.0 1.0 0.5500000000000043 0.0 0.0 0.0 0.0 0.0 0.0 0.0 0.0 0.0 0.0 0.34999999999999254 1.0 1.0 0.95000000000001 
0.0 0.8499999999999972 1.0 1.0 1.0 0.5500000000000043 0.0 0.0 0.0 0.0 0.0 0.0 0.0 0.0 0.0 0.0 0.34999999999999254 1.0 1.0 0.95000000000001 
0.0 0.8499999999999972 1.0 1.0 1.0 0.5500000000000043 0.0 0.0 0.0 0.0 0.0 0.0 0.0 0.0 0.0 0.0 0.34999999999999254 1.0 1.0 0.95000000000001 
0.0 0.08499999999999489 0.7749999999999958 1.0 1.0 0.5500000000000043 0.0 0.0 0.0 0.0 0.0 0.0 0.0 0.0 0.0 0.40499999999999553 0.9350000000000029 1.0 1.0 0.95000000000001 
0.0 0.0 0.3749999999999931 0.824999999999996 1.0 1.0 0.8250000000000044 0.37500000000000755 0.0 0.0 0.0 0.0 0.0 0.0 0.2750000000000007 0.725 1.0 1.0 0.9250000000000032 0.4749999999999982 
0.0 0.0 0.0 0.0 0.4949999999999939 0.9449999999999968 1.0 1.0 1.0 1.0 1.0 1.0 1.0 1.0 1.0 1.0 0.964999999999999 0.899999999999995 0.7650000000000035 0.0 
0.0 0.0 0.0 0.0 0.0 0.13499999999999585 0.544999999999993 1.0 1.0 1.0 1.0 1.0 1.0 1.0 1.0 0.6850000000000026 0.1949999999999981 0.0 0.0 0.0 
