0.0 0.0 0.0 0.0 0.0 0.13500000000000065 0.545 0.8250000000000042 0.30000000000000426 0.30000000000000426 0.30000000000000426 0.045000000000002344 0.0 0.0 0.0 0.0 0.0 0.0 0.0 0.0 
0.0 0.0 0.0 0.0 0.0 0.44999999999999574 1.0 1.0 1.0 1.0 1.0 0.9150000000000043 0.2250000000000059 0.0 0.0 0.0 0.0 0.0 0.0 0.0 
0.0 0.0 0.0 0.0 0.0 0.44999999999999574 1.0 1.0 1.0 1.0 1.0 1.0 0.25000000000000533 0.0 0.0 0.0 0.0 0.0 0.0 0.0 
0.0 0.0 0.0 0.0 0.0 0.44999999999999574 1.0 1.0 1.0 1.0 1.0 1.0 0.3250000000000085 0.03500000000000242 0.0 0.0 0.0 0.0 0.0 0.0 
0.0 0.0 0.0 0.0 0.0 0.44999999999999574 1.0 1.0 1.0 1.0 1.0 1.0 1.0 0.35000000000000675 0.0 0.0 0.0 0.0 0.0 0.0 
0.0 0.0 0.0 0.0 0.5499999999999963 1.0 1.0 1.0 1.0 1.0 1.0 1.0 1.0 0.35000000000000675 0.0 0.0 0.0 0.0 0.0 0.0 
0.0 0.0 0.0 0.0 0.5499999999999963 1.0 1.0 1.0 1.0 1.0 1.0 1.0 1.0 0.9350000000000044 0.4050000000000083 0.0 0.0 0.0 0.0 0.0 
0.0 0.0 0.0 0.0 0.5499999999999963 1.0 1.0 0.8750000000000009 0.49999999999999467 0.5249999999999926 0.9749999999999968 1.0 1.0 1.0 0.4500000000000064 0.0 0.0 0.0 0.0 0.0 
0.0 0.0 0.0 0.6499999999999968 1.0 1.0 1.0 0.7500000000000044 0.0 0.0 0.0 0.8499999999999943 1.0 1.0 0.5050000000000086 0.05500000000000352 0.0 0.0 0.0 0.0 
0.0 0.0 0.0 0.6499999999999968 1.0 1.0 1.0 0.7500000000000044 0.0 0.0 0.0 0.8499999999999943 1.0 1.0 1.0 0.5500000000000078 0.0 0.0 0.0 0.0 
0.0 0.0 0.0 0.6499999999999968 1.0 1.0 0.8949999999999997 0.5249999999999999 0.0 0.0 0.0 0.5949999999999924 0.9249999999999974 1.0 1.0 0.5500000000000078 0.0 0.0 0.0 0.0 
0.0 0.0 0.6750000000000015 0.9650000000000016 1.0 1.0 0.6500000000000039 0.0 0.0 0.0 0.0 0.0 0.7499999999999947 1.0 1.0 0.9550000000000033 0.5850000000000104 0.0 0.0 0.0 
0.0 0.0 0.7499999999999969 1.0 1.0 1.0 0.6500000000000039 0.0 0.0 0.0 0.0 0.0 0.374999999999992 0.8249999999999942 1.0 1.0 0.6500000000000075 0.0 0.0 0.0 
0.0 0.0 0.7499999999999969 1.0 1.0 0.9549999999999982 0.5850000000000003 0.0 0.0 0.0 0.0 0.0 0.0 0.6499999999999932 1.0 1.0 0.6850000000000085 0.07500000000000444 0.0 0.0 
0.0 0.5950000000000035 0.9250000000000007 1.0 1.0 0.5500000000000043 0.0 0.0 0.0 0.0 0.0 0.0 0.0 0.6499999999999932 1.0 1.0 1.0 0.7500000000000071 0.0 0.0 
0.0 0.8499999999999972 1.0 1.0 1.0 1.0 0.7550000000000042 0.30000000000000426 0.30000000000000426 0.30000000000000426 0.30000000000000426 0.30000000000000426 0.30000000000000426 0.7549999999999968 1.0 1.0 1.0 0.8250000000000061 0.25500000000000617 0.0 
0.0 0.8499999999999972 1.0 1.0 1.0 1.0 1.0 1.0 1.0 1.0 1.0 1.0 1.0 1.0 1.0 1.0 1.0 1.0 0.8500000000000085 0.0 
0.0 0.8499999999999972 1.0 1.0 1.0 0.7749999999999989 0.4999999999999929 0.4999999999999929 0.4999999999999929 0.4999999999999929 0.4999999999999929 0.4999999999999929 0.4999999999999929 0.4999999999999929 0.7749999999999936 1.0 1.0 1.0 0.8500000000000085 0.0 
0.9499999999999975 1.0 1.0 1.0 0.45000000000000373 0.0 0.0 0.0 0.0 0.0 0.0 0.0 0.0 0.0 0.0 0.4499999999999922 1.0 1.0 1.0 0.95000000000001 
0.9499999999999975 1.0 1.0 1.0 0.45000000000000373 0.0 0.0 0.0 0.0 0.0 0.0 0.0 0.0 0.0 0.0 0.4499999999999922 1.0 1.0 1.0 0.95000000000001 
