0.33749999999999825 0.8125000000000013 1.0 1.0 0.9374999999999971 0.43749999999999434 0.1124999999999972 0.0 0.0 0.0 0.0 0.0 0.0 0.0 0.0 0.0 0.0 0.0 0.0 0.0 
0.9000000000000039 1.0 1.0 1.0 1.0 1.0 0.2999999999999954 0.0 0.0 0.0 0.0 0.0 0.0 0.0 0.0 0.0 0.0 0.0 0.0 0.0 
0.9000000000000039 1.0 1.0 1.0 1.0 1.0 0.2999999999999954 0.0 0.0 0.0 0.0 0.0 0.0 0.0 0.0 0.0 0.0 0.0 0.0 0.0 
0.9000000000000039 1.0 1.0 1.0 1.0 1.0 0.2999999999999954 0.0 0.0 0.0 0.0 0.0 0.0 0.0 0.0 0.0 0.0 0.0 0.0 0.0 
0.9000000000000039 1.0 1.0 1.0 1.0 1.0 0.2999999999999954 0.0 0.0 0.0 0.0 0.0 0.0 0.0 0.0 0.0 0.0 0.0 0.0 0.0 
0.9000000000000039 1.0 1.0 1.0 1.0 1.0 0.2999999999999954 0.0 0.0 0.0 0.0 0.0 0.0 0.0 0.0 0.0 0.0 0.0 0.0 0.0 
0.9000000000000039 1.0 1.0 1.0 1.0 1.0 0.2999999999999954 0.0 0.0 0.0 0.0 0.0 0.0 0.0 0.0 0.0 0.0 0.0 0.0 0.0 
0.9000000000000039 1.0 1.0 1.0 1.0 1.0 0.2999999999999954 0.0 0.0 0.0 0.0 0.0 0.0 0.0 0.0 0.0 0.0 0.0 0.0 0.0 
0.9000000000000039 1.0 1.0 1.0 1.0 1.0 0.2999999999999954 0.0 0.0 0.0 0.0 0.0 0.0 0.0 0.0 0.0 0.0 0.0 0.0 0.0 
0.9000000000000039 1.0 1.0 1.0 1.0 1.0 0.2999999999999954 0.0 0.0 0.0 0.0 0.0 0.0 0.0 0.0 0.0 0.0 0.0 0.0 0.0 
0.9000000000000039 1.0 1.0 1.0 1.0 1.0 0.2999999999999954 0.0 0.0 0.0 0.0 0.0 0.0 0.0 0.0 0.0 0.0 0.0 0.0 0.0 
0.9000000000000039 1.0 1.0 1.0 1.0 1.0 0.2999999999999954 0.0 0.0 0.0 0.0 0.0 0.0 0.0 0.0 0.0 0.0 0.0 0.0 0.0 
0.9000000000000039 1.0 1.0 1.0 1.0 1.0 0.2999999999999954 0.0 0.0 0.0 0.0 0.0 0.0 0.0 0.0 0.0 0.0 0.0 0.0 0.0 
0.9000000000000039 1.0 1.0 1.0 1.0 1.0 0.2999999999999954 0.0 0.0 0.0 0.0 0.0 0.0 0.0 0.0 0.0 0.0 0.0 0.0 0.0 
0.9000000000000039 1.0 1.0 1.0 1.0 1.0 0.2999999999999954 0.0 0.0 0.0 0.0 0.0 0.0 0.0 0.0 0.0 0.0 0.0 0.0 0.0 
0.9000000000000039 1.0 1.0 1.0 1.0 1.0 0.2999999999999954 0.0 0.0 0.0 0.0 0.0 0.0 0.0 0.0 0.0 0.0 0.0 0.0 0.0 
0.5625000000000057 0.8875000000000026 1.0 1.0 1.0 1.0 0.2999999999999954 0.0 0.0 0.0 0.0 0.0 0.0 0.0 0.0 0.0 0.0 0.0 0.0 0.0 
0.9000000000000039 1.0 1.0 1.0 1.0 1.0 1.0 0.5624999999999943 0.12499999999999645 0.12499999999999645 0.12499999999999645 0.12499999999999645 0.12499999999999645 0.12499999999999645 0.12499999999999645 0.12499999999999645 0.12499999999999645 0.12499999999999645 0.12499999999999645 0.11249999999999619 
0.11250000000000368 0.7375000000000045 1.0 1.0 1.0 1.0 1.0 1.0 1.0 1.0 1.0 1.0 1.0 1.0 1.0 1.0 1.0 1.0 1.0 0.899999999999995 
0.9000000000000039 1.0 1.0 1.0 1.0 1.0 1.0 1.0 1.0 1.0 1.0 1.0 1.0 1.0 1.0 1.0 1.0 1.0 0.8124999999999973 0.33749999999999813 
