0.3656250000000023 0.9531249999999987 1.0 0.48437500000000394 0.08437500000000117 0.0 0.0 0.0 0.0 0.0 0.0 0.0 0.0 0.12187500000000222 0.5468750000000061 1.0 1.0 1.0 0.9249999999999936 0.0 
0.974999999999997 1.0 1.0 1.0 0.22500000000000098 0.0 0.0 0.0 0.0 0.0 0.0 0.053125000000002046 0.45312500000000533 1.0 1.0 1.0 1.0 0.8749999999999929 0.0 0.0 
0.974999999999997 1.0 1.0 1.0 0.22500000000000098 0.0 0.0 0.0 0.0 0.0 0.0 0.42500000000000426 1.0 1.0 1.0 1.0 0.8468749999999957 0.10937499999999639 0.0 0.0 
0.974999999999997 1.0 1.0 1.0 0.22500000000000098 0.0 0.0 0.0 0.0 0.3281250000000027 0.8031250000000019 1.0 1.0 1.0 0.8281249999999958 0.2906249999999961 0.0 0.0 0.0 0.0 
0.974999999999997 1.0 1.0 1.0 0.22500000000000098 0.0 0.0 0.0 0.21562500000000193 0.7031250000000027 1.0 1.0 1.0 0.878124999999998 0.4531249999999945 0.0 0.0 0.0 0.0 0.0 
0.974999999999997 1.0 1.0 1.0 0.22500000000000098 0.0 0.0 0.6250000000000009 1.0 1.0 1.0 1.0 0.6249999999999964 0.0 0.0 0.0 0.0 0.0 0.0 0.0 
0.974999999999997 1.0 1.0 1.0 0.9031250000000015 0.8750000000000018 0.8750000000000018 0.9531250000000008 1.0 1.0 1.0 0.6281249999999955 0.07812499999999845 0.0 0.0 0.0 0.0 0.0 0.0 0.0 
0.974999999999997 1.0 1.0 1.0 1.0 1.0 1.0 1.0 1.0 1.0 0.5249999999999986 0.0 0.0 0.0 0.0 0.0 0.0 0.0 0.0 0.0 
0.974999999999997 1.0 1.0 1.0 1.0 1.0 1.0 1.0 0.7843749999999986 0.29687499999999784 0.0 0.0 0.0 0.0 0.0 0.0 0.0 0.0 0.0 0.0 
0.974999999999997 1.0 1.0 1.0 1.0 1.0 1.0 1.0 0.42499999999999893 0.0 0.0 0.0 0.0 0.0 0.0 0.0 0.0 0.0 0.0 0.0 
0.974999999999997 1.0 1.0 1.0 1.0 1.0 1.0 1.0 0.42499999999999893 0.0 0.0 0.0 0.0 0.0 0.0 0.0 0.0 0.0 0.0 0.0 
0.974999999999997 1.0 1.0 1.0 1.0 1.0 1.0 1.0 1.0 0.8031249999999992 0.3281249999999991 0.0 0.0 0.0 0.0 0.0 0.0 0.0 0.0 0.0 
0.974999999999997 1.0 1.0 1.0 1.0 1.0 1.0 1.0 1.0 1.0 0.7031249999999991 0.2156249999999984 0.0 0.0 0.0 0.0 0.0 0.0 0.0 0.0 
0.974999999999997 1.0 1.0 1.0 0.22500000000000098 0.0 0.0 0.6250000000000009 1.0 1.0 1.0 1.0 0.6249999999999964 0.0 0.0 0.0 0.0 0.0 0.0 0.0 
0.974999999999997 1.0 1.0 1.0 0.22500000000000098 0.0 0.0 0.07812500000000011 0.6281250000000009 1.0 1.0 1.0 0.9531249999999996 0.5906249999999975 0.0 0.0 0.0 0.0 0.0 0.0 
0.974999999999997 1.0 1.0 1.0 0.22500000000000098 0.0 0.0 0.0 0.0 0.1968750000000008 0.6718750000000009 1.0 1.0 1.0 0.8968749999999979 0.4843749999999969 0.0 0.0 0.0 0.0 
0.974999999999997 1.0 1.0 1.0 0.22500000000000098 0.0 0.0 0.0 0.0 0.0 0.2968750000000009 0.7843750000000016 1.0 1.0 1.0 0.8593749999999969 0.3093749999999984 0.0 0.0 0.0 
0.974999999999997 1.0 1.0 1.0 0.22500000000000098 0.0 0.0 0.0 0.0 0.0 0.0 0.0 0.37500000000000355 1.0 1.0 1.0 1.0 0.8906249999999938 0.1156249999999992 0.0 
0.974999999999997 1.0 1.0 1.0 0.22500000000000098 0.0 0.0 0.0 0.0 0.0 0.0 0.0 0.046875000000000444 0.4093750000000025 1.0 1.0 1.0 1.0 0.9249999999999936 0.0 
0.974999999999997 1.0 1.0 1.0 0.22500000000000098 0.0 0.0 0.0 0.0 0.0 0.0 0.0 0.0 0.0 0.10312500000000213 0.5156250000000031 1.0 1.0 1.0 0.9749999999999908 
