0.0 0.0 0.0 0.0 0.14250000000000096 0.3325000000000003 0.5275000000000004 0.7375000000000015 0.9475000000000026 1.0 1.0 1.0 1.0 1.0 1.0 1.0 1.0 1.0 1.0 0.6999999999999904 
0.0 0.0 0.0 0.0 0.3000000000000034 0.7000000000000037 1.0 1.0 1.0 1.0 1.0 1.0 1.0 1.0 1.0 1.0 1.0 1.0 1.0 0.6999999999999904 
0.0 0.10000000000000198 0.5000000000000024 0.900000000000003 1.0 1.0 1.0 1.0 1.0 1.0 1.0 1.0 1.0 1.0 1.0 1.0 1.0 1.0 1.0 0.6999999999999904 
0.47250000000000275 0.7075000000000029 0.837500000000002 0.9675000000000012 1.0 1.0 1.0 1.0 1.0 1.0 1.0 1.0 1.0 1.0 1.0 1.0 1.0 1.0 1.0 0.6999999999999904 
0.0 0.0 0.0 0.0 0.0 0.0 0.10000000000000453 0.5000000000000049 0.9000000000000052 1.0 1.0 1.0 1.0 1.0 1.0 1.0 1.0 1.0 1.0 0.6999999999999904 
0.0 0.0 0.0 0.0 0.0 0.0 0.0 0.0 0.0 0.3000000000000056 0.700000000000006 1.0 1.0 1.0 1.0 1.0 0.8999999999999915 0.4999999999999911 0.09999999999999076 0.0 
0.0 0.0 0.0 0.0 0.0 0.0 0.10000000000000453 0.5000000000000049 0.9000000000000052 1.0 1.0 1.0 1.0 1.0 1.0 1.0 0.8999999999999915 0.4999999999999911 0.09999999999999076 0.0 
0.0 0.0 0.0 0.0 0.0 0.0 0.0 0.0 0.0 0.3000000000000056 0.700000000000006 1.0 1.0 1.0 1.0 1.0 0.8999999999999915 0.4999999999999911 0.09999999999999076 0.0 
0.0 0.0 0.0 0.0 0.0 0.0 0.0 0.0 0.0 0.3000000000000056 0.700000000000006 1.0 1.0 1.0 1.0 1.0 0.8999999999999915 0.4999999999999911 0.09999999999999076 0.0 
0.0 0.0 0.0 0.0 0.0 0.0 0.0 0.0 0.0 0.3000000000000056 0.700000000000006 1.0 1.0 1.0 1.0 1.0 0.8999999999999915 0.4999999999999911 0.09999999999999076 0.0 
0.0 0.0 0.0 0.0 0.0 0.0 0.0 0.0 0.0 0.3000000000000056 0.700000000000006 1.0 1.0 1.0 1.0 1.0 0.8999999999999915 0.4999999999999911 0.09999999999999076 0.0 
0.0 0.0 0.0 0.0 0.0 0.0 0.0 0.0 0.0 0.3000000000000056 0.700000000000006 1.0 1.0 1.0 1.0 1.0 0.8999999999999915 0.4999999999999911 0.09999999999999076 0.0 
0.0 0.0 0.0 0.0 0.0 0.0 0.0 0.0 0.0 0.3000000000000056 0.700000000000006 1.0 1.0 1.0 1.0 1.0 0.8999999999999915 0.4999999999999911 0.09999999999999076 0.0 
0.0 0.0 0.0 0.0 0.0 0.0 0.0 0.0 0.0 0.3000000000000056 0.700000000000006 1.0 1.0 1.0 1.0 1.0 0.8999999999999915 0.4999999999999911 0.09999999999999076 0.0 
0.0 0.0 0.0 0.0 0.0 0.0 0.0 0.0 0.0 0.3000000000000056 0.700000000000006 1.0 1.0 1.0 1.0 1.0 0.8999999999999915 0.4999999999999911 0.09999999999999076 0.0 
0.0 0.0 0.0 0.0 0.0 0.0 0.0 0.0 0.0 0.3000000000000056 0.700000000000006 1.0 1.0 1.0 1.0 1.0 0.8999999999999915 0.4999999999999911 0.09999999999999076 0.0 
0.0 0.0 0.0 0.0 0.0 0.0 0.0 0.0 0.0 0.3000000000000056 0.700000000000006 1.0 1.0 1.0 1.0 1.0 0.8999999999999915 0.4999999999999911 0.09999999999999076 0.0 
0.0 0.0 0.0 0.0 0.0 0.0 0.10000000000000453 0.5000000000000049 0.9000000000000052 1.0 1.0 1.0 1.0 1.0 1.0 1.0 0.8999999999999915 0.4999999999999911 0.09999999999999076 0.0 
0.0 0.0 0.0 0.0 0.0 0.0 0.10000000000000453 0.5000000000000049 0.9000000000000052 1.0 1.0 1.0 1.0 1.0 1.0 1.0 0.8999999999999915 0.4999999999999911 0.09999999999999076 0.0 
0.0 0.0 0.0 0.0 0.0 0.0 0.10000000000000453 0.5000000000000049 0.9000000000000052 1.0 1.0 1.0 1.0 1.0 1.0 1.0 0.8999999999999915 0.4999999999999911 0.09999999999999076 0.0 
