1.0 1.0 1.0 1.0 1.0 0.17500000000000604 0.0 0.0 0.0 0.0 0.0 0.0 0.0 0.0 0.1749999999999865 1.0 1.0 1.0 1.0 1.0 
1.0 1.0 1.0 1.0 1.0 1.0 0.025000000000006573 0.0 0.0 0.0 0.0 0.0 0.0 0.012499999999992984 0.5874999999999904 1.0 1.0 1.0 1.0 1.0 
1.0 1.0 1.0 1.0 1.0 1.0 0.5124999999999998 0.0 0.0 0.0 0.0 0.0 0.0 0.024999999999986144 1.0 1.0 1.0 1.0 1.0 1.0 
1.0 1.0 1.0 1.0 1.0 1.0 1.0 0.43750000000000044 0.0 0.0 0.0 0.0 0.0 1.0 1.0 1.0 1.0 1.0 1.0 1.0 
1.0 1.0 1.0 1.0 1.0 1.0 1.0 0.8750000000000071 0.0 0.0 0.0 0.0 0.8749999999999876 1.0 1.0 1.0 1.0 1.0 1.0 1.0 
1.0 1.0 1.0 1.0 1.0 1.0 1.0 1.0 0.7250000000000085 0.0 0.0 0.36249999999999194 0.9374999999999933 1.0 1.0 1.0 1.0 1.0 1.0 1.0 
1.0 1.0 1.0 1.0 1.0 1.0 1.0 1.0 1.0 0.7875000000000034 0.7874999999999928 1.0 1.0 1.0 1.0 1.0 1.0 1.0 1.0 1.0 
1.0 1.0 1.0 0.7375000000000037 0.16250000000000347 0.4124999999999999 0.9874999999999968 1.0 1.0 1.0 1.0 1.0 1.0 0.987500000000007 0.4125000000000097 0.3249999999999851 1.0 1.0 1.0 1.0 
1.0 1.0 1.0 0.47500000000000364 0.0 0.0 0.0 1.0 1.0 1.0 1.0 1.0 1.0 0.0 0.0 0.0 0.47499999999998366 1.0 1.0 1.0 
1.0 1.0 1.0 0.47500000000000364 0.0 0.0 0.0 0.5624999999999996 1.0 1.0 1.0 1.0 0.12500000000001243 0.0 0.0 0.0 0.47499999999998366 1.0 1.0 1.0 
1.0 1.0 1.0 0.47500000000000364 0.0 0.0 0.0 0.06249999999999689 0.5000000000000036 0.5000000000000036 0.5000000000000036 0.5000000000000036 0.06250000000000666 0.0 0.0 0.0 0.47499999999998366 1.0 1.0 1.0 
1.0 1.0 1.0 0.47500000000000364 0.0 0.0 0.0 0.0 0.0 0.0 0.0 0.0 0.0 0.0 0.0 0.0 0.47499999999998366 1.0 1.0 1.0 
1.0 1.0 1.0 0.47500000000000364 0.0 0.0 0.0 0.0 0.0 0.0 0.0 0.0 0.0 0.0 0.0 0.0 0.47499999999998366 1.0 1.0 1.0 
1.0 1.0 1.0 0.47500000000000364 0.0 0.0 0.0 0.0 0.0 0.0 0.0 0.0 0.0 0.0 0.0 0.0 0.47499999999998366 1.0 1.0 1.0 
1.0 1.0 1.0 0.47500000000000364 0.0 0.0 0.0 0.0 0.0 0.0 0.0 0.0 0.0 0.0 0.0 0.0 0.47499999999998366 1.0 1.0 1.0 
1.0 1.0 1.0 0.47500000000000364 0.0 0.0 0.0 0.0 0.0 0.0 0.0 0.0 0.0 0.0 0.0 0.0 0.47499999999998366 1.0 1.0 1.0 
1.0 1.0 1.0 0.47500000000000364 0.0 0.0 0.0 0.0 0.0 0.0 0.0 0.0 0.0 0.0 0.0 0.0 0.47499999999998366 1.0 1.0 1.0 
1.0 1.0 1.0 0.47500000000000364 0.0 0.0 0.0 0.0 0.0 0.0 0.0 0.0 0.0 0.0 0.0 0.0 0.47499999999998366 1.0 1.0 1.0 
1.0 1.0 1.0 0.47500000000000364 0.0 0.0 0.0 0.0 0.0 0.0 0.0 0.0 0.0 0.0 0.0 0.0 0.47499999999998366 1.0 1.0 1.0 
1.0 1.0 1.0 0.47500000000000364 0.0 0.0 0.0 0.0 0.0 0.0 0.0 0.0 0.0 0.0 0.0 0.0 0.47499999999998366 1.0 1.0 0.5375000000000103 
