0.0 0.0 0.0 0.0 0.11249999999999423 0.4999999999999929 0.4999999999999929 0.6874999999999911 1.0 1.0 1.0 0.7125000000000016 0.4999999999999929 0.16250000000000267 0.0 0.0 0.0 0.0 0.0 0.0 
0.0 0.0 0.06249999999999528 0.5874999999999911 1.0 1.0 1.0 1.0 1.0 1.0 1.0 1.0 1.0 1.0 1.0 0.6125000000000016 0.08750000000000467 0.0 0.0 0.0 
0.01249999999999607 0.537499999999992 1.0 1.0 1.0 1.0 0.8375000000000058 0.5000000000000044 0.2875000000000075 0.0 0.26249999999999807 0.5000000000000044 0.8124999999999963 1.0 1.0 1.0 1.0 0.12500000000001066 0.0 0.0 
0.5124999999999927 1.0 1.0 1.0 0.887500000000005 0.3625000000000068 0.0 0.0 0.0 0.0 0.0 0.0 0.0 0.3374999999999974 0.8624999999999964 1.0 1.0 1.0 0.07500000000000995 0.0 
1.0 1.0 1.0 0.8250000000000082 0.0 0.0 0.0 0.0 0.0 0.0 0.0 0.0 0.0 0.0 0.0 0.7749999999999879 1.0 1.0 1.0 0.02500000000001279 
0.5 0.5 0.437500000000004 0.0 0.0 0.0 0.0 0.0 0.0 0.0 0.0 0.0 0.0 0.0 0.0 0.7749999999999879 1.0 1.0 1.0 0.02500000000001279 
0.0 0.0 0.0 0.0 0.0 0.0 0.0 0.0 0.0 0.0 0.0 0.0 0.0 0.0 0.7249999999999908 1.0 1.0 1.0 0.537500000000005 0.012500000000006395 
0.0 0.0 0.0 0.0 0.0 0.0 0.0 0.0 0.0 0.0 0.0 0.0 0.0 0.67499999999999 1.0 1.0 1.0 0.5625000000000038 0.03750000000000484 0.0 
0.0 0.0 0.0 0.0 0.0 0.0 0.0 0.0 0.0 0.0 0.0 0.28749999999999637 0.812499999999996 1.0 1.0 1.0 0.5875000000000028 0.06250000000000488 0.0 0.0 
0.0 0.0 0.0 0.0 0.0 0.0 0.0 0.0 0.0 0.0 0.2624999999999976 0.7874999999999959 1.0 1.0 1.0 0.22500000000001208 0.0 0.0 0.0 0.0 
0.0 0.0 0.0 0.0 0.0 0.0 0.0 0.0 0.0 0.23749999999999877 0.7624999999999991 1.0 1.0 0.6625000000000002 0.13750000000000268 0.0 0.0 0.0 0.0 0.0 
0.0 0.0 0.0 0.0 0.0 0.0 0.0 0.18749999999999822 0.7124999999999991 1.0 1.0 1.0 0.6875000000000009 0.16250000000000267 0.0 0.0 0.0 0.0 0.0 0.0 
0.0 0.0 0.0 0.0 0.0 0.0 0.16249999999999795 0.6875 1.0 1.0 1.0 0.42500000000001137 0.0 0.0 0.0 0.0 0.0 0.0 0.0 0.0 
0.0 0.0 0.0 0.0 0.0 0.2749999999999915 1.0 1.0 1.0 1.0 0.4750000000000085 0.0 0.0 0.0 0.0 0.0 0.0 0.0 0.0 0.0 
0.0 0.0 0.0 0.0 0.22499999999999165 1.0 1.0 1.0 0.7875000000000004 0.262499999999999 0.0 0.0 0.0 0.0 0.0 0.0 0.0 0.0 0.0 0.0 
0.0 0.0 0.06249999999999778 0.5875000000000077 1.0 1.0 1.0 0.8124999999999991 0.2874999999999968 0.0 0.0 0.0 0.0 0.0 0.0 0.0 0.0 0.0 0.0 0.0 
0.0 0.07499999999999218 1.0 1.0 1.0 1.0 0.6750000000000087 0.0 0.0 0.0 0.0 0.0 0.0 0.0 0.0 0.0 0.0 0.0 0.0 0.0 
0.02499999999999236 1.0 1.0 1.0 1.0 1.0 0.837500000000009 0.3125000000000133 0.0 0.0 0.0 0.0 0.0 0.0 0.0 0.0 0.0 0.0 0.0 0.0 
0.02499999999999236 1.0 1.0 1.0 1.0 1.0 1.0 1.0 1.0 1.0 1.0 1.0 1.0 1.0 1.0 1.0 1.0 1.0 1.0 1.0 
0.012499999999995648 0.5374999999999763 0.9375000000000013 0.5874999999999784 0.8874999999999994 0.4999999999999787 0.4999999999999787 0.4999999999999787 0.4999999999999787 0.4999999999999787 0.4999999999999787 0.4999999999999787 0.4999999999999787 0.4999999999999787 0.4999999999999787 0.4999999999999787 0.4999999999999787 0.4999999999999787 0.4999999999999787 0.4999999999999787 
