0.0 0.0 0.0 0.0 0.0356250000000004 0.20187500000000105 0.3681250000000016 0.5406250000000021 0.7243750000000015 0.9081250000000013 0.908124999999999 0.7243749999999997 0.5406249999999998 0.5931250000000028 0.7768750000000025 0.9606250000000018 1.0 1.0 1.0 0.6749999999999954 
0.0 0.010624999999999978 0.15937500000000066 0.3081250000000013 0.46812500000000185 0.6693750000000015 0.8706250000000009 1.0 1.0 1.0 1.0 1.0 1.0 1.0 1.0 1.0 1.0 1.0 1.0 0.6749999999999954 
0.25312500000000104 0.39062500000000167 0.6093750000000011 0.8281250000000007 1.0 1.0 1.0 1.0 1.0 1.0 1.0 1.0 1.0 1.0 1.0 1.0 1.0 1.0 1.0 0.6749999999999954 
0.6749999999999996 1.0 1.0 1.0 1.0 1.0 1.0 1.0 1.0 1.0 1.0 1.0 1.0 1.0 1.0 1.0 1.0 1.0 1.0 0.6749999999999954 
0.4893749999999983 0.7249999999999979 0.7249999999999979 0.7249999999999979 0.7456249999999982 0.841874999999999 0.9381249999999998 1.0 1.0 1.0 1.0 1.0 1.0 1.0 1.0 1.0 1.0 1.0 1.0 0.6749999999999954 
0.0 0.0 0.0 0.0 0.0 0.0 0.0 0.12500000000000178 0.4750000000000014 0.825000000000002 1.0 1.0 1.0 1.0 1.0 1.0 1.0 1.0 1.0 0.6749999999999954 
0.0 0.0 0.0 0.0 0.0 0.0 0.0 0.12500000000000178 0.4750000000000014 0.825000000000002 1.0 1.0 1.0 1.0 1.0 1.0 1.0 1.0 1.0 0.6749999999999954 
0.0 0.0 0.0 0.0 0.0 0.0 0.0 0.12500000000000178 0.4750000000000014 0.825000000000002 1.0 1.0 1.0 1.0 1.0 1.0 1.0 1.0 1.0 0.6749999999999954 
0.0 0.0 0.0 0.0 0.0 0.0 0.0 0.12500000000000178 0.4750000000000014 0.825000000000002 1.0 1.0 1.0 1.0 1.0 1.0 1.0 1.0 1.0 0.6749999999999954 
0.0 0.0 0.0 0.0 0.0 0.0 0.0 0.12500000000000178 0.4750000000000014 0.825000000000002 1.0 1.0 1.0 1.0 1.0 1.0 1.0 1.0 1.0 0.6749999999999954 
0.0 0.0 0.0 0.0 0.0 0.0 0.0 0.12500000000000178 0.4750000000000014 0.825000000000002 1.0 1.0 1.0 1.0 1.0 1.0 1.0 1.0 1.0 0.6749999999999954 
0.0 0.0 0.0 0.0 0.0 0.0 0.0 0.12500000000000178 0.4750000000000014 0.825000000000002 1.0 1.0 1.0 1.0 1.0 1.0 1.0 1.0 1.0 0.6749999999999954 
0.0 0.0 0.0 0.0 0.0 0.0 0.0 0.12500000000000178 0.4750000000000014 0.825000000000002 1.0 1.0 1.0 1.0 1.0 1.0 1.0 1.0 1.0 0.6749999999999954 
0.0 0.0 0.0 0.0 0.0 0.0 0.0 0.12500000000000178 0.4750000000000014 0.825000000000002 1.0 1.0 1.0 1.0 1.0 1.0 1.0 1.0 1.0 0.6749999999999954 
0.0 0.0 0.0 0.0 0.0 0.0 0.0 0.12500000000000178 0.4750000000000014 0.825000000000002 1.0 1.0 1.0 1.0 1.0 1.0 1.0 1.0 1.0 0.6749999999999954 
0.0 0.0 0.0 0.0 0.0 0.0 0.0 0.12500000000000178 0.4750000000000014 0.825000000000002 1.0 1.0 1.0 1.0 1.0 1.0 1.0 1.0 1.0 0.6749999999999954 
0.0 0.0 0.0 0.0 0.0 0.0 0.0 0.12500000000000178 0.4750000000000014 0.825000000000002 1.0 1.0 1.0 1.0 1.0 1.0 1.0 1.0 1.0 0.6749999999999954 
0.0 0.0 0.0 0.0 0.0 0.0 0.0 0.12500000000000178 0.4750000000000014 0.825000000000002 1.0 1.0 1.0 1.0 1.0 1.0 1.0 1.0 1.0 0.6749999999999954 
0.0 0.0 0.0 0.0 0.0 0.0 0.0 0.12500000000000178 0.4750000000000014 0.825000000000002 1.0 1.0 1.0 1.0 1.0 1.0 1.0 1.0 1.0 0.6749999999999954 
0.0 0.0 0.0 0.0 0.0 0.0 0.0 0.12500000000000178 0.4750000000000014 0.825000000000002 1.0 1.0 1.0 1.0 1.0 1.0 1.0 1.0 1.0 0.6749999999999954 
