0.48812500000000486 1.0 0.9343749999999962 0.5668750000000052 1.0 1.0 1.0 1.0 1.0 1.0 1.0 1.0 1.0 1.0 1.0 1.0 1.0 1.0 0.5143749999999935 0.01187499999999261 
1.0 1.0 1.0 1.0 1.0 1.0 1.0 1.0 1.0 1.0 1.0 1.0 1.0 1.0 1.0 1.0 1.0 1.0 1.0 0.024999999999984368 
0.6249999999999991 0.6249999999999991 0.6249999999999991 0.6249999999999991 0.6249999999999991 0.6249999999999991 0.6249999999999991 0.6249999999999991 0.6249999999999991 0.6249999999999991 0.6249999999999991 0.6249999999999991 0.6249999999999991 0.878125000000004 1.0 1.0 1.0 1.0 0.6531249999999936 0.015624999999990207 
0.0 0.0 0.0 0.0 0.0 0.0 0.0 0.0 0.0 0.0 0.0 0.0 0.0 0.6750000000000114 1.0 1.0 1.0 1.0 0.07499999999998508 0.0 
0.0 0.0 0.0 0.0 0.0 0.0 0.0 0.0 0.0 0.0 0.0 0.0 0.6250000000000107 1.0 1.0 1.0 0.773124999999996 0.09062499999998966 0.0 0.0 
0.0 0.0 0.0 0.0 0.0 0.0 0.0 0.0 0.0 0.0 0.0 0.5750000000000135 1.0 1.0 1.0 0.8256249999999974 0.1356249999999896 0.0 0.0 0.0 
0.0 0.0 0.0 0.0 0.0 0.0 0.0 0.0 0.0 0.0 0.5250000000000128 1.0 1.0 1.0 0.8731249999999974 0.1856249999999893 0.0 0.0 0.0 0.0 
0.0 0.0 0.0 0.0 0.0 0.0 0.0 0.0 0.0 0.4750000000000121 1.0 1.0 1.0 0.9156249999999986 0.24062499999998943 0.0 0.0 0.0 0.0 0.0 
0.0 0.0 0.0 0.0 0.0 0.0 0.0 0.0 0.42500000000001137 1.0 1.0 1.0 0.9531249999999997 0.3006249999999897 0.0 0.0 0.0 0.0 0.0 0.0 
0.0 0.0 0.0 0.0 0.0 0.0 0.0 0.37500000000000977 1.0 1.0 1.0 1.0 0.37499999999998934 0.0 0.0 0.0 0.0 0.0 0.0 0.0 
0.0 0.0 0.0 0.0 0.0 0.0 0.3168750000000081 0.9843749999999989 1.0 1.0 1.0 0.4393749999999881 0.009375000000000532 0.0 0.0 0.0 0.0 0.0 0.0 0.0 
0.0 0.0 0.0 0.0 0.0 0.2543750000000078 0.9493749999999987 1.0 1.0 1.0 0.4749999999999872 0.0 0.0 0.0 0.0 0.0 0.0 0.0 0.0 0.0 
0.0 0.0 0.0 0.0 0.0 0.27500000000000924 1.0 1.0 1.0 0.5249999999999879 0.0 0.0 0.0 0.0 0.0 0.0 0.0 0.0 0.0 0.0 
0.0 0.0 0.0 0.0 0.22500000000000853 1.0 1.0 1.0 0.5749999999999886 0.0 0.0 0.0 0.0 0.0 0.0 0.0 0.0 0.0 0.0 0.0 
0.0 0.0 0.0 0.17500000000000782 1.0 1.0 1.0 0.709374999999993 0.12937499999999827 0.0 0.0 0.0 0.0 0.0 0.0 0.0 0.0 0.0 0.0 0.0 
0.0 0.0 0.12500000000000755 1.0 1.0 1.0 0.7643749999999941 0.17187499999999864 0.0 0.0 0.0 0.0 0.0 0.0 0.0 0.0 0.0 0.0 0.0 0.0 
0.0 0.07500000000000706 1.0 1.0 1.0 0.8143749999999945 0.219374999999999 0.0 0.0 0.0 0.0 0.0 0.0 0.0 0.0 0.0 0.0 0.0 0.0 0.0 
0.025000000000006573 1.0 1.0 1.0 1.0 0.7249999999999908 0.0 0.0 0.0 0.0 0.0 0.0 0.0 0.0 0.0 0.0 0.0 0.0 0.0 0.0 
1.0 1.0 1.0 1.0 1.0 1.0 1.0 1.0 1.0 1.0 1.0 1.0 1.0 1.0 1.0 1.0 1.0 1.0 1.0 0.5856249999999892 
1.0 1.0 1.0 1.0 1.0 1.0 1.0 1.0 1.0 1.0 1.0 1.0 1.0 1.0 1.0 1.0 1.0 1.0 1.0 1.0 
