0.0 0.0 0.0 0.08312500000000396 0.4750000000000014 0.6193750000000059 1.0 1.0 1.0 1.0 1.0 1.0 1.0 0.645624999999995 0.4750000000000014 0.10687499999999424 0.0 0.0 0.0 0.0 
0.0 0.0 0.12500000000000755 1.0 1.0 1.0 1.0 1.0 1.0 1.0 1.0 1.0 1.0 1.0 1.0 1.0 0.5256249999999932 0.05312499999999411 0.0 0.0 
0.009375000000002487 0.4218750000000052 1.0 1.0 1.0 0.8968749999999963 0.6249999999999991 0.39062499999999334 0.0 0.0 0.0 0.0 0.3906250000000061 0.878125000000004 1.0 1.0 1.0 1.0 0.07499999999998508 0.0 
0.3418750000000055 1.0 1.0 1.0 0.7749999999999915 0.0 0.0 0.0 0.0 0.0 0.0 0.0 0.0 0.0 0.4893750000000074 0.9268750000000039 1.0 1.0 1.0 0.024999999999984368 
1.0 1.0 1.0 0.8249999999999922 0.0 0.0 0.0 0.0 0.0 0.0 0.0 0.0 0.0 0.0 0.0 0.7750000000000128 1.0 1.0 1.0 0.29312499999998903 
1.0 1.0 1.0 0.8249999999999922 0.0 0.0 0.0 0.0 0.0 0.0 0.0 0.0 0.0 0.0 0.0 0.0 0.0 0.0 0.0 0.0 
1.0 1.0 1.0 0.8249999999999922 0.0 0.0 0.0 0.0 0.0 0.0 0.0 0.0 0.0 0.0 0.0 0.0 0.0 0.0 0.0 0.0 
1.0 1.0 1.0 0.8249999999999922 0.0 0.0 0.0 0.0 0.0 0.0 0.0 0.0 0.0 0.0 0.0 0.0 0.0 0.0 0.0 0.0 
1.0 1.0 1.0 0.8249999999999922 0.0 0.0 0.0 0.0 0.0 0.0 0.03937500000000058 0.03187499999999868 0.0 0.0 0.0 0.0 0.0 0.0 0.0 0.0 
1.0 1.0 1.0 0.8249999999999922 0.0 0.0 0.0 0.0 0.0 0.0 0.5250000000000128 1.0 1.0 1.0 1.0 1.0 1.0 1.0 1.0 1.0 
1.0 1.0 1.0 0.8249999999999922 0.0 0.0 0.0 0.0 0.0 0.0 0.5250000000000128 1.0 1.0 1.0 1.0 1.0 1.0 1.0 1.0 1.0 
1.0 1.0 1.0 0.8249999999999922 0.0 0.0 0.0 0.0 0.0 0.0 0.0 0.0 0.0 0.0 0.05437500000000297 0.7918750000000124 1.0 1.0 1.0 1.0 
1.0 1.0 1.0 0.8249999999999922 0.0 0.0 0.0 0.0 0.0 0.0 0.0 0.0 0.0 0.0 0.0 0.0 0.8250000000000135 1.0 1.0 1.0 
1.0 1.0 1.0 0.8249999999999922 0.0 0.0 0.0 0.0 0.0 0.0 0.0 0.0 0.0 0.0 0.0 0.0 0.8250000000000135 1.0 1.0 1.0 
1.0 1.0 1.0 0.8249999999999922 0.0 0.0 0.0 0.0 0.0 0.0 0.0 0.0 0.0 0.0 0.0 0.0 0.8250000000000135 1.0 1.0 1.0 
1.0 1.0 1.0 0.9518749999999975 0.5618749999999921 0.0 0.0 0.0 0.0 0.0 0.0 0.0 0.0 0.0 0.0 0.5618750000000077 0.9518750000000034 1.0 1.0 1.0 
0.025000000000006573 1.0 1.0 1.0 0.7749999999999915 0.0 0.0 0.0 0.0 0.0 0.0 0.0 0.0 0.0 0.0 0.7750000000000128 1.0 1.0 1.0 0.3418749999999922 
0.009375000000002465 0.42187500000000444 1.0 1.0 1.0 0.8968749999999965 0.42187499999999434 0.0 0.0 0.0 0.0 0.0 0.0 0.4218750000000071 0.8968750000000045 1.0 1.0 1.0 0.4218749999999907 0.009374999999994138 
0.0 0.0 0.12500000000000755 1.0 1.0 1.0 1.0 1.0 1.0 0.7981249999999929 0.5749999999999957 0.819375000000004 1.0 1.0 1.0 1.0 1.0 0.12499999999998579 0.0 0.0 
0.0 0.0 0.0 0.0 0.10687500000000437 0.4750000000000014 0.6456250000000057 1.0 1.0 1.0 1.0 1.0 1.0 1.0 0.6193749999999947 0.10687499999999424 0.0 0.0 0.0 0.0 
