0.0 0.0 0.0 0.0 0.0 0.0 0.585000000000002 0.600000000000005 0.7100000000000016 1.0 1.0 0.7100000000000058 0.600000000000005 0.58500000000001 0.0 0.0 0.0 0.0 0.0 0.0 
0.0 0.0 0.0 0.42000000000000015 0.9350000000000009 1.0 1.0 1.0 1.0 1.0 1.0 1.0 1.0 1.0 1.0 0.9350000000000033 0.4200000000000101 0.0 0.0 0.0 
0.0 0.22499999999999787 1.0 1.0 1.0 1.0 1.0 0.9999999999999947 0.9999999999999947 0.5750000000000033 0.5749999999999891 0.9999999999999947 0.9999999999999947 1.0 1.0 1.0 1.0 1.0 0.22500000000001208 0.0 
0.0749999999999984 1.0 1.0 1.0 1.0 0.8349999999999963 0.0200000000000037 0.0 0.0 0.0 0.0 0.0 0.0 0.01999999999999304 0.8349999999999942 1.0 1.0 1.0 1.0 0.07500000000000995 
1.0 1.0 1.0 1.0 0.32500000000000373 0.0 0.0 0.0 0.0 0.0 0.0 0.0 0.0 0.0 0.0 0.3249999999999922 1.0 1.0 1.0 0.4450000000000112 
1.0 1.0 1.0 1.0 0.32500000000000373 0.0 0.0 0.0 0.0 0.0 0.0 0.0 0.0 0.0 0.0 0.12999999999999526 0.399999999999995 0.399999999999995 0.399999999999995 0.399999999999995 
1.0 1.0 1.0 1.0 0.32500000000000373 0.0 0.0 0.0 0.0 0.0 0.0 0.0 0.0 0.0 0.0 0.0 0.0 0.0 0.0 0.0 
1.0 1.0 1.0 1.0 0.32500000000000373 0.0 0.0 0.0 0.0 0.0 0.0 0.0 0.0 0.0 0.0 0.0 0.0 0.0 0.0 0.0 
1.0 1.0 1.0 1.0 0.32500000000000373 0.0 0.0 0.0 0.0 0.0 0.0 0.0 0.0 0.0 0.0 0.0 0.0 0.0 0.0 0.0 
1.0 1.0 1.0 1.0 0.32500000000000373 0.0 0.0 0.0 0.0 0.4249999999999936 1.0 1.0 1.0 1.0 1.0 1.0 1.0 1.0 1.0 0.4450000000000112 
1.0 1.0 1.0 1.0 0.32500000000000373 0.0 0.0 0.0 0.0 0.16999999999999532 0.7449999999999932 1.0 1.0 1.0 1.0 1.0 1.0 1.0 1.0 0.07500000000000995 
1.0 1.0 1.0 1.0 0.32500000000000373 0.0 0.0 0.0 0.0 0.0 0.0 0.0 0.0 0.0 0.03499999999999735 0.4599999999999885 1.0 1.0 1.0 0.07500000000000995 
1.0 1.0 1.0 1.0 0.32500000000000373 0.0 0.0 0.0 0.0 0.0 0.0 0.0 0.0 0.0 0.0 0.3249999999999922 1.0 1.0 1.0 0.07500000000000995 
1.0 1.0 1.0 1.0 0.32500000000000373 0.0 0.0 0.0 0.0 0.0 0.0 0.0 0.0 0.0 0.0 0.3249999999999922 1.0 1.0 1.0 0.07500000000000995 
1.0 1.0 1.0 1.0 0.32500000000000373 0.0 0.0 0.0 0.0 0.0 0.0 0.0 0.0 0.0 0.0 0.3249999999999922 1.0 1.0 1.0 0.07500000000000995 
1.0 1.0 1.0 1.0 0.32500000000000373 0.0 0.0 0.0 0.0 0.0 0.0 0.0 0.0 0.0 0.10499999999999765 0.7300000000000026 1.0 1.0 1.0 0.07500000000000995 
0.2599999999999882 1.0 1.0 1.0 0.8650000000000084 0.1400000000000054 0.0 0.0 0.0 0.0 0.0 0.0 0.0 0.019999999999993464 0.8350000000000081 1.0 1.0 1.0 1.0 0.07500000000000995 
0.07499999999999733 0.999999999999989 1.0 1.0 1.0 1.0 1.0 0.8750000000000053 1.4210854715202004e-14 1.4210854715202004e-14 1.4210854715202004e-14 1.4210854715202004e-14 0.8749999999999947 1.0 1.0 1.0 1.0 0.37500000000001066 0.0 0.0 
0.0 0.0 0.2999999999999968 0.904999999999998 1.0 1.0 1.0 1.0 1.0 1.0 1.0 1.0 1.0 1.0 1.0 0.9350000000000006 0.4200000000000059 0.0 0.0 0.0 
0.0 0.0 0.0 0.0 0.0 0.4949999999999928 0.5999999999999943 1.0 1.0 1.0 1.0 1.0 0.6499999999999979 0.5849999999999995 0.0 0.0 0.0 0.0 0.0 0.0 
