0.6068749999999998 1.0 1.0 1.0 1.0 1.0 1.0 1.0 1.0 1.0 1.0 1.0 1.0 0.9893749999999999 0.5749999999999993 0.5749999999999993 0.3018749999999988 0.0 0.0 0.0 
1.0 1.0 1.0 1.0 1.0 1.0 1.0 1.0 1.0 1.0 1.0 1.0 1.0 1.0 1.0 1.0 1.0 0.8281249999999998 0.16312500000000096 0.0 
1.0 1.0 1.0 1.0 1.0 1.0 1.0 1.0 1.0 1.0 1.0 1.0 1.0 1.0 1.0 1.0 1.0 1.0 1.0 0.07500000000000284 
1.0 1.0 1.0 1.0 0.3249999999999993 0.0 0.0 0.0 0.0 0.0 0.0 0.0 0.0 0.0 0.17499999999999716 1.0 1.0 1.0 1.0 1.0 
1.0 1.0 1.0 1.0 0.3249999999999993 0.0 0.0 0.0 0.0 0.0 0.0 0.0 0.0 0.0 0.0 0.32500000000000284 1.0 1.0 1.0 1.0 
1.0 1.0 1.0 1.0 0.3249999999999993 0.0 0.0 0.0 0.0 0.0 0.0 0.0 0.0 0.0 0.0 0.32500000000000284 1.0 1.0 1.0 1.0 
1.0 1.0 1.0 1.0 0.3249999999999993 0.0 0.0 0.0 0.0 0.0 0.0 0.0 0.0 0.0 0.0 0.32500000000000284 1.0 1.0 1.0 1.0 
1.0 1.0 1.0 1.0 0.3249999999999993 0.0 0.0 0.0 0.0 0.0 0.0 0.0 0.0 0.0 0.10937499999999853 0.7468750000000023 1.0 1.0 1.0 1.0 
1.0 1.0 1.0 1.0 0.8481250000000012 0.13562499999999955 0.0 0.0 0.0 0.0 0.0 0.0 0.0 0.7750000000000021 0.8143750000000011 1.0 1.0 1.0 1.0 0.28312500000000024 
1.0 1.0 1.0 1.0 1.0 1.0 1.0 1.0 1.0 1.0 1.0 1.0 1.0 1.0 1.0 1.0 1.0 1.0 0.28312500000000074 0.00562500000000016 
1.0 1.0 1.0 1.0 1.0 1.0 1.0 1.0 1.0 1.0 1.0 1.0 1.0 1.0 1.0 1.0 1.0 1.0 0.2831250000000035 0.0056250000000004265 
1.0 1.0 1.0 1.0 0.8481249999999965 0.1356249999999983 0.0 0.0 0.0 0.0 0.0 0.0 0.6781249999999956 0.7806249999999952 1.0 1.0 1.0 1.0 1.0 0.2831250000000068 
1.0 1.0 1.0 1.0 0.3249999999999993 0.0 0.0 0.0 0.0 0.0 0.0 0.0 0.0 0.0 0.1093749999999976 0.7468749999999986 1.0 1.0 1.0 1.0 
1.0 1.0 1.0 1.0 0.3249999999999993 0.0 0.0 0.0 0.0 0.0 0.0 0.0 0.0 0.0 0.0 0.32500000000000284 1.0 1.0 1.0 1.0 
1.0 1.0 1.0 1.0 0.3249999999999993 0.0 0.0 0.0 0.0 0.0 0.0 0.0 0.0 0.0 0.0 0.32500000000000284 1.0 1.0 1.0 1.0 
1.0 1.0 1.0 1.0 0.3249999999999993 0.0 0.0 0.0 0.0 0.0 0.0 0.0 0.0 0.0 0.0 0.32500000000000284 1.0 1.0 1.0 1.0 
1.0 1.0 1.0 1.0 0.3249999999999993 0.0 0.0 0.0 0.0 0.0 0.0 0.0 0.0 0.0 0.0 0.32500000000000284 1.0 1.0 1.0 1.0 
1.0 1.0 1.0 1.0 1.0 0.27812499999999907 0.125 0.125 0.125 0.125 0.125 0.125 0.125 1.0 1.0 1.0 1.0 1.0 1.0 0.8843750000000004 
1.0 1.0 1.0 1.0 1.0 1.0 1.0 1.0 1.0 1.0 1.0 1.0 1.0 1.0 1.0 1.0 1.0 1.0 0.22500000000000142 0.0 
1.0 1.0 1.0 1.0 1.0 1.0 1.0 1.0 1.0 1.0 1.0 1.0 1.0 1.0 0.9256249999999993 0.5749999999999886 0.30187499999999323 0.0 0.0 0.0 
