0.0 0.0 0.0 0.0 0.11249999999999423 0.4999999999999929 0.6624999999999909 1.0 1.0 1.0 1.0 1.0 1.0 0.6625000000000002 0.4999999999999929 0.4999999999999929 0.08750000000000444 0.0 0.0 0.0 
0.0 0.0 0.06249999999999528 0.5874999999999911 1.0 1.0 1.0 1.0 1.0 1.0 1.0 1.0 1.0 1.0 1.0 1.0 1.0 0.5625000000000002 0.037500000000004544 0.0 
0.01249999999999607 0.537499999999992 1.0 1.0 1.0 1.0 0.8375000000000058 0.5000000000000044 0.2875000000000075 0.0 0.0 0.28749999999999687 0.5000000000000044 0.5000000000000044 0.8624999999999966 1.0 1.0 1.0 0.5375000000000009 0.012500000000006284 
0.5124999999999927 1.0 1.0 1.0 0.7750000000000083 0.0 0.0 0.0 0.0 0.0 0.0 0.0 0.0 0.0 0.0 0.7749999999999879 1.0 1.0 1.0 0.512500000000003 
1.0 1.0 1.0 0.8250000000000082 0.0 0.0 0.0 0.0 0.0 0.0 0.0 0.0 0.0 0.0 0.0 0.0 0.8249999999999886 1.0 1.0 1.0 
1.0 1.0 1.0 0.8250000000000082 0.0 0.0 0.0 0.0 0.0 0.0 0.0 0.0 0.0 0.0 0.0 0.0 0.8249999999999886 1.0 1.0 1.0 
1.0 1.0 1.0 0.8250000000000082 0.0 0.0 0.0 0.0 0.0 0.0 0.0 0.0 0.0 0.0 0.0 0.0 0.8249999999999886 1.0 1.0 1.0 
1.0 1.0 1.0 0.8250000000000082 0.0 0.0 0.0 0.0 0.0 0.0 0.0 0.0 0.0 0.0 0.0 0.0 0.8249999999999886 1.0 1.0 1.0 
0.5124999999999927 1.0 1.0 0.9125000000000048 0.38750000000000695 0.0 0.0 0.0 0.0 0.0 0.0 0.0 0.0 0.0 0.0 0.38749999999999674 0.912499999999995 1.0 1.0 1.0 
0.012499999999996092 0.5374999999999928 1.0 1.0 1.0 0.8625000000000053 0.33750000000000674 0.0 0.0 0.0 0.0 0.0 0.0 0.3374999999999974 0.8624999999999964 1.0 1.0 1.0 1.0 1.0 
0.0 0.0 0.062499999999995115 0.58749999999999 1.0 1.0 1.0 1.0 1.0 1.0 1.0 1.0 1.0 1.0 1.0 1.0 1.0 1.0 1.0 1.0 
0.0 0.0 0.0 0.0 0.0 0.1374999999999938 0.4999999999999929 0.4999999999999929 0.4999999999999929 0.4999999999999929 0.4999999999999929 0.4999999999999929 0.18750000000000266 0.0 0.0 0.0 0.8249999999999886 1.0 1.0 1.0 
0.0 0.0 0.0 0.0 0.0 0.0 0.0 0.0 0.0 0.0 0.0 0.0 0.0 0.0 0.0 0.0 0.8249999999999886 1.0 1.0 1.0 
0.0 0.0 0.0 0.0 0.0 0.0 0.0 0.0 0.0 0.0 0.0 0.0 0.0 0.0 0.0 0.0 0.8249999999999886 1.0 1.0 1.0 
0.0 0.0 0.0 0.0 0.0 0.0 0.0 0.0 0.0 0.0 0.0 0.0 0.0 0.0 0.0 0.0 0.8249999999999886 1.0 1.0 1.0 
1.0 1.0 0.9375000000000058 0.4125000000000158 0.0 0.0 0.0 0.0 0.0 0.0 0.0 0.0 0.0 0.0 0.0 0.0 0.8249999999999886 1.0 1.0 1.0 
0.5124999999999823 1.0 1.0 0.8250000000000082 0.0 0.0 0.0 0.0 0.0 0.0 0.0 0.0 0.0 0.0 0.0 0.0 0.8249999999999886 1.0 1.0 0.5124999999999925 
0.02499999999999236 1.0 1.0 0.9125000000000065 0.38750000000001517 0.0 0.0 0.0 0.0 0.0 0.0 0.0 0.0 0.0 0.3625000000000057 0.8874999999999972 1.0 1.0 0.5374999999999919 0.01250000000000604 
0.0 0.03749999999999502 0.5624999999999836 1.0 1.0 1.0 0.837500000000009 0.5000000000000142 0.5000000000000142 0.5000000000000142 0.5000000000000142 0.5000000000000142 0.5000000000000142 0.8374999999999997 1.0 1.0 1.0 0.5624999999999929 0.037500000000003905 0.0 
0.0 0.0 0.0 0.08749999999999218 0.4999999999999787 0.6374999999999803 1.0 1.0 1.0 1.0 1.0 1.0 1.0 1.0 0.6374999999999892 0.11250000000000124 0.0 0.0 0.0 0.0 
