0.0 0.0 0.0 0.0 0.11249999999999423 0.4999999999999929 0.6624999999999909 1.0 1.0 1.0 1.0 1.0 1.0 0.6625000000000002 0.4999999999999929 0.11250000000000444 0.0 0.0 0.0 0.0 
0.0 0.03749999999999566 0.5624999999999909 1.0 1.0 1.0 1.0 1.0 1.0 1.0 1.0 1.0 1.0 1.0 1.0 1.0 0.5875000000000009 0.06250000000000461 0.0 0.0 
0.01249999999999607 0.537499999999992 1.0 1.0 1.0 1.0 0.8375000000000058 0.5000000000000044 0.2875000000000075 0.0 0.0 0.28749999999999687 0.5000000000000044 0.8374999999999965 1.0 1.0 1.0 1.0 0.5375000000000009 0.012500000000006284 
0.02499999999999236 1.0 1.0 1.0 0.7750000000000083 0.0 0.0 0.0 0.0 0.0 0.0 0.0 0.0 0.0 0.36249999999999793 0.8874999999999947 1.0 1.0 1.0 0.02500000000001279 
1.0 1.0 1.0 0.8250000000000082 0.0 0.0 0.0 0.0 0.0 0.0 0.0 0.0 0.0 0.0 0.0 0.7749999999999879 1.0 1.0 1.0 0.02500000000001279 
0.0 0.03749999999999609 0.437500000000004 0.0 0.0 0.0 0.0 0.0 0.0 0.0 0.0 0.0 0.0 0.0 0.0 0.7749999999999879 1.0 1.0 1.0 0.02500000000001279 
0.0 0.0 0.0 0.0 0.0 0.0 0.0 0.0 0.0 0.0 0.0 0.0 0.0 0.0 0.0 0.7749999999999879 1.0 1.0 1.0 0.02500000000001279 
0.0 0.0 0.0 0.0 0.0 0.0 0.0 0.0 0.0 0.0 0.0 0.0 0.0 0.0 0.36249999999999666 0.8874999999999944 1.0 1.0 0.5375000000000033 0.01250000000000635 
0.0 0.0 0.0 0.0 0.0 0.0 0.0 0.0 0.0 0.0 0.0 0.0 0.3124999999999969 0.5000000000000036 0.8624999999999964 1.0 1.0 0.5625000000000022 0.03750000000000471 0.0 
0.0 0.0 0.0 0.0 0.0 0.0 0.0 0.3749999999999911 1.0 1.0 1.0 1.0 1.0 1.0 1.0 0.6125000000000033 0.08750000000000506 0.0 0.0 0.0 
0.0 0.0 0.0 0.0 0.0 0.0 0.0 0.1874999999999929 0.4999999999999929 0.4999999999999929 0.7624999999999924 1.0 1.0 1.0 1.0 0.6125000000000116 0.08750000000000693 0.0 0.0 0.0 
0.0 0.0 0.0 0.0 0.0 0.0 0.0 0.0 0.0 0.0 0.0 0.0 0.0 0.33749999999999025 0.4999999999999929 0.8874999999999924 1.0 0.5625000000000115 0.03750000000000551 0.0 
0.0 0.0 0.0 0.0 0.0 0.0 0.0 0.0 0.0 0.0 0.0 0.0 0.0 0.0 0.0 0.38749999999998846 0.9124999999999931 1.0 1.0 0.02500000000001279 
0.0 0.0 0.0 0.0 0.0 0.0 0.0 0.0 0.0 0.0 0.0 0.0 0.0 0.0 0.0 0.0 0.8249999999999886 1.0 1.0 0.02500000000001279 
0.0 0.0 0.0 0.0 0.0 0.0 0.0 0.0 0.0 0.0 0.0 0.0 0.0 0.0 0.0 0.0 0.8249999999999886 1.0 1.0 1.0 
1.0 1.0 0.875000000000008 0.0 0.0 0.0 0.0 0.0 0.0 0.0 0.0 0.0 0.0 0.0 0.0 0.0 0.8249999999999886 1.0 1.0 1.0 
1.0 1.0 1.0 0.8250000000000082 0.0 0.0 0.0 0.0 0.0 0.0 0.0 0.0 0.0 0.0 0.0 0.0 0.8249999999999886 1.0 1.0 0.02500000000001279 
0.02499999999999236 1.0 1.0 0.9125000000000065 0.38750000000001517 0.0 0.0 0.0 0.0 0.0 0.0 0.0 0.0 0.0 0.3625000000000057 0.8874999999999972 1.0 1.0 0.5374999999999919 0.01250000000000604 
0.0 0.03749999999999502 0.5624999999999836 1.0 1.0 1.0 0.837500000000009 0.5000000000000142 0.5000000000000142 0.5000000000000142 0.5000000000000142 0.5000000000000142 0.5000000000000142 0.8374999999999997 1.0 1.0 1.0 0.5624999999999929 0.037500000000003905 0.0 
0.0 0.0 0.0 0.08749999999999218 0.4999999999999787 0.6374999999999803 1.0 1.0 1.0 1.0 1.0 1.0 1.0 0.6624999999999905 0.4999999999999787 0.11250000000000124 0.0 0.0 0.0 0.0 
