0.0 0.0 0.0 0.0 0.0 0.0 0.07875000000000267 0.22500000000000497 0.34125000000000794 0.9612499999999956 0.26374999999999976 0.22500000000000497 0.22500000000000497 0.22500000000000497 0.22500000000000497 0.1237500000000009 0.0 0.0 0.0 0.0 
0.0 0.0 0.0 0.0 0.0 0.0 0.3500000000000041 1.0 1.0 1.0 1.0 1.0 1.0 1.0 1.0 0.5499999999999918 0.0 0.0 0.0 0.0 
0.0 0.0 0.0 0.0 0.0 0.05625000000000226 0.4312500000000062 1.0 1.0 1.0 1.0 1.0 1.0 1.0 1.0 0.6062499999999946 0.08125000000000153 0.0 0.0 0.0 
0.0 0.0 0.0 0.0 0.0 0.45000000000000373 1.0 1.0 1.0 1.0 1.0 1.0 1.0 1.0 1.0 1.0 0.6499999999999915 0.0 0.0 0.0 
0.0 0.0 0.0 0.0 0.0 0.45000000000000373 1.0 1.0 1.0 0.9987499999999997 0.976249999999997 0.974999999999997 0.9937499999999995 1.0 1.0 1.0 0.6499999999999915 0.0 0.0 0.0 
0.0 0.0 0.0 0.0 0.0 0.45000000000000373 1.0 1.0 0.9287499999999973 0.49874999999999464 0.026249999999996526 0.0 0.7500000000000071 1.0 1.0 1.0 0.6499999999999915 0.0 0.0 0.0 
0.0 0.0 0.0 0.0 0.508750000000004 0.9587500000000017 1.0 1.0 0.8499999999999952 0.0 0.0 0.0 0.7500000000000071 1.0 1.0 1.0 0.6499999999999915 0.0 0.0 0.0 
0.0 0.0 0.0 0.0 0.5500000000000029 1.0 1.0 0.9062499999999979 0.5312499999999954 0.0 0.0 0.0 0.0 0.6500000000000075 1.0 1.0 1.0 0.7499999999999911 0.0 0.0 
0.0 0.0 0.0 0.0 0.5500000000000029 1.0 1.0 0.7499999999999956 0.0 0.0 0.0 0.0 0.0 0.6500000000000075 1.0 1.0 1.0 0.7499999999999911 0.0 0.0 
0.0 0.0 0.0 0.6500000000000026 1.0 1.0 1.0 0.7499999999999956 0.0 0.0 0.0 0.0 0.0 0.6500000000000075 1.0 1.0 1.0 0.7499999999999911 0.0 0.0 
0.0 0.0 0.0 0.6500000000000026 1.0 1.0 1.0 0.7499999999999956 0.0 0.0 0.0 0.0 0.0 0.6500000000000075 1.0 1.0 1.0 0.7499999999999911 0.0 0.0 
0.0 0.0 0.13124999999999823 0.7112500000000012 1.0 1.0 0.6499999999999959 0.0 0.0 0.0 0.0 0.0 0.0 0.0 0.5500000000000078 1.0 1.0 1.0 0.8499999999999872 0.0 
0.0 0.0 0.750000000000002 1.0 1.0 1.0 0.6499999999999959 0.0 0.0 0.0 0.0 0.0 0.0 0.0 0.5500000000000078 1.0 1.0 1.0 0.8499999999999872 0.0 
0.0 0.0 0.750000000000002 1.0 1.0 1.0 0.676249999999996 0.07499999999999929 0.07499999999999929 0.07499999999999929 0.07499999999999929 0.07499999999999929 0.07499999999999929 0.6762500000000067 1.0 1.0 1.0 1.0 0.8499999999999872 0.0 
0.0 0.0 0.750000000000002 1.0 1.0 1.0 1.0 1.0 1.0 1.0 1.0 1.0 1.0 1.0 1.0 1.0 1.0 1.0 0.8499999999999872 0.0 
0.0 0.8287499999999997 0.9937499999999995 1.0 1.0 1.0 1.0 1.0 1.0 1.0 1.0 1.0 1.0 1.0 1.0 1.0 1.0 1.0 0.9962499999999994 0.9262499999999869 
0.0 0.8500000000000015 1.0 1.0 1.0 0.5499999999999963 0.0 0.0 0.0 0.0 0.0 0.0 0.0 0.0 0.3162500000000061 0.766250000000005 1.0 1.0 1.0 0.9499999999999886 
0.0 0.8500000000000015 1.0 1.0 0.5187499999999994 0.06875000000000149 0.0 0.0 0.0 0.0 0.0 0.0 0.0 0.0 0.0 0.45000000000000817 1.0 1.0 1.0 0.9499999999999886 
0.9500000000000011 1.0 1.0 1.0 0.44999999999999707 0.0 0.0 0.0 0.0 0.0 0.0 0.0 0.0 0.0 0.0 0.45000000000000817 1.0 1.0 1.0 0.9499999999999886 
0.9500000000000011 1.0 1.0 1.0 0.44999999999999707 0.0 0.0 0.0 0.0 0.0 0.0 0.0 0.0 0.0 0.0 0.10125000000000407 0.49625000000000985 1.0 1.0 0.9499999999999886 
