0.026249999999998327 0.596250000000003 0.8812500000000031 0.5250000000000057 0.7387500000000016 1.0 1.0 1.0 0.5962500000000058 0.5250000000000057 0.5250000000000057 0.5250000000000057 0.5250000000000057 0.5250000000000057 0.7387500000000028 0.7387500000000045 0.5250000000000057 0.8812500000000014 0.5962500000000058 0.5250000000000057 
0.04999999999999627 1.0 1.0 1.0 1.0 1.0 1.0 1.0 1.0 1.0 1.0 1.0 1.0 1.0 1.0 1.0 1.0 1.0 1.0 1.0 
0.01874999999999838 0.37499999999999556 0.37499999999999556 0.37499999999999556 0.37499999999999556 0.37499999999999556 0.37499999999999556 0.37499999999999556 0.37499999999999556 0.37499999999999556 0.37499999999999556 0.37499999999999556 0.5312499999999944 1.0 1.0 1.0 1.0 1.0 1.0 1.0 
0.0 0.0 0.0 0.0 0.0 0.0 0.0 0.0 0.0 0.0 0.0 0.0 0.0 0.34999999999999787 1.0 1.0 1.0 1.0 1.0 0.05000000000000071 
0.0 0.0 0.0 0.0 0.0 0.0 0.0 0.0 0.0 0.0 0.0 0.0 0.24999999999999645 1.0 1.0 1.0 1.0 1.0 0.15000000000000213 0.0 
0.0 0.0 0.0 0.0 0.0 0.0 0.0 0.0 0.0 0.0 0.0 0.14999999999999858 1.0 1.0 1.0 1.0 1.0 0.25 0.0 0.0 
0.0 0.0 0.0 0.0 0.0 0.0 0.0 0.0 0.0 0.0 0.04999999999999716 1.0 1.0 1.0 1.0 1.0 0.3500000000000014 0.0 0.0 0.0 
0.0 0.0 0.0 0.0 0.0 0.0 0.0 0.0 0.0 0.0 1.0 1.0 1.0 1.0 1.0 0.45000000000000284 0.0 0.0 0.0 0.0 
0.0 0.0 0.0 0.0 0.0 0.0 0.0 0.0 0.0 0.9499999999999957 1.0 1.0 1.0 1.0 0.5500000000000007 0.0 0.0 0.0 0.0 0.0 
0.0 0.0 0.0 0.0 0.0 0.0 0.0 0.0 0.8499999999999979 1.0 1.0 1.0 0.7562500000000031 0.01624999999999913 0.0 0.0 0.0 0.0 0.0 0.0 
0.0 0.0 0.0 0.0 0.0 0.0 0.016249999999998998 0.7562499999999971 1.0 1.0 1.0 0.9962500000000003 0.7312500000000045 0.0 0.0 0.0 0.0 0.0 0.0 0.0 
0.0 0.0 0.0 0.0 0.0 0.04124999999999933 0.6762499999999968 1.0 1.0 1.0 0.9500000000000028 0.0 0.0 0.0 0.0 0.0 0.0 0.0 0.0 0.0 
0.0 0.0 0.0 0.0 0.05624999999999958 0.6062499999999967 1.0 1.0 1.0 1.0 0.0 0.0 0.0 0.0 0.0 0.0 0.0 0.0 0.0 0.0 
0.0 0.0 0.0 0.061249999999998396 0.5462499999999957 1.0 1.0 1.0 1.0 0.05000000000000426 0.0 0.0 0.0 0.0 0.0 0.0 0.0 0.0 0.0 0.0 
0.0 0.0 0.05624999999999867 0.4962499999999959 1.0 1.0 1.0 1.0 0.15000000000000213 0.0 0.0 0.0 0.0 0.0 0.0 0.0 0.0 0.0 0.0 0.0 
0.0 0.04124999999999825 0.4562499999999937 1.0 1.0 1.0 1.0 0.25000000000000266 0.0 0.0 0.0 0.0 0.0 0.0 0.0 0.0 0.0 0.0 0.0 0.0 
0.016249999999998575 0.4262499999999939 1.0 1.0 1.0 1.0 0.3500000000000032 0.0 0.0 0.0 0.0 0.0 0.0 0.0 0.0 0.0 0.0 0.0 0.0 0.0 
0.4062499999999909 1.0 1.0 1.0 1.0 1.0 0.5937499999999973 0.3749999999999929 0.3749999999999929 0.3749999999999929 0.3749999999999929 0.3749999999999929 0.3749999999999929 0.3749999999999929 0.3749999999999929 0.3749999999999929 0.3749999999999929 0.3749999999999929 0.3749999999999929 0.3749999999999929 
1.0 1.0 1.0 1.0 1.0 1.0 1.0 1.0 1.0 1.0 1.0 1.0 1.0 1.0 1.0 1.0 1.0 1.0 1.0 1.0 
1.0 1.0 1.0 1.0 1.0 1.0 1.0 1.0 1.0 1.0 1.0 1.0 1.0 1.0 1.0 1.0 1.0 1.0 1.0 1.0 
