0.0 0.0 0.0 0.0 0.0 0.2887500000000012 0.5250000000000057 0.5250000000000057 0.9287499999999999 1.0 1.0 1.0 0.8812500000000031 0.5250000000000057 0.2887500000000035 0.0 0.0 0.0 0.0 0.0 
0.0 0.0 0.1437499999999992 0.5750000000000051 0.7662500000000013 1.0 1.0 1.0 1.0 1.0 1.0 1.0 1.0 1.0 1.0 1.0 0.7237500000000039 0.14375000000000127 0.0 0.0 
0.0 0.09374999999999839 0.718750000000002 1.0 1.0 1.0 1.0 1.0 0.46874999999999756 0.37499999999999556 0.37499999999999556 0.46874999999999534 1.0 1.0 1.0 1.0 1.0 1.0 0.6812500000000046 0.031250000000000666 
0.0337499999999977 0.7237500000000024 1.0 1.0 1.0 1.0 0.5612499999999994 0.0812499999999998 0.0 0.0 0.0 0.0 0.0 0.11374999999999781 0.6287499999999973 1.0 1.0 1.0 1.0 0.6912500000000042 
0.04999999999999627 1.0 1.0 1.0 1.0 0.45000000000000373 0.0 0.0 0.0 0.0 0.0 0.0 0.0 0.0 0.0 0.5499999999999972 1.0 1.0 1.0 1.0 
0.04999999999999627 1.0 1.0 1.0 0.5500000000000034 0.0 0.0 0.0 0.0 0.0 0.0 0.0 0.0 0.0 0.0 0.1237499999999982 0.22499999999999787 0.22499999999999787 0.22499999999999787 0.22499999999999787 
0.04999999999999627 1.0 1.0 1.0 0.5500000000000034 0.0 0.0 0.0 0.0 0.0 0.0 0.0 0.0 0.0 0.0 0.0 0.0 0.0 0.0 0.0 
1.0 1.0 1.0 1.0 0.5500000000000034 0.0 0.0 0.0 0.0 0.0 0.0 0.0 0.0 0.0 0.0 0.0 0.0 0.0 0.0 0.0 
1.0 1.0 1.0 1.0 0.5500000000000034 0.0 0.0 0.0 0.0 0.0 0.0 0.0 0.0 0.0 0.0 0.0 0.0 0.0 0.0 0.0 
1.0 1.0 1.0 1.0 0.5500000000000034 0.0 0.0 0.0 0.0 0.0 0.9762500000000013 1.0 1.0 1.0 1.0 1.0 1.0 1.0 1.0 0.9762500000000014 
1.0 1.0 1.0 1.0 0.5500000000000034 0.0 0.0 0.0 0.0 0.0 0.9762500000000013 1.0 1.0 1.0 1.0 1.0 1.0 1.0 1.0 1.0 
1.0 1.0 1.0 1.0 0.5500000000000034 0.0 0.0 0.0 0.0 0.0 0.0 0.0 0.0 0.0 0.0 0.5499999999999972 1.0 1.0 1.0 1.0 
1.0 1.0 1.0 1.0 0.5500000000000034 0.0 0.0 0.0 0.0 0.0 0.0 0.0 0.0 0.0 0.0 0.5499999999999972 1.0 1.0 1.0 1.0 
1.0 1.0 1.0 1.0 0.5500000000000034 0.0 0.0 0.0 0.0 0.0 0.0 0.0 0.0 0.0 0.0 0.5499999999999972 1.0 1.0 1.0 1.0 
1.0 1.0 1.0 1.0 0.5500000000000034 0.0 0.0 0.0 0.0 0.0 0.0 0.0 0.0 0.0 0.0 0.5499999999999972 1.0 1.0 1.0 1.0 
0.7387500000000037 1.0 1.0 1.0 0.5500000000000034 0.0 0.0 0.0 0.0 0.0 0.0 0.0 0.0 0.0 0.0 0.5499999999999972 1.0 1.0 1.0 1.0 
0.04999999999999627 1.0 1.0 1.0 1.0 0.6287500000000001 0.11374999999999955 0.0 0.0 0.0 0.0 0.0 0.0 0.0 0.14624999999999785 0.6962499999999961 1.0 1.0 1.0 0.6912500000000042 
0.0 0.14999999999999636 1.0 1.0 1.0 1.0 0.5937499999999973 0.3749999999999929 0.05624999999999973 0.0 0.0 0.0562499999999984 0.3749999999999929 0.593749999999994 1.0 1.0 1.0 1.0 0.6812500000000068 0.0312500000000008 
0.0 0.0 0.14374999999999866 0.7237500000000003 1.0 1.0 1.0 1.0 1.0 1.0 1.0 1.0 1.0 1.0 1.0 1.0 0.7237500000000024 0.1437500000000007 0.0 0.0 
0.0 0.0 0.0 0.0 0.2362500000000008 0.5250000000000057 0.8337500000000004 1.0 1.0 1.0 1.0 1.0 1.0 1.0 0.7862500000000029 0.23625000000000404 0.0 0.0 0.0 0.0 
