0.0 0.0 0.0 0.08749999999999467 0.4999999999999929 0.6374999999999906 1.0 1.0 1.0 1.0 1.0 1.0 1.0 1.0 0.6374999999999995 0.4999999999999929 0.08750000000000444 0.0 0.0 0.0 
0.0 0.03749999999999566 0.5624999999999909 1.0 1.0 1.0 1.0 1.0 1.0 1.0 1.0 1.0 1.0 1.0 1.0 1.0 1.0 0.5625000000000002 0.037500000000004544 0.0 
0.02499999999999236 1.0 1.0 1.0 1.0 1.0 0.8375000000000058 0.3125000000000072 0.0 0.0 0.0 0.0 0.31249999999999745 0.8374999999999965 1.0 1.0 1.0 1.0 0.5375000000000009 0.012500000000006284 
0.5124999999999927 1.0 1.0 1.0 0.887500000000005 0.3625000000000068 0.0 0.0 0.0 0.0 0.0 0.0 0.0 0.0 0.36249999999999793 0.8874999999999947 1.0 1.0 1.0 0.02500000000001279 
1.0 1.0 1.0 1.0 0.7750000000000083 0.0 0.0 0.0 0.0 0.0 0.0 0.0 0.0 0.0 0.0 0.7749999999999879 1.0 1.0 1.0 1.0 
0.0 0.0 0.0 0.0 0.0 0.0 0.0 0.0 0.0 0.0 0.0 0.0 0.0 0.0 0.0 0.7749999999999879 1.0 1.0 1.0 1.0 
0.0 0.0 0.0 0.0 0.0 0.0 0.0 0.0 0.0 0.0 0.0 0.0 0.0 0.0 0.7249999999999908 1.0 1.0 1.0 1.0 0.5125000000000064 
0.0 0.0 0.0 0.0 0.0 0.0 0.0 0.0 0.0 0.0 0.0 0.0 0.0 0.67499999999999 1.0 1.0 1.0 1.0 0.5375000000000033 0.01250000000000635 
0.0 0.0 0.0 0.0 0.0 0.0 0.0 0.0 0.0 0.0 0.0 0.28749999999999637 0.812499999999996 1.0 1.0 1.0 1.0 0.5625000000000022 0.03750000000000471 0.0 
0.0 0.0 0.0 0.0 0.0 0.0 0.0 0.0 0.0 0.0 0.2624999999999976 0.7874999999999959 1.0 1.0 1.0 1.0 0.17500000000001137 0.0 0.0 0.0 
0.0 0.0 0.0 0.0 0.0 0.0 0.0 0.0 0.0 0.47499999999999076 1.0 1.0 1.0 1.0 0.6374999999999995 0.11250000000000444 0.0 0.0 0.0 0.0 
0.0 0.0 0.0 0.0 0.0 0.0 0.0 0.18749999999999822 0.7124999999999991 1.0 1.0 1.0 1.0 0.32500000000000995 0.0 0.0 0.0 0.0 0.0 0.0 
0.0 0.0 0.0 0.0 0.0 0.0 0.3249999999999913 1.0 1.0 1.0 1.0 1.0 0.6875000000000009 0.16250000000000267 0.0 0.0 0.0 0.0 0.0 0.0 
0.0 0.0 0.0 0.0 0.11249999999999823 0.6375000000000035 1.0 1.0 1.0 1.0 0.7374999999999987 0.21250000000000116 0.0 0.0 0.0 0.0 0.0 0.0 0.0 0.0 
0.0 0.0 0.0 0.08749999999999777 0.612500000000004 1.0 1.0 1.0 1.0 0.7624999999999995 0.2374999999999992 0.0 0.0 0.0 0.0 0.0 0.0 0.0 0.0 0.0 
0.0 0.0 0.124999999999992 1.0 1.0 1.0 1.0 0.8124999999999991 0.2874999999999968 0.0 0.0 0.0 0.0 0.0 0.0 0.0 0.0 0.0 0.0 0.0 
0.012499999999996536 0.5375000000000092 1.0 1.0 1.0 1.0 0.8374999999999997 0.31249999999999556 0.0 0.0 0.0 0.0 0.0 0.0 0.0 0.0 0.0 0.0 0.0 0.0 
0.5125000000000101 1.0 1.0 1.0 1.0 1.0 0.837500000000009 0.3125000000000133 0.0 0.0 0.0 0.0 0.0 0.0 0.0 0.0 0.0 0.0 0.0 0.0 
1.0 1.0 1.0 1.0 1.0 1.0 1.0 1.0 1.0 1.0 1.0 1.0 1.0 1.0 1.0 1.0 1.0 1.0 1.0 1.0 
0.5124999999999754 1.0 1.0 1.0 1.0 1.0 1.0 1.0 1.0 1.0 1.0 1.0 1.0 1.0 1.0 1.0 1.0 1.0 1.0 1.0 
