0.0 0.0 0.0 0.0 0.11812499999999983 0.5250000000000021 0.6793750000000011 1.0 1.0 1.0 1.0 1.0 1.0 1.0 0.6556250000000009 0.11812499999999936 0.0 0.0 0.0 0.0 
0.0 0.0 0.07187499999999922 0.6493750000000009 1.0 1.0 1.0 1.0 1.0 1.0 1.0 1.0 1.0 1.0 1.0 1.0 1.0 0.6281250000000002 0.04312499999999769 0.0 
0.0 0.07499999999999796 1.0 1.0 1.0 1.0 1.0 0.7656249999999999 0.2156249999999987 0.0 0.0 0.2156249999999987 0.3749999999999982 0.7968749999999999 1.0 1.0 1.0 1.0 0.6531250000000001 0.015624999999996936 
0.02499999999999769 1.0 1.0 1.0 1.0 0.7250000000000005 0.0 0.0 0.0 0.0 0.0 0.0 0.0 0.0 0.2356249999999993 0.8481250000000011 1.0 1.0 1.0 0.024999999999995026 
0.02499999999999769 1.0 1.0 1.0 0.7750000000000012 0.0 0.0 0.0 0.0 0.0 0.0 0.0 0.0 0.0 0.0 0.7750000000000021 1.0 1.0 1.0 1.0 
0.02499999999999769 1.0 1.0 1.0 0.7750000000000012 0.0 0.0 0.0 0.0 0.0 0.0 0.0 0.0 0.0 0.0 0.7750000000000021 1.0 1.0 1.0 1.0 
0.02499999999999769 1.0 1.0 1.0 0.7750000000000012 0.0 0.0 0.0 0.0 0.0 0.0 0.0 0.0 0.0 0.0 0.7750000000000021 1.0 1.0 1.0 1.0 
0.02499999999999769 1.0 1.0 1.0 1.0 0.7250000000000005 0.0 0.0 0.0 0.0 0.0 0.0 0.0 0.0 0.0 0.7750000000000021 1.0 1.0 1.0 0.14687499999999565 
0.0 0.005624999999999793 0.19062499999999774 1.0 1.0 1.0 0.9756250000000003 0.5781250000000012 0.0 0.0 0.0 0.0 0.5781250000000004 0.9250000000000007 0.9793750000000003 1.0 1.0 1.0 0.1443749999999954 0.0018749999999996092 
0.0 0.0 0.0 0.004374999999999713 0.24437499999999768 1.0 1.0 1.0 1.0 1.0 1.0 1.0 1.0 1.0 1.0 1.0 0.19562499999999605 0.0031249999999997335 0.0 0.0 
0.0 0.0018750000000001088 0.14687500000000014 1.0 1.0 1.0 1.0 0.9906249999999992 0.9749999999999979 0.9749999999999979 0.9749999999999979 0.9749999999999979 0.9749999999999979 0.9918749999999993 1.0 1.0 1.0 0.1468749999999984 0.0018750000000000533 0.0 
0.02499999999999769 1.0 1.0 1.0 1.0 0.7250000000000005 0.0 0.0 0.0 0.0 0.0 0.0 0.0 0.0 0.6706250000000018 0.9831250000000004 1.0 1.0 1.0 0.0981249999999947 
1.0 1.0 1.0 1.0 0.7750000000000012 0.0 0.0 0.0 0.0 0.0 0.0 0.0 0.0 0.0 0.0 0.0 0.8250000000000028 1.0 1.0 1.0 
1.0 1.0 1.0 1.0 0.7750000000000012 0.0 0.0 0.0 0.0 0.0 0.0 0.0 0.0 0.0 0.0 0.0 0.8250000000000028 1.0 1.0 1.0 
1.0 1.0 1.0 0.8250000000000015 0.0 0.0 0.0 0.0 0.0 0.0 0.0 0.0 0.0 0.0 0.0 0.0 0.8250000000000028 1.0 1.0 1.0 
1.0 1.0 1.0 1.0 0.7750000000000012 0.0 0.0 0.0 0.0 0.0 0.0 0.0 0.0 0.0 0.0 0.0 0.8250000000000028 1.0 1.0 1.0 
0.02499999999999769 1.0 1.0 1.0 0.8481250000000015 0.23562500000000222 0.0 0.0 0.0 0.0 0.0 0.0 0.0 0.0 0.23562500000000253 0.8481250000000021 1.0 1.0 1.0 1.0 
0.015624999999998557 0.6531249999999993 1.0 1.0 1.0 1.0 0.7968750000000004 0.375 0.375 0.375 0.375 0.375 0.375 0.7968750000000004 1.0 1.0 1.0 1.0 0.6531249999999984 0.015624999999996891 
0.0 0.0 0.07187499999999933 0.6493750000000017 1.0 1.0 1.0 1.0 1.0 1.0 1.0 1.0 1.0 1.0 1.0 1.0 0.6493750000000011 0.5750000000000028 0.04312499999999776 0.0 
0.0 0.0 0.0 0.0 0.11812500000000063 0.5250000000000057 0.5250000000000057 0.7031250000000031 1.0 1.0 1.0 1.0 1.0 0.6793750000000035 0.5250000000000057 0.11812500000000016 0.0 0.0 0.0 0.0 
