0.0 0.0 0.0 0.0 0.11812499999999983 0.5250000000000021 0.6793750000000011 1.0 1.0 1.0 1.0 1.0 1.0 1.0 0.6556250000000009 0.11812499999999936 0.0 0.0 0.0 0.0 
0.0 0.0 0.12499999999999822 1.0 1.0 1.0 1.0 1.0 1.0 1.0 1.0 1.0 1.0 1.0 1.0 1.0 1.0 0.6281250000000002 0.04312499999999769 0.0 
0.015624999999998602 0.6531250000000008 1.0 1.0 1.0 1.0 1.0 0.7656249999999999 0.3749999999999982 0.19687499999999852 0.0 0.2156249999999987 0.3749999999999982 0.7968749999999999 1.0 1.0 1.0 1.0 1.0 0.024999999999995026 
0.6831250000000008 1.0 1.0 1.0 1.0 0.7250000000000005 0.0 0.0 0.0 0.0 0.0 0.0 0.0 0.0 0.2356249999999993 0.8481250000000011 1.0 1.0 1.0 0.683125 
1.0 1.0 1.0 1.0 0.7750000000000012 0.0 0.0 0.0 0.0 0.0 0.0 0.0 0.0 0.0 0.0 0.21312499999999948 0.8731250000000018 1.0 1.0 1.0 
1.0 1.0 1.0 1.0 0.7750000000000012 0.0 0.0 0.0 0.0 0.0 0.0 0.0 0.0 0.0 0.0 0.0 0.8250000000000028 1.0 1.0 1.0 
1.0 1.0 1.0 1.0 0.7750000000000012 0.0 0.0 0.0 0.0 0.0 0.0 0.0 0.0 0.0 0.0 0.0 0.8250000000000028 1.0 1.0 1.0 
1.0 1.0 1.0 1.0 0.7750000000000012 0.0 0.0 0.0 0.0 0.0 0.0 0.0 0.0 0.0 0.0 0.0 0.8250000000000028 1.0 1.0 1.0 
1.0 1.0 1.0 1.0 0.7750000000000012 0.0 0.0 0.0 0.0 0.0 0.0 0.0 0.0 0.0 0.0 0.0 0.8250000000000028 1.0 1.0 1.0 
1.0 1.0 1.0 1.0 0.7750000000000012 0.0 0.0 0.0 0.0 0.0 0.0 0.0 0.0 0.0 0.0 0.0 0.8250000000000028 1.0 1.0 1.0 
1.0 1.0 1.0 1.0 0.7750000000000012 0.0 0.0 0.0 0.0 0.0 0.0 0.0 0.0 0.0 0.0 0.0 0.8250000000000028 1.0 1.0 1.0 
1.0 1.0 1.0 1.0 0.7750000000000012 0.0 0.0 0.0 0.0 0.0 0.0 0.0 0.0 0.0 0.0 0.0 0.8250000000000028 1.0 1.0 1.0 
1.0 1.0 1.0 1.0 0.7750000000000012 0.0 0.0 0.0 0.0 0.0 0.0 0.0 0.0 0.0 0.0 0.0 0.8250000000000028 1.0 1.0 1.0 
1.0 1.0 1.0 1.0 0.7750000000000012 0.0 0.0 0.0 0.0 0.0 0.0 0.0 0.0 0.0 0.0 0.0 0.8250000000000028 1.0 1.0 1.0 
1.0 1.0 1.0 1.0 0.7750000000000012 0.0 0.0 0.0 0.0 0.0 0.0 0.0 0.0 0.0 0.0 0.0 0.8250000000000028 1.0 1.0 1.0 
1.0 1.0 1.0 1.0 0.7750000000000012 0.0 0.0 0.0 0.0 0.0 0.0 0.0 0.0 0.0 0.0 0.0 0.8250000000000028 1.0 1.0 1.0 
0.02499999999999769 1.0 1.0 1.0 0.8481250000000015 0.23562500000000222 0.0 0.0 0.0 0.0 0.0 0.0 0.0 0.0 0.23562500000000253 0.8481250000000021 1.0 1.0 1.0 1.0 
0.015624999999998557 0.6531249999999993 1.0 1.0 1.0 1.0 0.7968750000000004 0.375 0.375 0.19687499999999947 0.0 0.21562499999999973 0.375 0.375 0.8281250000000009 1.0 1.0 1.0 0.6531249999999984 0.015624999999996891 
0.0 0.0 0.07187499999999933 0.6493750000000017 1.0 1.0 1.0 1.0 1.0 1.0 1.0 1.0 1.0 1.0 1.0 1.0 0.6493750000000011 0.5750000000000028 0.04312499999999776 0.0 
0.0 0.0 0.0 0.0 0.11812500000000063 0.5250000000000057 0.5250000000000057 0.7031250000000031 1.0 1.0 1.0 1.0 1.0 0.6793750000000035 0.5250000000000057 0.11812500000000016 0.0 0.0 0.0 0.0 
