0.0 0.9249999999999995 1.0 1.0 0.3800000000000002 0.055000000000000056 0.0 0.0 0.0 0.0 0.0 0.0 0.0 0.0 0.0 0.0 0.17499999999999716 1.0 1.0 0.9750000000000014 
0.0 0.9249999999999994 1.0 1.0 1.0 0.27500000000000124 0.0 0.0 0.0 0.0 0.0 0.0 0.0 0.0 0.0 0.13499999999999848 0.669999999999998 1.0 1.0 0.9750000000000014 
0.0 0.9249999999999995 1.0 1.0 1.0 0.999999999999999 0.3250000000000006 0.0 0.0 0.0 0.0 0.0 0.0 0.0 0.0 0.22499999999999787 1.0 1.0 1.0 0.9750000000000014 
0.0 0.9249999999999996 1.0 1.0 1.0 1.0 0.32500000000000107 0.0 0.0 0.0 0.0 0.0 0.0 0.0 0.2749999999999968 1.0 1.0 1.0 1.0 0.9750000000000014 
0.0 0.9249999999999995 1.0 1.0 1.0 1.0 0.8649999999999989 0.3000000000000007 0.0 0.0 0.0 0.0 0.0 0.0 0.2749999999999968 1.0 1.0 1.0 1.0 0.9750000000000014 
0.0 0.9249999999999995 1.0 1.0 1.0 1.0 1.0 0.4999999999999999 0.08499999999999926 0.0 0.0 0.0 0.0 0.3249999999999975 1.0 1.0 1.0 1.0 1.0 0.9750000000000014 
0.0 0.9249999999999995 1.0 1.0 1.0 1.0 1.0 1.0 0.4250000000000016 0.0 0.0 0.0 0.22499999999999815 0.7299999999999975 1.0 1.0 1.0 1.0 1.0 0.9750000000000014 
0.0 0.9249999999999995 1.0 1.0 1.0 1.0 1.0 1.0 0.4250000000000016 0.0 0.0 0.0 0.3749999999999982 1.0 1.0 1.0 1.0 1.0 1.0 0.9750000000000014 
0.0 0.9249999999999994 1.0 1.0 1.0 1.0 1.0 1.0 1.0 0.6849999999999992 0.3999999999999968 0.6549999999999965 1.0 0.8700000000000021 0.6000000000000032 0.6900000000000016 1.0 1.0 1.0 0.9750000000000014 
0.0 0.9249999999999995 1.0 1.0 1.0 0.42000000000000304 0.20000000000000284 0.20000000000000284 0.6599999999999999 1.0 1.0 1.0 0.7000000000000025 0.13500000000000242 0.0 0.22499999999999787 1.0 1.0 1.0 0.9750000000000014 
0.0 0.9249999999999995 1.0 1.0 0.22500000000000098 0.0 0.0 0.0 0.5749999999999984 1.0 1.0 0.9150000000000024 0.5000000000000041 0.0 0.0 0.17999999999999924 0.835000000000003 1.0 1.0 0.9750000000000014 
0.0 0.9249999999999995 1.0 1.0 0.22500000000000098 0.0 0.0 0.0 0.23000000000000162 0.715000000000001 1.0 0.5750000000000028 0.0 0.0 0.0 0.13499999999999784 0.6699999999999956 1.0 1.0 0.9750000000000014 
0.0 0.9249999999999995 1.0 1.0 0.22500000000000098 0.0 0.0 0.0 0.0 0.5249999999999986 1.0 0.5750000000000028 0.0 0.0 0.0 0.22499999999999787 1.0 1.0 1.0 0.9750000000000014 
0.0 0.9249999999999995 1.0 1.0 0.22500000000000098 0.0 0.0 0.0 0.0 0.3150000000000018 0.3150000000000039 0.0 0.0 0.0 0.0 0.22499999999999787 1.0 1.0 1.0 0.9750000000000014 
0.0 0.9249999999999995 1.0 1.0 0.22500000000000098 0.0 0.0 0.0 0.0 0.0 0.0 0.0 0.0 0.0 0.0 0.22499999999999787 1.0 1.0 1.0 0.9750000000000014 
0.0 0.9249999999999995 1.0 1.0 0.22500000000000098 0.0 0.0 0.0 0.0 0.0 0.0 0.0 0.0 0.0 0.0 0.22499999999999787 1.0 1.0 1.0 0.9750000000000014 
0.0 0.9249999999999994 1.0 1.0 0.22500000000000098 0.0 0.0 0.0 0.0 0.0 0.0 0.0 0.0 0.0 0.0 0.22499999999999787 1.0 1.0 1.0 0.9750000000000014 
0.0 0.9249999999999995 1.0 1.0 0.22500000000000098 0.0 0.0 0.0 0.0 0.0 0.0 0.0 0.0 0.0 0.0 0.22499999999999787 1.0 1.0 1.0 0.9750000000000014 
0.9749999999999996 1.0 1.0 1.0 0.22500000000000098 0.0 0.0 0.0 0.0 0.0 0.0 0.0 0.0 0.0 0.0 0.22499999999999787 1.0 1.0 0.9700000000000021 0.5850000000000057 
0.19500000000000617 0.9400000000000001 1.0 1.0 0.22500000000000098 0.0 0.0 0.0 0.0 0.0 0.0 0.0 0.0 0.0 0.0 0.22499999999999787 1.0 1.0 0.9250000000000043 0.0 
