0.0 0.0 0.0 0.0 0.0 0.0 0.32499999999999785 0.8749999999999996 1.0 1.0 1.0 0.8499999999999979 0.0 0.0 0.0 0.0 0.0 0.0 0.0 0.0 
0.0 0.0 0.0 0.0 0.0 0.0 0.6500000000000004 1.0 1.0 1.0 1.0 1.0 0.75 0.0 0.0 0.0 0.0 0.0 0.0 0.0 
0.0 0.0 0.0 0.0 0.0 0.0 0.6500000000000004 1.0 1.0 1.0 1.0 1.0 0.75 0.0 0.0 0.0 0.0 0.0 0.0 0.0 
0.0 0.0 0.0 0.0 0.0 0.5499999999999998 1.0 1.0 1.0 1.0 1.0 1.0 0.8749999999999996 0.3249999999999981 0.0 0.0 0.0 0.0 0.0 0.0 
0.0 0.0 0.0 0.0 0.0 0.5499999999999998 1.0 1.0 1.0 1.0 1.0 1.0 1.0 0.6499999999999986 0.0 0.0 0.0 0.0 0.0 0.0 
0.0 0.0 0.0 0.0 0.4500000000000002 1.0 1.0 1.0 1.0 1.0 1.0 1.0 1.0 0.8249999999999986 0.2749999999999976 0.0 0.0 0.0 0.0 0.0 
0.0 0.0 0.0 0.0 0.4500000000000002 1.0 1.0 1.0 1.0 1.0 1.0 1.0 1.0 1.0 0.5499999999999972 0.0 0.0 0.0 0.0 0.0 
0.0 0.0 0.0 0.17500000000000004 0.7250000000000001 1.0 1.0 1.0 0.5749999999999993 0.025000000000000355 0.5250000000000004 1.0 1.0 1.0 0.5499999999999972 0.0 0.0 0.0 0.0 0.0 
0.0 0.0 0.0 0.3500000000000001 1.0 1.0 1.0 1.0 0.14999999999999858 0.0 0.05000000000000071 1.0 1.0 1.0 1.0 0.4499999999999993 0.0 0.0 0.0 0.0 
0.0 0.0 0.125 0.675 1.0 1.0 1.0 0.6249999999999996 0.07499999999999929 0.0 0.025000000000000355 0.5750000000000011 1.0 1.0 1.0 0.4499999999999993 0.0 0.0 0.0 0.0 
0.0 0.0 0.25 1.0 1.0 1.0 1.0 0.2499999999999991 0.0 0.0 0.0 0.15000000000000213 1.0 1.0 1.0 1.0 0.34999999999999787 0.0 0.0 0.0 
0.0 0.0 0.25 1.0 1.0 1.0 0.6749999999999998 0.12499999999999956 0.0 0.0 0.0 0.07500000000000107 0.625 1.0 1.0 1.0 0.34999999999999787 0.0 0.0 0.0 
0.0 0.1499999999999999 1.0 1.0 1.0 1.0 0.34999999999999964 0.0 0.0 0.0 0.0 0.0 0.25 1.0 1.0 1.0 1.0 0.24999999999999645 0.0 0.0 
0.0 0.1499999999999999 1.0 1.0 1.0 0.7249999999999981 0.17499999999999857 0.0 0.0 0.0 0.0 0.0 0.12499999999999911 0.6749999999999984 1.0 1.0 1.0 0.24999999999999645 0.0 0.0 
0.04999999999999982 1.0 1.0 1.0 1.0 0.4500000000000002 0.0 0.0 0.0 0.0 0.0 0.0 0.0 0.3500000000000014 1.0 1.0 1.0 0.6250000000000009 0.07499999999999982 0.0 
0.04999999999999982 1.0 1.0 1.0 1.0 1.0 1.0 1.0 1.0 1.0 1.0 1.0 1.0 1.0 1.0 1.0 1.0 1.0 0.14999999999999858 0.0 
0.5249999999999999 1.0 1.0 1.0 1.0 1.0 1.0 1.0 1.0 1.0 1.0 1.0 1.0 1.0 1.0 1.0 1.0 1.0 0.5749999999999993 0.02499999999999858 
1.0 1.0 1.0 1.0 0.7749999999999999 0.5 0.5 0.5 0.5 0.5 0.5 0.5 0.5 0.5 0.7250000000000014 1.0 1.0 1.0 1.0 0.04999999999999716 
1.0 1.0 1.0 0.825 0.2749999999999999 0.0 0.0 0.0 0.0 0.0 0.0 0.0 0.0 0.0 0.0 0.5500000000000007 1.0 1.0 1.0 0.5249999999999986 
1.0 1.0 1.0 0.6499999999999999 0.0 0.0 0.0 0.0 0.0 0.0 0.0 0.0 0.0 0.0 0.0 0.27500000000000036 0.8250000000000011 1.0 1.0 1.0 
