0.0 0.0 0.0 0.0 0.0 0.0 0.0 0.0 0.0 0.0 0.0 0.0 0.153125 1.0 1.0 1.0 1.0 1.0 0.42499999999999005 0.0 
0.0 0.0 0.0 0.0 0.0 0.0 0.0 0.0 0.0 0.0 0.0 0.0 0.9406250000000066 1.0 1.0 1.0 1.0 1.0 0.42499999999999005 0.0 
0.0 0.0 0.0 0.0 0.0 0.0 0.0 0.0 0.0 0.0 0.0 0.9250000000000114 1.0 1.0 1.0 1.0 1.0 1.0 0.42499999999999005 0.0 
0.0 0.0 0.0 0.0 0.0 0.0 0.0 0.0 0.0 0.005625000000002869 0.9806250000000066 1.0 1.0 1.0 1.0 1.0 1.0 1.0 0.42499999999999005 0.0 
0.0 0.0 0.0 0.0 0.0 0.0 0.0 0.0 0.0 1.0 1.0 1.0 1.0 1.0 1.0 1.0 1.0 1.0 0.42499999999999005 0.0 
0.0 0.0 0.0 0.0 0.0 0.0 0.0 0.0 0.9306250000000014 1.0 1.0 1.0 1.0 0.07499999999999929 0.7918750000000117 1.0 1.0 1.0 0.42499999999999005 0.0 
0.0 0.0 0.0 0.0 0.0 0.0 0.0 0.36562500000001086 1.0 1.0 1.0 0.7456249999999949 0.0 0.0 0.0 1.0 1.0 1.0 0.42499999999999005 0.0 
0.0 0.0 0.0 0.0 0.0 0.0 0.17500000000001137 1.0 1.0 1.0 0.39062499999999123 0.0 0.0 0.0 0.0 1.0 1.0 1.0 0.42499999999999005 0.0 
0.0 0.0 0.0 0.0 0.0 0.2250000000000103 1.0 1.0 1.0 0.9749999999999872 0.0 0.0 0.0 0.0 0.0 1.0 1.0 1.0 0.42499999999999005 0.0 
0.0 0.0 0.0 0.0 0.275000000000011 1.0 1.0 1.0 0.92499999999999 0.0 0.0 0.0 0.0 0.0 0.0 1.0 1.0 1.0 0.42499999999999005 0.0 
0.0 0.0 0.0 0.2193750000000087 1.0 1.0 1.0 0.8749999999999876 0.0 0.0 0.0 0.0 0.0 0.0 0.0 1.0 1.0 1.0 0.42499999999999005 0.0 
0.0 0.0 0.009375000000002399 1.0 1.0 1.0 0.8249999999999886 0.0 0.0 0.0 0.0 0.0 0.0 0.0 0.0 1.0 1.0 1.0 0.42499999999999005 0.0 
0.0 0.0 1.0 1.0 1.0 0.9156249999999946 0.0 0.0 0.0 0.0 0.0 0.0 0.0 0.0 0.0 1.0 1.0 1.0 0.42499999999999005 0.0 
0.0 1.0 1.0 1.0 1.0 0.0 0.0 0.0 0.0 0.0 0.0 0.0 0.0 0.0 0.0 1.0 1.0 1.0 0.42499999999999005 0.0 
1.0 1.0 1.0 1.0 1.0 0.058125000000006935 0.0 0.0 0.0 0.0 0.0 0.0 0.0 0.0 0.7918750000000141 1.0 1.0 1.0 0.4681249999999965 0.0 
1.0 1.0 1.0 1.0 1.0 1.0 1.0 1.0 1.0 1.0 1.0 1.0 1.0 1.0 1.0 1.0 1.0 1.0 1.0 0.4749999999999872 
1.0 1.0 1.0 1.0 1.0 1.0 1.0 1.0 1.0 1.0 1.0 1.0 1.0 1.0 1.0 1.0 1.0 1.0 1.0 0.8818750000000039 
0.0 0.0 0.0 0.0 0.0 0.0 0.0 0.0 0.0 0.0 0.0 0.0 0.0 0.0 0.0 1.0 1.0 1.0 0.42499999999999005 0.0 
0.0 0.0 0.0 0.0 0.0 0.0 0.0 0.0 0.0 0.0 0.0 0.0 0.0 0.0 0.0 1.0 1.0 1.0 0.42499999999999005 0.0 
0.0 0.0 0.0 0.0 0.0 0.0 0.0 0.0 0.0 0.0 0.0 0.0 0.0 0.0 0.0 1.0 1.0 1.0 0.42499999999999005 0.0 
