0.0 1.0 1.0 1.0 1.0 1.0 1.0 1.0 1.0 1.0 1.0 1.0 1.0 1.0 1.0 1.0 1.0 1.0 1.0 0.42500000000001137 
0.0 1.0 1.0 1.0 1.0 1.0 1.0 1.0 1.0 1.0 1.0 1.0 1.0 1.0 1.0 1.0 1.0 1.0 1.0 0.42500000000001137 
0.0 1.0 1.0 1.0 1.0 0.0 0.0 0.0 0.0 0.0 0.0 0.0 0.0 0.0 0.0 0.0 0.0 0.0 0.0 0.0 
0.0 1.0 1.0 1.0 1.0 0.0 0.0 0.0 0.0 0.0 0.0 0.0 0.0 0.0 0.0 0.0 0.0 0.0 0.0 0.0 
0.0 1.0 1.0 1.0 1.0 0.0 0.0 0.0 0.0 0.0 0.0 0.0 0.0 0.0 0.0 0.0 0.0 0.0 0.0 0.0 
0.0 1.0 1.0 1.0 1.0 0.0 0.0 0.0 0.0 0.0 0.0 0.0 0.0 0.0 0.0 0.0 0.0 0.0 0.0 0.0 
0.0 1.0 1.0 1.0 1.0 0.19500000000000536 0.0 0.2249999999999952 0.6000000000000014 1.0 1.0 0.6900000000000045 0.6000000000000014 0.0 0.0 0.0 0.0 0.0 0.0 0.0 
0.0 1.0 1.0 1.0 1.0 1.0 1.0 1.0 1.0 1.0 1.0 1.0 1.0 1.0 1.0 1.0 0.9750000000000157 4.440892098501131e-16 0.0 0.0 
0.0 1.0 1.0 1.0 1.0 1.0 0.5999999999999979 0.0 0.0 0.0 0.0 0.0 0.0 0.2849999999999913 1.0 1.0 1.0 1.0 0.2750000000000128 0.0 
0.0 1.0 1.0 1.0 1.0 0.0 0.0 0.0 0.0 0.0 0.0 0.0 0.0 0.0 0.0 1.0 1.0 1.0 1.0 0.3400000000000094 
0.0 0.0 0.0 0.0 0.0 0.0 0.0 0.0 0.0 0.0 0.0 0.0 0.0 0.0 0.0 0.0 1.0 1.0 1.0 0.5400000000000107 
0.0 0.0 0.0 0.0 0.0 0.0 0.0 0.0 0.0 0.0 0.0 0.0 0.0 0.0 0.0 0.0 1.0 1.0 1.0 1.0 
0.0 0.0 0.0 0.0 0.0 0.0 0.0 0.0 0.0 0.0 0.0 0.0 0.0 0.0 0.0 0.0 1.0 1.0 1.0 1.0 
0.0 0.0 0.0 0.0 0.0 0.0 0.0 0.0 0.0 0.0 0.0 0.0 0.0 0.0 0.0 0.0 1.0 1.0 1.0 1.0 
0.33999999999999814 0.8000000000000043 0.8000000000000043 0.8000000000000043 0.14000000000000629 0.0 0.0 0.0 0.0 0.0 0.0 0.0 0.0 0.0 0.0 0.1399999999999928 1.0 1.0 1.0 0.5400000000000067 
0.4249999999999954 1.0 1.0 1.0 0.17500000000000693 0.0 0.0 0.0 0.0 0.0 0.0 0.0 0.0 0.0 0.0 0.034999999999998505 1.0 1.0 1.0 0.42500000000001137 
0.16999999999999754 1.0 1.0 1.0 0.6700000000000039 0.0 0.0 0.0 0.0 0.0 0.0 0.0 0.0 0.0 0.0 0.6699999999999972 1.0 1.0 1.0 0.17000000000000395 
0.0 0.274999999999995 1.0 1.0 1.0 1.0 0.0 0.0 0.0 0.0 0.0 0.0 0.0 0.0 1.0 1.0 1.0 1.0 0.2750000000000128 0.0 
0.0 0.0 0.07499999999999699 0.9899999999999973 1.0 1.0 1.0 1.0 1.0 1.0 1.0 1.0 1.0 1.0 1.0 1.0 0.6000000000000014 0.0750000000000087 0.0 0.0 
0.0 0.0 0.0 0.0 0.0 0.7399999999999944 1.0 1.0 1.0 1.0 1.0 1.0 1.0 1.0 0.20000000000000284 0.0 0.0 0.0 0.0 0.0 
