1.0 1.0 1.0 1.0 0.0 0.0 0.0 0.0 0.0 0.0 0.0 0.0 0.0 0.0 0.6700000000000057 1.0 1.0 1.0 1.0 0.3299999999999884 
1.0 1.0 1.0 1.0 0.0 0.0 0.0 0.0 0.0 0.0 0.0 0.0 7.105427357601002e-15 1.0 1.0 1.0 1.0 0.9999999999999962 0.09499999999999577 0.0 
1.0 1.0 1.0 1.0 0.0 0.0 0.0 0.0 0.0 0.0 0.0 0.17500000000000462 1.0 1.0 1.0 1.0 0.8249999999999954 0.0 0.0 0.0 
1.0 1.0 1.0 1.0 0.0 0.0 0.0 0.0 0.0 0.0 1.0 1.0 1.0 1.0 1.0 0.0 0.0 0.0 0.0 0.0 
1.0 1.0 1.0 1.0 0.0 0.0 0.0 0.0 0.0 0.8300000000000045 1.0 1.0 1.0 1.0 0.1699999999999954 0.0 0.0 0.0 0.0 0.0 
1.0 1.0 1.0 1.0 0.0 0.0 0.0 3.552713678800501e-15 1.0 1.0 1.0 1.0 0.0749999999999881 0.0 0.0 0.0 0.0 0.0 0.0 0.0 
1.0 1.0 1.0 1.0 0.5650000000000026 0.27500000000000924 0.4200000000000107 1.0 1.0 1.0 1.0 0.5799999999999905 0.0 0.0 0.0 0.0 0.0 0.0 0.0 0.0 
1.0 1.0 1.0 1.0 1.0 1.0 1.0 1.0 1.0 1.0 0.0 0.0 0.0 0.0 0.0 0.0 0.0 0.0 0.0 0.0 
1.0 1.0 1.0 1.0 1.0 1.0 1.0 1.0 0.219999999999989 0.0 0.0 0.0 0.0 0.0 0.0 0.0 0.0 0.0 0.0 0.0 
1.0 1.0 1.0 1.0 1.0 1.0 1.0 0.9999999999999964 0.0 0.0 0.0 0.0 0.0 0.0 0.0 0.0 0.0 0.0 0.0 0.0 
1.0 1.0 1.0 1.0 1.0 1.0 1.0 0.9999999999999989 0.1349999999999994 0.0 0.0 0.0 0.0 0.0 0.0 0.0 0.0 0.0 0.0 0.0 
1.0 1.0 1.0 1.0 1.0 1.0 1.0 1.0 1.0 0.41500000000000203 0.0 0.0 0.0 0.0 0.0 0.0 0.0 0.0 0.0 0.0 
1.0 1.0 1.0 1.0 1.0 1.0 1.0 1.0 1.0 1.0 0.7499999999999993 0.0 0.0 0.0 0.0 0.0 0.0 0.0 0.0 0.0 
1.0 1.0 1.0 1.0 0.0 0.0 0.05499999999999956 1.0 1.0 1.0 1.0 0.945000000000001 0.0 0.0 0.0 0.0 0.0 0.0 0.0 0.0 
1.0 1.0 1.0 1.0 0.0 0.0 0.0 0.0 0.7400000000000017 1.0 1.0 1.0 1.0 0.19999999999999574 0.0 0.0 0.0 0.0 0.0 0.0 
1.0 1.0 1.0 1.0 0.0 0.0 0.0 0.0 0.0 0.34499999999999825 1.0 1.0 1.0 1.0 0.6550000000000018 0.0 0.0 0.0 0.0 0.0 
1.0 1.0 1.0 1.0 0.0 0.0 0.0 0.0 0.0 0.0 0.08999999999999901 1.0 1.0 1.0 1.0 0.5999999999999943 0.0 0.0 0.0 0.0 
1.0 1.0 1.0 1.0 0.0 0.0 0.0 0.0 0.0 0.0 0.0 0.0 1.0 1.0 1.0 1.0 1.0 0.0 0.0 0.0 
1.0 1.0 1.0 1.0 0.0 0.0 0.0 0.0 0.0 0.0 0.0 0.0 0.0 0.41999999999999543 1.0 1.0 1.0 1.0 0.19999999999999574 0.0 
1.0 1.0 1.0 1.0 0.0 0.0 0.0 0.0 0.0 0.0 0.0 0.0 0.0 0.0 0.6000000000000014 1.0 1.0 1.0 1.0 0.8950000000000002 
