0.0 0.0 0.0 0.0 0.0 0.0 0.0 0.0 0.0 0.1293750000000025 0.5543750000000007 1.0 1.0 1.0 1.0 0.3250000000000046 0.0 0.0 0.0 0.0 
0.0 0.0 0.0 0.0 0.0 0.0 0.01687499999999975 0.5906250000000033 0.6750000000000045 0.8618750000000014 1.0 1.0 1.0 1.0 1.0 0.3250000000000046 0.0 0.0 0.0 0.0 
0.0 0.0 0.0 0.0 0.040625000000001375 0.2781250000000032 1.0 1.0 1.0 1.0 1.0 1.0 1.0 1.0 1.0 0.3250000000000046 0.0 0.0 0.0 0.0 
0.0 0.0 0.0 0.27312500000000234 0.7131250000000028 1.0 1.0 1.0 1.0 1.0 1.0 1.0 1.0 1.0 1.0 0.3250000000000046 0.0 0.0 0.0 0.0 
0.0 0.775000000000002 1.0 1.0 1.0 1.0 0.9993749999999999 0.9781249999999974 0.974999999999997 0.9893749999999987 1.0 1.0 1.0 1.0 1.0 0.3250000000000046 0.0 0.0 0.0 0.0 
0.0 0.775000000000002 1.0 1.0 1.0 0.9168749999999997 0.5118749999999981 0.06562500000000018 0.0 0.30187499999999784 0.7268749999999973 1.0 1.0 1.0 1.0 0.3250000000000046 0.0 0.0 0.0 0.0 
0.0 0.05812499999999823 0.07499999999999751 0.5143749999999996 0.6993749999999986 0.06187499999999796 0.0 0.0 0.0 0.0 0.42499999999999716 1.0 1.0 1.0 1.0 0.3250000000000046 0.0 0.0 0.0 0.0 
0.0 0.0 0.0 0.0 0.0 0.0 0.0 0.0 0.0 0.0 0.42499999999999716 1.0 1.0 1.0 1.0 0.3250000000000046 0.0 0.0 0.0 0.0 
0.0 0.0 0.0 0.0 0.0 0.0 0.0 0.0 0.0 0.0 0.42499999999999716 1.0 1.0 1.0 1.0 0.3250000000000046 0.0 0.0 0.0 0.0 
0.0 0.0 0.0 0.0 0.0 0.0 0.0 0.0 0.0 0.0 0.42499999999999716 1.0 1.0 1.0 0.7731250000000008 0.23562500000000322 0.0 0.0 0.0 0.0 
0.0 0.0 0.0 0.0 0.0 0.0 0.0 0.0 0.0 0.0 0.42499999999999716 1.0 1.0 1.0 0.17500000000000426 0.0 0.0 0.0 0.0 0.0 
0.0 0.0 0.0 0.0 0.0 0.0 0.0 0.0 0.0 0.5749999999999984 1.0 1.0 1.0 1.0 0.17500000000000426 0.0 0.0 0.0 0.0 0.0 
0.0 0.0 0.0 0.0 0.0 0.0 0.0 0.0 0.0 0.5749999999999984 1.0 1.0 1.0 1.0 0.17500000000000426 0.0 0.0 0.0 0.0 0.0 
0.0 0.0 0.0 0.0 0.0 0.0 0.0 0.0 0.0 0.5749999999999984 1.0 1.0 1.0 1.0 0.17500000000000426 0.0 0.0 0.0 0.0 0.0 
0.0 0.0 0.0 0.0 0.0 0.0 0.0 0.0 0.0 0.5749999999999984 1.0 1.0 1.0 1.0 0.17500000000000426 0.0 0.0 0.0 0.0 0.0 
0.0 0.0 0.0 0.0 0.0 0.0 0.0 0.0 0.0 0.5749999999999984 1.0 1.0 1.0 1.0 0.17500000000000426 0.0 0.0 0.0 0.0 0.0 
0.0 0.0 0.0 0.0 0.0 0.0 0.0 0.0 0.0 0.5749999999999984 1.0 1.0 1.0 1.0 0.5256250000000001 0.13812500000000105 0.0 0.0 0.0 0.0 
0.8093749999999988 0.8749999999999964 0.8749999999999964 0.8749999999999964 0.8749999999999964 0.8749999999999964 0.8749999999999964 0.8749999999999964 0.8749999999999964 0.9468749999999982 1.0 1.0 1.0 1.0 1.0 0.9156249999999981 0.8749999999999964 0.8749999999999964 0.8749999999999964 0.8093750000000004 
0.9250000000000025 1.0 1.0 1.0 1.0 1.0 1.0 1.0 1.0 1.0 1.0 1.0 1.0 1.0 1.0 1.0 1.0 1.0 1.0 0.9250000000000043 
0.9250000000000025 1.0 1.0 1.0 1.0 1.0 1.0 1.0 1.0 1.0 1.0 1.0 1.0 1.0 1.0 1.0 1.0 1.0 1.0 0.9250000000000043 
