0.0 0.0 0.0 0.0 0.0 0.0 0.0 0.0 0.0 0.0 0.0 0.0 0.0 0.0 0.0 0.6062500000000192 1.0 1.0 1.0 1.0 
0.0 1.0 1.0 1.0 1.0 0.8937499999999933 0.0 0.0 0.0 0.0 0.0 0.0 0.0 0.0 0.0 1.0 1.0 1.0 1.0 1.0 
0.0 1.0 1.0 1.0 1.0 0.7499999999999929 0.0 0.0 0.0 0.0 0.0 0.0 0.0 0.0 0.0 1.0 1.0 1.0 1.0 0.9062499999999911 
0.0 1.0 1.0 1.0 1.0 0.7499999999999929 0.0 0.0 0.0 0.0 0.0 0.0 0.0 0.0 0.0 1.0 1.0 1.0 1.0 0.7499999999999858 
0.0 1.0 1.0 1.0 1.0 0.7499999999999929 0.0 0.0 0.0 0.0 0.0 0.0 0.0 0.0 0.0 1.0 1.0 1.0 1.0 0.7499999999999858 
0.0 1.0 1.0 1.0 1.0 0.7499999999999929 0.0 0.0 0.0 0.0 0.0 0.0 0.0 0.0 0.0 1.0 1.0 1.0 1.0 0.7499999999999858 
0.0 1.0 1.0 1.0 1.0 0.0 0.0 0.0 0.0 0.0 0.0 0.0 0.0 0.0 0.0 1.0 1.0 1.0 1.0 0.0 
0.0 1.0 1.0 1.0 1.0 0.09375000000000977 0.0 0.0 0.0 0.1250000000000142 0.1250000000000142 0.1250000000000142 0.1250000000000142 1.0 1.0 1.0 1.0 1.0 1.0 0.0 
0.0 1.0 1.0 1.0 1.0 1.0 1.0 1.0 1.0 1.0 1.0 1.0 1.0 1.0 1.0 1.0 1.0 1.0 1.0 0.0 
0.018750000000009683 1.0 1.0 1.0 1.0 1.0 1.0 1.0 1.0 1.0 1.0 1.0 1.0 1.0 1.0 1.0 1.0 1.0 1.0 0.0 
0.7500000000000036 1.0 1.0 1.0 1.0 1.0 1.0 1.0 1.0 1.0 1.0 1.0 0.024999999999984368 0.024999999999984368 0.75625000000001 1.0 1.0 1.0 1.0 0.0 
0.7500000000000036 1.0 1.0 1.0 1.0 0.0 0.0 0.0 0.0 0.0 0.0 0.0 0.0 0.0 0.7500000000000142 1.0 1.0 1.0 1.0 0.0 
0.7500000000000036 1.0 1.0 1.0 1.0 0.0 0.0 0.0 0.0 0.0 0.0 0.0 0.0 0.0 0.7500000000000142 1.0 1.0 1.0 1.0 0.0 
0.7500000000000036 1.0 1.0 1.0 1.0 0.0 0.0 0.0 0.0 0.0 0.0 0.0 0.0 0.0 0.7500000000000142 1.0 1.0 1.0 1.0 0.0 
0.7500000000000036 1.0 1.0 1.0 1.0 0.0 0.0 0.0 0.0 0.0 0.0 0.0 0.0 0.0 0.7500000000000142 1.0 1.0 1.0 1.0 0.0 
0.7500000000000036 1.0 1.0 1.0 1.0 0.0 0.0 0.0 0.0 0.0 0.0 0.0 0.0 0.0 0.931250000000006 1.0 1.0 1.0 1.0 0.0 
1.0 1.0 1.0 1.0 1.0 0.0 0.0 0.0 0.0 0.0 0.0 0.0 0.0 0.0 1.0 1.0 1.0 1.0 1.0 0.0 
1.0 1.0 1.0 1.0 1.0 0.0 0.0 0.0 0.0 0.0 0.0 0.0 0.0 0.0 1.0 1.0 1.0 1.0 1.0 0.0 
1.0 1.0 1.0 1.0 1.0 0.0 0.0 0.0 0.0 0.0 0.0 0.0 0.0 0.0 1.0 1.0 1.0 0.8562499999999875 0.1062499999999897 0.0 
1.0 1.0 1.0 1.0 0.1187499999999952 0.0 0.0 0.0 0.0 0.0 0.0 0.0 0.0 0.0 0.0 0.0 0.0 0.0 0.0 0.0 
