0.0 0.0 0.0 0.0 0.0 0.42500000000001137 0.6693749999999998 1.0 1.0 1.0 1.0 1.0 1.0 1.0 1.0 1.0 1.0 1.0 0.52562500000002 0.0 
0.0 0.0 0.171875000000005 1.0 1.0 1.0 1.0 1.0 1.0 1.0 1.0 1.0 1.0 1.0 1.0 1.0 1.0 1.0 1.0 0.0 
0.0 0.17499999999999183 1.0 1.0 1.0 1.0 1.0 1.0 1.0 1.0 1.0 0.9156249999999937 0.8749999999999876 0.8749999999999876 1.0 1.0 1.0 1.0 1.0 0.7250000000000227 
0.0 1.0 1.0 1.0 1.0 1.0 0.5856250000000063 0.0031249999999988453 0.0 0.0 0.0 0.0 0.0 0.0 1.0 1.0 1.0 1.0 1.0 0.0 
0.5981250000000037 1.0 1.0 1.0 1.0 1.0 0.0 0.0 0.0 0.0 0.0 0.0 0.0 0.0 0.0043749999999969265 1.0 0.1749999999999865 0.1749999999999865 0.1749999999999865 0.0 
0.7249999999999925 1.0 1.0 1.0 1.0 1.0 0.0 0.0 0.0 0.0 0.0 0.0 0.0 0.0 0.0 0.0 0.0 0.0 0.0 0.0 
0.7249999999999925 1.0 1.0 1.0 1.0 1.0 0.0 0.0 0.0 0.0 0.0 0.0 0.0 0.0 0.0 0.0 0.0 0.0 0.0 0.0 
0.7249999999999925 1.0 1.0 1.0 1.0 1.0 0.0 0.0 0.0 0.0 0.0 0.0 0.0 0.0 0.0 0.0 0.0 0.0 0.0 0.0 
0.7249999999999925 1.0 1.0 1.0 1.0 0.025000000000011013 0.0 0.0 0.0 0.0 0.0 0.0 0.0 0.0 0.0 0.0 0.0 0.0 0.18562500000000873 0.0 
0.7249999999999925 1.0 1.0 1.0 1.0 0.025000000000011013 0.0 0.0 0.0 0.7749999999999844 1.0 1.0 1.0 1.0 1.0 1.0 1.0 1.0 1.0 1.0 
0.7249999999999925 1.0 1.0 1.0 1.0 0.025000000000011013 0.0 0.0 0.0 1.0 1.0 1.0 1.0 1.0 1.0 1.0 1.0 1.0 1.0 0.7250000000000227 
0.7249999999999925 1.0 1.0 1.0 1.0 0.025000000000011013 0.0 0.0 0.0 1.0 1.0 1.0 1.0 1.0 1.0 1.0 1.0 1.0 1.0 0.7250000000000227 
0.7249999999999925 1.0 1.0 1.0 1.0 0.025000000000011013 0.0 0.0 0.0 0.0 0.0 0.0 0.0 0.0 0.0 1.0 1.0 1.0 1.0 0.7250000000000227 
1.0 1.0 1.0 1.0 1.0 0.025000000000011013 0.0 0.0 0.0 0.0 0.0 0.0 0.0 0.0 0.0 1.0 1.0 1.0 1.0 0.7250000000000227 
1.0 1.0 1.0 1.0 1.0 0.025000000000011013 0.0 0.0 0.0 0.0 0.0 0.0 0.0 0.0 0.008124999999995346 1.0 1.0 1.0 1.0 0.7250000000000227 
1.0 1.0 1.0 1.0 1.0 0.025000000000011013 0.0 0.0 0.0 0.0 0.0 0.0 0.0 0.0 1.0 1.0 1.0 1.0 1.0 0.7250000000000227 
1.0 1.0 1.0 1.0 1.0 1.0 0.025000000000019895 0.0 0.0 0.0 0.0 0.016875000000013005 1.0 1.0 1.0 1.0 1.0 1.0 1.0 0.7250000000000227 
0.7249999999999925 1.0 1.0 1.0 1.0 1.0 1.0 1.0 1.0 1.0 1.0 1.0 1.0 1.0 1.0 1.0 1.0 1.0 1.0 0.0 
0.0 1.0 1.0 1.0 1.0 1.0 1.0 1.0 1.0 1.0 1.0 1.0 0.9093750000000075 0.0 0.0 0.4749999999999801 1.0 1.0 1.0 0.0 
0.0 0.0 0.26562499999998557 1.0 1.0 1.0 1.0 1.0 1.0 1.0 0.42499999999998295 0.0 0.0 0.0 0.0 0.0 0.0 0.0 0.0 0.0 
