0.0 0.0 0.0 0.0 0.0 0.21875000000000136 0.5937500000000014 1.0 1.0 1.0 1.0 1.0 1.0 1.0 1.0 1.0 1.0 1.0 0.625 0.0 
0.0 0.0 0.018750000000000676 0.16875000000000268 0.8812500000000014 1.0 1.0 1.0 1.0 1.0 1.0 1.0 1.0 1.0 1.0 1.0 1.0 1.0 0.9812499999999994 0.8312499999999986 
0.0 0.6250000000000017 1.0 1.0 1.0 1.0 1.0 1.0 1.0 1.0 1.0 1.0 1.0 1.0 1.0 1.0 1.0 1.0 0.625 0.0 
0.8750000000000018 1.0 1.0 1.0 1.0 1.0 1.0 1.0 1.0 1.0 1.0 1.0 1.0 1.0 1.0 1.0 1.0 1.0 0.625 0.0 
0.0 0.0 0.31875000000000053 0.8499999999999979 0.8499999999999979 0.9437499999999994 1.0 1.0 1.0 1.0 1.0 1.0 1.0 1.0 1.0 1.0 1.0 1.0 0.625 0.0 
0.0 0.0 0.0 0.0 0.0 0.0 0.3750000000000009 1.0 1.0 1.0 1.0 1.0 1.0 1.0 1.0 1.0 1.0 1.0 0.625 0.0 
0.0 0.0 0.0 0.0 0.0 0.0 0.3750000000000009 1.0 1.0 1.0 1.0 1.0 1.0 1.0 1.0 1.0 1.0 1.0 0.625 0.0 
0.0 0.0 0.0 0.0 0.0 0.0 0.3750000000000009 1.0 1.0 1.0 1.0 1.0 1.0 1.0 1.0 1.0 1.0 1.0 0.625 0.0 
0.0 0.0 0.0 0.0 0.0 0.0 0.3750000000000009 1.0 1.0 1.0 1.0 1.0 1.0 1.0 1.0 1.0 1.0 1.0 0.625 0.0 
0.0 0.0 0.0 0.0 0.0 0.6250000000000013 1.0 1.0 1.0 1.0 1.0 1.0 1.0 1.0 1.0 1.0 1.0 1.0 0.625 0.0 
0.0 0.0 0.0 0.0 0.0 0.6250000000000013 1.0 1.0 1.0 1.0 1.0 1.0 1.0 1.0 1.0 1.0 1.0 0.375 0.0 0.0 
0.0 0.0 0.0 0.0 0.0 0.6250000000000013 1.0 1.0 1.0 1.0 1.0 1.0 1.0 1.0 1.0 1.0 1.0 0.375 0.0 0.0 
0.0 0.0 0.0 0.0 0.0 0.6250000000000013 1.0 1.0 1.0 1.0 1.0 1.0 1.0 1.0 1.0 1.0 1.0 0.375 0.0 0.0 
0.0 0.0 0.0 0.0 0.0 0.6250000000000013 1.0 1.0 1.0 1.0 1.0 1.0 1.0 1.0 1.0 1.0 1.0 0.375 0.0 0.0 
0.0 0.0 0.0 0.0 0.0 0.6250000000000013 1.0 1.0 1.0 1.0 1.0 1.0 1.0 1.0 1.0 1.0 1.0 0.375 0.0 0.0 
0.0 0.0 0.0 0.0 0.0 0.6250000000000013 1.0 1.0 1.0 1.0 1.0 1.0 1.0 1.0 1.0 1.0 1.0 0.375 0.0 0.0 
0.0 0.0 0.0 0.06875000000000127 0.48125000000000445 0.8312500000000023 1.0 1.0 1.0 1.0 1.0 1.0 1.0 1.0 1.0 0.875 0.125 0.0 0.0 0.0 
0.0 0.0 0.0 0.12500000000000133 0.8750000000000013 1.0 1.0 1.0 1.0 1.0 1.0 1.0 1.0 1.0 1.0 0.875 0.125 0.0 0.0 0.0 
0.0 0.0 0.0 0.12500000000000133 0.8750000000000013 1.0 1.0 1.0 1.0 1.0 1.0 1.0 1.0 1.0 1.0 0.875 0.125 0.0 0.0 0.0 
0.0 0.0 0.0 0.043749999999999754 0.30624999999999547 0.7562499999999988 1.0 1.0 1.0 1.0 1.0 1.0 1.0 1.0 1.0 0.875 0.125 0.0 0.0 0.0 
