0.0 0.0 0.0 0.0 0.0 0.39999999999996305 1.0 1.0 1.0 1.0 1.0 1.0 1.0 1.0 0.6999999999999709 0.199999999999973 0.0 0.0 0.0 0.0 
0.0 0.0 0.0999999999999833 1.0 1.0 1.0 1.0 1.0 1.0 1.0 1.0 1.0 1.0 1.0 1.0 1.0 1.0 0.09999999999997851 0.0 0.0 
0.0 0.0 1.0 1.0 1.0 1.0 1.0 0.5000000000000071 3.197442310920451e-14 0.0 0.0 0.0 3.197442310920451e-14 1.0 1.0 1.0 1.0 1.0 0.4999999999999787 0.0 
0.0 1.0 1.0 1.0 1.0 0.6000000000000091 0.0 0.0 0.0 0.0 0.0 0.0 0.0 0.0 0.1000000000000183 1.0 1.0 1.0 1.0 0.4999999999999716 
0.5 1.0 1.0 1.0 1.0 0.0 0.0 0.0 0.0 0.0 0.0 0.0 0.0 0.0 0.0 0.5000000000000213 1.0 1.0 1.0 0.7999999999999752 
0.5 1.0 1.0 1.0 1.0 0.0 0.0 0.0 0.0 0.0 0.0 0.0 0.0 0.0 0.0 0.5000000000000213 1.0 1.0 1.0 1.0 
0.5 1.0 1.0 1.0 1.0 0.0 0.0 0.0 0.0 0.0 0.0 0.0 0.0 0.0 0.0 0.5000000000000213 1.0 1.0 1.0 1.0 
0.9999999999999893 1.0 1.0 1.0 1.0 0.0 0.0 0.0 0.0 0.0 0.0 0.0 0.0 0.0 0.0 0.5000000000000213 1.0 1.0 1.0 1.0 
1.0 1.0 1.0 1.0 0.6000000000000043 0.0 0.0 0.0 0.0 0.0 0.0 0.0 0.0 0.0 0.0 0.5000000000000213 1.0 1.0 1.0 0.5999999999999858 
1.0 1.0 1.0 1.0 0.49999999999999467 0.0 0.0 0.0 0.0 0.0 0.0 0.0 0.0 0.0 0.0 0.8000000000000022 1.0 1.0 1.0 0.4999999999999716 
1.0 1.0 1.0 1.0 0.49999999999999467 0.0 0.0 0.0 0.0 0.0 0.0 0.0 0.0 0.0 0.0 1.0 1.0 1.0 1.0 0.4999999999999716 
1.0 1.0 1.0 1.0 0.49999999999999467 0.0 0.0 0.0 0.0 0.0 0.0 0.0 0.0 0.0 0.0 1.0 1.0 1.0 1.0 0.4999999999999716 
1.0 1.0 1.0 1.0 0.49999999999999467 0.0 0.0 0.0 0.0 0.0 0.0 0.0 0.0 0.0 0.0 1.0 1.0 1.0 1.0 0.4999999999999716 
1.0 1.0 1.0 1.0 0.49999999999999467 0.0 0.0 0.0 0.0 0.0 0.0 0.0 0.0 0.0 0.0 1.0 1.0 1.0 1.0 0.4999999999999716 
1.0 1.0 1.0 1.0 0.29999999999999394 0.0 0.0 0.0 0.0 0.0 0.0 0.0 0.0 0.0 0.0 1.0 1.0 1.0 1.0 0.4999999999999716 
1.0 1.0 1.0 1.0 0.49999999999999467 0.0 0.0 0.0 0.0 0.0 0.0 0.0 0.0 0.0 0.2000000000000064 1.0 1.0 1.0 1.0 0.0 
0.5 1.0 1.0 1.0 1.0 0.1 0.0 0.0 0.0 0.0 0.0 0.0 0.0 0.10000000000000497 1.0 1.0 1.0 1.0 0.8999999999999944 0.0 
0.0 0.5000000000000013 1.0 1.0 1.0 1.0 1.0 0.4999999999999911 0.0 0.0 0.0 0.5000000000000142 1.0 1.0 1.0 1.0 1.0 1.0 0.0 0.0 
0.0 0.0 0.09999999999999484 1.0 1.0 1.0 1.0 1.0 1.0 1.0 1.0 1.0 1.0 1.0 1.0 1.0 0.09999999999999006 0.0 0.0 0.0 
0.0 0.0 0.0 0.0 0.0 0.19999999999999857 1.0 1.0 1.0 1.0 1.0 1.0 1.0 0.3999999999999915 0.0 0.0 0.0 0.0 0.0 0.0 
