0.0 0.0 0.0 0.0 0.0 0.0 0.0 0.0 0.0 0.0 0.0 0.0 0.0 0.31875000000000586 1.0 1.0 1.0 1.0 1.0 0.0 
0.0 0.0 0.0 0.0 0.0 0.0 0.0 0.0 0.0 0.0 0.0 0.0 0.7500000000000142 1.0 1.0 1.0 1.0 1.0 1.0 0.06874999999999698 
0.0 0.0 0.0 0.0 0.0 0.0 0.0 0.0 0.0 0.0 0.0 0.6500000000000128 1.0 1.0 1.0 1.0 1.0 1.0 1.0 0.5499999999999758 
0.0 0.0 0.0 0.0 0.0 0.0 0.0 0.0 0.0 0.0 0.5500000000000114 1.0 1.0 1.0 1.0 1.0 1.0 1.0 1.0 0.20624999999999094 
0.0 0.0 0.0 0.0 0.0 0.0 0.0 0.0 0.0 0.45000000000000995 1.0 1.0 1.0 1.0 1.0 1.0 1.0 1.0 1.0 0.0 
0.0 0.0 0.0 0.0 0.0 0.0 0.0 0.0 0.43125000000000746 1.0 1.0 1.0 1.0 1.0 1.0 1.0 1.0 1.0 1.0 0.0 
0.0 0.0 0.0 0.0 0.0 0.0 0.0 0.2500000000000089 1.0 1.0 1.0 1.0 1.0 0.0 0.0 1.0 1.0 1.0 1.0 0.0 
0.0 0.0 0.0 0.0 0.0 0.0 0.15000000000000746 1.0 1.0 1.0 1.0 1.0 0.0 0.0 0.0 1.0 1.0 1.0 1.0 0.0 
0.0 0.0 0.0 0.0 0.0 0.050000000000007816 1.0 1.0 1.0 1.0 0.7937499999999957 0.0 0.0 0.0 0.0 1.0 1.0 1.0 1.0 0.0 
0.0 0.0 0.0 0.0 0.1187500000000008 1.0 1.0 1.0 1.0 0.54999999999999 0.0 0.0 0.0 0.0 0.0 1.0 1.0 1.0 1.0 0.0 
0.0 0.0 0.0 0.0 1.0 1.0 1.0 1.0 0.6937499999999925 0.0 0.0 0.0 0.0 0.0 0.0 1.0 1.0 1.0 1.0 0.0 
0.0 0.0 0.4687500000000028 1.0 1.0 1.0 1.0 0.8437499999999944 0.0 0.0 0.0 0.0 0.0 0.0 0.0 1.0 1.0 1.0 0.7812499999999858 0.0 
0.0 0.2437500000000013 1.0 1.0 1.0 1.0 0.8499999999999925 0.0 0.0 0.0 0.0 0.0 0.0 0.0 0.950000000000017 1.0 1.0 1.0 0.6499999999999773 0.0 
0.06875000000000031 1.0 1.0 1.0 1.0 0.9499999999999922 0.0 0.0 0.0 0.0 0.0 0.0 0.0 0.0 0.950000000000017 1.0 1.0 1.0 0.6499999999999773 0.0 
1.0 1.0 1.0 1.0 1.0 1.0 0.875 0.875 0.875 0.875 0.875 0.875 0.21874999999998757 0.875 1.0 1.0 1.0 1.0 1.0 0.0 
1.0 1.0 1.0 1.0 1.0 1.0 1.0 1.0 1.0 1.0 1.0 1.0 1.0 1.0 1.0 1.0 1.0 1.0 1.0 1.0 
0.625 0.625 0.625 0.9437500000000019 1.0 1.0 1.0 1.0 1.0 1.0 1.0 1.0 1.0 1.0 1.0 1.0 1.0 1.0 1.0 0.5499999999999758 
0.0 0.0 0.0 0.0 0.0 0.0 0.0 0.0 0.0 0.0 0.0 0.0 0.0 0.0 0.950000000000017 1.0 1.0 1.0 0.6499999999999773 0.0 
0.0 0.0 0.0 0.0 0.0 0.0 0.0 0.0 0.0 0.0 0.0 0.0 0.0 0.0 0.950000000000017 1.0 1.0 1.0 0.08124999999999716 0.0 
0.0 0.0 0.0 0.0 0.0 0.0 0.0 0.0 0.0 0.0 0.0 0.0 0.0 0.0 0.950000000000017 1.0 1.0 1.0 0.0 0.0 
