0.0 0.0 0.0 0.0 0.2750000000000057 1.0 1.0 1.0 1.0 1.0 1.0 0.5468750000000036 0.17187500000000258 0.0 0.0 0.0 0.0 0.0 0.0 0.0 
0.0 0.10312499999999801 0.9781250000000001 1.0 1.0 1.0 1.0 1.0 1.0 1.0 1.0 1.0 1.0 1.0 0.8468750000000034 0.0 0.0 0.0 0.0 0.0 
0.37499999999999645 1.0 1.0 1.0 1.0 0.6249999999999964 0.07812499999999956 0.0 0.0 0.0 0.0 0.3906249999999978 1.0 1.0 1.0 1.0 0.6249999999999964 0.0 0.0 0.0 
1.0 1.0 1.0 1.0 0.0 0.0 0.0 0.0 0.0 0.0 0.0 0.0 0.0 0.12500000000000355 1.0 1.0 1.0 0.8093750000000004 0.0 0.0 
1.0 1.0 1.0 0.3750000000000018 0.0 0.0 0.0 0.0 0.0 0.0 0.0 0.0 0.0 0.0 0.0 1.0 1.0 1.0 0.5406250000000009 0.0 
1.0 1.0 1.0 0.3750000000000018 0.0 0.0 0.0 0.0 0.0 0.0 0.0 0.0 0.0 0.0 0.0 0.0 0.36562500000000264 0.9749999999999979 0.9749999999999979 0.0 
1.0 1.0 1.0 0.3750000000000018 0.0 0.0 0.0 0.0 0.0 0.0 0.0 0.0 0.0 0.0 0.0 0.0 0.0 0.0 0.0 0.0 
1.0 1.0 1.0 0.3750000000000018 0.0 0.0 0.0 0.0 0.0 0.0 0.0 0.0 0.0 0.0 0.0 0.0 0.0 0.0 0.0 0.0 
1.0 1.0 1.0 0.3750000000000018 0.0 0.0 0.0 0.0 0.0 0.0 0.0 0.0 0.0 0.0 0.0 0.0 0.0 0.0 0.0 0.0 
0.5156249999999981 1.0 1.0 1.0 0.0 0.0 0.0 0.0 0.0 0.0 0.875 1.0 1.0 1.0 1.0 1.0 1.0 1.0 0.32187499999999847 0.08437500000000053 
0.37499999999999645 1.0 1.0 1.0 0.0 0.0 0.0 0.0 0.0 0.0 0.875 1.0 1.0 1.0 1.0 1.0 1.0 1.0 1.0 0.375 
0.37499999999999645 1.0 1.0 1.0 0.0 0.0 0.0 0.0 0.0 0.0 0.0 0.0 0.0 0.0 0.0 0.8781250000000027 1.0 1.0 1.0 0.375 
0.37499999999999645 1.0 1.0 1.0 0.0 0.0 0.0 0.0 0.0 0.0 0.0 0.0 0.0 0.0 0.0 0.0 1.0 1.0 1.0 0.375 
0.37499999999999645 1.0 1.0 1.0 0.0 0.0 0.0 0.0 0.0 0.0 0.0 0.0 0.0 0.0 0.0 0.0 1.0 1.0 1.0 1.0 
0.37499999999999645 1.0 1.0 1.0 0.0 0.0 0.0 0.0 0.0 0.0 0.0 0.0 0.0 0.0 0.0 0.0 1.0 1.0 1.0 1.0 
0.0 1.0 1.0 1.0 0.6250000000000018 0.0 0.0 0.0 0.0 0.0 0.0 0.0 0.0 0.0 0.0 0.0 1.0 1.0 1.0 1.0 
0.0 0.11562499999999766 0.9906250000000003 1.0 1.0 0.8750000000000018 0.0 0.0 0.0 0.0 0.0 0.0 0.0 0.0 0.0 0.6250000000000036 1.0 1.0 1.0 0.375 
0.0 0.0 0.0 0.7656250000000016 1.0 1.0 1.0 0.7656249999999956 0.0 0.0 0.0 0.0 0.0 0.07812500000000133 0.9531250000000004 1.0 1.0 1.0 1.0 0.0 
0.0 0.0 0.0 0.0 0.3093749999999996 1.0 1.0 1.0 1.0 1.0 1.0 1.0 1.0 1.0 1.0 1.0 1.0 0.7218749999999996 0.0 0.0 
0.0 0.0 0.0 0.0 0.0 0.0 0.0 0.2750000000000057 0.5468750000000036 1.0 1.0 1.0 1.0 1.0 1.0 0.2750000000000057 0.0 0.0 0.0 0.0 
