0.0 0.0 0.0 0.19999999999999996 0.40000000000000013 0.6000000000000004 0.8000000000000006 1.0 1.0 1.0 1.0 1.0 1.0 1.0 1.0 1.0 1.0 0.9999999999999973 0.7999999999999972 0.599999999999997 
0.36000000000000126 0.48000000000000187 0.6000000000000026 0.6800000000000022 0.7600000000000017 0.8400000000000013 0.9200000000000008 1.0 1.0 1.0 1.0 1.0 1.0 1.0 1.0 1.0 1.0 0.9999999999999973 0.7999999999999972 0.599999999999997 
0.5999999999999993 0.7999999999999995 0.9999999999999998 1.0 1.0 1.0 1.0 1.0 1.0 1.0 1.0 1.0 1.0 1.0 1.0 1.0 1.0 0.9999999999999973 0.7999999999999972 0.599999999999997 
0.5999999999999993 0.7999999999999995 0.9999999999999998 1.0 1.0 1.0 1.0 1.0 1.0 1.0 1.0 1.0 1.0 1.0 1.0 1.0 1.0 0.9999999999999973 0.7999999999999972 0.599999999999997 
0.11999999999999837 0.15999999999999792 0.19999999999999746 0.359999999999998 0.5199999999999987 0.6799999999999993 0.84 1.0 1.0 1.0 1.0 1.0 1.0 1.0 1.0 1.0 1.0 0.9999999999999973 0.7999999999999972 0.599999999999997 
0.0 0.0 0.0 0.0 0.0 0.0 0.0 8.881784197001252e-16 0.20000000000000107 0.40000000000000124 0.6000000000000014 0.8000000000000016 1.0 1.0 1.0 1.0 1.0 0.9999999999999973 0.7999999999999972 0.599999999999997 
0.0 0.0 0.0 0.0 0.0 0.0 0.0 8.881784197001252e-16 0.20000000000000107 0.40000000000000124 0.6000000000000014 0.8000000000000016 1.0 1.0 1.0 1.0 1.0 0.9999999999999973 0.7999999999999972 0.599999999999997 
0.0 0.0 0.0 0.0 0.0 0.0 0.0 8.881784197001252e-16 0.20000000000000107 0.40000000000000124 0.6000000000000014 0.8000000000000016 1.0 1.0 1.0 1.0 1.0 0.9999999999999973 0.7999999999999972 0.599999999999997 
0.0 0.0 0.0 0.0 0.0 0.0 0.0 8.881784197001252e-16 0.20000000000000107 0.40000000000000124 0.6000000000000014 0.8000000000000016 1.0 1.0 1.0 1.0 1.0 0.9999999999999973 0.7999999999999972 0.599999999999997 
0.0 0.0 0.0 0.0 0.0 0.0 0.0 8.881784197001252e-16 0.20000000000000107 0.40000000000000124 0.6000000000000014 0.8000000000000016 1.0 1.0 1.0 1.0 1.0 0.9999999999999973 0.7999999999999972 0.599999999999997 
0.0 0.0 0.0 0.0 0.0 0.0 0.0 8.881784197001252e-16 0.20000000000000107 0.40000000000000124 0.6000000000000014 0.8000000000000016 1.0 1.0 1.0 1.0 1.0 0.9999999999999973 0.7999999999999972 0.599999999999997 
0.0 0.0 0.0 0.0 0.0 0.0 0.0 8.881784197001252e-16 0.20000000000000107 0.40000000000000124 0.6000000000000014 0.8000000000000016 1.0 1.0 1.0 1.0 1.0 0.9999999999999973 0.7999999999999972 0.599999999999997 
0.0 0.0 0.0 0.0 0.0 0.0 0.0 8.881784197001252e-16 0.20000000000000107 0.40000000000000124 0.6000000000000014 0.8000000000000016 1.0 1.0 1.0 1.0 1.0 0.9999999999999973 0.7999999999999972 0.599999999999997 
0.0 0.0 0.0 0.0 0.0 0.0 0.0 8.881784197001252e-16 0.20000000000000107 0.40000000000000124 0.6000000000000014 0.8000000000000016 1.0 1.0 1.0 1.0 1.0 0.9999999999999973 0.7999999999999972 0.599999999999997 
0.0 0.0 0.0 0.0 0.0 0.0 0.0 8.881784197001252e-16 0.20000000000000107 0.40000000000000124 0.6000000000000014 0.8000000000000016 1.0 1.0 1.0 1.0 1.0 0.9999999999999973 0.7999999999999972 0.599999999999997 
0.0 0.0 0.0 0.0 0.0 0.0 0.0 8.881784197001252e-16 0.20000000000000107 0.40000000000000124 0.6000000000000014 0.8000000000000016 1.0 1.0 1.0 1.0 1.0 0.9999999999999973 0.7999999999999972 0.599999999999997 
0.0 0.0 0.0 0.0 0.0 0.0 0.0 8.881784197001252e-16 0.20000000000000107 0.40000000000000124 0.6000000000000014 0.8000000000000016 1.0 1.0 1.0 1.0 1.0 0.9999999999999973 0.7999999999999972 0.599999999999997 
0.0 0.0 0.0 0.0 0.0 0.0 0.0 8.881784197001252e-16 0.20000000000000107 0.40000000000000124 0.6000000000000014 0.8000000000000016 1.0 1.0 1.0 1.0 1.0 0.9999999999999973 0.7999999999999972 0.599999999999997 
0.0 0.0 0.0 0.0 0.0 0.0 0.0 8.881784197001252e-16 0.20000000000000107 0.40000000000000124 0.6000000000000014 0.8000000000000016 1.0 1.0 1.0 1.0 1.0 0.9999999999999973 0.7999999999999972 0.599999999999997 
0.0 0.0 0.0 0.0 0.0 0.0 0.0 8.881784197001252e-16 0.20000000000000107 0.40000000000000124 0.6000000000000014 0.8000000000000016 1.0 1.0 1.0 1.0 1.0 0.9999999999999973 0.7999999999999972 0.599999999999997 
