0.0 0.6250000000000017 1.0 1.0 1.0 1.0 1.0 1.0 1.0 1.0 1.0 1.0 1.0 1.0 1.0 0.8968749999999996 0.2781249999999975 0.06562499999999893 0.0 0.0 
0.0 0.6250000000000017 1.0 0.9343749999999995 0.5406250000000011 0.4750000000000021 0.4750000000000021 0.4750000000000021 0.4750000000000021 0.4750000000000021 0.4750000000000021 0.4750000000000021 0.4750000000000021 0.4750000000000021 0.6718750000000013 1.0 1.0 0.7031249999999987 0.32812499999999867 0.0 
0.0 0.6250000000000017 1.0 0.8749999999999987 0.12499999999999867 0.0 0.0 0.0 0.0 0.0 0.0 0.0 0.0 0.0 0.0468750000000005 0.23437500000000117 0.8906250000000002 1.0 0.9531249999999996 0.7656249999999989 
0.0 0.6250000000000017 1.0 0.8749999999999987 0.12499999999999867 0.0 0.0 0.0 0.0 0.0 0.0 0.0 0.0 0.0 0.0 0.0 0.0 0.625 1.0 0.875 
0.0 0.6250000000000017 1.0 0.8749999999999987 0.12499999999999867 0.0 0.0 0.0 0.0 0.0 0.0 0.0 0.0 0.0 0.0 0.0 0.0 0.625 1.0 0.875 
0.0 0.6250000000000017 1.0 0.8749999999999987 0.12499999999999867 0.0 0.0 0.0 0.0 0.0 0.0 0.0 0.0 0.0 0.0 0.0 0.0 0.625 1.0 0.875 
0.0 0.6250000000000017 1.0 0.8749999999999987 0.12499999999999867 0.0 0.0 0.0 0.0 0.0 0.0 0.0 0.0 0.0 0.0 0.034375000000000266 0.24062500000000187 0.7281250000000008 1.0 0.875 
0.0 0.6250000000000017 1.0 0.8749999999999987 0.12499999999999867 0.0 0.0 0.0 0.0 0.0 0.0 0.0 0.0 0.0 0.0 0.125 0.875 1.0 1.0 0.875 
0.8531250000000046 0.9906250000000012 1.0 0.8749999999999987 0.12499999999999867 0.0 0.0 0.0 0.0 0.0 0.0 0.0 0.0 0.0 0.3656250000000012 0.9781250000000028 0.9968750000000004 1.0 0.6343749999999988 0.021874999999997202 
0.5906249999999972 0.8781249999999988 1.0 1.0 1.0 1.0 1.0 1.0 1.0 1.0 1.0 1.0 1.0 1.0 1.0 1.0 1.0 0.7968749999999971 0.4218749999999971 0.0 
0.0 0.6250000000000017 1.0 1.0 1.0 0.5781249999999964 0.32499999999999574 0.32499999999999574 0.32499999999999574 0.32499999999999574 0.32499999999999574 0.32499999999999574 0.32499999999999574 0.7468749999999984 1.0 1.0 1.0 0.7968750000000027 0.42187500000000266 0.0 
0.0 0.6250000000000017 1.0 0.8749999999999987 0.12499999999999867 0.0 0.0 0.0 0.0 0.0 0.0 0.0 0.0 0.0 0.0 0.125 0.875 1.0 0.6343750000000021 0.021875000000004974 
0.0 0.6250000000000017 1.0 0.8749999999999987 0.12499999999999867 0.0 0.0 0.0 0.0 0.0 0.0 0.0 0.0 0.0 0.0 0.07812499999999911 0.5468749999999938 0.8593749999999973 1.0 0.875 
0.6343750000000088 0.8968750000000036 1.0 0.8749999999999987 0.12499999999999867 0.0 0.0 0.0 0.0 0.0 0.0 0.0 0.0 0.0 0.0 0.0 0.0 0.625 1.0 0.875 
0.8750000000000018 1.0 1.0 0.8749999999999987 0.12499999999999867 0.0 0.0 0.0 0.0 0.0 0.0 0.0 0.0 0.0 0.0 0.0093750000000008 0.0656250000000056 0.6531250000000024 1.0 0.875 
0.5031249999999942 0.8406249999999977 1.0 0.8749999999999987 0.12499999999999867 0.0 0.0 0.0 0.0 0.0 0.0 0.0 0.0 0.0 0.0 0.07187499999999902 0.5031249999999932 0.8406249999999971 1.0 0.875 
0.0 0.6250000000000017 1.0 0.8749999999999987 0.12499999999999867 0.0 0.0 0.0 0.0 0.0 0.0 0.0 0.0 0.0 0.0 0.09687500000000115 0.6781250000000081 0.9156250000000035 1.0 0.875 
0.8750000000000018 1.0 1.0 0.8749999999999987 0.12499999999999867 0.0 0.0 0.0 0.0 0.0 0.0 0.0 0.0 0.0 0.046875000000004 0.23437500000000933 0.8906250000000013 1.0 0.953124999999996 0.7656249999999907 
0.8750000000000018 1.0 1.0 0.9343750000000008 0.5406250000000099 0.4750000000000121 0.4750000000000121 0.4750000000000121 0.4750000000000121 0.4750000000000121 0.4750000000000121 0.4750000000000121 0.4750000000000121 0.4750000000000121 0.6718750000000075 1.0 1.0 0.7031249999999925 0.32812499999999245 0.0 
0.8750000000000018 1.0 1.0 1.0 1.0 1.0 1.0 1.0 1.0 1.0 1.0 1.0 1.0 1.0 1.0 0.8968749999999988 0.2781249999999913 0.06562499999999627 0.0 0.0 
