0.875 1.0 1.0 0.8749999999999987 0.12499999999999822 0.0 0.0 0.0 0.0 0.0 0.0 0.0 0.0 0.0 0.0 0.1250000000000071 0.8750000000000071 1.0 1.0 0.8749999999999911 
0.875 1.0 1.0 0.9312499999999991 0.518749999999998 0.16874999999999857 0.0 0.0 0.0 0.0 0.0 0.0 0.0 0.0 0.16875000000000276 0.5187500000000029 0.9312500000000037 1.0 1.0 0.8749999999999911 
0.21875000000000078 0.7187500000000007 1.0 1.0 1.0 0.3749999999999978 0.0 0.0 0.0 0.0 0.0 0.0 0.0 0.0 0.3750000000000071 1.0 1.0 1.0 0.718749999999995 0.21874999999999856 
0.0 0.6250000000000004 1.0 1.0 1.0 0.3749999999999978 0.0 0.0 0.0 0.0 0.0 0.0 0.0 0.0 0.3750000000000071 1.0 1.0 1.0 0.6249999999999929 0.0 
0.0 0.6250000000000004 1.0 1.0 1.0 0.3749999999999978 0.0 0.0 0.0 0.0 0.0 0.0 0.0 0.0 0.3750000000000071 1.0 1.0 1.0 0.6249999999999929 0.0 
0.0 0.6250000000000004 1.0 1.0 1.0 0.7812499999999994 0.4062499999999985 0.0 0.0 0.0 0.0 0.0 0.0 0.40625000000000366 0.7812500000000027 1.0 1.0 0.5937499999999951 0.21874999999999728 0.0 
0.0 0.03124999999999991 0.4062500000000007 1.0 1.0 1.0 0.6249999999999973 0.0 0.0 0.0 0.0 0.0 0.0 0.6250000000000053 1.0 1.0 1.0 0.3749999999999929 0.0 0.0 
0.0 0.0 0.3750000000000009 1.0 1.0 1.0 0.6249999999999973 0.0 0.0 0.0 0.0 0.0 0.0 0.6250000000000053 1.0 1.0 1.0 0.3749999999999929 0.0 0.0 
0.0 0.0 0.3750000000000009 1.0 1.0 1.0 0.6249999999999973 0.0 0.0 0.0 0.0 0.06875000000000302 0.48125000000000356 0.8312500000000027 1.0 0.931249999999996 0.5187499999999955 0.16874999999999654 0.0 0.0 
0.0 0.0 0.0562499999999996 0.25624999999999987 0.8937500000000014 1.0 0.9437500000000001 0.7437499999999982 0.10624999999999715 0.0 0.0 0.12500000000000533 0.8750000000000053 1.0 1.0 0.8749999999999929 0.1249999999999929 0.0 0.0 0.0 
0.0 0.0 0.0 0.12500000000000133 0.8750000000000018 1.0 1.0 0.8749999999999964 0.12499999999999645 0.0 0.0 0.12500000000000533 0.8750000000000053 1.0 1.0 0.8749999999999929 0.1249999999999929 0.0 0.0 0.0 
0.0 0.0 0.0 0.12500000000000133 0.8750000000000018 1.0 1.0 0.8749999999999964 0.12499999999999645 0.0 0.1687500000000024 0.5187500000000038 0.931250000000003 1.0 1.0 0.8749999999999929 0.1249999999999929 0.0 0.0 0.0 
0.0 0.0 0.0 0.03125000000000011 0.2187499999999989 0.718750000000001 1.0 0.8749999999999964 0.12499999999999645 0.0 0.37500000000000444 1.0 1.0 1.0 0.718749999999994 0.21874999999999667 0.031249999999998 0.0 0.0 0.0 
0.0 0.0 0.0 0.0 0.0 0.6250000000000022 1.0 1.0 1.0 0.40624999999999706 0.40625000000000466 1.0 1.0 1.0 0.6249999999999929 0.0 0.0 0.0 0.0 0.0 
0.0 0.0 0.0 0.0 0.0 0.6250000000000022 1.0 1.0 1.0 1.0 1.0 1.0 1.0 1.0 0.6249999999999929 0.0 0.0 0.0 0.0 0.0 
0.0 0.0 0.0 0.0 0.0 0.6250000000000022 1.0 1.0 1.0 1.0 1.0 1.0 1.0 0.5937499999999952 0.21874999999999617 0.0 0.0 0.0 0.0 0.0 
0.0 0.0 0.0 0.0 0.0 0.031249999999998335 0.4062500000000008 1.0 1.0 1.0 1.0 1.0 1.0 0.37499999999999467 0.0 0.0 0.0 0.0 0.0 0.0 
0.0 0.0 0.0 0.0 0.0 0.0 0.37500000000000266 1.0 1.0 1.0 1.0 1.0 1.0 0.37499999999999467 0.0 0.0 0.0 0.0 0.0 0.0 
0.0 0.0 0.0 0.0 0.0 0.0 0.37500000000000266 1.0 1.0 1.0 1.0 0.9312499999999966 0.5187499999999934 0.16874999999999601 0.0 0.0 0.0 0.0 0.0 0.0 
0.0 0.0 0.0 0.0 0.0 0.0 0.37500000000000266 1.0 1.0 1.0 1.0 0.8749999999999947 0.12499999999999467 0.0 0.0 0.0 0.0 0.0 0.0 0.0 
