0.20249999999999815 0.7674999999999996 1.0 1.0 1.0 1.0 1.0 1.0 1.0 1.0 1.0 0.457499999999999 0.22499999999999787 0.22499999999999787 0.22499999999999787 0.22499999999999787 0.22499999999999787 0.22499999999999787 0.22499999999999787 0.20249999999999815 
0.29250000000000165 0.7975000000000008 1.0 1.0 1.0 1.0 1.0 1.0 1.0 1.0 1.0 1.0 1.0 1.0 1.0 1.0 1.0 1.0 1.0 0.9000000000000004 
0.0 0.6125000000000012 0.8750000000000013 0.8750000000000013 0.8750000000000013 0.8750000000000013 0.8750000000000013 0.8750000000000013 0.8750000000000013 0.8750000000000013 0.8750000000000013 0.8750000000000013 0.9375000000000007 1.0 1.0 1.0 1.0 1.0 1.0 0.9000000000000004 
0.0 0.0 0.0 0.0 0.0 0.0 0.0 0.0 0.0 0.0 0.0 0.0 0.21250000000000036 0.5974999999999999 1.0 1.0 1.0 1.0 0.8275000000000008 0.3825000000000008 
0.0 0.0 0.0 0.0 0.0 0.0 0.0 0.0 0.0 0.0 0.0 0.0 0.012499999999999734 0.31749999999999856 1.0 1.0 1.0 0.9875000000000003 0.6825000000000014 0.0 
0.0 0.0 0.0 0.0 0.0 0.0 0.0 0.0 0.0 0.0 0.0 0.0 0.5 1.0 1.0 1.0 1.0 0.5 0.0 0.0 
0.0 0.0 0.0 0.0 0.0 0.0 0.0 0.0 0.0 0.0 0.0 0.6474999999999999 0.9625000000000004 1.0 1.0 1.0 0.35250000000000015 0.037499999999999645 0.0 0.0 
0.0 0.0 0.0 0.0 0.0 0.0 0.0 0.0 0.0 0.03749999999999987 0.3374999999999998 0.8124999999999996 1.0 1.0 0.9625000000000001 0.6625000000000005 0.18750000000000044 0.0 0.0 0.0 
0.0 0.0 0.0 0.0 0.0 0.0 0.0 0.0 0.0 0.09999999999999964 0.8999999999999995 1.0 1.0 1.0 0.9000000000000004 0.10000000000000142 0.0 0.0 0.0 0.0 
0.0 0.0 0.0 0.0 0.0 0.0 0.0 0.0 0.2999999999999998 1.0 1.0 1.0 0.8624999999999989 0.5074999999999993 0.0 0.0 0.0 0.0 0.0 0.0 
0.0 0.0 0.0 0.0 0.0 0.0 0.0 0.3625000000000007 0.807500000000001 1.0 1.0 1.0 0.5 0.0 0.0 0.0 0.0 0.0 0.0 0.0 
0.0 0.0 0.0 0.0 0.0 0.0 0.12250000000000301 0.5875000000000021 1.0 1.0 1.0 0.3000000000000007 0.0 0.0 0.0 0.0 0.0 0.0 0.0 0.0 
0.0 0.0 0.0 0.0 0.0 0.0 0.7000000000000002 1.0 1.0 0.9374999999999999 0.4374999999999971 0.1124999999999992 0.0 0.0 0.0 0.0 0.0 0.0 0.0 0.0 
0.0 0.0 0.0 0.0 0.10000000000000009 0.8999999999999999 1.0 1.0 0.9774999999999991 0.8324999999999978 0.09250000000000021 0.0 0.0 0.0 0.0 0.0 0.0 0.0 0.0 0.0 
0.0 0.0 0.0 0.15750000000000078 0.572500000000002 0.9525000000000001 1.0 1.0 0.7000000000000002 0.0 0.0 0.0 0.0 0.0 0.0 0.0 0.0 0.0 0.0 0.0 
0.0 0.0 0.0 0.30000000000000027 1.0 1.0 1.0 0.5124999999999975 0.017499999999996522 0.0 0.0 0.0 0.0 0.0 0.0 0.0 0.0 0.0 0.0 0.0 
0.0 0.0 0.5000000000000002 1.0 1.0 1.0 1.0 0.5 0.0 0.0 0.0 0.0 0.0 0.0 0.0 0.0 0.0 0.0 0.0 0.0 
0.0 0.6125000000000027 0.9375000000000018 1.0 1.0 1.0 1.0 0.5 0.0 0.0 0.0 0.0 0.0 0.0 0.0 0.0 0.0 0.0 0.0 0.0 
0.0 0.7000000000000003 1.0 1.0 1.0 1.0 1.0 1.0 1.0 1.0 1.0 1.0 1.0 1.0 1.0 1.0 1.0 1.0 1.0 0.9000000000000004 
0.0 0.1574999999999961 0.22499999999999432 0.22499999999999432 0.22499999999999432 0.22499999999999432 0.7674999999999984 1.0 1.0 1.0 1.0 1.0 1.0 1.0 1.0 1.0 1.0 1.0 1.0 0.9000000000000004 
