0.875 1.0 1.0 1.0 1.0 1.0 1.0 1.0 1.0 1.0 1.0 1.0 1.0 1.0 1.0 1.0 1.0 1.0 1.0 0.8749999999999911 
0.875 1.0 1.0 1.0 1.0 1.0 1.0 1.0 1.0 1.0 1.0 1.0 1.0 1.0 1.0 1.0 1.0 1.0 1.0 0.8749999999999911 
0.21875000000000078 0.2500000000000009 0.2500000000000009 0.2500000000000009 0.2500000000000009 0.2500000000000009 0.2500000000000009 0.2500000000000009 0.2500000000000009 0.2500000000000009 0.2500000000000009 0.2500000000000009 0.2500000000000009 0.2500000000000009 0.5312500000000059 1.0 1.0 1.0 1.0 0.8749999999999911 
0.0 0.0 0.0 0.0 0.0 0.0 0.0 0.0 0.0 0.0 0.0 0.0 0.0 0.0312499999999996 0.4062500000000061 1.0 1.0 1.0 0.6249999999999929 0.0 
0.0 0.0 0.0 0.0 0.0 0.0 0.0 0.0 0.0 0.0 0.0 0.0 0.0 0.6250000000000053 1.0 1.0 1.0 0.7812499999999978 0.4062499999999956 0.0 
0.0 0.0 0.0 0.0 0.0 0.0 0.0 0.0 0.0 0.0 0.0 0.08125000000000351 0.5687500000000038 0.868750000000002 1.0 1.0 1.0 0.3749999999999929 0.0 0.0 
0.0 0.0 0.0 0.0 0.0 0.0 0.0 0.0 0.0 0.0 0.0 0.12500000000000533 0.8750000000000053 1.0 1.0 0.8812499999999932 0.1687499999999931 0.01874999999999958 0.0 0.0 
0.0 0.0 0.0 0.0 0.0 0.0 0.0 0.0 0.0 0.0 0.09375000000000111 0.343750000000004 0.906250000000004 1.0 0.9062499999999982 0.6562499999999947 0.09374999999999467 0.0 0.0 0.0 
0.0 0.0 0.0 0.0 0.0 0.0 0.0 0.0 0.0 0.0 0.37500000000000444 1.0 1.0 1.0 0.6249999999999929 0.0 0.0 0.0 0.0 0.0 
0.0 0.0 0.0 0.0 0.0 0.0 0.0 0.0 0.0 0.5312500000000039 0.9062500000000016 1.0 1.0 0.46874999999999456 0.09374999999999804 0.0 0.0 0.0 0.0 0.0 
0.0 0.0 0.0 0.0 0.0 0.0 0.0 0.0187500000000008 0.1312500000000024 0.6812500000000038 1.0 0.981249999999999 0.8687499999999974 0.31874999999999465 0.0 0.0 0.0 0.0 0.0 0.0 
0.0 0.0 0.0 0.0 0.0 0.0 0.0 0.12500000000000355 0.8750000000000036 1.0 1.0 0.8749999999999947 0.12499999999999467 0.0 0.0 0.0 0.0 0.0 0.0 0.0 
0.0 0.0 0.0 0.0 0.0 0.0 0.28125000000000266 0.7812500000000024 0.9687500000000011 1.0 1.0 0.8749999999999947 0.12499999999999467 0.0 0.0 0.0 0.0 0.0 0.0 0.0 
0.0 0.0 0.0 0.0 0.0 0.031250000000000555 0.406250000000003 1.0 1.0 1.0 0.6249999999999956 0.0 0.0 0.0 0.0 0.0 0.0 0.0 0.0 0.0 
0.0 0.0 0.0 0.0 0.0 0.6250000000000022 1.0 1.0 1.0 0.7812499999999979 0.4062499999999962 0.0 0.0 0.0 0.0 0.0 0.0 0.0 0.0 0.0 
0.0 0.0 0.0 0.08125000000000113 0.568750000000003 0.8687500000000016 1.0 1.0 1.0 0.37499999999999645 0.0 0.0 0.0 0.0 0.0 0.0 0.0 0.0 0.0 0.0 
0.0 0.0 0.0 0.12500000000000133 0.8750000000000018 1.0 1.0 0.8812499999999963 0.16874999999999413 0.018749999999998757 0.0 0.0 0.0 0.0 0.0 0.0 0.0 0.0 0.0 0.0 
0.0 0.0 0.3750000000000009 1.0 1.0 1.0 0.906249999999998 0.6562499999999942 0.09374999999999689 0.0 0.0 0.0 0.0 0.0 0.0 0.0 0.0 0.0 0.0 0.0 
0.0 0.3437500000000029 0.7187500000000031 1.0 1.0 1.0 0.6249999999999973 0.0 0.0 0.0 0.0 0.0 0.0 0.0 0.0 0.0 0.0 0.0 0.0 0.0 
0.0 0.6250000000000004 1.0 1.0 1.0 0.468749999999995 0.09374999999999649 0.0 0.0 0.0 0.0 0.0 0.0 0.0 0.0 0.0 0.0 0.0 0.0 0.0 
