0.8500000000000023 1.0 1.0 1.0 1.0 1.0 1.0 1.0 1.0 1.0 1.0 1.0 1.0 1.0 1.0 1.0 1.0 1.0 1.0 0.8499999999999908 
0.8500000000000023 1.0 1.0 1.0 1.0 0.8424999999999987 0.5500000000000016 0.5500000000000016 0.5500000000000016 0.5500000000000016 0.5500000000000016 0.5500000000000016 0.5500000000000016 0.5500000000000016 0.5500000000000016 0.5500000000000016 0.5500000000000016 0.5500000000000016 0.5500000000000016 0.46749999999999625 
0.8500000000000023 1.0 1.0 1.0 0.5124999999999982 0.16250000000000014 0.0 0.0 0.0 0.0 0.0 0.0 0.0 0.0 0.0 0.0 0.0 0.0 0.0 0.0 
0.8500000000000023 1.0 1.0 1.0 0.3499999999999961 0.0 0.0 0.0 0.0 0.0 0.0 0.0 0.0 0.0 0.0 0.0 0.0 0.0 0.0 0.0 
0.8500000000000023 1.0 1.0 1.0 0.3499999999999961 0.0 0.0 0.0 0.0 0.0 0.0 0.0 0.0 0.0 0.0 0.0 0.0 0.0 0.0 0.0 
0.8500000000000023 1.0 1.0 1.0 0.3499999999999961 0.0 0.0 0.0 0.0 0.0 0.0 0.0 0.0 0.0 0.0 0.0 0.0 0.0 0.0 0.0 
0.8500000000000023 1.0 1.0 1.0 0.9674999999999981 0.6174999999999945 0.04750000000000477 0.7125000000000032 0.9499999999999975 0.9499999999999975 0.9499999999999975 0.9499999999999975 0.9499999999999975 0.9499999999999975 0.33249999999999036 0.0 0.0 0.0 0.0 0.0 
0.8500000000000023 1.0 1.0 1.0 1.0 1.0 1.0 1.0 0.8875000000000002 0.7500000000000036 0.7500000000000036 0.8875000000000033 1.0 1.0 1.0 1.0 0.9624999999999939 0.43749999999998934 0.13749999999999557 0.0 
0.8500000000000023 1.0 1.0 1.0 1.0 0.8074999999999988 0.45000000000000284 0.45000000000000284 0.24749999999999908 0.0 0.0 0.2475000000000047 0.45000000000000284 0.45000000000000284 0.8075000000000061 1.0 1.0 1.0 0.54999999999999 0.0 
0.12750000000000217 0.6175000000000033 1.0 1.0 0.44749999999999807 0.09750000000000077 0.0 0.0 0.0 0.0 0.0 0.0 0.0 0.0 0.09750000000000277 0.4475000000000086 1.0 1.0 0.9324999999999976 0.7224999999999904 
0.0 0.0 0.0 0.0 0.0 0.0 0.0 0.0 0.0 0.0 0.0 0.0 0.0 0.0 0.0 0.3500000000000085 1.0 1.0 1.0 0.8499999999999908 
0.0 0.0 0.0 0.0 0.0 0.0 0.0 0.0 0.0 0.0 0.0 0.0 0.0 0.0 0.0 0.3500000000000085 1.0 1.0 1.0 0.8499999999999908 
0.0 0.0 0.0 0.0 0.0 0.0 0.0 0.0 0.0 0.0 0.0 0.0 0.0 0.0 0.0 0.3500000000000085 1.0 1.0 1.0 0.8499999999999908 
0.0 0.0 0.0 0.0 0.0 0.0 0.0 0.0 0.0 0.0 0.0 0.0 0.0 0.0 0.0 0.3500000000000085 1.0 1.0 1.0 0.8499999999999908 
0.297499999999996 0.3499999999999943 0.3499999999999943 0.3499999999999943 0.12249999999999664 0.0 0.0 0.0 0.0 0.0 0.0 0.0 0.0 0.0 0.0 0.3500000000000085 1.0 1.0 1.0 0.8499999999999908 
0.8500000000000023 1.0 1.0 1.0 0.3499999999999961 0.0 0.0 0.0 0.0 0.0 0.0 0.0 0.0 0.0 0.0 0.3500000000000085 1.0 1.0 1.0 0.8499999999999908 
0.8500000000000023 1.0 1.0 1.0 0.3499999999999961 0.0 0.0 0.0 0.0 0.0 0.0 0.0 0.0 0.0 0.0 0.3500000000000085 1.0 1.0 1.0 0.8499999999999908 
0.6375000000000047 0.8875000000000023 1.0 1.0 1.0 0.7374999999999957 0.24999999999999645 0.24999999999999645 0.13749999999999668 0.0 0.0 0.1374999999999998 0.24999999999999645 0.24999999999999645 0.7375000000000057 1.0 1.0 1.0 0.54999999999999 0.0 
0.0 0.24750000000000277 0.45000000000000284 0.45000000000000284 0.8075000000000032 1.0 1.0 1.0 0.7974999999999962 0.5499999999999972 0.5499999999999972 0.7975000000000019 1.0 1.0 1.0 1.0 0.9724999999999958 0.5874999999999962 0.24749999999999708 0.0 
0.0 0.0 0.0 0.0 0.09750000000000428 0.44750000000000717 1.0 1.0 1.0 1.0 1.0 1.0 1.0 1.0 0.44749999999999585 0.15000000000000568 0.14250000000000423 0.037499999999999825 0.0 0.0 
