0.0 0.04749999999999885 0.09999999999999787 0.09999999999999787 0.4824999999999982 1.0 1.0 1.0 1.0 1.0 1.0 1.0 0.4374999999999979 0.09999999999999787 0.09999999999999787 0.04249999999999881 0.0 0.0 0.0 0.0 
0.0 0.47499999999999865 1.0 1.0 1.0 1.0 1.0 1.0 1.0 1.0 1.0 1.0 1.0 1.0 1.0 0.597499999999997 0.23249999999999824 0.037499999999998715 0.0 0.0 
0.4124999999999981 0.7374999999999986 1.0 1.0 1.0 0.9625000000000002 0.6375000000000012 0.5000000000000013 0.5000000000000013 0.5000000000000013 0.5000000000000013 0.5000000000000013 0.8125000000000009 1.0 1.0 1.0 0.8874999999999991 0.5624999999999971 0.2374999999999983 0.0 
0.8249999999999984 1.0 1.0 1.0 0.7025000000000008 0.27750000000000075 0.0825000000000003 0.0 0.0 0.0 0.0 0.0 0.18750000000000072 0.49250000000000205 0.9475000000000006 1.0 1.0 1.0 0.47499999999999787 0.0 
0.8249999999999984 1.0 1.0 1.0 0.5750000000000006 0.0 0.0 0.0 0.0 0.0 0.0 0.0 0.0 0.27500000000000213 0.9250000000000007 1.0 1.0 1.0 0.47499999999999787 0.0 
0.8249999999999984 1.0 0.9875000000000002 0.9225000000000003 0.5175000000000007 0.0 0.0 0.0 0.0 0.0 0.0 0.0 0.0 0.0 0.0 0.0 0.0 0.0 0.0 0.0 
0.8249999999999984 1.0 0.9125000000000009 0.45750000000000124 0.1725000000000006 0.0 0.0 0.0 0.0 0.0 0.0 0.0 0.0 0.0 0.0 0.0 0.0 0.0 0.0 0.0 
0.8249999999999984 1.0 0.9375000000000006 0.6125000000000005 0.2875000000000003 0.0 0.0 0.0 0.0 0.0 0.0 0.0 0.0 0.0 0.0 0.0 0.0 0.0 0.0 0.0 
0.8249999999999984 1.0 0.8750000000000011 0.22500000000000098 0.0 0.0 0.0 0.0 0.0 0.0 0.0 0.0 0.0 0.0 0.0 0.0 0.0 0.0 0.0 0.0 
0.8249999999999984 1.0 0.9875000000000004 0.9225000000000018 0.5175000000000017 0.0 0.0 0.0 0.022500000000000374 0.607500000000002 0.9000000000000021 0.9000000000000021 0.9000000000000021 0.9000000000000021 0.9000000000000021 0.9000000000000021 0.9000000000000021 0.9000000000000021 0.4274999999999991 0.0 
0.8249999999999984 1.0 1.0 1.0 0.5750000000000006 0.0 0.0 0.0 0.022500000000000284 0.6074999999999997 0.8999999999999986 0.8999999999999986 0.8999999999999986 0.9274999999999992 0.9924999999999999 1.0 1.0 1.0 0.47499999999999787 0.0 
0.8249999999999984 1.0 1.0 1.0 0.5750000000000006 0.0 0.0 0.0 0.0 0.0 0.0 0.0 0.0 0.1925000000000008 0.6474999999999982 0.8724999999999998 1.0 1.0 0.6324999999999998 0.24750000000000077 
0.8249999999999984 1.0 1.0 1.0 0.5750000000000006 0.0 0.0 0.0 0.0 0.0 0.0 0.0 0.0 0.0 0.0 0.5750000000000028 1.0 1.0 1.0 0.8249999999999957 
0.8249999999999984 1.0 1.0 1.0 0.5750000000000006 0.0 0.0 0.0 0.0 0.0 0.0 0.0 0.0 0.0 0.0 0.5750000000000028 1.0 1.0 1.0 0.8249999999999957 
0.8249999999999984 1.0 1.0 1.0 0.5750000000000006 0.0 0.0 0.0 0.0 0.0 0.0 0.0 0.0 0.0 0.0 0.5750000000000028 1.0 1.0 1.0 0.8249999999999957 
0.8249999999999984 1.0 1.0 1.0 0.5750000000000006 0.0 0.0 0.0 0.0 0.0 0.0 0.0 0.0 0.0 0.0 0.5750000000000028 1.0 1.0 0.47499999999999787 0.0 
0.5774999999999954 0.8424999999999974 1.0 1.0 0.5750000000000006 0.0 0.0 0.0 0.0 0.0 0.0 0.0 0.0 0.08250000000000181 0.27750000000000413 0.7025000000000038 1.0 1.0 0.47499999999999787 0.0 
0.0 0.47499999999999865 1.0 1.0 0.7875000000000019 0.5000000000000036 0.5000000000000036 0.3125000000000022 0.0 0.0 0.0 0.0 0.31250000000000266 0.6375000000000036 0.9625000000000006 1.0 0.8874999999999985 0.5624999999999951 0.23749999999999724 0.0 
0.0 0.14249999999999655 0.3874999999999936 0.8424999999999979 1.0 1.0 1.0 0.8875000000000024 0.7000000000000064 0.7000000000000064 0.7000000000000064 0.7000000000000064 0.8875000000000026 1.0 1.0 1.0 0.7749999999999986 0.12499999999999645 0.0 0.0 
0.0 0.0 0.012499999999999178 0.0774999999999955 0.09999999999999432 0.1674999999999945 0.7524999999999982 1.0 1.0 1.0 1.0 1.0 1.0 1.0 1.0 0.48249999999999416 0.07749999999999545 0.012499999999998934 0.0 0.0 
