0.10312500000000543 0.5406250000000008 1.0 1.0 1.0 1.0 1.0 1.0 1.0 1.0 1.0 1.0 1.0 1.0 1.0 1.0 1.0 1.0 1.0 0.8250000000000028 
0.8249999999999966 1.0 1.0 1.0 1.0 1.0 1.0 1.0 1.0 1.0 1.0 1.0 1.0 1.0 1.0 1.0 1.0 1.0 1.0 0.8250000000000028 
0.30937499999999324 0.37499999999999334 0.37499999999999334 0.37499999999999334 0.37499999999999334 0.37499999999999334 0.37499999999999334 0.37499999999999334 0.37499999999999334 0.37499999999999334 0.37499999999999334 0.37499999999999334 0.7656249999999958 1.0 1.0 1.0 1.0 1.0 1.0 0.8250000000000028 
0.0 0.0 0.0 0.0 0.0 0.0 0.0 0.0 0.0 0.0 0.0 0.0 0.07812499999999578 0.36562499999999426 0.9343749999999971 1.0 1.0 1.0 1.0 0.8250000000000028 
0.0 0.0 0.0 0.0 0.0 0.0 0.0 0.0 0.0 0.0 0.0 0.0 0.07812500000000355 0.36562500000000325 0.934374999999998 1.0 1.0 1.0 0.4750000000000014 0.0 
0.0 0.0 0.0 0.0 0.0 0.0 0.0 0.0 0.0 0.0 0.0 0.0 0.6249999999999973 1.0 1.0 1.0 0.9156249999999995 0.6718749999999959 0.29687499999999795 0.0 
0.0 0.0 0.0 0.0 0.0 0.0 0.0 0.0 0.0 0.0 0.0 0.0 0.6249999999999973 1.0 1.0 1.0 0.7750000000000021 0.12500000000000355 0.0 0.0 
0.0 0.0 0.0 0.0 0.0 0.0 0.0 0.0 0.0 0.0 0.28437499999999877 0.8531250000000026 0.9531250000000017 1.0 1.0 0.4968750000000007 0.09687499999999613 0.015624999999999778 0.0 0.0 
0.0 0.0 0.0 0.0 0.0 0.0 0.0 0.0 0.0031249999999997335 0.08437500000000324 0.40937500000000066 0.9781249999999975 1.0 1.0 1.0 0.42500000000000426 0.0 0.0 0.0 0.0 
0.0 0.0 0.0 0.0 0.0 0.0 0.0 0.0 0.024999999999996803 0.6749999999999972 1.0 1.0 1.0 0.8968749999999991 0.6531249999999962 0.2656250000000004 0.0 0.0 0.0 0.0 
0.0 0.0 0.0 0.0 0.0 0.0 0.0 0.0 0.024999999999996803 0.6749999999999972 1.0 1.0 1.0 0.7250000000000014 0.07500000000000284 0.0 0.0 0.0 0.0 0.0 
0.0 0.0 0.0 0.0 0.0 0.0 0.0 0.3281249999999989 0.8781250000000048 0.9593750000000014 1.0 1.0 0.453124999999999 0.09062499999999632 0.009374999999999956 0.0 0.0 0.0 0.0 0.0 
0.0 0.0 0.0 0.0 0.0 0.009374999999999845 0.0906250000000022 0.4531249999999991 1.0 1.0 0.9593749999999993 0.8781249999999969 0.328125000000001 0.0 0.0 0.0 0.0 0.0 0.0 0.0 
0.0 0.0 0.0 0.0 0.0 0.07499999999999662 0.724999999999997 1.0 1.0 1.0 0.6750000000000034 0.02500000000000302 0.0 0.0 0.0 0.0 0.0 0.0 0.0 0.0 
0.0 0.0 0.0 0.0 0.26562499999999944 0.6531250000000021 0.8968749999999999 1.0 0.9843750000000019 0.5781249999999993 0.2531249999999989 0.009375000000001044 0.0 0.0 0.0 0.0 0.0 0.0 0.0 0.0 
0.0 0.0 0.0 0.0 0.4249999999999967 1.0 1.0 1.0 0.9750000000000032 0.32500000000000284 0.0 0.0 0.0 0.0 0.0 0.0 0.0 0.0 0.0 0.0 
0.0 0.0 0.015625000000000028 0.09687500000000235 0.4968749999999992 1.0 1.0 0.9531249999999991 0.8531249999999994 0.2843750000000013 0.0 0.0 0.0 0.0 0.0 0.0 0.0 0.0 0.0 0.0 
0.0 0.0 0.12499999999999667 0.7749999999999968 1.0 1.0 1.0 0.6250000000000036 0.0 0.0 0.0 0.0 0.0 0.0 0.0 0.0 0.0 0.0 0.0 0.0 
0.0 0.2968749999999996 0.6718750000000019 0.9156249999999996 1.0 1.0 1.0 0.6250000000000036 0.0 0.0 0.0 0.0 0.0 0.0 0.0 0.0 0.0 0.0 0.0 0.0 
0.0 0.47499999999999665 1.0 1.0 1.0 0.9343750000000027 0.3656250000000001 0.07812499999999822 0.0 0.0 0.0 0.0 0.0 0.0 0.0 0.0 0.0 0.0 0.0 0.0 
