0.8249999999999984 1.0 1.0 1.0 1.0 1.0 1.0 1.0 1.0 1.0 1.0 1.0 1.0 1.0 1.0 1.0 1.0 1.0 0.47499999999999787 0.0 
0.8249999999999984 1.0 1.0 1.0 1.0 1.0 1.0 1.0 1.0 1.0 1.0 1.0 1.0 1.0 1.0 1.0 1.0 1.0 0.47499999999999787 0.0 
0.8249999999999984 1.0 1.0 1.0 0.7875000000000009 0.5000000000000013 0.5000000000000013 0.5000000000000013 0.5000000000000013 0.5000000000000013 0.5000000000000013 0.5000000000000013 0.5000000000000013 0.5000000000000013 0.5000000000000013 0.5000000000000013 0.5000000000000013 0.5000000000000013 0.23749999999999957 0.0 
0.8249999999999984 1.0 1.0 1.0 0.5750000000000006 0.0 0.0 0.0 0.0 0.0 0.0 0.0 0.0 0.0 0.0 0.0 0.0 0.0 0.0 0.0 
0.8249999999999984 1.0 1.0 1.0 0.5750000000000006 0.0 0.0 0.0 0.0 0.0 0.0 0.0 0.0 0.0 0.0 0.0 0.0 0.0 0.0 0.0 
0.8249999999999984 1.0 1.0 1.0 0.5750000000000006 0.0 0.0 0.03749999999999987 0.09749999999999961 0.032499999999999814 0.0 0.0 0.0 0.0 0.0 0.0 0.0 0.0 0.0 0.0 
0.8249999999999984 1.0 1.0 1.0 0.7025000000000008 0.3000000000000007 0.3000000000000007 0.5625000000000004 0.9824999999999998 0.5275 0.3000000000000007 0.3000000000000007 0.3000000000000007 0.3000000000000007 0.3000000000000007 0.12749999999999945 0.0 0.0 0.0 0.0 
0.8249999999999984 1.0 1.0 1.0 1.0 1.0 1.0 1.0 1.0 1.0 1.0 1.0 1.0 1.0 1.0 0.7124999999999986 0.3874999999999993 0.062499999999998224 0.0 0.0 
0.8249999999999984 1.0 1.0 1.0 1.0 1.0 1.0 0.7374999999999996 0.29999999999999893 0.29999999999999893 0.29999999999999893 0.29999999999999893 0.7375000000000003 1.0 1.0 1.0 0.9324999999999998 0.7374999999999998 0.332499999999999 0.0 
0.8249999999999984 1.0 1.0 1.0 0.6174999999999996 0.09999999999999787 0.09999999999999787 0.06249999999999867 0.0 0.0 0.0 0.0 0.06249999999999876 0.34750000000000036 0.9325000000000004 1.0 1.0 1.0 0.47499999999999787 0.0 
0.0 0.0 0.0 0.0 0.0 0.0 0.0 0.0 0.0 0.0 0.0 0.0 0.0 0.0 0.0 0.5750000000000028 1.0 1.0 0.5274999999999987 0.08250000000000074 
0.0 0.0 0.0 0.0 0.0 0.0 0.0 0.0 0.0 0.0 0.0 0.0 0.0 0.0 0.0 0.5750000000000028 1.0 1.0 1.0 0.8249999999999957 
0.0 0.0 0.0 0.0 0.0 0.0 0.0 0.0 0.0 0.0 0.0 0.0 0.0 0.0 0.0 0.5750000000000028 1.0 1.0 1.0 0.8249999999999957 
0.0 0.0 0.0 0.0 0.0 0.0 0.0 0.0 0.0 0.0 0.0 0.0 0.0 0.0 0.0 0.5750000000000028 1.0 1.0 1.0 0.8249999999999957 
0.7425000000000003 0.9000000000000021 0.9000000000000021 0.9000000000000021 0.5175000000000017 0.0 0.0 0.0 0.0 0.0 0.0 0.0 0.0 0.0 0.0 0.5750000000000028 1.0 1.0 1.0 0.8249999999999957 
0.8249999999999984 1.0 1.0 1.0 0.5750000000000006 0.0 0.0 0.0 0.0 0.0 0.0 0.0 0.0 0.0 0.0 0.5750000000000028 1.0 1.0 1.0 0.8249999999999957 
0.5774999999999954 0.8424999999999974 1.0 1.0 0.7025000000000022 0.277500000000004 0.08250000000000128 0.0 0.0 0.0 0.0 0.0 0.0 0.08250000000000181 0.27750000000000413 0.7025000000000038 1.0 1.0 0.8424999999999971 0.5774999999999935 
0.0 0.47499999999999865 1.0 1.0 1.0 0.9625000000000004 0.6375000000000027 0.3125000000000022 0.0 0.0 0.0 0.0 0.31250000000000266 0.6375000000000036 0.9625000000000006 1.0 1.0 1.0 0.47499999999999787 0.0 
0.0 0.14249999999999655 0.3874999999999936 0.8424999999999979 1.0 1.0 1.0 0.8875000000000024 0.7000000000000064 0.7000000000000064 0.7000000000000064 0.7000000000000064 0.8875000000000026 1.0 1.0 1.0 0.8424999999999976 0.3874999999999919 0.14249999999999632 0.0 
0.0 0.0 0.012499999999999178 0.0774999999999955 0.48249999999999615 1.0 1.0 1.0 1.0 1.0 1.0 1.0 1.0 1.0 1.0 0.48249999999999416 0.07749999999999545 0.012499999999998934 0.0 0.0 
