0.08249999999999807 0.09999999999999787 0.21249999999999714 0.7974999999999987 1.0 1.0 1.0 0.6624999999999992 0.09999999999999787 0.09999999999999787 0.09999999999999787 0.09999999999999787 0.09999999999999787 0.09999999999999787 0.09999999999999787 0.09999999999999787 0.09999999999999787 0.09999999999999787 0.04749999999999877 0.0 
0.8249999999999984 1.0 1.0 1.0 1.0 1.0 1.0 1.0 1.0 1.0 1.0 1.0 1.0 1.0 1.0 1.0 1.0 1.0 0.6324999999999976 0.2474999999999973 
0.8249999999999984 1.0 1.0 1.0 1.0 0.9625000000000002 0.6375000000000012 0.5000000000000013 0.5000000000000013 0.5000000000000013 0.5000000000000013 0.5000000000000013 0.8125000000000009 1.0 1.0 1.0 1.0 1.0 1.0 0.8249999999999957 
0.8249999999999984 1.0 1.0 1.0 0.7025000000000008 0.27750000000000075 0.0825000000000003 0.0 0.0 0.0 0.0 0.0 0.18750000000000072 0.3000000000000007 0.3000000000000007 0.7025000000000023 1.0 1.0 1.0 0.8249999999999957 
0.8249999999999984 1.0 1.0 1.0 0.5750000000000006 0.0 0.0 0.0 0.0 0.0 0.0 0.0 0.0 0.0 0.0 0.5750000000000028 1.0 1.0 1.0 0.8249999999999957 
0.8249999999999984 1.0 1.0 1.0 0.5750000000000006 0.0 0.0 0.0 0.0 0.0 0.0 0.0 0.0 0.0 0.0 0.5750000000000028 1.0 1.0 1.0 0.8249999999999957 
0.8249999999999984 1.0 1.0 1.0 0.5750000000000006 0.0 0.0 0.0 0.0 0.0 0.0 0.0 0.0 0.0 0.0 0.5750000000000028 1.0 1.0 1.0 0.8249999999999957 
0.8249999999999984 1.0 1.0 1.0 0.5750000000000006 0.0 0.0 0.0 0.0 0.0 0.0 0.0 0.0 0.0 0.0 0.5750000000000028 1.0 1.0 1.0 0.8249999999999957 
0.8249999999999984 1.0 1.0 1.0 0.8725000000000006 0.7000000000000011 0.7000000000000011 0.7000000000000011 0.7000000000000011 0.7000000000000011 0.7000000000000011 0.7000000000000011 0.7000000000000011 0.7000000000000011 0.7000000000000011 0.8725000000000013 1.0 1.0 1.0 0.8249999999999957 
0.8249999999999984 1.0 1.0 1.0 1.0 1.0 1.0 1.0 1.0 1.0 1.0 1.0 1.0 1.0 1.0 1.0 1.0 1.0 0.527499999999997 0.08249999999999781 
0.8249999999999984 1.0 1.0 1.0 0.9574999999999995 0.8999999999999986 0.8999999999999986 0.8999999999999986 0.8999999999999986 0.8999999999999986 0.8999999999999986 0.8999999999999986 0.8999999999999986 0.8999999999999986 0.8999999999999986 0.8999999999999986 0.6974999999999976 0.11249999999999663 0.0 0.0 
0.8249999999999984 1.0 1.0 1.0 0.5750000000000006 0.0 0.0 0.0 0.0 0.0 0.0 0.0 0.0 0.0 0.0 0.0 0.0 0.0 0.0 0.0 
0.8249999999999984 1.0 1.0 1.0 0.5750000000000006 0.0 0.0 0.0 0.0 0.0 0.0 0.0 0.0 0.0 0.0 0.0 0.0 0.0 0.0 0.0 
0.8249999999999984 1.0 1.0 1.0 0.5750000000000006 0.0 0.0 0.0 0.0 0.0 0.0 0.0 0.0 0.0 0.0 0.0 0.0 0.0 0.0 0.0 
0.8249999999999984 1.0 1.0 1.0 0.5750000000000006 0.0 0.0 0.0 0.0 0.0 0.0 0.0 0.0 0.0 0.0 0.0 0.0 0.0 0.0 0.0 
0.8249999999999984 1.0 1.0 1.0 0.5750000000000006 0.0 0.0 0.0 0.0 0.0 0.0 0.0 0.0 0.0 0.0 0.0 0.0 0.0 0.0 0.0 
0.8249999999999984 1.0 1.0 1.0 0.5750000000000006 0.0 0.0 0.0 0.0 0.0 0.0 0.0 0.0 0.0 0.0 0.0 0.0 0.0 0.0 0.0 
0.8249999999999984 1.0 1.0 1.0 0.5750000000000006 0.0 0.0 0.0 0.0 0.0 0.0 0.0 0.0 0.0 0.0 0.0 0.0 0.0 0.0 0.0 
0.8249999999999984 1.0 1.0 1.0 0.5750000000000006 0.0 0.0 0.0 0.0 0.0 0.0 0.0 0.0 0.0 0.0 0.0 0.0 0.0 0.0 0.0 
0.8249999999999984 1.0 1.0 1.0 0.5750000000000006 0.0 0.0 0.0 0.0 0.0 0.0 0.0 0.0 0.0 0.0 0.0 0.0 0.0 0.0 0.0 
