0.0 0.0 0.0 0.04500000000000088 0.15000000000000213 0.15000000000000213 0.7450000000000023 1.0 1.0 1.0 1.0 1.0 1.0 1.0 0.914999999999996 0.2350000000000001 0.15000000000000213 0.07500000000000054 0.0 0.0 
0.0 0.0 0.0 0.3000000000000016 1.0 1.0 1.0 1.0 1.0 1.0 1.0 1.0 1.0 1.0 1.0 1.0 1.0 0.7249999999999992 0.3149999999999998 0.0 
0.0 0.0 0.3750000000000025 0.8250000000000023 1.0 1.0 1.0 1.0 0.7749999999999974 0.24999999999999734 0.24999999999999734 0.24999999999999734 0.6250000000000013 1.0 1.0 1.0 1.0 1.0 0.6999999999999957 0.0 
0.0 0.7000000000000014 1.0 1.0 1.0 1.0 0.9649999999999982 0.4749999999999962 0.0 0.0 0.0 0.0 0.0 0.2850000000000033 0.954999999999998 0.9949999999999999 1.0 1.0 1.0 0.899999999999995 
0.0 0.7000000000000014 1.0 1.0 1.0 1.0 0.29999999999999805 0.0 0.0 0.0 0.0 0.0 0.0 0.0 0.10000000000000497 0.9000000000000021 1.0 1.0 1.0 0.899999999999995 
0.0 0.24499999999999775 0.3499999999999961 0.3499999999999961 0.3499999999999961 0.3499999999999961 0.10499999999999815 0.0 0.0 0.0 0.0 0.0 0.0 0.0 0.10000000000000497 0.9000000000000021 1.0 1.0 1.0 0.899999999999995 
0.0 0.0 0.0 0.0 0.0 0.0 0.0 0.0 0.0 0.0 0.0 0.0 0.0 0.0 0.10000000000000497 0.9000000000000021 1.0 1.0 1.0 0.899999999999995 
0.0 0.0 0.0 0.0 0.0 0.0 0.0 0.0 0.0 0.0 0.0 0.0 0.0 0.30000000000000426 1.0 1.0 1.0 1.0 0.9249999999999978 0.674999999999993 
0.0 0.0 0.0 0.0 0.0 0.0 0.0 0.2750000000000036 0.5500000000000043 0.5500000000000043 0.5500000000000043 0.5500000000000043 0.5500000000000043 0.6850000000000049 1.0 1.0 1.0 0.7249999999999959 0.3149999999999951 0.0 
0.0 0.0 0.0 0.0 0.0 0.0 0.0 0.5000000000000027 1.0 1.0 1.0 1.0 1.0 1.0 1.0 1.0 0.4049999999999941 0.07499999999999699 0.0 0.0 
0.0 0.0 0.0 0.0 0.0 0.0 0.0 0.42499999999999943 0.8499999999999943 0.8499999999999943 0.8499999999999943 0.8499999999999943 0.9249999999999977 1.0 1.0 1.0 1.0 0.5749999999999998 0.10500000000000334 0.0 
0.0 0.0 0.0 0.0 0.0 0.0 0.0 0.0 0.0 0.0 0.0 0.0 0.27499999999999963 0.6849999999999987 1.0 1.0 1.0 1.0 0.8349999999999991 0.4050000000000019 
0.0 0.0 0.0 0.0 0.0 0.0 0.0 0.0 0.0 0.0 0.0 0.0 0.0 0.07499999999999947 0.32499999999999896 0.925000000000001 1.0 1.0 1.0 0.899999999999995 
0.0 0.0 0.0 0.0 0.0 0.0 0.0 0.0 0.0 0.0 0.0 0.0 0.0 0.0 0.10000000000000497 0.9000000000000021 1.0 1.0 1.0 0.899999999999995 
0.3150000000000049 0.350000000000005 0.350000000000005 0.350000000000005 0.31500000000000383 0.034999999999999754 0.0 0.0 0.0 0.0 0.0 0.0 0.0 0.0 0.10000000000000497 0.9000000000000021 1.0 1.0 1.0 0.899999999999995 
0.9000000000000012 1.0 1.0 1.0 0.8999999999999981 0.09999999999999787 0.0 0.0 0.0 0.0 0.0 0.0 0.0 0.0 0.10000000000000497 0.9000000000000021 1.0 1.0 1.0 0.899999999999995 
0.04499999999999431 0.7149999999999994 1.0 1.0 0.9950000000000006 0.9550000000000056 0.2850000000000001 0.0 0.0 0.0 0.0 0.0 0.0 0.0 0.10000000000000497 0.9000000000000021 1.0 1.0 1.0 0.899999999999995 
0.0 0.7000000000000013 1.0 1.0 1.0 1.0 0.47500000000000353 0.2500000000000071 0.2500000000000071 0.2500000000000071 0.2500000000000071 0.2500000000000071 0.2500000000000071 0.4750000000000082 1.0 1.0 1.0 1.0 0.6999999999999957 0.0 
0.0 0.3149999999999952 0.4499999999999922 0.6149999999999954 1.0 1.0 1.0 1.0 1.0 1.0 1.0 1.0 1.0 1.0 1.0 1.0 1.0 0.7249999999999941 0.3149999999999926 0.0 
0.0 0.0 0.0 0.04499999999999768 0.2349999999999939 0.9150000000000009 1.0 1.0 1.0 1.0 1.0 1.0 1.0 1.0 0.9149999999999949 0.2349999999999905 0.14999999999999147 0.07499999999999521 0.0 0.0 
