0.0 0.0 0.0 0.0 0.0 0.0 0.0 0.0 0.0 0.5625000000000013 0.75 0.75 0.75 0.9375 1.0 1.0 0.9375 0.75 0.5625 0.0 
0.0 0.0 0.0 0.0 0.0 0.0 1.0 1.0 1.0 1.0 1.0 1.0 1.0 1.0 1.0 1.0 1.0 1.0 1.0 0.43750000000000033 
0.0 0.0 0.0 0.0 0.0 0.7500000000000018 1.0 1.0 1.0 1.0 1.0 1.0 1.0 1.0 1.0 1.0 1.0 1.0 1.0 1.0 
0.0 0.0 0.0 0.0 0.0 0.7500000000000018 1.0 1.0 0.7499999999999982 0.0 0.0 0.0 0.0 0.0 0.0 0.0 1.0 1.0 1.0 1.0 
0.0 0.0 0.0 0.0 0.18750000000000178 0.9375000000000009 1.0 1.0 0.7499999999999982 0.0 0.0 0.0 0.0 0.0 0.0 0.0 1.0 1.0 1.0 0.43749999999999867 
0.0 0.0 0.0 0.0 0.2500000000000018 1.0 1.0 1.0 0.0 0.0 0.0 0.0 0.0 0.0 0.0 0.0 1.0 1.0 1.0 0.25 
0.0 0.0 0.0 0.0 0.2500000000000018 1.0 1.0 1.0 0.0 0.0 0.0 0.0 0.0 0.0 0.0 0.75 1.0 1.0 0.75 0.0 
0.0 0.0 0.0 0.0 1.0 1.0 1.0 0.24999999999999822 0.0 0.0 0.0 0.0 0.0 0.0 0.43750000000000266 1.0 1.0 1.0 0.0 0.0 
0.0 0.0 0.0 0.562500000000004 1.0 1.0 1.0 0.24999999999999822 0.0 0.0 0.18750000000000222 0.7500000000000036 0.7500000000000036 0.9375000000000009 1.0 1.0 1.0 0.25 0.0 0.0 
0.0 0.0 0.0 0.7500000000000018 1.0 1.0 1.0 1.0 1.0 1.0 1.0 1.0 1.0 1.0 1.0 1.0 0.75 0.0 0.0 0.0 
0.0 0.0 0.18750000000000222 0.9375000000000013 1.0 1.0 1.0 1.0 1.0 1.0 1.0 1.0 1.0 1.0 1.0 1.0 1.0 0.25 0.0 0.0 
0.0 0.0 0.2500000000000018 1.0 1.0 1.0 0.562499999999996 0.0 0.0 0.0 0.0 0.0 0.0 0.75 1.0 1.0 1.0 0.25 0.0 0.0 
0.0 0.0 0.2500000000000018 1.0 1.0 0.43749999999999334 0.0 0.0 0.0 0.0 0.0 0.0 0.0 0.75 1.0 1.0 0.8124999999999982 0.062499999999998224 0.0 0.0 
0.0 0.0 1.0 1.0 1.0 0.24999999999999822 0.0 0.0 0.0 0.0 0.0 0.0 0.0 0.75 1.0 1.0 0.75 0.0 0.0 0.0 
0.0 0.0 1.0 1.0 1.0 0.24999999999999822 0.0 0.0 0.0 0.0 0.0 0.0 0.25 1.0 1.0 1.0 0.0 0.0 0.0 0.0 
0.0 0.7500000000000018 1.0 1.0 0.7499999999999982 0.0 0.0 0.0 0.0 0.0 0.0 0.0 0.43750000000000533 1.0 1.0 0.8124999999999947 0.0 0.0 0.0 0.0 
0.0 0.7500000000000018 1.0 1.0 0.7499999999999982 0.0 0.0 0.0 0.0 0.0 0.1875000000000031 0.9375000000000018 1.0 1.0 0.8124999999999982 0.062499999999998224 0.0 0.0 0.0 0.0 
0.2500000000000018 1.0 1.0 1.0 1.0 1.0 1.0 1.0 1.0 1.0 1.0 1.0 1.0 0.8124999999999947 0.0 0.0 0.0 0.0 0.0 0.0 
0.2500000000000018 1.0 1.0 1.0 1.0 1.0 1.0 1.0 1.0 1.0 1.0 0.43749999999999467 0.18749999999999467 0.0 0.0 0.0 0.0 0.0 0.0 0.5625000000000053 
0.8124999999999951 0.8124999999999942 0.7499999999999929 0.7499999999999929 0.7499999999999929 0.1874999999999969 0.0 0.0 0.0 0.0 0.0 0.0 0.0 0.0 0.2500000000000071 0.2500000000000071 0.2500000000000071 0.8125000000000018 1.0 1.0 
