0.0 0.0 0.0 0.0 0.0 0.0 0.0 0.0 0.0 0.0 0.14999999999999822 0.7500000000000071 0.7500000000000071 1.0 1.0 0.9500000000000034 0.7500000000000071 7.993605777301203e-15 0.0 0.0 
0.0 0.0 0.0 0.0 0.0 0.0 0.0 0.0 0.5500000000000016 1.0 1.0 1.0 1.0 1.0 1.0 1.0 1.0 1.0 0.7000000000000117 0.05000000000000382 
0.0 0.0 0.0 0.0 0.0 0.0 0.4500000000000021 0.9999999999999996 1.0 1.0 1.0 1.0 1.0 1.0 1.0 1.0 1.0 1.0 1.0 0.8000000000000075 
0.0 0.0 0.0 0.0 0.0 0.40000000000000374 1.0 1.0 1.0 0.7999999999999969 0.0 0.0 0.0 0.0 0.0 0.19999999999999218 1.0 1.0 1.0 1.0 
0.0 0.0 0.0 0.0 0.6000000000000041 1.0 1.0 1.0 0.7000000000000003 0.050000000000000086 0.0 0.0 0.0 0.0 0.0 0.19999999999999218 1.0 1.0 1.0 1.0 
0.0 0.0 0.0 0.40000000000000036 1.0 1.0 1.0 0.7499999999999951 0.0 0.0 0.0 0.0 0.0 0.0 0.0 0.19999999999999218 1.0 1.0 1.0 0.20000000000000995 
0.0 0.0 0.0 0.0 0.0 0.0 0.0 0.0 0.0 0.0 0.0 0.0 0.0 0.0 0.0 0.8000000000000009 1.0 1.0 0.7000000000000076 0.05000000000000178 
0.0 0.0 0.0 0.0 0.0 0.0 0.0 0.0 0.0 0.0 0.0 0.0 0.0 0.09999999999999928 0.8499999999999959 1.0 1.0 1.0 0.0 0.0 
0.0 0.0 0.0 0.0 0.0 0.0 0.0 0.0 0.0 0.0 0.0 0.44999999999999785 0.7500000000000036 1.0 1.0 1.0 0.5500000000000048 2.664535259100338e-15 0.0 0.0 
0.0 0.0 0.0 0.0 0.0 0.0 0.0 0.0 0.5499999999999997 1.0 1.0 1.0 1.0 1.0 1.0 0.0 0.0 0.0 0.0 0.0 
0.0 0.0 0.0 0.0 0.0 0.0 0.0 0.0 1.0 1.0 1.0 1.0 1.0 1.0 1.0 1.0 0.40000000000000924 0.0 0.0 0.0 
0.0 0.0 0.0 0.0 0.0 0.0 0.0 0.0 0.0 0.0 0.0 0.0 0.7499999999999911 1.0 1.0 1.0 1.0 1.0658141036401503e-14 0.0 0.0 
0.0 0.0 0.0 0.0 0.0 0.0 0.0 0.0 0.0 0.0 0.0 0.0 0.0 0.3999999999999915 1.0 1.0 1.0 1.0658141036401503e-14 0.0 0.0 
0.0 0.0 0.0 0.0 0.0 0.0 0.0 0.0 0.0 0.0 0.0 0.0 0.0 0.3999999999999915 1.0 1.0 1.0 1.0658141036401503e-14 0.0 0.0 
0.0 0.0 0.0 0.0 0.0 0.0 0.0 0.0 0.0 0.0 0.0 0.0 0.0 0.8499999999999979 1.0 1.0 0.5500000000000069 2.6645352591003757e-15 0.0 0.0 
1.0 1.0 1.0 1.0 0.20000000000000018 0.0 0.0 0.0 0.0 0.0 0.0 0.0 0.24999999999999822 1.0 1.0 0.950000000000002 0.30000000000000693 0.0 0.0 0.0 
1.0 1.0 1.0 1.0 0.20000000000000018 0.0 0.0 0.0 0.0 0.0 0.0 0.44999999999999574 0.9999999999999982 1.0 1.0 0.20000000000000195 0.0 0.0 0.0 0.0 
0.8000000000000007 1.0 1.0 1.0 1.0 0.25 0.10000000000000053 0.0 0.0999999999999992 0.25 1.0 1.0 1.0 0.9000000000000021 0.1500000000000048 0.0 0.0 0.0 0.0 0.0 
0.05000000000000071 0.7000000000000015 1.0 1.0 1.0 1.0 1.0 1.0 1.0 1.0 1.0 1.0 0.25000000000000533 0.0 0.0 0.0 0.0 0.0 0.0 0.0 
0.0 0.0 0.75 0.8500000000000001 1.0 1.0 1.0 1.0 0.75 0.75 0.0 0.0 0.0 0.0 0.0 0.0 0.0 0.0 0.0 0.0 
