0.0 0.0 0.0 0.0 0.0 0.0 0.0 0.0 0.0 0.14875000000000413 0.8499999999999943 0.8499999999999943 0.8499999999999943 0.8499999999999943 0.8499999999999943 0.8499999999999943 0.8499999999999943 0.9062499999999964 1.0 0.8987499999999955 
0.0 0.0 0.6250000000000075 1.0 1.0 1.0 1.0 1.0 1.0 1.0 1.0 1.0 1.0 1.0 1.0 1.0 1.0 1.0 1.0 1.0 
0.0 0.0 0.6250000000000075 1.0 1.0 1.0 1.0 1.0 1.0 1.0 1.0 1.0 1.0 1.0 1.0 1.0 1.0 1.0 1.0 0.32499999999999574 
0.0 0.0 0.03125000000000082 0.05000000000000071 0.05000000000000071 0.02124999999999998 0.0 0.0 0.0 0.0 0.0 0.0 0.0 0.0 1.0 1.0 1.0 1.0 0.04875000000000041 0.0 
0.0 0.0 0.0 0.0 0.0 0.0 0.0 0.0 0.0 0.0 0.0 0.0 0.0 0.7750000000000057 1.0 1.0 1.0 0.625 0.0 0.0 
0.0 0.0 0.0 0.0 0.0 0.0 0.0 0.0 0.0 0.0 0.0 0.0 1.0 1.0 1.0 1.0 0.2749999999999986 0.0 0.0 0.0 
0.0 0.0 0.0 0.0 0.0 0.0 0.0 0.0 0.0 0.0 0.0 0.5012500000000035 1.0 1.0 1.0 0.0 0.0 0.0 0.0 0.0 
0.0 0.0 0.0 0.0 0.0 0.0 0.0 0.0 0.0 0.0 0.8250000000000028 1.0 1.0 1.0 0.5749999999999957 0.0 0.0 0.0 0.0 0.0 
0.0 0.0 0.0 0.0 0.0 0.0 0.0 0.0 0.0 0.5462500000000086 1.0 1.0 1.0 0.22499999999999432 0.0 0.0 0.0 0.0 0.0 0.0 
0.0 0.0 0.0 0.0 0.0 0.0 0.0 0.0 0.5962500000000093 1.0 1.0 1.0 0.0 0.0 0.0 0.0 0.0 0.0 0.0 0.0 
0.0 0.0 0.0 0.0 0.0 0.0 0.0 0.0 1.0 1.0 1.0 0.5249999999999986 0.0 0.0 0.0 0.0 0.0 0.0 0.0 0.0 
0.0 0.0 0.0 0.0 0.0 0.0 0.22500000000000675 1.0 1.0 1.0 0.17499999999999716 0.0 0.0 0.0 0.0 0.0 0.0 0.0 0.0 0.0 
0.0 0.0 0.0 0.0 0.0 0.14375000000000976 1.0 1.0 1.0 0.0 0.0 0.0 0.0 0.0 0.0 0.0 0.0 0.0 0.0 0.0 
0.0 0.0 0.0 0.0 0.0 1.0 1.0 1.0 0.023749999999991615 0.0 0.0 0.0 0.0 0.0 0.0 0.0 0.0 0.0 0.0 0.0 
0.0 0.0 0.0 0.17875000000000837 0.9737500000000034 1.0 0.8537499999999927 0.043749999999996535 0.0 0.0 0.0 0.0 0.0 0.0 0.0 0.0 0.0 0.0 0.0 0.0 
0.0 0.0 0.2187500000000124 1.0 1.0 1.0 0.0 0.0 0.0 0.0 0.0 0.0 0.0 0.0 0.0 0.0 0.0 0.0 0.0 0.0 
0.0 0.048750000000018404 1.0 1.0 1.0 0.40374999999998606 0.0 0.0 0.0 0.0 0.0 0.0 0.0 0.0 0.0 0.0 0.0 0.0 0.0 0.0 
0.24375000000001307 0.9937500000000025 1.0 1.0 1.0 0.0 0.0 0.0 0.0 0.0 0.0 0.35625000000001117 0.7500000000000213 0.7500000000000213 0.7500000000000213 0.7500000000000213 0.7500000000000213 0.0 0.0 0.0 
1.0 1.0 1.0 1.0 1.0 1.0 1.0 1.0 1.0 1.0 1.0 1.0 1.0 1.0 1.0 1.0 1.0 0.0 0.0 0.0 
0.9512499999999923 0.8499999999999801 0.8499999999999801 0.8499999999999801 0.8499999999999801 0.8499999999999801 0.8499999999999801 0.10624999999999299 0.0 0.0 0.0 0.0 0.0 0.0 0.0 0.0 0.0 0.0 0.0 0.0 
