0.0 0.37125000000000036 1.0 1.0 0.9887499999999998 0.5500000000000007 0.04124999999999966 0.0 0.0 0.0 0.0 0.0 0.0 0.0 0.0 0.0 0.23375000000000265 0.5500000000000007 0.0 0.0 
0.0 0.6749999999999998 1.0 1.0 1.0 1.0 0.6762500000000009 0.0 0.0 0.0 0.0 0.0 0.0 0.0 0.0 0.6337500000000021 1.0 1.0 1.0 1.0 
0.05624999999999951 0.7562499999999993 1.0 1.0 1.0 1.0 1.0 0.0 0.0 0.0 0.0 0.0 0.0 0.0 0.5250000000000057 1.0 1.0 1.0 1.0 1.0 
0.22499999999999964 1.0 1.0 1.0 1.0 1.0 1.0 0.6249999999999982 0.0 0.0 0.0 0.0 0.0 0.07500000000000284 1.0 1.0 1.0 1.0 1.0 1.0 
0.0 0.6749999999999998 1.0 1.0 1.0 1.0 1.0 1.0 0.17499999999999893 0.0 0.0 0.0 0.0 1.0 1.0 1.0 1.0 1.0 1.0 1.0 
0.22499999999999964 1.0 1.0 1.0 1.0 1.0 1.0 1.0 0.2162500000000025 0.0 0.0 0.0 0.625 1.0 1.0 1.0 1.0 1.0 1.0 1.0 
0.22499999999999964 1.0 1.0 1.0 1.0 1.0 1.0 1.0 1.0 0.0 0.0 0.17500000000000426 1.0 1.0 1.0 1.0 1.0 1.0 1.0 1.0 
0.22499999999999964 1.0 1.0 1.0 1.0 1.0 1.0 1.0 1.0 0.7249999999999996 0.18125000000000294 1.0 1.0 1.0 1.0 1.0 1.0 1.0 1.0 0.8062499999999958 
0.22499999999999964 1.0 1.0 1.0 1.0 1.0 1.0 1.0 1.0 0.8212500000000011 0.8212500000000023 1.0 1.0 1.0 1.0 1.0 1.0 1.0 1.0 0.22499999999999432 
0.22499999999999964 1.0 1.0 1.0 1.0 1.0 1.0 1.0 1.0 1.0 1.0 1.0 1.0 1.0 1.0 1.0 1.0 1.0 1.0 0.22499999999999432 
0.22499999999999964 1.0 1.0 1.0 1.0 0.738749999999996 0.9587499999999998 1.0 1.0 1.0 1.0 1.0 1.0 1.0 1.0 1.0 1.0 1.0 1.0 0.22499999999999432 
0.22499999999999964 1.0 1.0 1.0 1.0 0.5249999999999995 0.323749999999995 1.0 1.0 1.0 1.0 1.0 1.0 0.32374999999999376 0.5250000000000057 1.0 1.0 1.0 1.0 0.22499999999999432 
0.22499999999999964 1.0 1.0 1.0 1.0 0.5249999999999995 0.0 0.5312499999999969 1.0 1.0 1.0 1.0 1.0 0.0 0.5250000000000057 1.0 1.0 1.0 1.0 0.22499999999999432 
0.22499999999999964 1.0 1.0 1.0 1.0 0.5249999999999995 0.0 0.3750000000000018 1.0 1.0 1.0 0.8512499999999948 0.0562499999999968 0.0 0.5250000000000057 1.0 1.0 1.0 1.0 0.22499999999999432 
1.0 1.0 1.0 1.0 1.0 0.5249999999999995 0.0 0.018749999999997692 0.8337499999999999 1.0 1.0 0.8249999999999957 0.0 0.07500000000000284 1.0 1.0 1.0 1.0 1.0 0.22499999999999432 
1.0 1.0 1.0 1.0 0.9749999999999996 0.0 0.0 0.0 0.7837499999999916 1.0 0.9637499999999917 0.0 0.0 0.07500000000000284 1.0 1.0 1.0 1.0 0.6749999999999972 0.0 
1.0 1.0 1.0 1.0 0.9749999999999996 0.0 0.0 0.0 0.0 0.0 0.0 0.0 0.0 0.07500000000000284 1.0 1.0 1.0 1.0 0.6749999999999972 0.0 
1.0 1.0 1.0 1.0 0.9749999999999996 0.0 0.0 0.0 0.0 0.0 0.0 0.0 0.0 0.07500000000000284 1.0 1.0 1.0 1.0 0.6749999999999972 0.0 
1.0 1.0 1.0 1.0 0.9749999999999996 0.0 0.0 0.0 0.0 0.0 0.0 0.0 0.0 0.07500000000000284 1.0 1.0 1.0 1.0 0.6749999999999972 0.0 
0.0 0.37124999999998837 0.549999999999983 0.23374999999999266 0.0 0.0 0.0 0.0 0.0 0.0 0.0 0.0 0.0 0.0 0.5250000000000057 1.0 1.0 1.0 0.3712499999999869 0.0 
