0.0 0.0 0.0 0.0 0.0 0.0 0.0 0.3281249999999938 0.40624999999999467 0.6250000000000071 0.6250000000000071 0.6250000000000071 0.0 0.0 0.0 0.0 0.0 0.0 0.0 0.0 
0.0 0.0 0.5468750000000043 0.10937500000000078 0.0 0.32812500000000233 0.8750000000000062 0.9843750000000008 1.0 1.0 1.0 1.0 1.0 1.0 0.9218750000000043 0.8750000000000062 0.0 0.0 0.0 0.0 
0.0 0.0 0.6250000000000004 1.0 1.0 1.0 1.0 1.0 1.0 1.0 1.0 1.0 1.0 1.0 1.0 1.0 1.0 1.0 0.37500000000000355 0.0 
0.04687500000000089 0.6093750000000032 1.0 1.0 1.0 1.0 1.0 0.6718749999999961 0.5468749999999961 0.0 0.0 0.0 0.6718749999999948 1.0 1.0 1.0 1.0 1.0 0.609375000000005 0.04687500000000189 
0.1250000000000009 1.0 1.0 1.0 1.0 1.0 0.6093749999999983 0.046874999999999556 0.0 0.0 0.0 0.0 0.0 0.14062499999999734 0.7656249999999964 1.0 1.0 1.0 1.0 0.12500000000000355 
1.0 1.0 1.0 1.0 1.0 0.625 0.0 0.0 0.0 0.0 0.0 0.0 0.0 0.0 0.6249999999999964 1.0 1.0 1.0 1.0 1.0 
0.8906249999999986 1.0 1.0 1.0 1.0 0.625 0.0 0.0 0.0 0.0 0.0 0.0 0.0 0.0 0.0 0.0 0.0 0.0 0.0 0.0 
0.45312500000000056 1.0 1.0 1.0 1.0 0.625 0.0 0.0 0.0 0.0 0.0 0.0 0.0 0.0 0.0 0.0 0.0 0.0 0.0 0.0 
0.45312500000000056 1.0 1.0 1.0 1.0 0.625 0.0 0.0 0.0 0.0 0.0 0.0 0.0 0.0 0.0 0.0 0.0 0.0 0.0 0.0 
0.1250000000000009 1.0 1.0 1.0 1.0 0.625 0.0 0.0 0.0 0.328125 0.875 0.875 0.875 0.875 0.875 0.875 0.875 0.875 0.875 0.875 
0.1250000000000009 1.0 1.0 1.0 1.0 0.625 0.0 0.0 0.0 0.375 1.0 1.0 1.0 1.0 1.0 1.0 1.0 1.0 1.0 1.0 
0.1250000000000009 1.0 1.0 1.0 1.0 0.625 0.0 0.0 0.0 0.0 0.3906250000000022 0.6250000000000036 0.6250000000000036 0.6250000000000036 0.6250000000000036 0.9531249999999991 1.0 1.0 1.0 1.0 
0.1250000000000009 1.0 1.0 1.0 1.0 0.625 0.0 0.0 0.0 0.0 0.0 0.0 0.0 0.0 0.0 0.8749999999999964 1.0 1.0 1.0 1.0 
0.1250000000000009 1.0 1.0 1.0 1.0 0.625 0.0 0.0 0.0 0.0 0.0 0.0 0.0 0.0 0.0 0.8749999999999964 1.0 1.0 1.0 1.0 
0.1250000000000009 1.0 1.0 1.0 1.0 0.625 0.0 0.0 0.0 0.0 0.0 0.0 0.0 0.0 0.0 0.8749999999999964 1.0 1.0 1.0 1.0 
0.1250000000000009 1.0 1.0 1.0 1.0 0.625 0.0 0.0 0.0 0.0 0.0 0.0 0.0 0.0 0.0 0.8749999999999964 1.0 1.0 1.0 1.0 
0.04687500000000122 0.6093750000000049 1.0 1.0 1.0 0.8593749999999973 0.2343749999999979 0.0 0.0 0.0 0.0 0.0 0.0 0.0 0.39062499999999334 0.9531249999999978 1.0 1.0 1.0 0.45312500000000844 
0.0 0.04687500000000275 0.671875000000003 1.0 1.0 1.0 1.0 0.8906249999999938 0.0 0.0 0.0 0.0 0.109374999999996 0.8749999999999929 0.9531249999999969 1.0 1.0 1.0 1.0 0.12500000000000355 
0.0 0.0 0.0 0.7656250000000062 1.0 1.0 1.0 1.0 1.0 1.0 1.0 1.0 1.0 1.0 1.0 1.0 0.9843750000000013 0.5468750000000075 0.0 0.0 
0.0 0.0 0.0 0.0 0.0 0.23437500000000266 0.8593750000000023 1.0 1.0 1.0 1.0 1.0 1.0 1.0 0.7656250000000058 0.6250000000000071 0.0 0.0 0.0 0.0 
