0.875 1.0 1.0 0.8749999999999996 0.12499999999999956 0.0 0.0 0.0 0.0 0.0 0.0 0.0 0.0 0.0 0.07500000000000276 0.30000000000000704 0.9000000000000022 1.0 1.0 0.8749999999999982 
0.875 1.0 1.0 0.8749999999999996 0.12499999999999956 0.0 0.0 0.0 0.0 0.0 0.0 0.0 0.0 0.0 0.3750000000000018 1.0 1.0 1.0 1.0 0.8749999999999982 
0.875 1.0 1.0 0.8749999999999996 0.12499999999999956 0.0 0.0 0.0 0.0 0.0 0.0 0.0 0.0 0.0 0.3750000000000018 1.0 1.0 1.0 1.0 0.8749999999999982 
0.875 1.0 1.0 0.8749999999999996 0.12499999999999956 0.0 0.0 0.0 0.0 0.0 0.0 0.0 0.0 0.0 0.3750000000000018 1.0 1.0 1.0 1.0 0.8749999999999982 
0.875 1.0 1.0 0.8749999999999996 0.12499999999999956 0.0 0.0 0.0 0.0 0.0 0.0 0.0 0.0 0.0 0.3750000000000018 1.0 1.0 1.0 1.0 0.8749999999999982 
0.875 1.0 1.0 0.8749999999999996 0.12499999999999956 0.0 0.0 0.0 0.0 0.0 0.0 0.0 0.0 0.0 0.3750000000000018 1.0 1.0 1.0 1.0 0.8749999999999982 
0.875 1.0 1.0 0.8749999999999996 0.12499999999999956 0.0 0.0 0.0 0.0 0.0 0.0 0.0 0.0 0.0 0.3750000000000018 1.0 1.0 1.0 1.0 0.8749999999999982 
0.875 1.0 1.0 0.8749999999999996 0.12499999999999956 0.0 0.0 0.0 0.0 0.0 0.0 0.0 0.0 0.0 0.37500000000000044 0.9999999999999969 0.9999999999999996 1.0 1.0 0.8749999999999982 
0.875 1.0 1.0 0.8749999999999996 0.12499999999999956 0.0 0.0 0.0 0.0 0.0 0.0 0.0 0.0 0.0 0.0 0.12500000000000178 0.8750000000000018 1.0 1.0 0.8749999999999982 
0.875 1.0 1.0 0.8749999999999996 0.12499999999999956 0.0 0.0 0.0 0.0 0.0 0.0 0.0 0.0 0.0 0.0 0.12500000000000178 0.8750000000000018 1.0 1.0 0.8749999999999982 
0.875 1.0 1.0 0.8749999999999996 0.12499999999999956 0.0 0.0 0.0 0.0 0.0 0.0 0.0 0.0 0.0 0.0 0.12500000000000178 0.8750000000000018 1.0 1.0 0.8749999999999982 
0.875 1.0 1.0 0.8749999999999996 0.12499999999999956 0.0 0.0 0.0 0.0 0.0 0.0 0.0 0.0 0.0 0.0 0.12500000000000178 0.8750000000000018 1.0 1.0 0.8749999999999982 
0.875 1.0 1.0 0.8749999999999996 0.12499999999999956 0.0 0.0 0.0 0.0 0.0 0.0 0.0 0.0 0.0 0.0 0.12500000000000178 0.8750000000000018 1.0 1.0 0.8749999999999982 
0.875 1.0 1.0 0.8749999999999996 0.12499999999999956 0.0 0.0 0.0 0.0 0.0 0.0 0.0 0.0 0.0 0.0 0.12500000000000178 0.8750000000000018 1.0 1.0 0.8749999999999982 
0.875 1.0 1.0 0.8749999999999996 0.12499999999999956 0.0 0.0 0.0 0.0 0.0 0.0 0.0 0.0 0.0 0.0 0.12500000000000178 0.8750000000000018 1.0 1.0 0.8749999999999982 
0.875 1.0 1.0 0.9 0.30000000000000215 0.07500000000000098 0.0 0.0 0.0 0.0 0.0 0.0 0.0 0.0 0.07500000000000143 0.30000000000000393 0.9000000000000018 1.0 1.0 0.8749999999999982 
0.34999999999999876 0.7749999999999995 1.0 1.0 1.0 0.37499999999999956 0.0 0.0 0.0 0.0 0.0 0.0 0.0 0.0 0.3750000000000018 1.0 1.0 1.0 0.7749999999999984 0.34999999999999803 
0.0 0.6250000000000001 1.0 1.0 1.0 1.0 0.6249999999999991 0.0 0.0 0.0 0.0 0.0 0.0 0.6250000000000018 1.0 1.0 1.0 1.0 0.6249999999999982 0.0 
0.0 0.0 0.22499999999999934 0.6499999999999984 0.95 1.0 1.0 1.0 1.0 1.0 1.0 1.0 1.0 1.0 1.0 0.9499999999999991 0.6499999999999975 0.22499999999999815 0.0 0.0 
0.0 0.0 0.0 0.025 0.17499999999999946 0.7000000000000001 1.0 1.0 1.0 1.0 1.0 1.0 1.0 0.4999999999999981 0.1999999999999993 0.17499999999999902 0.024999999999999557 0.0 0.0 0.0 
