0.0 0.0 3.4972025275694585e-16 0.04500000000000314 0.2600000000000088 0.8150000000000065 1.0 1.0 1.0 1.0 1.0 1.0 0.9999999999999918 0.4449999999999949 0.06000000000000295 0.01500000000000007 0.0 0.0 0.0 0.0 
0.0 0.09000000000000277 0.22500000000000814 0.6900000000000057 1.0 1.0 0.9099999999999968 0.7749999999999955 0.7749999999999955 0.7749999999999955 0.7749999999999955 0.8649999999999993 1.0 1.0 0.8449999999999932 0.3799999999999948 0.22500000000000453 0.22500000000000214 0.0899999999999991 0.0 
0.300000000000005 0.6250000000000053 1.0 1.0 0.924999999999997 0.6999999999999942 0.3749999999999935 0.0 0.0 0.0 0.0 0.250000000000004 0.6249999999999989 0.8500000000000014 1.0 1.0 1.0 0.9999999999999893 0.3999999999999879 0.0 
0.8000000000000038 1.0 1.0 1.0 0.7999999999999945 0.19999999999999396 0.0 0.0 0.0 0.0 0.0 0.0 4.218847493575556e-15 0.2850000000000014 0.5800000000000017 0.8950000000000051 1.0 0.9999999999999893 0.3999999999999879 0.0 
0.8000000000000038 1.0 1.0 1.0 0.7999999999999945 0.19999999999999396 0.0 0.0 0.0 0.0 0.0 0.0 0.0 0.0 0.20000000000000995 0.8000000000000114 1.0 0.9999999999999893 0.3999999999999879 0.0 
0.13999999999999696 0.17499999999999538 0.17499999999999538 0.17499999999999538 0.13999999999999535 0.03499999999999802 0.0 0.0 0.0 0.0 0.0 0.0 0.0 0.0 0.20000000000000995 0.8000000000000114 1.0 0.9999999999999893 0.3999999999999879 0.0 
0.0 0.0 0.0 0.0 0.0 0.0 0.0 0.0 0.0 0.0 0.0 0.0 0.0 0.0 0.20000000000000995 0.8000000000000114 1.0 0.9999999999999893 0.3999999999999879 0.0 
0.0 0.0 0.0 0.0 0.0 0.0 0.0 0.0 0.0 0.0 0.0 0.05000000000000258 0.12500000000001132 0.6500000000000089 1.0 1.0 0.9499999999999972 0.8749999999999871 0.349999999999988 0.0 
0.0 0.0 0.0 0.0 0.0 0.0 0.11000000000000325 0.2750000000000039 0.2750000000000039 0.2750000000000039 0.2750000000000039 0.565000000000009 1.0 1.0 0.9449999999999965 0.7799999999999937 0.4349999999999897 0.0 0.0 0.0 
0.0 0.0 0.0 0.0 0.0 0.0 0.40000000000000613 1.0 1.0 1.0 1.0 1.0 1.0 1.0 0.79999999999999 0.19999999999998863 0.0 0.0 0.0 0.0 
0.0 0.0 0.0 0.0 0.0 0.0 0.17000000000000076 0.4249999999999954 0.4249999999999954 0.4249999999999954 0.4249999999999954 0.6550000000000026 1.0 1.0 0.9149999999999967 0.6599999999999988 0.3449999999999964 0.0 0.0 0.0 
0.0 0.0 0.0 0.0 0.0 0.0 0.0 0.0 0.0 0.0 0.0 0.11000000000000126 0.27500000000000324 0.7100000000000048 1.0 1.0 0.8899999999999982 0.7249999999999954 0.28999999999999254 0.0 
0.0 0.0 0.0 0.0 0.0 0.0 0.0 0.0 0.0 0.0 0.0 0.0 1.110223024625125e-15 0.07499999999999893 0.3000000000000059 0.8250000000000093 1.0 0.9999999999999893 0.3999999999999879 0.0 
0.020000000000003224 0.025000000000003908 0.02500000000000379 0.010000000000001438 0.0 0.0 0.0 0.0 0.0 0.0 0.0 0.0 0.0 0.0 0.20000000000000995 0.8000000000000114 1.0 1.0 1.0 0.7999999999999883 
0.8000000000000038 1.0 0.9999999999999953 0.399999999999995 0.0 0.0 0.0 0.0 0.0 0.0 0.0 0.0 0.0 0.0 0.20000000000000995 0.8000000000000114 1.0 0.9999999999999981 0.8949999999999954 0.6599999999999869 
0.8000000000000038 1.0 0.9999999999999953 0.399999999999995 0.0 0.0 0.0 0.0 0.0 0.0 0.0 0.0 0.0 0.0 0.20000000000000995 0.8000000000000114 1.0 0.9999999999999893 0.3999999999999879 0.0 
0.8000000000000038 1.0 0.9999999999999976 0.6849999999999983 0.3799999999999985 0.09499999999999742 0.0 0.0 0.0 0.0 0.0 0.0 4.2188474935756075e-15 0.2850000000000049 0.5800000000000064 0.8950000000000062 1.0 0.9999999999999893 0.3999999999999879 0.0 
0.30000000000000143 0.6250000000000027 1.0 1.0 0.9249999999999979 0.6999999999999977 0.37499999999999617 0.0 0.0 0.0 0.0 0.2500000000000058 0.6250000000000033 0.8500000000000032 1.0 1.0 0.7499999999999931 0.374999999999996 0.14999999999999547 0.0 
0.0 0.08999999999999868 0.22499999999999792 0.6900000000000015 1.0 1.0 0.9100000000000009 0.7750000000000057 0.7750000000000057 0.7750000000000057 0.7750000000000057 0.8650000000000055 1.0 1.0 0.8449999999999912 0.3799999999999867 0.13499999999999412 0.0 0.0 0.0 
0.0 0.0 3.4972025275690443e-16 0.04499999999999781 0.07499999999999574 0.07499999999999574 0.4450000000000031 1.0 1.0 1.0 1.0 1.0 0.9999999999999918 0.44499999999998957 0.05999999999999584 0.014999999999998294 0.0 0.0 0.0 0.0 
