0.0 0.0 0.0 0.0 0.0 0.0 0.0 0.0 0.0 0.0 0.0 0.0 0.6250000000000027 1.0 1.0 1.0 1.0 1.0 0.4749999999999943 0.0 
0.0 0.0 0.0 0.0 0.0 0.0 0.0 0.0 0.0 0.0 0.04875000000000018 0.14624999999999974 0.681250000000002 1.0 1.0 1.0 1.0 1.0 0.4749999999999943 0.0 
0.0 0.0 0.0 0.0 0.0 0.0 0.0 0.0 0.0 0.0 0.32500000000000284 0.9750000000000032 1.0 1.0 1.0 1.0 1.0 1.0 0.4749999999999943 0.0 
0.0 0.0 0.0 0.0 0.0 0.0 0.0 0.0 0.008750000000000736 0.23625000000000063 0.5612500000000016 0.9837500000000021 1.0 1.0 1.0 1.0 1.0 1.0 0.4749999999999943 0.0 
0.0 0.0 0.0 0.0 0.0 0.0 0.0 0.16875000000000087 0.46375000000000133 0.8212500000000014 1.0 1.0 1.0 1.0 1.0 1.0 1.0 1.0 0.4749999999999943 0.0 
0.0 0.0 0.0 0.0 0.0 0.0 0.0 0.3750000000000018 1.0 1.0 1.0 1.0 0.6562499999999981 0.4499999999999993 0.4499999999999993 0.7662500000000012 1.0 1.0 0.4749999999999943 0.0 
0.0 0.0 0.0 0.0 0.0 0.04875000000000101 0.47125000000000117 0.7812500000000009 1.0 1.0 0.7887499999999981 0.3662499999999976 0.13124999999999892 0.0 0.0 0.5750000000000028 1.0 1.0 0.4749999999999943 0.0 
0.0 0.0 0.0 0.0 0.0 0.07500000000000151 0.7250000000000014 1.0 1.0 1.0 0.6749999999999972 0.024999999999996803 0.0 0.20625000000000185 0.693750000000004 0.8937500000000012 1.0 1.0 0.4749999999999943 0.0 
0.0 0.0 0.0 0.0 0.36125000000000157 0.8612500000000015 0.9587500000000007 1.0 0.9787499999999981 0.4262499999999969 0.10124999999999862 0.0037499999999994846 0.0 0.27500000000000213 0.9250000000000043 1.0 1.0 1.0 0.4749999999999943 0.0 
0.0 0.0 0.0 0.0 0.42500000000000115 1.0 1.0 1.0 0.9749999999999979 0.3249999999999975 0.0 0.0 0.0 0.27500000000000213 0.9250000000000043 1.0 1.0 1.0 0.4749999999999943 0.0 
0.0 0.0 0.12500000000000067 0.7750000000000008 1.0 1.0 1.0 0.6249999999999982 0.0 0.0 0.0 0.0 0.0 0.27500000000000213 0.9250000000000043 1.0 1.0 1.0 0.4749999999999943 0.0 
0.0 0.07125000000000108 0.2562500000000024 0.8087500000000012 1.0 0.9887499999999996 0.8912499999999982 0.5312499999999971 0.0 0.0 0.0 0.0 0.0 0.27500000000000213 0.9250000000000043 1.0 1.0 1.0 0.4749999999999943 0.0 
0.0 0.4750000000000004 1.0 1.0 1.0 0.9249999999999985 0.2749999999999986 0.0 0.0 0.0 0.0 0.0 0.0 0.27500000000000213 0.9250000000000043 1.0 1.0 1.0 0.4749999999999943 0.0 
0.2887500000000027 0.658750000000002 1.0 1.0 0.8512499999999983 0.6012499999999961 0.1787499999999982 0.0 0.0 0.0 0.0 0.0 0.0 0.27500000000000213 0.9250000000000043 1.0 1.0 1.0 0.4749999999999943 0.0 
0.8250000000000002 1.0 1.0 1.0 0.7662500000000005 0.45000000000000284 0.45000000000000284 0.45000000000000284 0.45000000000000284 0.45000000000000284 0.45000000000000284 0.45000000000000284 0.45000000000000284 0.6012500000000032 0.9587500000000025 1.0 1.0 1.0 0.4749999999999943 0.0 
0.8250000000000002 1.0 1.0 1.0 1.0 1.0 1.0 1.0 1.0 1.0 1.0 1.0 1.0 1.0 1.0 1.0 1.0 1.0 0.7637499999999997 0.45375000000000115 
0.2887499999999954 0.3499999999999943 0.3499999999999943 0.3499999999999943 0.3499999999999943 0.3499999999999943 0.3499999999999943 0.3499999999999943 0.3499999999999943 0.3499999999999943 0.3499999999999943 0.3499999999999943 0.3499999999999943 0.5287499999999973 0.9512500000000024 1.0 1.0 1.0 0.6587499999999933 0.28874999999999384 
0.0 0.0 0.0 0.0 0.0 0.0 0.0 0.0 0.0 0.0 0.0 0.0 0.0 0.27500000000000213 0.9250000000000043 1.0 1.0 1.0 0.4749999999999943 0.0 
0.0 0.0 0.0 0.0 0.0 0.0 0.0 0.0 0.0 0.0 0.0 0.0 0.0 0.27500000000000213 0.9250000000000043 1.0 1.0 1.0 0.4749999999999943 0.0 
0.0 0.0 0.0 0.0 0.0 0.0 0.0 0.0 0.0 0.0 0.0 0.0 0.0 0.27500000000000213 0.9250000000000043 1.0 1.0 1.0 0.4749999999999943 0.0 
