0.0 0.0 1.3322676295502068e-16 0.030000000000000564 0.24000000000000327 0.8100000000000029 1.0 1.0 1.0 1.0 1.0 1.0 1.0 1.0 0.8099999999999957 0.23999999999999652 0.03000000000000023 0.0 0.0 0.0 
0.0 0.060000000000000796 0.1500000000000033 0.6600000000000027 1.0 1.0 0.9399999999999992 0.849999999999999 0.849999999999999 0.849999999999999 0.849999999999999 0.849999999999999 0.8499999999999995 0.9400000000000001 1.0 1.0 0.659999999999997 0.1500000000000005 0.05999999999999993 0.0 
0.0 0.4000000000000026 1.0 1.0 0.9499999999999991 0.7999999999999982 0.44999999999999696 0.0 0.0 0.0 0.0 0.0 2.664535259100371e-15 0.4500000000000016 0.8 0.9500000000000008 1.0 0.9999999999999973 0.5499999999999984 0.1999999999999999 
0.280000000000002 0.6100000000000025 1.0 1.0 0.7999999999999972 0.19999999999999707 0.0 0.0 0.0 0.0 0.0 0.0 0.0 0.0 0.20000000000000462 0.8000000000000043 1.0 1.0 1.0 0.7999999999999954 
0.4399999999999998 0.549999999999998 0.549999999999998 0.549999999999998 0.4399999999999969 0.109999999999998 0.0 0.0 0.0 0.0 0.0 0.0 0.0 0.0 0.11000000000000215 0.4400000000000008 0.7300000000000006 1.0 1.0 0.7999999999999954 
0.0 0.0 0.0 0.0 0.0 0.0 0.0 0.0 0.0 0.0 0.0 0.0 0.0 0.0 0.11000000000000304 0.44000000000000433 0.7300000000000033 1.0 1.0 0.7999999999999954 
0.0 0.0 0.0 0.0 0.0 0.0 0.0 0.0 0.0 0.0 0.0 0.0 0.0 0.0 0.20000000000000462 0.8000000000000043 1.0 0.9999999999999977 0.6099999999999967 0.2799999999999967 
0.0 0.0 0.0 0.0 0.0 0.0 0.0 0.0 0.0 0.0 0.0 0.0 2.664535259100385e-15 0.450000000000004 0.8000000000000033 0.9500000000000016 1.0 0.9999999999999964 0.3999999999999968 0.0 
0.0 0.0 0.0 0.0 0.0 0.0 0.0 0.0 0.0 0.0 0.0 0.3400000000000046 0.8500000000000038 0.9400000000000017 1.0 1.0 0.6599999999999954 0.14999999999999628 0.05999999999999824 0.0 
0.0 0.0 0.0 0.0 0.0 0.0 0.0 0.0 0.0 0.0 0.0 0.4000000000000039 1.0 1.0 1.0 1.0 0.5999999999999961 0.0 0.0 0.0 
0.0 0.0 0.0 0.0 0.0 0.0 0.0 1.776356839400402e-16 0.03000000000000272 0.2400000000000061 0.810000000000004 1.0 0.9999999999999998 0.9699999999999973 0.7599999999999922 0.1899999999999951 0.0 0.0 0.0 0.0 
0.0 0.0 0.0 0.0 0.0 0.0 0.0 3.552713678800501e-15 0.6000000000000032 1.0 1.0 1.0 0.9999999999999964 0.3999999999999968 0.0 0.0 0.0 0.0 0.0 0.0 
0.0 0.0 0.0 0.0 0.0 0.0 0.10000000000000217 0.2500000000000062 0.7000000000000038 1.0 1.0 0.8999999999999976 0.7499999999999938 0.29999999999999616 0.0 0.0 0.0 0.0 0.0 0.0 
0.0 0.0 0.0 0.0 0.07000000000000199 0.280000000000005 0.610000000000005 1.0 1.0 0.9299999999999979 0.7199999999999949 0.38999999999999446 0.0 0.0 0.0 0.0 0.0 0.0 0.0 0.0 
0.0 0.0 0.0 0.0 0.20000000000000284 0.8000000000000029 1.0 0.9999999999999984 0.7299999999999958 0.43999999999999473 0.10999999999999722 0.0 0.0 0.0 0.0 0.0 0.0 0.0 0.0 0.0 
0.0 0.0 1.465494392505218e-15 0.33000000000000407 0.6400000000000047 0.9100000000000021 1.0 0.9999999999999964 0.3999999999999968 0.0 0.0 0.0 0.0 0.0 0.0 0.0 0.0 0.0 0.0 0.0 
0.0 0.26000000000000395 0.6500000000000066 0.8600000000000032 1.0 1.0 0.7399999999999958 0.3499999999999931 0.1399999999999966 0.0 0.0 0.0 0.0 0.0 0.0 0.0 0.0 0.0 0.0 0.0 
0.0 0.4000000000000026 1.0 1.0 1.0 1.0 0.599999999999997 0.0 0.0 0.0 0.0 0.0 0.0 0.0 0.0 0.0 0.0 0.0 0.0 0.0 
0.0 0.4000000000000026 1.0 1.0 1.0 1.0 0.9400000000000015 0.850000000000005 0.850000000000005 0.850000000000005 0.850000000000005 0.850000000000005 0.850000000000005 0.850000000000005 0.850000000000005 0.850000000000005 0.850000000000005 0.850000000000005 0.850000000000005 0.68 
0.7600000000000074 0.970000000000004 1.0 1.0 1.0 1.0 1.0 1.0 1.0 1.0 1.0 1.0 1.0 1.0 1.0 1.0 1.0 1.0 1.0 0.7999999999999954 
