0.0 0.0 3.4972025275694585e-16 0.04500000000000314 0.07500000000000462 0.07500000000000462 0.44500000000000844 1.0 1.0 1.0 1.0 1.0 1.0 1.0 0.8149999999999917 0.2599999999999932 0.04500000000000195 0.0 0.0 0.0 
0.0 0.09000000000000277 0.22500000000000814 0.6900000000000057 1.0 1.0 1.0 0.9999999999999984 0.8649999999999958 0.7749999999999955 0.7749999999999955 0.7749999999999955 0.7749999999999975 0.9100000000000001 1.0 1.0 0.6899999999999933 0.22500000000000214 0.0899999999999991 0.0 
0.0 0.40000000000000424 1.0 1.0 0.924999999999997 0.6999999999999942 0.6249999999999956 0.6249999999999911 0.249999999999994 0.0 0.0 0.0 5.551115123125743e-15 0.37500000000000266 0.7000000000000002 0.9250000000000034 1.0 0.9999999999999893 0.3999999999999879 0.0 
0.0 0.40000000000000424 1.0 1.0 0.7999999999999945 0.19999999999999396 0.0 0.0 0.0 0.0 0.0 0.0 0.0 0.0 0.20000000000000995 0.8000000000000114 1.0 0.9999999999999949 0.7149999999999969 0.4199999999999973 
0.540000000000006 0.8050000000000039 1.0 1.0 0.7999999999999945 0.19999999999999396 0.0 0.0 0.0 0.0 0.0 0.0 0.0 0.0 0.20000000000000995 0.8000000000000114 1.0 1.0 1.0 0.7999999999999883 
0.8000000000000038 1.0 1.0 1.0 0.7999999999999945 0.19999999999999396 0.0 0.0 0.0 0.0 0.0 0.0 0.0 0.0 0.20000000000000995 0.8000000000000114 1.0 1.0 1.0 0.7999999999999883 
0.019999999999996826 0.4150000000000017 1.0 1.0 0.7999999999999945 0.19999999999999396 0.0 0.0 0.0 0.0 0.0 0.0 0.0 0.0 0.20000000000000995 0.8000000000000114 1.0 1.0 1.0 0.7999999999999883 
0.0 0.3500000000000023 0.874999999999997 0.9499999999999992 0.8249999999999958 0.29999999999999755 0.12500000000000355 0.12500000000000266 0.05000000000000058 0.0 0.0 0.0 1.110223024625188e-15 0.0750000000000032 0.30000000000001154 0.8250000000000106 1.0 0.9999999999999893 0.3999999999999879 0.0 
0.0 0.0 3.3806291099835834e-15 0.4350000000000013 0.7799999999999984 0.9450000000000008 1.0 0.9999999999999949 0.5649999999999975 0.2750000000000039 0.2750000000000039 0.2750000000000039 0.27500000000001035 0.7100000000000077 1.0 1.0 0.8899999999999955 0.7249999999999883 0.28999999999998965 0.0 
0.0 0.0 1.9817480989559243e-15 0.25500000000000467 0.5400000000000066 0.8850000000000043 1.0 1.0 1.0 1.0 1.0 1.0 1.0 1.0 1.0 1.0 0.599999999999989 0.0 0.0 0.0 
0.0 0.0 4.6629367034256575e-15 0.600000000000005 1.0 1.0 0.7699999999999947 0.4249999999999954 0.4249999999999954 0.4249999999999954 0.4249999999999954 0.4249999999999954 0.4250000000000005 0.7700000000000031 1.0 1.0 0.8299999999999972 0.5749999999999985 0.2299999999999949 0.0 
0.0 0.29000000000000437 0.7250000000000045 0.8900000000000027 0.8549999999999953 0.41999999999999305 0.1649999999999964 0.0 0.0 0.0 0.0 0.0 2.442490654175316e-15 0.16500000000000042 0.42000000000000465 0.8550000000000076 1.0 0.9999999999999893 0.3999999999999879 0.0 
0.7000000000000062 0.9250000000000027 1.0 1.0 0.7999999999999945 0.19999999999999396 0.0 0.0 0.0 0.0 0.0 0.0 0.0 0.0 0.20000000000000995 0.8000000000000114 1.0 0.9999999999999987 0.9250000000000006 0.6999999999999926 
0.8000000000000038 1.0 0.9999999999999953 0.399999999999995 0.0 0.0 0.0 0.0 0.0 0.0 0.0 0.0 0.0 0.0 0.0 0.0 0.400000000000011 1.0 1.0 0.7999999999999883 
0.8000000000000038 1.0 0.9999999999999953 0.399999999999995 0.0 0.0 0.0 0.0 0.0 0.0 0.0 0.0 0.0 0.0 0.03500000000000259 0.1400000000000054 0.5050000000000117 1.0 1.0 0.7999999999999883 
0.8000000000000038 1.0 0.9999999999999969 0.5949999999999984 0.2600000000000005 0.0649999999999986 0.0 0.0 0.0 0.0 0.0 0.0 0.0 0.0 0.20000000000000995 0.8000000000000114 1.0 1.0 1.0 0.7999999999999883 
0.4200000000000009 0.7150000000000012 1.0 1.0 0.7999999999999945 0.19999999999999396 0.0 0.0 0.0 0.0 0.0 0.0 0.0 0.0 0.20000000000000995 0.8000000000000114 1.0 0.9999999999999949 0.7149999999999934 0.4199999999999927 
0.0 0.15000000000000158 0.3750000000000029 0.7500000000000031 0.9249999999999979 0.6999999999999977 0.625 0.6249999999999956 0.24999999999999578 0.0 0.0 0.2500000000000058 0.625 0.625 0.7000000000000037 0.9250000000000043 1.0 0.9999999999999893 0.3999999999999879 0.0 
0.0 0.0 4.6629367034256575e-15 0.600000000000005 1.0 1.0 1.0 0.9999999999999984 0.8650000000000019 0.7750000000000057 0.7750000000000057 0.8650000000000055 1.0 1.0 1.0 1.0 0.6899999999999892 0.22499999999999193 0.08999999999999501 0.0 
0.0 0.0 3.4972025275690443e-16 0.04499999999999781 0.07499999999999574 0.07499999999999574 0.07499999999999574 0.07500000000000231 0.6300000000000046 1.0 1.0 1.0 0.9999999999999918 0.44499999999998957 0.07499999999999574 0.07499999999999574 0.04499999999999662 0.0 0.0 0.0 
