0.0 0.0 0.0 0.0 0.06500000000000034 0.3400000000000001 1.0 1.0 1.0 1.0 1.0 1.0 1.0 1.0 0.3400000000000043 0.06500000000000149 0.0 0.0 0.0 0.0 
0.0 0.0 0.0 0.2849999999999995 0.7300000000000006 1.0 1.0 1.0 1.0 1.0 1.0 1.0 1.0 1.0 1.0 0.730000000000003 0.28500000000000325 0.0 0.0 0.0 
0.0 0.0 1.6653345369377271e-15 0.47499999999999837 1.0 1.0 0.9999999999999999 0.9999999999999977 0.9999999999999973 0.9999999999999973 0.9999999999999973 0.9999999999999973 0.9999999999999977 0.9999999999999999 1.0 1.0 0.4750000000000046 1.6653345369377443e-15 0.0 0.0 
0.0 0.0 0.6249999999999971 1.0 1.0 0.9300000000000008 0.5849999999999999 0.07500000000000133 0.0 0.0 0.0 0.0 0.12499999999999645 0.9749999999999961 1.0 1.0 1.0 0.6250000000000036 0.0 0.0 
0.0 0.6199999999999997 0.9250000000000004 1.0 1.0 0.8250000000000028 0.0 0.0 0.0 0.0 0.0 0.0 0.024999999999998978 0.1949999999999968 0.8599999999999975 1.0 1.0 0.9250000000000016 0.6200000000000051 0.0 
0.0 0.7749999999999972 1.0 1.0 1.0 0.8250000000000028 0.0 0.0 0.0 0.0 0.0 0.0 0.0 0.0 0.6599999999999957 0.9349999999999985 1.0 1.0 0.7750000000000039 0.0 
0.0 0.7749999999999971 1.0 1.0 0.8050000000000013 0.32999999999999996 0.0 0.0 0.0 0.0 0.0 0.0 0.0 0.0 0.0 0.6749999999999972 1.0 1.0 0.7750000000000039 0.0 
0.9249999999999972 1.0 1.0 1.0 0.6750000000000029 0.0 0.0 0.0 0.0 0.0 0.0 0.0 0.0 0.0 0.0 0.6749999999999972 1.0 1.0 1.0 0.9250000000000043 
0.9249999999999972 1.0 1.0 1.0 0.6750000000000029 0.0 0.0 0.0 0.0 0.0 0.0 0.0 0.0 0.0 0.0 0.6749999999999972 1.0 1.0 1.0 0.9250000000000043 
0.9249999999999972 1.0 1.0 1.0 0.6750000000000029 0.0 0.0 0.0 0.0 0.0 0.0 0.0 0.0 0.0 0.0 0.6749999999999972 1.0 1.0 1.0 0.9250000000000043 
0.9249999999999972 1.0 1.0 1.0 0.6750000000000029 0.0 0.0 0.0 0.0 0.0 0.0 0.0 0.0 0.0 0.0 0.13500000000000134 0.6199999999999988 1.0 1.0 0.9250000000000043 
0.9249999999999972 1.0 1.0 1.0 0.6750000000000029 0.0 0.0 0.0 0.0 0.0 0.0 0.0 0.0 0.0 0.0 0.6749999999999972 1.0 1.0 1.0 0.9250000000000043 
0.9249999999999972 1.0 1.0 1.0 0.6750000000000029 0.0 0.0 0.0 0.0 0.0 0.0 0.0 0.0 0.0 0.0 0.6749999999999972 1.0 1.0 1.0 0.9250000000000043 
0.9249999999999972 1.0 1.0 1.0 0.6750000000000029 0.0 0.0 0.0 0.0 0.0 0.0 0.0 0.0 0.0 0.0 0.6749999999999972 1.0 1.0 1.0 0.9250000000000043 
0.18499999999999878 0.8199999999999975 1.0 1.0 0.6750000000000029 0.0 0.0 0.0 0.0 0.0 0.0 0.0 0.0 0.0 0.0 0.6749999999999972 1.0 1.0 1.0 0.9250000000000043 
0.0 0.7749999999999972 1.0 1.0 1.0 0.8250000000000028 0.0 0.0 0.0 0.0 0.0 0.0 0.0 0.0 0.8249999999999975 1.0 1.0 1.0 0.7750000000000039 0.0 
0.0 0.7749999999999971 1.0 1.0 1.0 0.9300000000000014 0.6000000000000014 0.6000000000000014 0.6000000000000014 0.2550000000000026 0.2549999999999989 0.6000000000000014 0.6000000000000014 0.6000000000000014 0.9299999999999993 1.0 1.0 1.0 0.7750000000000039 0.0 
0.0 0.0 0.6249999999999971 1.0 1.0 1.0 1.0 1.0 1.0 1.0 1.0 1.0 1.0 1.0 1.0 1.0 1.0 0.6250000000000036 0.0 0.0 
0.0 0.0 0.0 0.2849999999999972 0.7299999999999974 1.0 1.0 1.0 1.0 1.0 1.0 1.0 1.0 1.0 1.0 0.7299999999999998 0.2850000000000009 0.0 0.0 0.0 
0.0 0.0 0.0 0.0 0.06499999999999918 0.1999999999999993 0.21999999999999675 0.8999999999999978 1.0 1.0 1.0 0.7800000000000024 0.1999999999999993 0.1999999999999993 0.1999999999999993 0.06500000000000034 0.0 0.0 0.0 0.0 
