0.9249999999999972 1.0 1.0 1.0 1.0 1.0 1.0 1.0 1.0 1.0 1.0 1.0 1.0 1.0 0.3400000000000043 0.20000000000000284 0.09500000000000199 0.0 0.0 0.0 
0.9249999999999972 1.0 1.0 1.0 1.0 1.0 1.0 1.0 1.0 1.0 1.0 1.0 1.0 1.0 1.0 1.0 0.7900000000000027 0.37500000000000383 0.0 0.0 
0.9249999999999947 0.9999999999999994 1.0 1.0 1.0 1.0 0.9999999999999999 0.9999999999999977 0.9999999999999973 0.9999999999999973 0.9999999999999973 0.9999999999999973 0.9999999999999977 0.9999999999999999 1.0 1.0 1.0 1.0 0.7750000000000039 0.0 
0.0 0.7749999999999971 1.0 1.0 1.0 1.0 0.9750000000000032 0.12500000000000266 0.0 0.0 0.0 0.0 0.0749999999999976 0.5849999999999955 0.9299999999999986 1.0 1.0 1.0 0.8650000000000029 0.37000000000000366 
0.0 0.7749999999999971 1.0 1.0 1.0 1.0 0.9750000000000032 0.12500000000000266 0.0 0.0 0.0 0.0 0.0 0.0 0.16499999999999745 0.7399999999999969 1.0 1.0 1.0 0.9250000000000043 
0.0 0.0 0.6249999999999971 1.0 1.0 1.0 0.9750000000000032 0.12500000000000266 0.0 0.0 0.0 0.0 0.0 0.0 0.0 0.6749999999999972 1.0 1.0 1.0 0.9250000000000043 
0.0 0.0 0.6249999999999971 1.0 1.0 1.0 0.9750000000000032 0.12500000000000266 0.0 0.0 0.0 0.0 0.0 0.0 0.0 0.6749999999999972 1.0 1.0 1.0 0.9250000000000043 
0.0 0.0 0.6249999999999971 1.0 1.0 1.0 0.9750000000000032 0.12500000000000266 0.0 0.0 0.0 0.0 0.0 0.0 0.0 0.6749999999999972 1.0 1.0 1.0 0.9250000000000043 
0.0 0.0 0.6249999999999971 1.0 1.0 1.0 0.9750000000000032 0.12500000000000266 0.0 0.0 0.0 0.0 0.0 0.0 0.0 0.6749999999999972 1.0 1.0 1.0 0.9250000000000043 
0.0 0.0 0.6249999999999971 1.0 1.0 1.0 0.9750000000000032 0.12500000000000266 0.0 0.0 0.0 0.0 0.0 0.0 0.66 0.9350000000000003 1.0 1.0 1.0 0.9250000000000043 
0.0 0.0 0.6249999999999971 1.0 1.0 1.0 0.9800000000000026 0.3000000000000046 0.20000000000000284 0.20000000000000284 0.20000000000000284 0.4199999999999995 1.0 1.0 1.0 1.0 1.0 1.0 0.7750000000000039 0.0 
0.0 0.0 0.6249999999999971 1.0 1.0 1.0 1.0 1.0 1.0 1.0 1.0 1.0 1.0 1.0 1.0 1.0 1.0 0.7750000000000016 0.31000000000000044 0.0 
0.0 0.0 0.6249999999999971 1.0 1.0 1.0 1.0 1.0 1.0 1.0 1.0 1.0 1.0 1.0 1.0 0.32500000000000284 0.0 0.0 0.0 0.0 
0.0 0.0 0.6249999999999971 1.0 1.0 1.0 0.9900000000000012 0.6499999999999992 0.16500000000000123 0.0 0.0 0.0 0.0 0.0 0.0 0.0 0.0 0.0 0.0 0.0 
0.0 0.0 0.6249999999999971 1.0 1.0 1.0 0.9750000000000032 0.12500000000000266 0.0 0.0 0.0 0.0 0.0 0.0 0.0 0.0 0.0 0.0 0.0 0.0 
0.0 0.0 0.6249999999999971 1.0 1.0 1.0 0.9750000000000032 0.12500000000000266 0.0 0.0 0.0 0.0 0.0 0.0 0.0 0.0 0.0 0.0 0.0 0.0 
0.0 0.0 0.6249999999999971 1.0 1.0 1.0 0.9750000000000032 0.12500000000000266 0.0 0.0 0.0 0.0 0.0 0.0 0.0 0.0 0.0 0.0 0.0 0.0 
0.0 0.0 0.6249999999999971 1.0 1.0 1.0 0.9750000000000032 0.12500000000000266 0.0 0.0 0.0 0.0 0.0 0.0 0.0 0.0 0.0 0.0 0.0 0.0 
0.0 0.0 0.6249999999999971 1.0 1.0 1.0 0.9750000000000032 0.12500000000000266 0.0 0.0 0.0 0.0 0.0 0.0 0.0 0.0 0.0 0.0 0.0 0.0 
0.0 0.0 0.12499999999999897 0.5799999999999972 1.0 0.8600000000000021 0.19499999999999995 0.025000000000000445 0.0 0.0 0.0 0.0 0.0 0.0 0.0 0.0 0.0 0.0 0.0 0.0 
