0.7499999999999979 1.0 1.0 0.22499999999999415 0.0 0.0 0.0 0.0 0.0 0.07500000000000569 0.07499999999999289 0.0 0.0 0.0 0.0 0.0 0.22500000000000853 0.6500000000000021 1.0 0.22499999999998935 
1.0 1.0 1.0 0.3749999999999938 0.0 0.0 0.0 0.0 0.0 1.0 1.0 0.0 0.0 0.0 0.0 0.0 0.37500000000001776 1.0 1.0 1.0 
0.37500000000000355 1.0 1.0 0.9999999999999972 0.0 0.0 0.0 0.0 0.0 1.0 1.0 0.3749999999999841 0.0 0.0 0.0 0.0 0.37500000000001776 1.0 1.0 1.0 
0.30000000000000443 1.0 1.0 1.0 0.0 0.0 0.0 0.0 0.07500000000000054 1.0 1.0 0.3749999999999858 0.0 0.0 0.0 0.0 0.37500000000001776 1.0 1.0 0.3749999999999858 
0.0 1.0 1.0 1.0 0.24999999999999517 0.0 0.0 0.0 0.37500000000001066 1.0 1.0 1.0 0.0 0.0 0.0 0.0 1.0 1.0 1.0 0.3749999999999858 
0.0 0.47500000000000453 1.0 1.0 0.6249999999999929 0.0 0.0 0.0 0.37500000000001066 1.0 1.0 1.0 0.3749999999999901 0.0 0.0 0.0 1.0 1.0 1.0 0.3749999999999858 
0.0 0.12500000000000444 1.0 1.0 0.9249999999999975 0.0 0.0 0.0 1.0 1.0 1.0 1.0 0.6249999999999858 0.0 0.0 0.0 1.0 1.0 1.0 0.3749999999999858 
0.0 0.12500000000000444 1.0 1.0 1.0 0.0 0.0 0.0 1.0 1.0 1.0 1.0 0.9999999999999993 0.0 0.0 0.0 1.0 1.0 1.0 0.0 
0.0 0.0 0.8750000000000053 1.0 1.0 0.17499999999999796 0.0 0.1250000000000017 1.0 1.0 1.0 1.0 1.0 0.17499999999999655 0.0 0.0 1.0 1.0 1.0 0.0 
0.0 0.0 0.0 1.0 1.0 0.9249999999999956 0.3999999999999986 0.7750000000000059 1.0 1.0 1.0 1.0 1.0 0.9249999999999913 0.04999999999999272 0.6250000000000178 1.0 1.0 1.0 0.0 
0.0 0.0 0.0 1.0 1.0 1.0 1.0 1.0 1.0 1.0 1.0 1.0 1.0 1.0 1.0 1.0 1.0 1.0 1.0 0.0 
0.0 0.0 0.0 0.7000000000000047 1.0 1.0 1.0 1.0 1.0 1.0 0.29999999999999083 0.7000000000000111 1.0 1.0 1.0 1.0 1.0 1.0 0.29999999999998517 0.0 
0.0 0.0 0.0 0.6250000000000062 1.0 1.0 1.0 1.0 1.0 0.8749999999999893 0.0 0.0 1.0 1.0 1.0 1.0 1.0 1.0 0.12499999999998224 0.0 
0.0 0.0 0.0 0.0 1.0 1.0 1.0 1.0 1.0 0.8749999999999893 0.0 0.0 0.3750000000000142 1.0 1.0 1.0 1.0 1.0 0.12499999999998224 0.0 
0.0 0.0 0.0 0.0 1.0 1.0 1.0 1.0 1.0 0.5249999999999917 0.0 0.0 0.22500000000000772 1.0 1.0 1.0 1.0 1.0 0.12499999999998224 0.0 
0.0 0.0 0.0 0.0 0.6250000000000033 1.0 1.0 1.0 1.0 0.0 0.0 0.0 0.0 1.0 1.0 1.0 1.0 0.9249999999999892 0.04999999999999272 0.0 
0.0 0.0 0.0 0.0 0.3750000000000071 1.0 1.0 1.0 0.6999999999999899 0.0 0.0 0.0 0.0 0.1250000000000142 1.0 1.0 1.0 0.8749999999999822 0.0 0.0 
0.0 0.0 0.0 0.0 0.0 1.0 1.0 1.0 0.6249999999999893 0.0 0.0 0.0 0.0 0.0 0.8750000000000178 1.0 1.0 0.8749999999999822 0.0 0.0 
0.0 0.0 0.0 0.0 0.0 1.0 1.0 1.0 0.4999999999999897 0.0 0.0 0.0 0.0 0.0 0.7000000000000117 1.0 1.0 0.8749999999999822 0.0 0.0 
0.0 0.0 0.0 0.0 0.0 0.07500000000000355 0.5999999999999943 0.5999999999999943 0.0 0.0 0.0 0.0 0.0 0.0 0.0 0.850000000000005 1.0 0.5249999999999844 0.0 0.0 
