0.0 0.0 0.0 0.0 0.0 0.0 0.0 0.0 0.0 0.0 0.0 0.0 0.07812500000000222 0.609375000000002 0.9343750000000017 1.0 1.0 0.8593749999999987 0.484374999999998 0.0 
0.0 0.0 0.0 0.0 0.0 0.0 0.0 0.0 0.0 0.0 0.37187500000000373 0.9093750000000005 1.0 1.0 1.0 1.0 1.0 1.0 0.7749999999999968 0.0 
0.0 0.0 0.0 0.0 0.0 0.021875000000000533 0.14687500000000342 0.8906250000000039 1.0 1.0 1.0 1.0 1.0 1.0 1.0 1.0 1.0 1.0 0.7749999999999968 0.0 
0.0 0.0 0.0 0.17812500000000153 0.5781250000000027 1.0 1.0 1.0 1.0 1.0 1.0 1.0 1.0 1.0 1.0 1.0 1.0 1.0 0.7749999999999968 0.0 
0.0 0.48437500000000266 0.8593750000000016 1.0 1.0 1.0 1.0 1.0 1.0 1.0 1.0 1.0 1.0 1.0 1.0 1.0 1.0 1.0 0.7749999999999968 0.0 
0.11562500000000053 0.8031250000000038 1.0 1.0 1.0 1.0 1.0 1.0 0.3656249999999964 0.125 0.125 0.3656250000000034 1.0 1.0 1.0 1.0 1.0 1.0 0.7749999999999968 0.0 
0.0 0.6781250000000038 0.875 0.875 0.875 0.7218749999999963 0.0 0.0 0.0 0.0 0.0 0.0 0.12500000000000355 0.9750000000000032 1.0 1.0 1.0 1.0 0.7749999999999968 0.0 
0.0 0.0 0.0 0.0 0.0 0.0 0.0 0.0 0.0 0.0 0.0 0.0 0.12500000000000355 0.9750000000000032 1.0 1.0 1.0 1.0 0.859374999999998 0.34687499999999893 
0.0 0.0 0.0 0.0 0.0 0.0 0.0 0.0 0.0 0.0 0.0 0.0 0.12500000000000355 0.9750000000000032 1.0 1.0 1.0 1.0 1.0 0.9249999999999972 
0.0 0.0 0.0 0.0 0.0 0.0 0.0 0.0 0.0 0.0 0.0 0.0 0.12500000000000355 0.9750000000000032 1.0 1.0 1.0 1.0 1.0 0.9249999999999972 
0.0 0.0 0.0 0.0 0.0 0.0 0.0 0.0 0.0 0.0 0.0 0.0 0.12500000000000355 0.9750000000000032 1.0 1.0 1.0 1.0 1.0 0.9249999999999972 
0.0 0.0 0.0 0.0 0.0 0.0 0.0 0.0 0.0 0.0 0.0 0.0 0.12500000000000355 0.9750000000000032 1.0 1.0 1.0 1.0 1.0 0.9249999999999972 
0.0 0.0 0.0 0.0 0.0 0.0 0.0 0.0 0.0 0.0 0.0 0.0 0.12500000000000355 0.9750000000000032 1.0 1.0 1.0 1.0 1.0 0.9249999999999972 
0.0 0.0 0.0 0.0 0.0 0.0 0.0 0.0 0.0 0.0 0.0 0.0 0.12500000000000355 0.9750000000000032 1.0 1.0 1.0 1.0 1.0 0.9249999999999972 
0.0 0.0 0.0 0.0 0.0 0.0 0.0 0.0 0.0 0.0 0.0 0.0 0.12500000000000355 0.9750000000000032 1.0 1.0 1.0 1.0 1.0 0.9249999999999972 
0.0 0.0 0.0 0.0 0.0 0.0 0.0 0.0 0.0 0.0 0.0 0.0 0.12500000000000355 0.9750000000000032 1.0 1.0 1.0 1.0 1.0 0.9249999999999972 
0.0 0.0 0.0 0.0 0.0 0.0 0.0 0.0 0.0 0.0 0.0 0.0 0.12500000000000355 0.9750000000000032 1.0 1.0 1.0 1.0 1.0 0.9249999999999972 
0.0 0.0 0.0 0.0 0.0 0.0 0.0 0.0 0.0 0.0 0.0 0.0 0.12500000000000355 0.9750000000000032 1.0 1.0 1.0 1.0 1.0 0.9249999999999972 
0.0 0.0 0.0 0.0 0.0 0.0 0.0 0.0 0.0 0.0 0.0 0.0 0.10937500000000311 0.8531250000000028 0.9781250000000006 1.0 1.0 1.0 1.0 0.9249999999999972 
0.0 0.0 0.0 0.0 0.0 0.0 0.0 0.0 0.0 0.0 0.0 0.0 0.0 0.0 0.5156250000000029 0.8781250000000016 1.0 1.0 0.9156249999999988 0.5781249999999982 
