0.157500000000001 0.7525000000000021 0.5874999999999986 0.1750000000000007 0.1750000000000007 0.1750000000000007 0.1750000000000007 0.1750000000000007 0.1750000000000007 0.1750000000000007 0.1750000000000007 0.1750000000000007 0.1750000000000007 0.1750000000000007 0.1750000000000007 0.1750000000000007 0.1750000000000007 0.1750000000000007 0.12250000000000007 0.0 
0.9000000000000021 1.0 1.0 1.0 1.0 1.0 1.0 1.0 1.0 1.0 1.0 1.0 1.0 1.0 1.0 1.0 1.0 1.0 0.6999999999999975 0.0 
0.11249999999999907 0.12499999999999867 0.12499999999999867 0.12499999999999867 0.12499999999999867 0.12499999999999867 0.12499999999999867 0.12499999999999867 0.12499999999999867 0.12499999999999867 0.12499999999999867 0.737500000000002 1.0 1.0 1.0 1.0 1.0 1.0 0.6999999999999975 0.0 
0.0 0.0 0.0 0.0 0.0 0.0 0.0 0.0 0.0 0.0 0.0 0.0 0.5000000000000036 1.0 1.0 1.0 1.0 0.8874999999999985 0.5424999999999971 0.0 
0.0 0.0 0.0 0.0 0.0 0.0 0.0 0.0 0.0 0.0 0.0 0.0 0.5000000000000036 1.0 1.0 1.0 1.0 0.49999999999999645 0.0 0.0 
0.0 0.0 0.0 0.0 0.0 0.0 0.0 0.0 0.0 0.0 0.0 0.6475000000000044 0.9625000000000015 1.0 1.0 1.0 0.35249999999999565 0.03749999999999849 0.0 0.0 
0.0 0.0 0.0 0.0 0.0 0.0 0.0 0.0 0.0 0.027500000000000847 0.2475000000000025 0.7825000000000027 1.0 1.0 0.8999999999999968 0.09999999999999787 0.0 0.0 0.0 0.0 
0.0 0.0 0.0 0.0 0.0 0.0 0.0 0.0 0.0 0.10000000000000231 0.9000000000000021 1.0 1.0 1.0 0.8999999999999968 0.09999999999999787 0.0 0.0 0.0 0.0 
0.0 0.0 0.0 0.0 0.0 0.0 0.0 0.0 0.29250000000000337 0.9775000000000029 0.9975000000000004 1.0 1.0 0.7074999999999966 0.022499999999997043 0.002499999999999627 0.0 0.0 0.0 0.0 
0.0 0.0 0.0 0.0 0.0 0.0 0.0 0.16250000000000228 0.5275000000000036 1.0 1.0 1.0 0.8374999999999975 0.4724999999999963 0.0 0.0 0.0 0.0 0.0 0.0 
0.0 0.0 0.0 0.0 0.0 0.0 0.0 0.5000000000000027 1.0 1.0 1.0 1.0 0.49999999999999645 0.0 0.0 0.0 0.0 0.0 0.0 0.0 
0.0 0.0 0.0 0.0 0.0025000000000004485 0.02250000000000357 0.7075000000000039 1.0 1.0 0.9974999999999995 0.9774999999999965 0.29249999999999604 0.0 0.0 0.0 0.0 0.0 0.0 0.0 0.0 
0.0 0.0 0.0 0.0 0.10000000000000231 0.9000000000000021 1.0 1.0 1.0 0.8999999999999977 0.09999999999999787 0.0 0.0 0.0 0.0 0.0 0.0 0.0 0.0 0.0 
0.0 0.0 0.0 0.0 0.10000000000000231 0.9000000000000021 1.0 1.0 0.7824999999999968 0.2474999999999949 0.027499999999998918 0.0 0.0 0.0 0.0 0.0 0.0 0.0 0.0 0.0 
0.0 0.0 0.0 0.3000000000000025 1.0 1.0 1.0 1.0 0.6999999999999975 0.0 0.0 0.0 0.0 0.0 0.0 0.0 0.0 0.0 0.0 0.0 
0.0 0.0 0.21250000000000308 0.5975000000000044 1.0 1.0 1.0 0.7874999999999968 0.4024999999999956 0.0 0.0 0.0 0.0 0.0 0.0 0.0 0.0 0.0 0.0 0.0 
0.0 0.0 0.5000000000000022 1.0 1.0 1.0 0.4574999999999938 0.11249999999999656 0.0 0.0 0.0 0.0 0.0 0.0 0.0 0.0 0.0 0.0 0.0 0.0 
0.0 0.7000000000000022 1.0 1.0 1.0 1.0 0.3875000000000025 0.06250000000000322 0.0 0.0 0.0 0.0 0.0 0.0 0.0 0.0 0.0 0.0 0.0 0.0 
0.0 0.7000000000000022 1.0 1.0 1.0 1.0 1.0 0.7375000000000012 0.475000000000005 0.475000000000005 0.475000000000005 0.475000000000005 0.475000000000005 0.475000000000005 0.475000000000005 0.475000000000005 0.475000000000005 0.475000000000005 0.475000000000005 0.42750000000000293 
0.0 0.7000000000000022 1.0 1.0 1.0 1.0 1.0 1.0 1.0 1.0 1.0 1.0 1.0 1.0 1.0 1.0 1.0 1.0 1.0 0.8999999999999968 
