0.974999999999997 1.0 1.0 1.0 1.0 1.0 1.0 1.0 1.0 1.0 1.0 1.0 0.7656249999999991 0.37500000000000355 0.2718750000000004 0.0 0.0 0.0 0.0 0.0 
0.974999999999997 1.0 1.0 1.0 1.0 1.0 1.0 1.0 1.0 1.0 1.0 1.0 1.0 1.0 1.0 0.8031249999999964 0.1031250000000024 0.0 0.0 0.0 
0.974999999999997 1.0 1.0 1.0 1.0 1.0 1.0 1.0 1.0 1.0 1.0 1.0 1.0 1.0 1.0 1.0 0.978125 0.7656249999999964 0.0 0.0 
0.974999999999997 1.0 1.0 1.0 1.0 0.27500000000000036 0.0 0.0 0.0 0.0 0.0 0.15937500000000046 0.37499999999999734 0.578125 1.0 1.0 1.0 1.0 0.9249999999999936 0.0 
0.974999999999997 1.0 1.0 1.0 1.0 0.27500000000000036 0.0 0.0 0.0 0.0 0.0 0.0 0.0 0.20312500000000092 0.7281250000000002 1.0 1.0 1.0 1.0 0.9749999999999908 
0.8531249999999956 0.9906249999999995 1.0 1.0 1.0 0.27500000000000036 0.0 0.0 0.0 0.0 0.0 0.0 0.0 0.0 0.2750000000000057 1.0 1.0 1.0 1.0 0.9749999999999908 
0.0 0.9249999999999975 1.0 1.0 1.0 0.27500000000000036 0.0 0.0 0.0 0.0 0.0 0.0 0.0 0.0 0.2750000000000057 1.0 1.0 1.0 1.0 0.9749999999999908 
0.0 0.9249999999999976 1.0 1.0 1.0 0.27500000000000036 0.0 0.0 0.0 0.0 0.0 0.0 0.0 0.20312500000000236 0.7281250000000035 1.0 1.0 1.0 0.9531249999999959 0.3656249999999948 
0.0 0.9249999999999975 1.0 1.0 1.0 0.5468750000000016 0.12187500000000065 0.0 0.0 0.0 0.17812500000000137 0.3750000000000018 0.6093750000000033 1.0 1.0 1.0 1.0 0.9531249999999971 0.5781249999999943 0.0 
0.0 0.9249999999999975 1.0 1.0 1.0 1.0 1.0 1.0 1.0 1.0 1.0 1.0 1.0 1.0 1.0 0.9718749999999994 0.875 0.7656249999999938 0.0 0.0 
0.0 0.9249999999999975 1.0 1.0 1.0 1.0 1.0 1.0 1.0 1.0 1.0 1.0 1.0 1.0 0.759374999999995 0.09687499999999938 0.0 0.0 0.0 0.0 
0.0 0.9249999999999975 1.0 1.0 1.0 0.5468750000000002 0.375 0.375 0.375 0.7031250000000013 1.0 1.0 1.0 0.6749999999999972 0.0 0.0 0.0 0.0 0.0 0.0 
0.0 0.9249999999999975 1.0 1.0 1.0 0.27500000000000036 0.0 0.0 0.0 0.32812500000000133 0.8031250000000005 1.0 1.0 1.0 0.7249999999999943 0.0 0.0 0.0 0.0 0.0 
0.0 0.9249999999999975 1.0 1.0 1.0 0.27500000000000036 0.0 0.0 0.0 0.0 0.4750000000000014 1.0 1.0 1.0 1.0 0.774999999999995 0.0 0.0 0.0 0.0 
0.0 0.9249999999999975 1.0 1.0 1.0 0.27500000000000036 0.0 0.0 0.0 0.0 0.05937500000000018 0.49687500000000373 1.0 1.0 1.0 0.774999999999995 0.0 0.0 0.0 0.0 
0.0 0.9249999999999975 1.0 1.0 1.0 0.27500000000000036 0.0 0.0 0.0 0.0 0.0 0.42500000000000426 1.0 1.0 1.0 1.0 0.8249999999999957 0.0 0.0 0.0 
0.0 0.9249999999999975 1.0 1.0 1.0 0.27500000000000036 0.0 0.0 0.0 0.0 0.0 0.0 0.37500000000000355 1.0 1.0 1.0 0.8906249999999973 0.32812499999999734 0.0 0.0 
0.0 0.9249999999999975 1.0 1.0 1.0 0.27500000000000036 0.0 0.0 0.0 0.0 0.0 0.0 0.0 0.32500000000000284 1.0 1.0 1.0 0.8749999999999929 0.0 0.0 
0.0 0.9249999999999975 1.0 1.0 1.0 0.27500000000000036 0.0 0.0 0.0 0.0 0.0 0.0 0.0 0.32500000000000284 1.0 1.0 1.0 0.9843749999999991 0.8093749999999944 0.0 
0.0 0.9249999999999975 1.0 1.0 1.0 0.27500000000000036 0.0 0.0 0.0 0.0 0.0 0.0 0.0 0.0 0.2750000000000057 1.0 1.0 1.0 0.9718749999999976 0.6093749999999942 
