0.0 0.0 0.0 0.0 0.020000000000000392 0.1800000000000028 0.20000000000000284 0.20000000000000284 0.44000000000000394 1.0 1.0 1.0 1.0 0.7599999999999975 0.20000000000000284 0.20000000000000284 0.059999999999999575 0.0 0.0 0.0 
0.0 0.0 0.0 0.18000000000000071 0.6400000000000027 0.9600000000000009 1.0 1.0 1.0 1.0 1.0 1.0 1.0 1.0 1.0 1.0 0.7199999999999993 0.2999999999999971 0.0 0.0 
0.0 1.8651746813702603e-15 0.5000000000000009 1.0 1.0 1.0 0.9999999999999981 0.4999999999999969 0.0 0.0 0.0 0.0 0.5000000000000022 0.9999999999999981 1.0 1.0 1.0 1.0 0.6999999999999922 0.0 
0.0 0.6999999999999991 1.0 1.0 0.9599999999999995 0.6399999999999976 0.17999999999999872 0.0 0.0 0.0 0.0 0.0 0.0 0.1800000000000019 0.6400000000000001 0.9600000000000021 1.0 1.0 0.819999999999996 0.3599999999999985 
0.0 0.6999999999999991 1.0 1.0 0.8999999999999995 0.09999999999999876 0.0 0.0 0.0 0.0 0.0 0.0 0.0 0.0 0.10000000000000497 0.9000000000000057 1.0 1.0 1.0 0.8999999999999915 
0.8999999999999986 1.0 1.0 1.0 0.8999999999999995 0.09999999999999876 0.0 0.0 0.0 0.0 0.0 0.0 0.0 0.0 0.0 0.0 0.0 0.0 0.0 0.0 
0.8999999999999986 1.0 1.0 1.0 0.8999999999999995 0.09999999999999876 0.0 0.0 0.0 0.0 0.0 0.0 0.0 0.0 0.0 0.0 0.0 0.0 0.0 0.0 
0.8999999999999986 1.0 1.0 1.0 0.8999999999999995 0.09999999999999876 0.0 0.0 0.0 0.0 0.0 0.0 0.0 0.0 0.0 0.0 0.0 0.0 0.0 0.0 
0.8999999999999986 1.0 1.0 0.8799999999999994 0.5399999999999978 0.05999999999999904 0.0 0.0 0.0 0.0 0.0 0.0 0.0 0.0 0.0 0.0 0.0 0.0 0.0 0.0 
0.8999999999999986 1.0 1.0 0.7000000000000002 0.0 0.0 0.0 0.0 0.0 0.0 0.0 0.0 0.0 0.0 0.0 0.0 0.0 0.0 0.0 0.0 
0.8999999999999986 1.0 1.0 0.7000000000000002 0.0 0.0 0.0 0.0 0.0 0.0 0.0 0.0 0.0 0.0 0.0 0.0 0.0 0.0 0.0 0.0 
0.8999999999999986 1.0 1.0 0.7000000000000002 0.0 0.0 0.0 0.0 0.0 0.0 0.0 0.0 0.0 0.0 0.0 0.0 0.0 0.0 0.0 0.0 
0.8999999999999986 1.0 1.0 0.7000000000000002 0.0 0.0 0.0 0.0 0.0 0.0 0.0 0.0 0.0 0.0 0.0 0.0 0.0 0.0 0.0 0.0 
0.8999999999999986 1.0 1.0 0.7000000000000002 0.0 0.0 0.0 0.0 0.0 0.0 0.0 0.0 0.0 0.0 0.0 0.0 0.0 0.0 0.0 0.0 
0.8999999999999986 1.0 1.0 0.7000000000000002 0.0 0.0 0.0 0.0 0.0 0.0 0.0 0.0 0.0 0.0 0.0 0.0 0.0 0.0 0.0 0.0 
0.8999999999999986 1.0 1.0 0.7000000000000002 0.0 0.0 0.0 0.0 0.0 0.0 0.0 0.0 0.0 0.0 0.10000000000000497 0.9000000000000057 1.0 1.0 0.6999999999999922 0.0 
0.8999999999999986 1.0 1.0 0.8800000000000006 0.5400000000000009 0.059999999999999394 0.0 0.0 0.0 0.0 0.0 0.0 0.0 0.180000000000003 0.6400000000000032 0.9600000000000024 1.0 1.0 0.6999999999999922 0.0 
0.0 0.6999999999999991 1.0 1.0 1.0 1.0 0.29999999999999893 0.0 0.0 0.0 0.0 0.0 0.5000000000000036 1.0 1.0 1.0 1.0 0.4999999999999929 0.0 0.0 
0.0 0.41999999999999793 0.7999999999999987 1.0 1.0 1.0 1.0 1.0 1.0 1.0 1.0 1.0 1.0 1.0 0.9599999999999977 0.6399999999999958 0.17999999999999552 0.0 0.0 0.0 
0.0 0.0 0.09999999999999956 0.1999999999999993 0.2799999999999998 0.9200000000000009 1.0 1.0 1.0 1.0 1.0 0.43999999999999584 0.1999999999999993 0.1999999999999993 0.17999999999999836 0.019999999999998793 0.0 0.0 0.0 0.0 
