0.0 0.0 0.08750000000000074 0.42250000000000254 1.0 1.0 1.0 1.0 1.0 1.0 1.0 1.0 1.0 0.7524999999999982 0.15750000000000008 0.017499999999999696 0.0 0.0 0.0 0.0 
0.0 0.3675000000000019 0.7625000000000015 1.0 1.0 1.0 1.0 0.737499999999998 0.6325000000000006 1.0 1.0 1.0 1.0 1.0 0.9524999999999986 0.5724999999999999 0.525000000000001 0.2624999999999986 0.0 0.0 
0.7875000000000031 0.9625000000000007 1.0 1.0 0.9124999999999979 0.21249999999999694 0.12499999999999867 0.062499999999999 0.03749999999999991 0.12499999999999867 0.12499999999999867 0.12499999999999867 0.5625000000000024 1.0 1.0 1.0 1.0 0.49999999999999645 0.0 0.0 
0.9000000000000021 1.0 1.0 0.6999999999999975 0.0 0.0 0.0 0.0 0.0 0.0 0.0 0.0 0.0 0.2325000000000015 0.7974999999999994 0.9775000000000004 1.0 1.0 0.6999999999999975 0.0 
0.9000000000000021 1.0 1.0 0.6999999999999975 0.0 0.0 0.0 0.0 0.0 0.0 0.0 0.0 0.0 0.0 0.1000000000000032 0.9000000000000021 1.0 1.0 0.6999999999999975 0.0 
0.9000000000000021 1.0 1.0 0.6999999999999975 0.0 0.0 0.0 0.0 0.0 0.0 0.0 0.0 0.0 0.0 0.007499999999999991 0.06749999999999792 0.07499999999999751 0.07499999999999751 0.052499999999998076 0.0 
0.9000000000000021 1.0 1.0 0.6999999999999975 0.0 0.0 0.0 0.0 0.0 0.0 0.0 0.0 0.0 0.0 0.0 0.0 0.0 0.0 0.0 0.0 
0.9000000000000021 1.0 1.0 0.6999999999999975 0.0 0.0 0.0 0.0 0.0 0.0 0.0 0.0 0.0 0.0 0.0 0.0 0.0 0.0 0.0 0.0 
0.9000000000000021 1.0 1.0 0.6999999999999975 0.0 0.0 0.0 0.0 0.0 0.0 0.0 0.0 0.0 0.0 0.0 0.0 0.0 0.0 0.0 0.0 
0.9000000000000021 1.0 1.0 0.6999999999999975 0.0 0.0 0.0 0.0 0.0 0.10000000000000231 0.9000000000000021 1.0 1.0 1.0 1.0 1.0 1.0 1.0 0.7974999999999992 0.29250000000000154 
0.9000000000000021 1.0 1.0 0.6999999999999975 0.0 0.0 0.0 0.0 0.0 0.03250000000000033 0.2924999999999969 0.7975000000000007 1.0 1.0 1.0 1.0 1.0 1.0 1.0 0.8999999999999968 
0.9000000000000021 1.0 1.0 0.6999999999999975 0.0 0.0 0.0 0.0 0.0 0.0 0.0 0.0 0.0 0.0 0.1000000000000032 0.9000000000000021 1.0 1.0 1.0 0.8999999999999968 
0.9000000000000021 1.0 1.0 0.6999999999999975 0.0 0.0 0.0 0.0 0.0 0.0 0.0 0.0 0.0 0.0 0.1000000000000032 0.9000000000000021 1.0 1.0 1.0 0.8999999999999968 
0.9000000000000021 1.0 1.0 0.6999999999999975 0.0 0.0 0.0 0.0 0.0 0.0 0.0 0.0 0.0 0.0 0.1000000000000032 0.9000000000000021 1.0 1.0 1.0 0.8999999999999968 
0.9000000000000021 1.0 1.0 0.7224999999999996 0.06750000000000558 0.007500000000000479 0.0 0.0 0.0 0.0 0.0 0.0 0.0 0.0 0.1000000000000032 0.9000000000000021 1.0 1.0 1.0 0.8999999999999968 
0.9000000000000021 1.0 1.0 1.0 0.8999999999999977 0.09999999999999787 0.0 0.0 0.0 0.0 0.0 0.0 0.0 0.0 0.1000000000000032 0.9000000000000021 1.0 1.0 0.8724999999999976 0.5174999999999943 
0.20249999999999535 0.7675 1.0 1.0 0.8999999999999977 0.09999999999999787 0.0 0.0 0.0 0.0 0.0 0.0 0.0 0.0 0.1000000000000032 0.9000000000000021 1.0 1.0 0.6999999999999975 0.0 
0.0 0.6124999999999969 0.9374999999999967 1.0 1.0 1.0 1.0 0.5625000000000012 0.1250000000000071 0.1250000000000071 0.1250000000000071 0.1250000000000071 0.5625000000000067 1.0 1.0 1.0 1.0 0.937499999999996 0.6124999999999928 0.0 
0.0 0.0 0.2624999999999987 0.6674999999999978 1.0 1.0 1.0 1.0 1.0 1.0 1.0 1.0 1.0 1.0 1.0 1.0 0.6674999999999952 0.2624999999999956 0.0 0.0 
0.0 0.0 0.0 0.05249999999999852 0.1749999999999936 0.1749999999999936 0.7525000000000004 1.0 1.0 1.0 1.0 1.0 1.0 0.7524999999999961 0.1749999999999936 0.1749999999999936 0.05249999999999758 0.0 0.0 0.0 
