0.974999999999997 1.0 1.0 1.0 1.0 0.5468750000000028 0.12187500000000122 0.0 0.0 0.0 0.0 0.0 0.0 0.0 0.2750000000000057 1.0 1.0 1.0 1.0 0.9749999999999908 
0.0 0.9249999999999975 1.0 1.0 1.0 1.0 0.40937500000000254 0.04687500000000122 0.0 0.0 0.0 0.0 0.0 0.32500000000000284 1.0 1.0 1.0 1.0 0.9249999999999936 0.0 
0.0 0.11562499999999681 0.8906249999999979 1.0 1.0 1.0 1.0 0.3749999999999991 0.0 0.0 0.0 0.0 0.3281250000000043 0.9156250000000025 1.0 1.0 1.0 1.0 0.9249999999999936 0.0 
0.0 0.0 0.874999999999998 1.0 1.0 1.0 1.0 0.7656250000000013 0.26562500000000044 0.0 0.0 0.0 0.37500000000000355 1.0 1.0 1.0 1.0 0.8749999999999929 0.0 0.0 
0.0 0.0 0.0 0.8249999999999984 1.0 1.0 1.0 1.0 0.42499999999999893 0.0 0.0 0.42500000000000426 1.0 1.0 1.0 1.0 0.8249999999999957 0.0 0.0 0.0 
0.0 0.0 0.0 0.0 0.774999999999999 1.0 1.0 1.0 1.0 0.540624999999999 0.12500000000000178 0.49687500000000473 1.0 1.0 1.0 0.774999999999995 0.0 0.0 0.0 0.0 
0.0 0.0 0.0 0.0 0.0968749999999985 0.7593749999999992 1.0 1.0 1.0 1.0 1.0 1.0 1.0 1.0 1.0 0.774999999999995 0.0 0.0 0.0 0.0 
0.0 0.0 0.0 0.0 0.0 0.7249999999999996 1.0 1.0 1.0 1.0 1.0 1.0 1.0 1.0 0.7249999999999943 0.0 0.0 0.0 0.0 0.0 
0.0 0.0 0.0 0.0 0.0 0.0 0.6749999999999998 1.0 1.0 1.0 1.0 1.0 1.0 0.6749999999999972 0.0 0.0 0.0 0.0 0.0 0.0 
0.0 0.0 0.0 0.0 0.0 0.0 0.5906249999999998 0.9531250000000001 1.0 1.0 1.0 1.0 0.6249999999999964 0.0 0.0 0.0 0.0 0.0 0.0 0.0 
0.0 0.0 0.0 0.0 0.0 0.0 0.0 0.6250000000000009 1.0 1.0 1.0 1.0 0.6249999999999964 0.0 0.0 0.0 0.0 0.0 0.0 0.0 
0.0 0.0 0.0 0.0 0.0 0.0 0.6749999999999998 1.0 1.0 1.0 1.0 1.0 0.8593749999999987 0.4218749999999982 0.0 0.0 0.0 0.0 0.0 0.0 
0.0 0.0 0.0 0.0 0.0 0.27187499999999987 0.7968749999999999 1.0 1.0 1.0 1.0 1.0 1.0 0.6749999999999972 0.0 0.0 0.0 0.0 0.0 0.0 
0.0 0.0 0.0 0.0 0.09687499999999988 0.7593749999999997 1.0 1.0 1.0 1.0 1.0 1.0 1.0 1.0 0.7249999999999943 0.0 0.0 0.0 0.0 0.0 
0.0 0.0 0.0 0.0 0.774999999999999 1.0 1.0 1.0 1.0 1.0 1.0 1.0 1.0 1.0 0.7249999999999943 0.0 0.0 0.0 0.0 0.0 
0.0 0.0 0.0 0.8249999999999984 1.0 1.0 1.0 1.0 0.42499999999999893 0.0 0.17812500000000053 0.6406250000000027 1.0 1.0 1.0 0.774999999999995 0.0 0.0 0.0 0.0 
0.0 0.0 0.3281249999999992 0.890624999999999 1.0 1.0 1.0 0.3749999999999991 0.0 0.0 0.0 0.26562500000000266 0.7656250000000013 1.0 1.0 1.0 0.8249999999999957 0.0 0.0 0.0 
0.0 0.0 0.874999999999998 1.0 1.0 1.0 0.3250000000000002 0.0 0.0 0.0 0.0 0.0 0.37500000000000355 1.0 1.0 1.0 1.0 0.8749999999999929 0.0 0.0 
0.0 0.8093749999999978 0.9843749999999998 1.0 1.0 1.0 0.3250000000000002 0.0 0.0 0.0 0.0 0.0 0.046875000000000444 0.4093750000000025 1.0 1.0 1.0 0.8749999999999929 0.0 0.0 
0.6093749999999981 0.971874999999999 1.0 1.0 1.0 0.27500000000000036 0.0 0.0 0.0 0.0 0.0 0.0 0.0 0.32500000000000284 1.0 1.0 1.0 1.0 0.9249999999999936 0.0 
