0.0 0.0 0.0 0.009374999999999478 0.06562499999999495 0.07499999999999396 0.4218749999999995 1.0 1.0 1.0 1.0 1.0 1.0 1.0 1.0 0.8843749999999959 0.19062499999999144 0.028124999999997468 0.0 0.0 
0.0 0.0 0.0 0.1250000000000031 0.8750000000000031 1.0 1.0 1.0 1.0 0.859375000000003 0.7750000000000061 0.7750000000000061 0.7750000000000061 0.9156250000000031 1.0 1.0 1.0 0.5156249999999933 0.14062499999999536 0.0 
0.0 0.0 0.14062499999999875 0.4531249999999965 0.9218750000000012 1.0 0.859375000000001 0.6250000000000062 0.6250000000000062 0.2343750000000001 0.0 0.0 0.0 0.3906250000000061 0.7656250000000052 1.0 1.0 1.0 0.6249999999999964 0.0 
0.0 0.3281249999999975 0.7031249999999974 1.0 1.0 0.6718750000000023 0.2968750000000023 0.0 0.0 0.0 0.0 0.0 0.0 0.0 0.17812500000000406 0.5406250000000073 0.9343750000000026 1.0 0.8218749999999959 0.4593749999999926 
0.0 0.6250000000000028 1.0 1.0 1.0 0.3749999999999969 0.0 0.0 0.0 0.0 0.0 0.0 0.0 0.0 0.0 0.12500000000000355 0.8750000000000036 1.0 1.0 0.8749999999999964 
0.0 0.6250000000000028 1.0 1.0 1.0 0.3749999999999969 0.0 0.0 0.0 0.0 0.0 0.0 0.0 0.0 0.0 0.12500000000000355 0.8750000000000036 1.0 1.0 0.8749999999999964 
0.0 0.6250000000000028 1.0 1.0 1.0 0.3749999999999969 0.0 0.0 0.0 0.0 0.0 0.0 0.0 0.0 0.0 0.12500000000000355 0.8750000000000036 1.0 1.0 0.8749999999999964 
0.0 0.6250000000000028 1.0 1.0 1.0 0.3749999999999969 0.0 0.0 0.0 0.0 0.0 0.0 0.0 0.0 0.0 0.12500000000000355 0.8750000000000036 1.0 1.0 0.8749999999999964 
0.0 0.6250000000000028 1.0 1.0 1.0 0.3749999999999969 0.0 0.0 0.0 0.0 0.0 0.0 0.0 0.0 0.0 0.12500000000000355 0.8750000000000036 1.0 1.0 0.8749999999999964 
0.0 0.6250000000000028 1.0 1.0 1.0 0.3749999999999969 0.0 0.0 0.0 0.0 0.0 0.0 0.0 0.0 0.0 0.12500000000000355 0.8750000000000036 1.0 0.8406250000000008 0.5031250000000036 
0.0 0.6250000000000028 1.0 0.928124999999999 0.4968750000000035 0.15937500000000093 0.0 0.0 0.0 0.0 0.0 0.0 0.0 0.0 0.2156249999999998 0.6281249999999963 0.9468750000000008 1.0 0.6249999999999964 0.0 
0.0 0.6250000000000028 1.0 0.8749999999999969 0.12499999999999689 0.0 0.0 0.0 0.0 0.0 0.0 0.0 0.0 0.0 0.37500000000000355 1.0 1.0 1.0 0.6249999999999964 0.0 
0.0 0.6250000000000028 1.0 0.8749999999999969 0.12499999999999689 0.0 0.0 0.0 0.0 0.0 0.0 0.0 0.0 0.0 0.37500000000000355 1.0 1.0 1.0 0.6249999999999964 0.0 
0.8750000000000027 1.0 1.0 0.8749999999999969 0.12499999999999689 0.0 0.0 0.0 0.0 0.0 0.0 0.0 0.0 0.0 0.37500000000000355 1.0 1.0 1.0 0.6249999999999964 0.0 
0.8750000000000027 1.0 1.0 0.8749999999999969 0.12499999999999689 0.0 0.0 0.0 0.0 0.0 0.0 0.0 0.0 0.0 0.37500000000000355 1.0 1.0 1.0 0.6249999999999964 0.0 
0.5906250000000055 0.8781250000000025 1.0 0.8749999999999969 0.12499999999999689 0.0 0.0 0.0 0.0 0.0 0.0 0.0 0.0 0.0 0.37500000000000355 1.0 1.0 0.7968750000000016 0.4218750000000003 0.0 
0.0 0.6250000000000028 1.0 0.9343749999999977 0.5406249999999934 0.1781249999999964 0.0 0.0 0.0 0.0 0.0 0.0 0.0 0.2968749999999981 0.6718749999999983 1.0 1.0 0.37499999999999645 0.0 0.0 
0.0 0.2343750000000055 0.6093750000000062 1.0 1.0 0.7656249999999944 0.6249999999999929 0.5468749999999916 0.07812499999999689 0.0 0.23437499999999956 0.6249999999999929 0.6249999999999929 0.8593749999999987 1.0 0.9218749999999987 0.453125000000004 0.14062500000000133 0.0 0.0 
0.0 0.0 0.08437500000000385 0.3218750000000099 0.9031250000000035 1.0 1.0 0.9718749999999982 0.8031249999999918 0.7749999999999915 0.8593749999999954 1.0 1.0 1.0 0.7093750000000004 0.19687500000000666 0.028125000000000268 0.0 0.0 0.0 
0.0 0.0 0.0 0.009375000000001476 0.06562500000000894 0.07500000000000995 0.4218750000000095 1.0 1.0 1.0 0.6531250000000004 0.07500000000000995 0.07500000000000995 0.07500000000000995 0.046875000000005954 0.0 0.0 0.0 0.0 0.0 
