0.8250000000000011 1.0 1.0 1.0 1.0 1.0 1.0 1.0 1.0 1.0 1.0 1.0 1.0 1.0 1.0 1.0 1.0 1.0 0.4749999999999943 0.0 
0.6393749999999986 0.7749999999999972 0.7749999999999972 0.7749999999999972 0.7749999999999972 0.7749999999999972 0.7749999999999972 0.7749999999999972 0.7749999999999972 0.7749999999999972 0.7749999999999972 0.7749999999999972 0.7749999999999972 0.8368749999999989 0.9831250000000007 1.0 1.0 1.0 0.4749999999999943 0.0 
0.0 0.0 0.0 0.0 0.0 0.0 0.0 0.0 0.0 0.0 0.0 0.0 0.0 0.2750000000000039 0.9250000000000043 1.0 1.0 1.0 0.4749999999999943 0.0 
0.0 0.0 0.0 0.0 0.0 0.0 0.0 0.0 0.0 0.0 0.0 0.0 0.3281250000000035 0.6556250000000037 0.9643750000000022 1.0 0.8818749999999969 0.5406249999999949 0.22562499999999608 0.0 
0.0 0.0 0.0 0.0 0.0 0.0 0.0 0.0 0.0 0.0 0.0 0.0 0.6250000000000036 1.0 1.0 1.0 0.774999999999995 0.12499999999999467 0.0 0.0 
0.0 0.0 0.0 0.0 0.0 0.0 0.0 0.0 0.0 0.0 0.268125000000004 0.8043750000000062 0.9343750000000017 1.0 1.0 0.5256249999999946 0.13562499999999691 0.02187499999999871 0.0 0.0 
0.0 0.0 0.0 0.0 0.0 0.0 0.0 0.0 0.0 0.0 0.32500000000000373 0.9750000000000041 1.0 1.0 1.0 0.4249999999999954 0.0 0.0 0.0 0.0 
0.0 0.0 0.0 0.0 0.0 0.0 0.0 0.0 0.02500000000000302 0.6750000000000034 1.0 1.0 1.0 0.7249999999999961 0.07499999999999574 0.0 0.0 0.0 0.0 0.0 
0.0 0.0 0.0 0.0 0.0 0.0 0.0 0.10312500000000153 0.29312500000000424 0.7643750000000031 1.0 1.0 0.8281249999999977 0.5256249999999956 0.05437499999999675 0.0 0.0 0.0 0.0 0.0 
0.0 0.0 0.0 0.0 0.0 0.0 0.0 0.37500000000000266 1.0 1.0 1.0 1.0 0.37499999999999645 0.0 0.0 0.0 0.0 0.0 0.0 0.0 
0.0 0.0 0.0 0.0 0.0 0.04312500000000159 0.4168750000000034 0.7343750000000029 1.0 1.0 0.813124999999997 0.43937499999999485 0.15937499999999744 0.0 0.0 0.0 0.0 0.0 0.0 0.0 
0.0 0.0 0.0 0.0 0.0 0.0750000000000024 0.7250000000000023 1.0 0.9818749999999977 0.5106249999999966 0.185624999999998 0.006874999999998841 0.0 0.0 0.0 0.0 0.0 0.0 0.0 0.0 
0.0 0.0 0.0 0.0 0.37187500000000256 0.8843750000000019 0.9656250000000007 1.0 0.974999999999997 0.3249999999999966 0.0 0.0 0.0 0.0 0.0 0.0 0.0 0.0 0.0 0.0 
0.0 0.0 0.0031250000000003055 0.019375000000001693 0.43937500000000324 1.0 1.0 0.6249999999999973 0.0 0.0 0.0 0.0 0.0 0.0 0.0 0.0 0.0 0.0 0.0 0.0 
0.0 0.0 0.12500000000000155 0.7750000000000017 1.0 0.9868749999999995 0.873124999999999 0.5156249999999973 0.0 0.0 0.0 0.0 0.0 0.0 0.0 0.0 0.0 0.0 0.0 0.0 
0.0 0.1543750000000018 0.40937500000000354 0.8481250000000018 1.0 0.9249999999999976 0.2749999999999977 0.0 0.0 0.0 0.0 0.0 0.0 0.0 0.0 0.0 0.0 0.0 0.0 0.0 
0.3918750000000017 0.7243750000000014 1.0 1.0 0.7981249999999984 0.4856249999999974 0.1443749999999984 0.0 0.0 0.0 0.0 0.0 0.0 0.0 0.0 0.0 0.0 0.0 0.0 0.0 
0.8250000000000011 1.0 1.0 1.0 0.8406249999999993 0.5781249999999984 0.17187499999999856 0.0 0.0 0.0 0.0 0.0 0.0 0.0 0.0 0.0 0.0 0.0 0.0 0.0 
0.8250000000000011 1.0 1.0 1.0 1.0 0.9831249999999996 0.836875000000001 0.7750000000000021 0.7750000000000021 0.7750000000000021 0.7750000000000021 0.7750000000000021 0.7750000000000021 0.7750000000000021 0.7750000000000021 0.7750000000000021 0.7750000000000021 0.7750000000000021 0.7750000000000021 0.639374999999997 
0.8250000000000011 1.0 1.0 1.0 1.0 1.0 1.0 1.0 1.0 1.0 1.0 1.0 1.0 1.0 1.0 1.0 1.0 1.0 1.0 0.824999999999994 
