0.0 0.0 0.0 0.0 0.03187500000000136 0.14437500000000486 0.7456250000000029 1.0 1.0 1.0 1.0 1.0 1.0 1.0 1.0 0.46812499999999735 0.05812500000000183 0.009374999999999956 0.0 0.0 
0.0 0.0 0.028125000000000695 0.1743750000000025 0.5543750000000032 1.0 1.0 0.9156249999999984 0.7749999999999972 0.7749999999999972 0.7749999999999972 0.7749999999999972 0.7749999999999972 0.8368749999999989 0.9831250000000007 1.0 0.8256249999999967 0.32187499999999825 0.10687500000000003 0.0 
0.0 0.17812500000000175 0.45312500000000333 0.8593750000000017 1.0 0.9718749999999989 0.7281249999999972 0.39062499999999667 0.0 0.0 0.0 0.0 0.0 0.17187500000000172 0.5781250000000002 0.8406250000000006 1.0 1.0 0.6718749999999978 0.30937499999999996 
0.0 0.4750000000000013 1.0 1.0 1.0 0.9249999999999976 0.2749999999999977 0.0 0.0 0.0 0.0 0.0 0.0 0.0 0.0 0.5750000000000046 1.0 1.0 1.0 0.824999999999994 
0.0 0.4750000000000013 1.0 1.0 0.7131249999999976 0.3006249999999969 0.08937499999999857 0.0 0.0 0.0 0.0 0.0 0.0 0.0 0.0 0.18687500000000007 0.47687500000000144 0.9156250000000032 1.0 0.824999999999994 
0.0 0.08312499999999888 0.17499999999999716 0.17499999999999716 0.10062499999999801 0.0 0.0 0.0 0.0 0.0 0.0 0.0 0.0 0.0 0.0 0.0 0.22500000000000497 0.8750000000000053 1.0 0.824999999999994 
0.0 0.0 0.0 0.0 0.0 0.0 0.0 0.0 0.0 0.0 0.0 0.0 0.0 0.0 0.0 0.0 0.22500000000000497 0.8750000000000053 1.0 0.824999999999994 
0.0 0.0 0.0 0.0 0.0 0.0 0.0 0.0 0.0 0.0 0.0 0.0 0.0 0.034375000000000974 0.11562500000000217 0.6281250000000048 1.0 1.0 0.9343749999999984 0.7218749999999933 
0.0 0.0 0.0 0.0 0.0 0.0 0.0 0.10312500000000153 0.27500000000000213 0.27500000000000213 0.27500000000000213 0.27500000000000213 0.27500000000000213 0.4743750000000044 0.9456250000000033 1.0 0.9381249999999981 0.7593749999999967 0.3443749999999949 0.0 
0.0 0.0 0.0 0.0 0.0 0.0 0.0 0.37500000000000266 1.0 1.0 1.0 1.0 1.0 1.0 1.0 0.7556249999999967 0.4456249999999952 0.07187499999999662 0.0 0.0 
0.0 0.0 0.0 0.0 0.0 0.0 0.0 0.15937500000000007 0.42499999999999716 0.42499999999999716 0.42499999999999716 0.42499999999999716 0.42499999999999716 0.5831250000000002 0.9568750000000023 0.7556249999999997 0.5750000000000028 0.5750000000000028 0.27312499999999806 0.0 
0.0 0.0 0.0 0.0 0.0 0.0 0.0 0.0 0.0 0.0 0.0 0.0 0.0 0.07562500000000068 0.25437499999999985 0.6918750000000027 1.0 1.0 0.4749999999999943 0.0 
0.0 0.0 0.0 0.0 0.0 0.0 0.0 0.0 0.0 0.0 0.0 0.0 0.0 0.0 0.0 0.07187499999999955 0.32187500000000296 0.8906250000000044 0.9343750000000002 0.7218749999999962 
0.0 0.0 0.0 0.0 0.0 0.0 0.0 0.0 0.0 0.0 0.0 0.0 0.0 0.0 0.0 0.0 0.22500000000000497 0.8750000000000053 1.0 0.824999999999994 
0.14437500000000078 0.1750000000000007 0.1750000000000007 0.1750000000000007 0.10062500000000005 0.0 0.0 0.0 0.0 0.0 0.0 0.0 0.0 0.0 0.0 0.0 0.22500000000000497 0.8750000000000053 1.0 0.824999999999994 
0.8250000000000011 1.0 1.0 1.0 0.574999999999998 0.0 0.0 0.0 0.0 0.0 0.0 0.0 0.0 0.0 0.0 0.0 0.22500000000000497 0.8750000000000053 1.0 0.824999999999994 
0.43312499999999937 0.7506249999999999 1.0 1.0 0.574999999999998 0.0 0.0 0.0 0.0 0.0 0.0 0.0 0.0 0.0 0.0 0.273125000000003 0.5931250000000037 0.934375000000003 1.0 0.824999999999994 
0.0 0.17812500000000048 0.453125000000001 0.8593750000000011 0.8406249999999993 0.5781249999999984 0.17187499999999856 0.0 0.0 0.0 0.0 0.0 0.0 0.0 0.0 0.5750000000000046 1.0 1.0 0.6718749999999964 0.30937499999999774 
0.0 0.0 0.12500000000000155 0.7750000000000017 1.0 0.9831249999999996 0.836875000000001 0.7750000000000021 0.7556249999999998 0.2518749999999981 0.25187500000000357 0.7556250000000052 0.7750000000000021 0.7750000000000021 0.7750000000000021 0.9043750000000019 0.8256249999999956 0.321874999999994 0.10687499999999771 0.0 
0.0 0.0 0.009375000000000027 0.05812499999999957 0.07499999999999929 0.14437500000000156 0.745625000000002 1.0 0.9981249999999998 0.9493750000000002 0.9493750000000007 0.9981250000000004 1.0 1.0 1.0 0.4681249999999953 0.05812499999999907 0.009374999999999512 0.0 0.0 
