0.0 0.0 3.4972025275694585e-16 0.04500000000000314 0.07500000000000462 0.07500000000000462 0.44500000000000844 1.0 1.0 1.0 1.0 1.0 1.0 1.0 0.8149999999999917 0.2599999999999932 0.07500000000000462 0.07500000000000381 0.030000000000000943 0.0 
0.0 0.09000000000000277 0.22500000000000814 0.6900000000000057 1.0 1.0 0.9099999999999968 0.7749999999999955 0.7749999999999955 0.7749999999999955 0.7749999999999955 0.7749999999999955 0.7749999999999975 0.9100000000000001 1.0 1.0 1.0 0.9999999999999893 0.3999999999999879 0.0 
0.0 0.40000000000000424 1.0 1.0 0.924999999999997 0.6999999999999942 0.3749999999999935 0.0 0.0 0.0 0.0 0.0 5.551115123125743e-15 0.37500000000000266 0.7000000000000002 0.9250000000000034 1.0 0.9999999999999933 0.6249999999999951 0.29999999999999916 
0.4200000000000055 0.7150000000000046 1.0 1.0 0.7999999999999945 0.19999999999999396 0.0 0.0 0.0 0.0 0.0 0.0 0.0 0.0 0.09500000000000386 0.3800000000000019 0.6850000000000032 1.0 1.0 0.7999999999999883 
0.8000000000000038 1.0 1.0 1.0 0.7999999999999945 0.19999999999999396 0.0 0.0 0.0 0.0 0.0 0.0 0.0 0.0 0.0 0.0 0.400000000000011 1.0 1.0 0.7999999999999883 
0.13999999999999696 0.17499999999999538 0.17499999999999538 0.17499999999999538 0.13999999999999535 0.03499999999999802 0.0 0.0 0.0 0.0 0.0 0.0 0.0 0.0 0.0 0.0 0.400000000000011 1.0 1.0 0.7999999999999883 
0.0 0.0 0.0 0.0 0.0 0.0 0.0 0.0 0.0 0.0 0.0 0.0 0.0 0.0 0.0 0.0 0.400000000000011 1.0 1.0 0.7999999999999883 
0.0 0.0 0.0 0.0 0.0 0.0 0.0 0.0 0.0 0.0 0.0 0.0 1.110223024625188e-15 0.0750000000000032 0.30000000000001154 0.8250000000000106 1.0 0.9999999999999987 0.9249999999999964 0.6999999999999869 
0.0 0.0 0.0 0.0 0.0 0.0 0.0 1.9539925233403033e-15 0.1650000000000042 0.2750000000000039 0.2750000000000039 0.2750000000000039 0.27500000000001035 0.7100000000000077 1.0 1.0 0.8899999999999955 0.7249999999999883 0.28999999999998965 0.0 
0.0 0.0 0.0 0.0 0.0 0.0 0.0 7.105427357601002e-15 0.6000000000000068 1.0 1.0 1.0 1.0 1.0 1.0 1.0 0.599999999999989 0.0 0.0 0.0 
0.0 0.0 0.0 0.0 0.0 0.0 0.0 3.019806626980393e-15 0.2550000000000001 0.4249999999999954 0.4249999999999954 0.4249999999999954 0.4250000000000005 0.7700000000000031 1.0 1.0 0.8299999999999972 0.5749999999999985 0.2299999999999949 0.0 
0.0 0.0 0.0 0.0 0.0 0.0 0.0 0.0 0.0 0.0 0.0 0.0 2.442490654175316e-15 0.16500000000000042 0.42000000000000465 0.8550000000000076 1.0 0.9999999999999971 0.8349999999999986 0.5799999999999941 
0.0 0.0 0.0 0.0 0.0 0.0 0.0 0.0 0.0 0.0 0.0 0.0 0.0 0.0 0.025000000000000532 0.09999999999999858 0.4750000000000075 1.0 1.0 0.7999999999999883 
0.0 0.0 0.0 0.0 0.0 0.0 0.0 0.0 0.0 0.0 0.0 0.0 0.0 0.0 0.0 0.0 0.400000000000011 1.0 1.0 0.7999999999999883 
0.14000000000000407 0.17500000000000426 0.17500000000000346 0.07000000000000084 0.0 0.0 0.0 0.0 0.0 0.0 0.0 0.0 0.0 0.0 0.0 0.0 0.400000000000011 1.0 1.0 0.7999999999999883 
0.8000000000000038 1.0 0.9999999999999953 0.399999999999995 0.0 0.0 0.0 0.0 0.0 0.0 0.0 0.0 0.0 0.0 0.0 0.0 0.400000000000011 1.0 1.0 0.7999999999999883 
0.8000000000000038 1.0 0.9999999999999953 0.399999999999995 0.0 0.0 0.0 0.0 0.0 0.0 0.0 0.0 0.0 0.0 0.09500000000000501 0.38000000000000655 0.6850000000000066 1.0 1.0 0.7999999999999883 
0.8000000000000038 1.0 0.9999999999999982 0.7749999999999981 0.49999999999999656 0.12499999999999623 0.0 0.0 0.0 0.0 0.0 0.0 0.0 0.0 0.20000000000000995 0.8000000000000114 1.0 0.9999999999999933 0.6249999999999925 0.2999999999999956 
0.1799999999999963 0.5349999999999999 1.0 1.0 0.9549999999999998 0.8200000000000032 0.7750000000000057 0.7750000000000001 0.30999999999999706 0.0 0.0 0.31000000000000943 0.7750000000000057 0.7750000000000057 0.8200000000000068 0.9550000000000037 0.6899999999999892 0.22499999999999193 0.08999999999999501 0.0 
0.0 0.02999999999999861 0.07499999999999574 0.07499999999999574 0.2600000000000017 0.8150000000000047 1.0 0.9999999999999994 0.9550000000000021 0.9250000000000043 0.9250000000000043 0.9550000000000033 1.0 1.0 0.81499999999999 0.2599999999999861 0.04499999999999662 0.0 0.0 0.0 
