0.0 0.0 0.0 0.0 0.08124999999999895 0.12499999999999822 0.12499999999999822 0.12499999999999822 0.5187500000000007 0.8687499999999979 0.2562499999999965 0.12499999999999822 0.12499999999999822 0.12499999999999822 0.12499999999999822 0.08124999999999845 0.0 0.0 0.0 0.0 
0.0 0.0 0.09374999999999964 0.35624999999999857 0.7812499999999999 1.0 1.0 1.0 1.0 1.0 1.0 1.0 1.0 1.0 1.0 0.7812499999999973 0.35624999999999674 0.09374999999999756 0.0 0.0 
0.0 0.343749999999999 0.7187499999999988 0.9812500000000002 1.0 1.0 0.9687499999999991 0.5312500000000002 0.3750000000000018 0.3750000000000018 0.3750000000000018 0.3750000000000018 0.3750000000000018 0.3750000000000018 0.7812500000000031 1.0 0.9812499999999983 0.7187499999999967 0.3437499999999961 0.0 
0.0 0.5499999999999999 1.0 1.0 1.0 0.6937499999999998 0.1187500000000015 0.03125000000000022 0.0 0.0 0.0 0.0 0.0 0.0 0.6500000000000039 1.0 1.0 1.0 0.5499999999999954 0.0 
0.8499999999999996 1.0 1.0 1.0 0.3499999999999992 0.0 0.0 0.0 0.0 0.0 0.0 0.0 0.0 0.0 0.0 0.3500000000000032 1.0 1.0 1.0 0.8499999999999943 
0.8499999999999996 1.0 1.0 1.0 0.3499999999999992 0.0 0.0 0.0 0.0 0.0 0.0 0.0 0.0 0.0 0.0 0.2187500000000026 0.6250000000000018 0.6250000000000018 0.6250000000000018 0.531249999999998 
0.8499999999999996 1.0 1.0 1.0 0.3499999999999992 0.0 0.0 0.0 0.0 0.0 0.0 0.0 0.0 0.0 0.0 0.0 0.0 0.0 0.0 0.0 
0.8499999999999996 1.0 1.0 1.0 0.3499999999999992 0.0 0.0 0.0 0.0 0.0 0.0 0.0 0.0 0.0 0.0 0.0 0.0 0.0 0.0 0.0 
0.8499999999999996 1.0 1.0 1.0 0.3499999999999992 0.0 0.0 0.0 0.0 0.0 0.0 0.0 0.03125 0.11874999999999866 0.04374999999999889 0.0 0.0 0.0 0.0 0.0 
0.8499999999999996 1.0 1.0 1.0 0.3499999999999992 0.0 0.0 0.0 0.0 0.056250000000000536 0.31874999999999937 0.3749999999999982 0.5312500000000009 0.9687500000000017 0.5937499999999964 0.3749999999999982 0.3749999999999982 0.3749999999999982 0.3749999999999982 0.31874999999999637 
0.8499999999999996 1.0 1.0 1.0 0.3499999999999992 0.0 0.0 0.0 0.0 0.15000000000000213 0.8500000000000023 1.0 1.0 1.0 1.0 1.0 1.0 1.0 1.0 0.8499999999999943 
0.8499999999999996 1.0 1.0 1.0 0.3499999999999992 0.0 0.0 0.0 0.0 0.018750000000000534 0.1062500000000018 0.12500000000000178 0.12500000000000178 0.12500000000000178 0.12500000000000178 0.43125000000000396 1.0 1.0 1.0 0.8499999999999943 
0.8499999999999996 1.0 1.0 1.0 0.3499999999999992 0.0 0.0 0.0 0.0 0.0 0.0 0.0 0.0 0.0 0.0 0.3500000000000032 1.0 1.0 1.0 0.8499999999999943 
0.8499999999999996 1.0 1.0 1.0 0.3499999999999992 0.0 0.0 0.0 0.0 0.0 0.0 0.0 0.0 0.0 0.0 0.3500000000000032 1.0 1.0 1.0 0.8499999999999943 
0.8499999999999996 1.0 1.0 1.0 0.3499999999999992 0.0 0.0 0.0 0.0 0.0 0.0 0.0 0.0 0.0 0.0 0.3500000000000032 1.0 1.0 1.0 0.8499999999999943 
0.8499999999999996 1.0 1.0 1.0 0.3499999999999992 0.0 0.0 0.0 0.0 0.0 0.0 0.0 0.0 0.0 0.0 0.3500000000000032 1.0 1.0 1.0 0.8499999999999943 
0.7437499999999997 0.94375 1.0 1.0 0.4312499999999993 0.08124999999999988 0.0 0.0 0.0 0.0 0.0 0.0 0.0 0.0 0.08125000000000049 0.4312500000000028 1.0 1.0 0.9437499999999994 0.743749999999995 
0.0 0.5499999999999999 1.0 1.0 1.0 0.7812499999999993 0.3562499999999994 0.09374999999999933 0.0 0.0 0.0 0.0 0.09375000000000133 0.35625000000000107 0.7812500000000024 1.0 1.0 1.0 0.5499999999999954 0.0 
0.0 0.20625 0.5312500000000001 0.9687500000000004 1.0 1.0 0.9812499999999994 0.7187499999999993 0.625 0.625 0.625 0.625 0.7187500000000013 0.9812500000000011 1.0 1.0 0.9687499999999973 0.5312499999999967 0.20624999999999827 0.0 
0.0 0.0 0.03125000000000003 0.11875000000000008 0.125 0.43125000000000085 1.0 1.0 1.0 1.0 1.0 1.0 1.0 1.0 0.4312499999999966 0.125 0.11874999999999947 0.031249999999999334 0.0 0.0 
