0.0 0.0 0.0 0.0 0.0 0.07812500000000228 0.12500000000000355 0.23437500000000466 0.890625000000002 1.0 1.0 1.0 1.0 0.4531249999999991 0.12500000000000355 0.10937500000000244 0.015624999999999778 0.0 0.0 0.0 
0.0 0.0 0.0 0.046875000000000194 0.32812500000000255 0.7656250000000013 1.0 1.0 1.0 1.0 1.0 1.0 1.0 1.0 1.0 0.921874999999997 0.4531249999999992 0.14062499999999908 0.0 0.0 
0.0 0.0 0.23437500000000028 0.6718750000000018 0.9531250000000002 1.0 0.7656249999999987 0.3749999999999978 0.3749999999999978 0.3749999999999978 0.3749999999999978 0.3749999999999978 0.3749999999999978 0.7656250000000013 1.0 1.0 1.0 0.7656249999999993 0.39062499999999806 0.0 
0.0 0.5468749999999999 0.921875000000001 1.0 1.0 1.0 0.6249999999999991 0.0 0.0 0.0 0.0 0.0 0.0 0.07812499999999933 0.45312500000000355 1.0 1.0 1.0 0.6249999999999947 0.0 
0.0 0.6249999999999987 1.0 1.0 1.0 0.37499999999999956 0.0 0.0 0.0 0.0 0.0 0.0 0.0 0.0 0.37500000000000533 1.0 1.0 1.0 0.6718749999999957 0.10937499999999989 
0.0 0.6249999999999987 1.0 1.0 1.0 0.37499999999999956 0.0 0.0 0.0 0.0 0.0 0.0 0.0 0.0 0.37500000000000533 1.0 1.0 1.0 0.859374999999998 0.5468749999999956 
0.0 0.6249999999999987 1.0 1.0 1.0 0.37499999999999956 0.0 0.0 0.0 0.0 0.0 0.0 0.0 0.0 0.37500000000000533 1.0 1.0 1.0 0.6249999999999947 0.0 
0.0 0.6249999999999987 1.0 1.0 1.0 0.9218749999999989 0.5468749999999981 0.0 0.0 0.0 0.0 0.0 0.0 0.0 0.37500000000000533 1.0 1.0 1.0 0.6249999999999947 0.0 
0.0 0.0 0.3281249999999999 0.8906250000000016 0.9843750000000002 1.0 1.0 0.8906249999999982 0.2343749999999969 0.12499999999999822 0.12499999999999822 0.23437500000000155 0.8906250000000029 1.0 1.0 0.9843749999999996 0.8906250000000009 0.328124999999996 0.0 0.0 
0.0 0.0 0.0 0.12499999999999956 0.875 1.0 1.0 1.0 1.0 1.0 1.0 1.0 1.0 1.0 1.0 0.8749999999999947 0.12499999999999467 0.0 0.0 0.0 
0.0 0.0 0.2343749999999981 0.6718749999999967 0.9531249999999996 1.0 1.0 1.0 1.0 0.6093750000000011 0.37500000000000355 0.45312500000000533 0.9218750000000027 1.0 1.0 0.9531249999999976 0.6718749999999949 0.23437499999999534 0.0 0.0 
0.0 0.5468749999999967 0.9218749999999977 1.0 1.0 1.0 0.6718750000000006 0.12500000000000355 0.12500000000000355 0.04687500000000111 0.0 0.015625000000000888 0.10937500000000355 0.12500000000000355 0.4531250000000069 1.0 1.0 0.9218749999999971 0.5468749999999931 0.0 
0.0 0.6249999999999987 1.0 1.0 1.0 0.37499999999999956 0.0 0.0 0.0 0.0 0.0 0.0 0.0 0.0 0.328125000000006 0.8906250000000038 0.9843750000000011 1.0 0.671874999999994 0.109374999999996 
0.0 0.6249999999999987 1.0 0.9531250000000007 0.6718750000000031 0.23437500000000105 0.0 0.0 0.0 0.0 0.0 0.0 0.0 0.0 0.0 0.12500000000000533 0.8750000000000053 1.0 1.0 0.8749999999999929 
0.5468749999999927 0.8593749999999969 1.0 0.9531249999999993 0.6718749999999938 0.23437499999999706 0.0 0.0 0.0 0.0 0.0 0.0 0.0 0.0 0.0 0.12500000000000533 0.8750000000000053 1.0 1.0 0.8749999999999929 
0.109375000000006 0.6718750000000016 1.0 0.8906250000000012 0.23437500000000622 0.04687500000000261 0.0 0.0 0.0 0.0 0.0 0.0 0.0 0.0 0.0 0.12500000000000533 0.8750000000000053 1.0 1.0 0.8749999999999929 
0.0 0.6249999999999987 1.0 1.0 1.0 0.45312499999999517 0.07812499999999545 0.0 0.0 0.0 0.0 0.0 0.0 0.078124999999996 0.4531250000000002 1.0 1.0 1.0 0.6249999999999947 0.0 
0.0 0.3906250000000036 0.7656250000000041 1.0 1.0 1.0 0.7656249999999968 0.3281249999999931 0.046874999999998446 0.0 0.14062499999999833 0.3749999999999929 0.3749999999999929 0.7656249999999996 1.0 1.0 1.0 0.7656250000000024 0.3906250000000011 0.0 
0.0 0.0 0.14062500000000233 0.45312500000000594 0.9218750000000009 1.0 1.0 0.9531249999999984 0.6718749999999931 0.6249999999999929 0.7656249999999966 1.0 1.0 1.0 1.0 0.9218749999999976 0.4531250000000029 0.14062500000000067 0.0 0.0 
0.0 0.0 0.0 0.015625000000001277 0.10937500000000933 0.6718750000000043 1.0 1.0 1.0 1.0 1.0 1.0 1.0 1.0 0.6718749999999993 0.10937500000000866 0.015625000000000666 0.0 0.0 0.0 
