0.0 0.0 0.0 0.0 0.0 0.0 0.0 0.0 0.0 0.0 0.0 0.0 0.0 0.6250000000000071 1.0 1.0 1.0 1.0 1.0 0.8749999999999893 
0.0 0.0 0.0 0.0 0.0 0.0 0.0 0.0 0.0 0.0 0.0 0.037500000000001796 0.2625000000000035 0.7375000000000056 1.0 1.0 1.0 1.0 1.0 0.8749999999999893 
0.0 0.0 0.0 0.0 0.0 0.0 0.0 0.0 0.0 0.0 0.0 0.12500000000000533 0.8750000000000071 1.0 1.0 1.0 1.0 1.0 1.0 0.8749999999999893 
0.0 0.0 0.0 0.0 0.0 0.0 0.0 0.0 0.0 0.0 0.26250000000000445 0.7375000000000033 0.9625000000000024 1.0 1.0 1.0 1.0 1.0 1.0 0.8749999999999893 
0.0 0.0 0.0 0.0 0.0 0.0 0.0 0.0 0.0 0.0 0.37500000000000533 1.0 1.0 1.0 1.0 1.0 1.0 1.0 1.0 0.8749999999999893 
0.0 0.0 0.0 0.0 0.0 0.0 0.0 0.0 0.0 0.6250000000000053 1.0 1.0 1.0 0.9374999999999979 0.8999999999999977 0.9124999999999989 0.9875000000000006 1.0 0.6249999999999893 0.0 
0.0 0.0 0.0 0.0 0.0 0.0 0.0 0.03750000000000138 0.2625000000000035 0.7375000000000047 1.0 0.9624999999999981 0.7374999999999957 0.26249999999999407 0.0 0.12500000000000888 0.8750000000000089 1.0 0.6249999999999893 0.0 
0.0 0.0 0.0 0.0 0.0 0.0 0.1875000000000031 0.5625000000000049 0.9375000000000027 1.0 1.0 0.8749999999999947 0.1249999999999929 0.0 0.0 0.12500000000000888 0.8750000000000089 1.0 0.6249999999999893 0.0 
0.0 0.0 0.0 0.0 0.0 0.0 0.37500000000000355 1.0 1.0 1.0 0.7374999999999952 0.2624999999999959 0.037499999999997514 0.0 0.0 0.12500000000000888 0.8750000000000089 1.0 0.6249999999999893 0.0 
0.0 0.0 0.0 0.0 0.0 0.5625000000000038 0.9375000000000017 1.0 1.0 0.4374999999999939 0.06249999999999813 0.0 0.0 0.0 0.3375000000000072 0.9125000000000028 0.9875000000000012 1.0 0.6249999999999893 0.0 
0.0 0.0 0.0 0.12500000000000178 0.8750000000000022 1.0 1.0 0.9874999999999993 0.9124999999999968 0.337499999999994 0.0 0.0 0.0 0.0 0.3750000000000071 1.0 1.0 1.0 0.6249999999999893 0.0 
0.0 0.0 0.11250000000000193 0.38750000000000495 0.9125000000000021 1.0 1.0 0.8749999999999964 0.12499999999999556 0.0 0.0 0.0 0.0 0.0 0.3750000000000071 1.0 1.0 1.0 0.6249999999999893 0.0 
0.0 0.0 0.3750000000000011 1.0 1.0 1.0 0.8124999999999969 0.4374999999999951 0.062499999999997335 0.0 0.0 0.0 0.0 0.0 0.3750000000000071 1.0 1.0 1.0 0.6249999999999893 0.0 
0.0 0.43750000000000216 0.8125000000000021 1.0 1.0 0.5624999999999963 0.18749999999999717 0.0 0.0 0.0 0.0 0.0 0.0 0.0 0.3750000000000071 1.0 1.0 1.0 0.6249999999999893 0.0 
0.787500000000005 0.9625000000000021 1.0 1.0 1.0 0.37499999999999734 0.0 0.0 0.0 0.0 0.0 0.0 0.0 0.0 0.3750000000000071 1.0 1.0 1.0 0.6249999999999893 0.0 
0.875 1.0 1.0 1.0 1.0 1.0 1.0 1.0 1.0 1.0 1.0 1.0 1.0 1.0 1.0 1.0 1.0 1.0 1.0 0.8749999999999893 
0.875 1.0 1.0 1.0 1.0 1.0 1.0 1.0 1.0 1.0 1.0 1.0 1.0 1.0 1.0 1.0 1.0 1.0 1.0 0.8749999999999893 
0.4374999999999969 0.49999999999999645 0.49999999999999645 0.49999999999999645 0.49999999999999645 0.49999999999999645 0.49999999999999645 0.49999999999999645 0.49999999999999645 0.49999999999999645 0.49999999999999645 0.49999999999999645 0.49999999999999645 0.49999999999999645 0.6875000000000013 1.0 1.0 1.0 0.8124999999999933 0.43749999999999156 
0.0 0.0 0.0 0.0 0.0 0.0 0.0 0.0 0.0 0.0 0.0 0.0 0.0 0.0 0.3750000000000071 1.0 1.0 1.0 0.6249999999999893 0.0 
0.0 0.0 0.0 0.0 0.0 0.0 0.0 0.0 0.0 0.0 0.0 0.0 0.0 0.0 0.3750000000000071 1.0 1.0 1.0 0.6249999999999893 0.0 
