0.875 1.0 1.0 1.0 1.0 1.0 1.0 1.0 1.0 1.0 1.0 1.0 1.0 1.0 1.0 1.0 1.0 1.0 0.6249999999999893 0.0 
0.6124999999999986 0.6999999999999984 0.6999999999999984 0.6999999999999984 0.6999999999999984 0.6999999999999984 0.6999999999999984 0.6999999999999984 0.6999999999999984 0.6999999999999984 0.6999999999999984 0.6999999999999984 0.6999999999999984 0.8875000000000015 1.0 1.0 1.0 1.0 0.6249999999999893 0.0 
0.0 0.0 0.0 0.0 0.0 0.0 0.0 0.0 0.0 0.0 0.0 0.0 0.0 0.6250000000000071 1.0 1.0 1.0 0.6874999999999944 0.31249999999999356 0.0 
0.0 0.0 0.0 0.0 0.0 0.0 0.0 0.0 0.0 0.0 0.0 0.0 0.0 0.6250000000000071 1.0 1.0 1.0 0.3749999999999911 0.0 0.0 
0.0 0.0 0.0 0.0 0.0 0.0 0.0 0.0 0.0 0.0 0.0 0.11250000000000507 0.7875000000000083 0.9625000000000015 1.0 0.8874999999999917 0.21249999999999014 0.03749999999999831 0.0 0.0 
0.0 0.0 0.0 0.0 0.0 0.0 0.0 0.0 0.0 0.0 0.0375000000000014 0.21250000000000682 0.8875000000000067 1.0 0.9624999999999985 0.78749999999999 0.11249999999999172 0.0 0.0 0.0 
0.0 0.0 0.0 0.0 0.0 0.0 0.0 0.0 0.0 0.18750000000000316 0.5625000000000053 1.0 1.0 1.0 0.6249999999999929 0.0 0.0 0.0 0.0 0.0 
0.0 0.0 0.0 0.0 0.0 0.0 0.0 0.0 0.0 0.6250000000000053 1.0 1.0 1.0 0.6874999999999942 0.3124999999999942 0.0 0.0 0.0 0.0 0.0 
0.0 0.0 0.0 0.0 0.0 0.0 0.0 0.08750000000000284 0.6125000000000056 0.8875000000000026 1.0 1.0 1.0 0.3749999999999929 0.0 0.0 0.0 0.0 0.0 0.0 
0.0 0.0 0.0 0.0 0.0 0.0 0.0 0.12500000000000355 0.8750000000000044 1.0 1.0 0.887499999999995 0.21249999999999175 0.03749999999999849 0.0 0.0 0.0 0.0 0.0 0.0 
0.0 0.0 0.0 0.0 0.0 0.0 0.37500000000000355 1.0 1.0 1.0 0.9624999999999982 0.7874999999999924 0.1124999999999932 0.0 0.0 0.0 0.0 0.0 0.0 0.0 
0.0 0.0 0.0 0.0 0.0 0.18750000000000347 0.5625000000000051 1.0 1.0 1.0 0.6249999999999947 0.0 0.0 0.0 0.0 0.0 0.0 0.0 0.0 0.0 
0.0 0.0 0.0 0.0 0.0 0.6250000000000027 1.0 1.0 1.0 0.6874999999999951 0.3124999999999951 0.0 0.0 0.0 0.0 0.0 0.0 0.0 0.0 0.0 
0.0 0.0 0.0 0.0875000000000016 0.612500000000004 0.8875000000000018 1.0 0.9124999999999972 0.3874999999999944 0.11249999999999734 0.0 0.0 0.0 0.0 0.0 0.0 0.0 0.0 0.0 0.0 
0.0 0.0 0.0 0.12500000000000178 0.8750000000000022 1.0 1.0 0.8749999999999964 0.12499999999999556 0.0 0.0 0.0 0.0 0.0 0.0 0.0 0.0 0.0 0.0 0.0 
0.0 0.06250000000000316 0.4375000000000041 1.0 1.0 1.0 0.9624999999999978 0.7874999999999924 0.11249999999999538 0.0 0.0 0.0 0.0 0.0 0.0 0.0 0.0 0.0 0.0 0.0 
0.0 0.6250000000000006 1.0 1.0 1.0 1.0 0.6249999999999964 0.0 0.0 0.0 0.0 0.0 0.0 0.0 0.0 0.0 0.0 0.0 0.0 0.0 
0.0 0.6250000000000006 1.0 1.0 1.0 1.0 0.6249999999999964 0.0 0.0 0.0 0.0 0.0 0.0 0.0 0.0 0.0 0.0 0.0 0.0 0.0 
0.6125000000000025 0.8875000000000013 1.0 1.0 1.0 1.0 0.8875 0.7000000000000028 0.7000000000000028 0.7000000000000028 0.7000000000000028 0.7000000000000028 0.7000000000000028 0.7000000000000028 0.7000000000000028 0.7000000000000028 0.7000000000000028 0.7000000000000028 0.7000000000000028 0.612499999999995 
0.875 1.0 1.0 1.0 1.0 1.0 1.0 1.0 1.0 1.0 1.0 1.0 1.0 1.0 1.0 1.0 1.0 1.0 1.0 0.8749999999999893 
