0.0 0.0 0.0 0.0 0.0 0.0 0.07500000000000004 0.6249999999999993 0.9999999999999982 0.9999999999999982 0.7249999999999983 0.17499999999999863 0.0 0.0 0.0 0.0 0.0 0.0 0.0 0.0 
0.0 0.0 0.0 0.4249999999999994 0.9749999999999985 0.9999999999999984 0.9999999999999986 0.9999999999999994 1.0 1.0 0.9999999999999996 0.9999999999999987 0.9999999999999984 0.9999999999999984 0.9999999999999984 0.9749999999999981 0.42499999999999827 0.0 0.0 0.0 
0.0 0.3249999999999995 0.8749999999999989 0.9999999999999992 1.0 1.0 1.0 1.0 1.0 1.0 1.0 1.0 1.0 1.0 1.0 1.0 0.9999999999999992 0.8749999999999971 0.32499999999999885 0.0 
0.7749999999999992 0.9999999999999994 0.9999999999999999 1.0 1.0 0.47500000000000053 8.881784197001252e-16 8.881784197001252e-16 8.881784197001252e-16 8.881784197001252e-16 8.881784197001252e-16 8.881784197001252e-16 0.37500000000000056 0.9250000000000008 1.0 1.0 1.0 0.9999999999999999 0.9999999999999994 0.7749999999999979 
0.7749999999999999 1.0 1.0 1.0 1.0 0.4750000000000001 0.0 0.0 0.0 0.0 0.0 0.0 3.3306690738754696e-16 8.215650382226165e-16 0.47500000000000187 1.0 1.0 1.0 1.0 0.7749999999999986 
0.7749999999999999 1.0 1.0 0.5750000000000003 0.02500000000000078 4.2188474935755956e-16 0.0 0.0 0.0 0.0 0.0 0.0 0.0 0.0 0.4750000000000014 1.0 1.0 1.0 1.0 0.7749999999999986 
0.7749999999999999 1.0 1.0 0.575 0.02499999999999991 0.0 0.0 0.0 0.0 0.0 0.0 0.0 0.0 0.0 0.4750000000000014 1.0 1.0 1.0 1.0 0.7749999999999986 
0.7749999999999999 1.0 1.0 1.0 1.0 0.4750000000000001 0.0 0.0 0.0 0.0 0.0 0.0 0.0 0.0 0.4750000000000014 1.0 1.0 1.0 1.0 0.7749999999999986 
0.7749999999999999 1.0 1.0 1.0 1.0 0.4750000000000001 0.0 0.0 0.0 0.0 0.0 0.0 0.0 0.0 0.4750000000000014 1.0 1.0 1.0 1.0 0.7749999999999986 
0.7749999999999999 1.0 1.0 1.0 1.0 1.0 0.9249999999999998 0.37499999999999956 0.0 0.0 0.0 0.0 0.375 0.9250000000000007 1.0 1.0 1.0 1.0 1.0 0.7749999999999986 
0.0 0.32499999999999996 0.875 1.0 1.0 1.0 1.0 1.0 1.0 1.0 1.0 1.0 1.0 1.0 1.0 1.0 1.0 1.0 1.0 0.7749999999999986 
0.0 0.0 0.0 0.0 0.0 0.5249999999999999 1.0 1.0 1.0 1.0 1.0 1.0 1.0 1.0 1.0 1.0 1.0 1.0 1.0 0.7749999999999986 
0.0 0.0 0.0 0.0 0.0 0.0 0.0 0.0 0.0 0.0 0.0 0.0 0.0 0.0 0.4750000000000006 0.9999999999999982 0.9999999999999992 1.0 1.0 0.7749999999999986 
1.376676550535194e-15 1.1990408665951691e-15 2.220446049250313e-16 0.0 0.0 0.0 0.0 0.0 0.0 0.0 0.0 0.0 0.0 0.0 0.0 0.025000000000000355 0.5750000000000011 1.0 1.0 0.7749999999999986 
0.7749999999999999 0.6750000000000006 0.12500000000000155 1.7763568394002505e-15 1.7763568394002505e-15 8.437694987151191e-16 0.0 0.0 0.0 0.0 0.0 0.0 0.0 0.0 0.0 0.025000000000000355 0.5750000000000011 1.0 1.0 0.7749999999999986 
0.7749999999999999 1.0 1.0 1.0 1.0 0.4750000000000001 0.0 0.0 0.0 0.0 0.0 0.0 0.0 0.0 8.437694987151215e-16 0.025000000000002087 0.5750000000000018 1.0 1.0 0.7749999999999986 
0.7749999999999999 1.0 1.0 1.0 1.0 0.4750000000000001 0.0 0.0 0.0 0.0 0.0 0.0 0.0 0.0 0.4750000000000014 1.0 1.0 1.0 1.0 0.7749999999999986 
0.7749999999999999 1.0 1.0 1.0 1.0 1.0 0.9249999999999998 0.37499999999999956 0.0 0.0 0.0 0.0 0.0 0.0 0.4750000000000014 1.0 1.0 1.0 1.0 0.7749999999999986 
0.0 0.32499999999999996 0.875 1.0 1.0 1.0 1.0 1.0 1.0 1.0 1.0 1.0 1.0 1.0 1.0 1.0 1.0 0.8749999999999982 0.3249999999999993 0.0 
0.0 0.0 0.0 0.42500000000000004 0.9750000000000001 1.0 1.0 1.0 1.0 1.0 1.0 1.0 1.0 1.0 1.0 0.9749999999999996 0.42499999999999893 0.0 0.0 0.0 
