0.8043750000000033 0.9750000000000032 0.9750000000000032 0.9750000000000032 0.9750000000000032 0.9750000000000032 0.9750000000000032 0.9750000000000032 0.9750000000000032 0.9750000000000032 0.9750000000000032 0.9750000000000032 0.9750000000000032 0.9750000000000032 0.9750000000000032 0.9750000000000032 0.7556249999999977 0.12187499999999521 0.0 0.0 
0.8250000000000006 1.0 1.0 1.0 1.0 1.0 1.0 1.0 1.0 1.0 1.0 1.0 1.0 1.0 1.0 1.0 0.774999999999995 0.12499999999999467 0.0 0.0 
0.10312499999999769 0.12499999999999711 0.12499999999999711 0.12499999999999711 0.12499999999999711 0.12499999999999711 0.12499999999999711 0.12499999999999711 0.12499999999999711 0.12499999999999711 0.12499999999999711 0.12499999999999711 0.671875000000002 1.0 1.0 1.0 0.774999999999995 0.12499999999999467 0.0 0.0 
0.0 0.0 0.0 0.0 0.0 0.0 0.0 0.0 0.0 0.0 0.2681250000000033 0.8043750000000054 0.9343750000000017 1.0 1.0 0.5256249999999946 0.13562499999999691 0.02187499999999871 0.0 0.0 
0.0 0.0 0.0 0.0 0.0 0.0 0.0 0.0 0.0 0.0 0.32500000000000284 0.9750000000000032 1.0 1.0 1.0 0.4249999999999954 0.0 0.0 0.0 0.0 
0.0 0.0 0.0 0.0 0.0 0.0 0.0 0.0 0.0181250000000016 0.48937500000000334 0.8143750000000023 0.9931250000000009 1.0 0.8006249999999965 0.32937499999999476 0.11687499999999774 0.0 0.0 0.0 0.0 
0.0 0.0 0.0 0.0 0.0 0.0 0.0 0.0 0.02500000000000213 0.6750000000000025 1.0 1.0 1.0 0.7249999999999961 0.07499999999999574 0.0 0.0 0.0 0.0 0.0 
0.0 0.0 0.0 0.0 0.0 0.0 0.0 0.0 0.02500000000000213 0.6750000000000025 1.0 1.0 1.0 0.7249999999999961 0.07499999999999574 0.0 0.0 0.0 0.0 0.0 
0.0 0.0 0.0 0.0 0.0 0.0 0.0 0.21562500000000176 0.5856250000000028 0.8618750000000017 1.0 1.0 0.6406249999999967 0.30812499999999693 0.031874999999998044 0.0 0.0 0.0 0.0 0.0 
0.0 0.0 0.0 0.0 0.0 0.0 0.0 0.3750000000000018 1.0 1.0 1.0 1.0 0.37499999999999645 0.0 0.0 0.0 0.0 0.0 0.0 0.0 
0.0 0.0 0.0 0.0 0.0 0.03562500000000104 0.34437500000000193 0.6718750000000018 1.0 1.0 0.8456249999999982 0.5368749999999971 0.1968749999999976 0.0 0.0 0.0 0.0 0.0 0.0 0.0 
0.0 0.0 0.0 0.0 0.0 0.07500000000000195 0.7250000000000019 1.0 1.0 1.0 0.6749999999999972 0.024999999999996803 0.0 0.0 0.0 0.0 0.0 0.0 0.0 0.0 
0.0 0.0 0.0 0.0 0.15937500000000135 0.4218750000000029 0.8281250000000017 1.0 0.9906249999999992 0.7468749999999978 0.421874999999997 0.015624999999997956 0.0 0.0 0.0 0.0 0.0 0.0 0.0 0.0 
0.0 0.0 0.0 0.0 0.4250000000000016 1.0 1.0 1.0 0.9749999999999979 0.3249999999999975 0.0 0.0 0.0 0.0 0.0 0.0 0.0 0.0 0.0 0.0 
0.0 0.0 0.03437500000000035 0.21312500000000062 0.5831250000000013 1.0 1.0 0.8968749999999994 0.7068749999999981 0.23562499999999809 0.0 0.0 0.0 0.0 0.0 0.0 0.0 0.0 0.0 0.0 
0.0 0.0 0.1250000000000011 0.7750000000000012 1.0 1.0 1.0 0.6249999999999982 0.0 0.0 0.0 0.0 0.0 0.0 0.0 0.0 0.0 0.0 0.0 0.0 
0.0 0.08312500000000049 0.2781250000000015 0.8143750000000012 1.0 0.9868749999999996 0.8731249999999992 0.5156249999999981 0.0 0.0 0.0 0.0 0.0 0.0 0.0 0.0 0.0 0.0 0.0 0.0 
0.0 0.47500000000000087 1.0 1.0 1.0 0.9343749999999983 0.36562499999999837 0.125 0.125 0.125 0.125 0.125 0.125 0.125 0.125 0.125 0.125 0.125 0.05937499999999929 0.0 
0.0 0.47500000000000087 1.0 1.0 1.0 1.0 1.0 1.0 1.0 1.0 1.0 1.0 1.0 1.0 1.0 1.0 1.0 1.0 0.5143749999999963 0.061875000000001894 
0.0 0.4631250000000015 0.9750000000000014 0.9750000000000014 0.9750000000000014 0.9750000000000014 0.9750000000000014 0.9750000000000014 0.9750000000000014 0.9750000000000014 0.9750000000000014 0.9750000000000014 0.9750000000000014 0.9750000000000014 0.9750000000000014 0.9750000000000014 0.9750000000000014 0.9750000000000014 0.9750000000000014 0.8043749999999953 
