0.0 0.0 0.0 0.0 0.22999999999999926 0.3999999999999986 0.3999999999999986 0.7750000000000006 0.41499999999999776 0.3999999999999986 0.3999999999999986 0.3999999999999986 0.2499999999999991 0.0 0.0 0.0 0.0 0.0 0.0 0.0 
0.0 0.0 0.1749999999999993 0.37999999999999917 1.0 1.0 1.0 1.0 1.0 1.0 1.0 1.0 1.0 1.0 0.1999999999999993 0.11499999999999874 0.0 0.0 0.0 0.0 
0.0 0.0 0.8749999999999996 1.0 1.0 1.0 1.0 1.0 1.0 1.0 1.0 1.0 1.0 1.0 1.0 1.0 0.22499999999999432 0.0 0.0 0.0 
0.0 0.5249999999999992 1.0 1.0 1.0 1.0 1.0 0.4999999999999981 0.1999999999999993 0.1999999999999993 0.1999999999999993 0.22000000000000103 1.0 1.0 1.0 1.0 1.0 0.699999999999995 0.0 0.0 
0.17499999999999893 1.0 1.0 1.0 1.0 1.0 0.0 0.0 0.0 0.0 0.0 0.0 0.0 0.28999999999999954 1.0 1.0 1.0 1.0 0.5249999999999986 0.0 
0.5050000000000011 1.0 1.0 1.0 0.7699999999999987 0.044999999999999415 0.0 0.0 0.0 0.0 0.0 0.0 0.0 0.0 0.07500000000000284 1.0 1.0 1.0 1.0 0.17499999999999716 
1.0 1.0 1.0 1.0 0.4249999999999998 0.0 0.0 0.0 0.0 0.0 0.0 0.0 0.0 0.0 0.0 0.0 0.0 0.0 0.0 0.0 
1.0 1.0 1.0 1.0 0.4249999999999998 0.0 0.0 0.0 0.0 0.0 0.0 0.0 0.0 0.0 0.0 0.0 0.0 0.0 0.0 0.0 
1.0 1.0 1.0 1.0 0.4249999999999998 0.0 0.0 0.0 0.0 0.0 0.0 0.0 0.0 0.0 0.0 0.0 0.0 0.0 0.0 0.0 
1.0 1.0 1.0 1.0 0.4249999999999998 0.0 0.0 0.0 0.0 0.0 0.0 0.5850000000000035 0.0 0.0 0.0 0.0 0.0 0.0 0.0 0.0 
1.0 1.0 1.0 1.0 0.4249999999999998 0.0 0.0 0.0 0.0 0.0 0.0 1.0 1.0 1.0 1.0 1.0 1.0 1.0 1.0 1.0 
1.0 1.0 1.0 1.0 0.4249999999999998 0.0 0.0 0.0 0.0 0.0 0.0 1.0 1.0 1.0 1.0 1.0 1.0 1.0 1.0 1.0 
0.9999999999999941 1.0 1.0 1.0 0.4249999999999998 0.0 0.0 0.0 0.0 0.0 0.0 0.025000000000001955 0.9999999999999929 0.9999999999999929 0.9999999999999929 0.9999999999999959 1.0 1.0 1.0 1.0 
0.17499999999999893 1.0 1.0 1.0 0.8850000000000044 0.06000000000000002 0.0 0.0 0.0 0.0 0.0 0.0 0.0 0.0 0.0 0.42500000000000426 1.0 1.0 1.0 1.0 
0.06999999999999808 0.7149999999999954 1.0 1.0 1.0 0.07499999999999929 0.0 0.0 0.0 0.0 0.0 0.0 0.0 0.0 0.0 0.42500000000000426 1.0 1.0 1.0 1.0 
0.0 0.5249999999999992 1.0 1.0 1.0 1.0 0.29000000000000653 0.0 0.0 0.0 0.0 0.0 0.0 0.0 0.03000000000000183 0.6550000000000078 1.0 1.0 1.0 1.0 
0.0 0.0 0.699999999999991 1.0 1.0 1.0 1.0 0.5000000000000048 0.20000000000000995 0.0 0.0 0.0 0.07500000000000373 0.20000000000000995 1.0 1.0 1.0 1.0 1.0 1.0 
0.0 0.0 0.0 0.9999999999999893 0.9999999999999954 1.0 1.0 1.0 1.0 1.0 1.0 1.0 1.0 1.0 1.0 1.0 1.0 1.0 1.0 1.0 
0.0 0.0 0.0 0.0 0.1149999999999935 0.9399999999999997 1.0 1.0 1.0 1.0 1.0 1.0 1.0 1.0 1.0 1.0 1.0 1.0 1.0 1.0 
0.0 0.0 0.0 0.0 0.0 0.0 0.10999999999999584 0.39999999999998437 0.39999999999998437 0.39999999999998437 0.8049999999999964 0.9849999999999983 0.39999999999998437 0.39999999999998437 0.3699999999999844 0.0 0.0 0.39999999999998437 0.39999999999998437 0.39999999999998437 
