0.0 0.0 0.0 0.021874999999999877 0.15312499999999774 0.17499999999999716 0.48437499999999895 1.0 1.0 1.0 1.0 1.0 1.0 0.4843749999999982 0.17499999999999716 0.1531249999999975 0.021874999999999645 0.0 0.0 0.0 
0.0 0.0 0.19687500000000002 0.5843749999999988 0.9406250000000004 1.0 1.0 0.9343749999999997 0.5406250000000014 0.4750000000000021 0.4750000000000021 0.5406250000000018 0.9343750000000003 1.0 1.0 0.9406249999999997 0.5843749999999982 0.19687499999999922 0.0 0.0 
0.0 0.5468750000000007 0.9218749999999993 1.0 1.0 0.45312499999999967 0.12500000000000133 0.10937500000000105 0.015625000000000056 0.0 0.0 0.015625000000000167 0.10937500000000117 0.12500000000000133 0.45312500000000083 1.0 1.0 0.9218749999999991 0.5468749999999991 0.0 
0.8750000000000018 1.0 1.0 0.8749999999999987 0.12499999999999867 0.0 0.0 0.0 0.0 0.0 0.0 0.0 0.0 0.0 0.0 0.125 0.875 1.0 0.7093749999999999 0.1968749999999997 
0.8750000000000018 1.0 1.0 0.8749999999999987 0.12499999999999867 0.0 0.0 0.0 0.0 0.0 0.0 0.0 0.0 0.0 0.0 0.05312499999999998 0.37187499999999984 0.7843749999999999 0.7843749999999999 0.37187499999999984 
0.8750000000000018 1.0 0.6531249999999983 0.06562499999999928 0.00937499999999981 0.0 0.0 0.0 0.0 0.0 0.0 0.0 0.0 0.0 0.0 0.0 0.0 0.046874999999999556 0.046874999999999556 0.0 
0.8750000000000018 1.0 0.6249999999999984 0.0 0.0 0.0 0.0 0.0 0.0 0.0 0.0 0.0 0.0 0.0 0.0 0.0 0.0 0.0 0.0 0.0 
0.8750000000000018 1.0 0.6249999999999984 0.0 0.0 0.0 0.0 0.0 0.0 0.0 0.0 0.0 0.0 0.0 0.0 0.0 0.0 0.0 0.0 0.0 
0.8750000000000018 1.0 0.6249999999999984 0.0 0.0 0.0 0.0 0.0 0.0 0.0 0.0 0.0 0.0 0.0 0.0 0.0 0.0 0.0 0.0 0.0 
0.8750000000000018 1.0 0.6249999999999984 0.0 0.0 0.0 0.0 0.0 0.0 0.0 0.12187500000000202 0.3250000000000046 0.3250000000000046 0.3250000000000046 0.3250000000000046 0.3250000000000046 0.3250000000000046 0.3250000000000046 0.3250000000000046 0.28437500000000404 
0.8750000000000018 1.0 0.6249999999999984 0.0 0.0 0.0 0.0 0.0 0.0 0.0 0.12187499999999869 0.32499999999999574 0.32499999999999574 0.32499999999999574 0.5781249999999973 1.0 1.0 1.0 1.0 0.875 
0.8750000000000018 1.0 0.6249999999999984 0.0 0.0 0.0 0.0 0.0 0.0 0.0 0.0 0.0 0.0 0.0 0.0 0.125 0.875 1.0 1.0 0.875 
0.8750000000000018 1.0 0.6249999999999984 0.0 0.0 0.0 0.0 0.0 0.0 0.0 0.0 0.0 0.0 0.0 0.0 0.125 0.875 1.0 1.0 0.875 
0.8750000000000018 1.0 0.6249999999999984 0.0 0.0 0.0 0.0 0.0 0.0 0.0 0.0 0.0 0.0 0.0 0.0 0.125 0.875 1.0 1.0 0.875 
0.8750000000000018 1.0 0.6249999999999984 0.0 0.0 0.0 0.0 0.0 0.0 0.0 0.0 0.0 0.0 0.0 0.0 0.125 0.875 1.0 1.0 0.875 
0.8750000000000018 1.0 0.784375000000002 0.3718750000000063 0.05312500000000041 0.0 0.0 0.0 0.0 0.0 0.0 0.0 0.0 0.0 0.0 0.125 0.875 1.0 1.0 0.875 
0.1968749999999923 0.7093749999999979 1.0 0.8749999999999987 0.12499999999999867 0.0 0.0 0.0 0.0 0.0 0.0 0.0 0.0 0.0 0.0 0.125 0.875 1.0 0.7093749999999965 0.19687499999999192 
0.0 0.5468749999999948 0.9218749999999936 1.0 1.0 0.4531250000000055 0.07812500000000655 0.0 0.0 0.0 0.0 0.0 0.0 0.07812500000000666 0.45312500000000666 1.0 1.0 0.9218749999999933 0.5468749999999933 0.0 
0.0 0.0 0.19687499999999628 0.5843749999999901 0.9406249999999992 1.0 0.8031250000000041 0.4750000000000121 0.4750000000000121 0.4750000000000121 0.4750000000000121 0.4750000000000121 0.4750000000000121 0.8031250000000045 0.8218749999999955 0.5249999999999879 0.5249999999999879 0.19687499999999547 0.0 0.0 
0.0 0.0 0.0 0.02187499999999899 0.15312499999999152 0.17499999999999005 0.17499999999999005 0.278124999999992 0.8968749999999995 1.0 1.0 1.0 1.0 0.4843749999999938 0.10937499999999378 0.0 0.0 0.0 0.0 0.0 
