0.8043750000000033 0.9750000000000032 0.9750000000000032 0.9750000000000032 0.9750000000000032 0.9018750000000011 0.26812499999999906 0.0 0.0 0.0 0.0 0.0 0.0 0.26812500000000467 0.9018750000000071 0.9750000000000032 0.9750000000000032 0.9750000000000032 0.9750000000000032 0.8043749999999967 
0.8250000000000006 1.0 1.0 1.0 1.0 0.924999999999998 0.27499999999999813 0.0 0.0 0.0 0.0 0.0 0.5781250000000052 0.9456250000000025 0.9943750000000006 1.0 1.0 1.0 0.5143749999999931 0.06187499999999704 
0.8250000000000006 1.0 1.0 1.0 1.0 0.990625 0.9093750000000018 0.5468750000000002 0.0 0.0 0.0 0.0 0.6250000000000036 1.0 1.0 1.0 1.0 1.0 0.4749999999999943 0.0 
0.8250000000000006 1.0 1.0 1.0 1.0 1.0 1.0 0.6249999999999982 0.0 0.0 0.2681250000000033 0.8043750000000054 0.9343750000000017 1.0 1.0 1.0 1.0 1.0 0.4749999999999943 0.0 
0.8250000000000006 1.0 1.0 1.0 1.0 1.0 1.0 0.6249999999999982 0.0 0.0 0.32500000000000284 0.9750000000000032 1.0 1.0 1.0 1.0 1.0 1.0 0.4749999999999943 0.0 
0.8250000000000006 1.0 1.0 1.0 1.0 1.0 1.0 0.8968750000000003 0.7250000000000023 0.7250000000000023 0.8143750000000023 0.9931250000000009 1.0 1.0 1.0 1.0 1.0 1.0 0.8556249999999996 0.5981249999999976 
0.8250000000000006 1.0 1.0 1.0 1.0 1.0 1.0 1.0 1.0 1.0 1.0 1.0 1.0 1.0 1.0 1.0 1.0 1.0 1.0 0.824999999999994 
0.8250000000000006 1.0 1.0 1.0 0.7343749999999982 0.42187499999999956 0.8281250000000007 1.0 1.0 1.0 1.0 1.0 1.0 0.8281249999999971 0.42187499999999567 0.7343750000000021 1.0 1.0 1.0 0.824999999999994 
0.8250000000000006 1.0 1.0 1.0 0.5749999999999984 0.07500000000000195 0.7250000000000019 1.0 1.0 1.0 1.0 1.0 0.6406249999999967 0.30812499999999693 0.031874999999998044 0.5750000000000046 1.0 1.0 1.0 0.824999999999994 
0.8250000000000006 1.0 1.0 1.0 0.5749999999999984 0.03562500000000077 0.3443749999999993 0.6718749999999996 1.0 1.0 1.0 1.0 0.37499999999999645 0.0 0.0 0.5750000000000046 1.0 1.0 1.0 0.824999999999994 
0.8250000000000006 1.0 1.0 1.0 0.5749999999999984 0.0 0.0 0.1968750000000004 0.5249999999999986 0.5249999999999986 0.5249999999999986 0.5249999999999986 0.1968749999999976 0.0 0.0 0.5750000000000046 1.0 1.0 1.0 0.824999999999994 
0.8250000000000006 1.0 1.0 1.0 0.5749999999999984 0.0 0.0 0.0 0.0 0.0 0.0 0.0 0.0 0.0 0.0 0.5750000000000046 1.0 1.0 1.0 0.824999999999994 
0.8250000000000006 1.0 1.0 1.0 0.5749999999999984 0.0 0.0 0.0 0.0 0.0 0.0 0.0 0.0 0.0 0.0 0.5750000000000046 1.0 1.0 1.0 0.824999999999994 
0.8250000000000006 1.0 1.0 1.0 0.5749999999999984 0.0 0.0 0.0 0.0 0.0 0.0 0.0 0.0 0.0 0.0 0.5750000000000046 1.0 1.0 1.0 0.824999999999994 
0.8250000000000006 1.0 1.0 1.0 0.5749999999999984 0.0 0.0 0.0 0.0 0.0 0.0 0.0 0.0 0.0 0.0 0.5750000000000046 1.0 1.0 1.0 0.824999999999994 
0.8250000000000006 1.0 1.0 1.0 0.5749999999999984 0.0 0.0 0.0 0.0 0.0 0.0 0.0 0.0 0.0 0.0 0.5750000000000046 1.0 1.0 1.0 0.824999999999994 
0.8250000000000006 1.0 1.0 1.0 0.5749999999999984 0.0 0.0 0.0 0.0 0.0 0.0 0.0 0.0 0.0 0.0 0.5750000000000046 1.0 1.0 0.9081249999999986 0.6806249999999945 
0.8250000000000006 1.0 1.0 1.0 0.5749999999999984 0.0 0.0 0.0 0.0 0.0 0.0 0.0 0.0 0.0 0.0 0.5750000000000046 1.0 1.0 0.540624999999995 0.10312499999999925 
0.8250000000000006 1.0 1.0 1.0 0.5749999999999984 0.0 0.0 0.0 0.0 0.0 0.0 0.0 0.0 0.0 0.0 0.5750000000000046 1.0 1.0 0.9606249999999981 0.7631249999999921 
0.8043750000000017 0.9750000000000014 0.9750000000000014 0.9750000000000014 0.5606249999999993 0.0 0.0 0.0 0.0 0.0 0.0 0.0 0.0 0.0 0.0 0.5606250000000054 0.9750000000000014 0.9750000000000014 0.4631249999999951 0.0 
