0.0 0.0 0.0 0.02812500000000029 0.19687499999999603 0.22499999999999432 0.5156249999999992 1.0 1.0 1.0 1.0 1.0 1.0 0.5156249999999951 0.14062499999999606 0.0 0.0 0.0 0.0 0.0 
0.0 0.0 0.2531250000000013 0.7156249999999968 0.9593750000000008 1.0 1.0 1.0 1.0 1.0 1.0 1.0 1.0 1.0 0.8781249999999974 0.5906249999999942 0.08437499999999815 0.0 0.0 0.0 
0.0 0.6250000000000051 1.0 1.0 1.0 1.0 0.9531250000000013 0.8750000000000049 0.8750000000000049 0.3281249999999987 0.0 0.10937500000000372 0.7656250000000059 0.8750000000000049 0.9218750000000033 1.0 1.0 1.0 0.6249999999999982 0.0 
0.5031249999999994 0.8406250000000006 1.0 1.0 1.0 0.6406250000000001 0.26562500000000117 0.0 0.0 0.0 0.0 0.0 0.0 0.0 0.3750000000000018 1.0 1.0 1.0 0.8406249999999976 0.5031249999999953 
0.8750000000000053 1.0 1.0 0.8749999999999956 0.12499999999999556 0.0 0.0 0.0 0.0 0.0 0.0 0.0 0.0 0.0 0.0 0.12500000000000178 0.8750000000000018 1.0 1.0 0.8749999999999982 
0.8750000000000053 1.0 1.0 0.8749999999999956 0.12499999999999556 0.0 0.0 0.0 0.0 0.0 0.0 0.0 0.0 0.0 0.0 0.12500000000000178 0.8750000000000018 1.0 1.0 0.8749999999999982 
0.8750000000000053 1.0 1.0 0.8749999999999956 0.12499999999999556 0.0 0.0 0.0 0.0 0.0 0.0 0.0 0.0 0.0 0.0 0.12500000000000178 0.8750000000000018 1.0 1.0 0.8749999999999982 
0.8750000000000053 1.0 1.0 0.8749999999999956 0.12499999999999556 0.0 0.0 0.0 0.0 0.0 0.0 0.0 0.0 0.0 0.0 0.12500000000000178 0.8750000000000018 1.0 1.0 0.8749999999999982 
0.15312500000000312 0.6906250000000052 1.0 0.9781249999999989 0.846874999999997 0.3093749999999954 0.0 0.0 0.0 0.0 0.0 0.0 0.0 0.0 0.3093750000000005 0.8468749999999982 0.978125 1.0 1.0 0.8749999999999982 
0.0 0.4531250000000046 0.8281250000000022 1.0 1.0 1.0 0.7281249999999969 0.2749999999999986 0.2749999999999986 0.2749999999999986 0.2749999999999986 0.2749999999999986 0.2749999999999986 0.2749999999999986 0.5468750000000004 1.0 1.0 1.0 1.0 0.8749999999999982 
0.0 0.0 0.10312500000000215 0.3656250000000051 0.9093750000000035 1.0 1.0 1.0 1.0 1.0 1.0 1.0 1.0 1.0 1.0 1.0 1.0 1.0 1.0 0.8749999999999982 
0.0 0.0 0.0 0.0 0.0 0.0 0.0 0.10312500000000328 0.7218750000000054 0.3093749999999981 0.0 0.0 0.0 0.0 0.0 0.12500000000000178 0.8750000000000018 1.0 1.0 0.8749999999999982 
0.0 0.0 0.0 0.0 0.0 0.0 0.0 0.0 0.0 0.0 0.0 0.0 0.0 0.0 0.0 0.12500000000000178 0.8750000000000018 1.0 1.0 0.8749999999999982 
0.0 0.0 0.0 0.0 0.0 0.0 0.0 0.0 0.0 0.0 0.0 0.0 0.0 0.0 0.0 0.12500000000000178 0.8750000000000018 1.0 1.0 0.8749999999999982 
0.0 0.3281250000000018 0.5249999999999986 0.4593749999999964 0.06562499999999749 0.0 0.0 0.0 0.0 0.0 0.0 0.0 0.0 0.0 0.0 0.12500000000000178 0.8750000000000018 1.0 1.0 0.8749999999999982 
0.8531250000000065 0.9906250000000006 1.0 0.8749999999999956 0.12499999999999556 0.0 0.0 0.0 0.0 0.0 0.0 0.0 0.0 0.0 0.0 0.12500000000000178 0.8750000000000018 1.0 1.0 0.8749999999999982 
0.0 0.6250000000000051 1.0 1.0 1.0 0.37499999999999556 0.0 0.0 0.0 0.0 0.0 0.0 0.0 0.0 0.15937500000000102 0.4968750000000016 0.9281250000000011 1.0 0.840624999999999 0.5031249999999984 
0.0 0.07812500000000064 0.4531250000000043 1.0 1.0 0.9218749999999994 0.5468749999999969 0.0 0.0 0.0 0.0 0.0 0.0 0.5468750000000016 0.9218750000000002 1.0 1.0 1.0 0.6249999999999982 0.0 
0.0 0.0 0.2531250000000022 0.6749999999999972 0.6749999999999972 0.8781250000000004 1.0 1.0 1.0 1.0 1.0 1.0 1.0 1.0 0.8781249999999984 0.6749999999999972 0.6749999999999972 0.2531249999999977 0.0 0.0 
0.0 0.0 0.0 0.0 0.0 0.14062499999999967 0.22499999999999787 0.3218750000000009 0.9031250000000025 1.0 1.0 0.903124999999997 0.32187499999999675 0.22499999999999787 0.14062499999999828 0.0 0.0 0.0 0.0 0.0 
