0.0 0.0 0.0 0.0 0.0 0.0 0.0 0.0 0.0 0.0 0.0 0.0 0.0 0.11375000000000376 0.6287500000000069 1.0 1.0 1.0 1.0 0.9499999999999886 
0.0 0.0 0.0 0.0 0.0 0.0 0.0 0.0 0.0 0.0 0.0 0.0 0.0 0.6500000000000057 1.0 1.0 1.0 1.0 1.0 0.9499999999999886 
0.0 0.0 0.0 0.0 0.0 0.0 0.0 0.0 0.0 0.0 0.0 0.0 0.6562500000000073 0.9562500000000019 1.0 1.0 1.0 1.0 1.0 0.9499999999999886 
0.0 0.0 0.0 0.0 0.0 0.0 0.0 0.0 0.0 0.011250000000001118 0.21375000000000408 0.8837500000000044 1.0 1.0 1.0 1.0 1.0 1.0 1.0 0.9499999999999886 
0.0 0.0 0.0 0.0 0.0 0.0 0.0 0.0 0.0 0.05000000000000426 0.9500000000000046 1.0 1.0 1.0 1.0 1.0 1.0 1.0 1.0 0.9499999999999886 
0.0 0.0 0.0 0.0 0.0 0.0 0.0 0.0 0.13875000000000398 0.9287500000000026 0.9962500000000005 1.0 1.0 1.0 1.0 1.0 1.0 1.0 1.0 0.9499999999999886 
0.0 0.0 0.0 0.0 0.0 0.0 0.0 0.0687500000000015 0.38375000000000464 1.0 1.0 1.0 1.0 0.821249999999997 0.32624999999999466 0.4500000000000064 1.0 1.0 0.9587499999999981 0.6887499999999898 
0.0 0.0 0.0 0.0 0.0 0.0 0.2187500000000026 0.7187500000000027 1.0 1.0 1.0 1.0 0.5312499999999953 0.13124999999999726 0.0 0.4500000000000064 1.0 1.0 0.8499999999999943 0.0 
0.0 0.0 0.0 0.0 0.0 0.0 0.3500000000000032 1.0 1.0 1.0 1.0 1.0 0.24999999999999467 0.0 0.5362500000000067 0.986250000000001 1.0 1.0 0.8499999999999943 0.0 
0.0 0.0 0.0 0.0 0.0 0.45000000000000284 1.0 1.0 1.0 0.9837499999999986 0.6912499999999975 0.10124999999999648 0.0 0.0 0.550000000000006 1.0 1.0 1.0 0.8499999999999943 0.0 
0.0 0.0 0.0 0.0 0.3712500000000021 0.8212500000000014 1.0 1.0 1.0 0.9499999999999957 0.04999999999999538 0.0 0.0 0.0 0.550000000000006 1.0 1.0 1.0 0.8499999999999943 0.0 
0.0 0.0 0.0 0.6500000000000021 1.0 1.0 1.0 1.0 0.8499999999999961 0.0 0.0 0.0 0.0 0.0 0.550000000000006 1.0 1.0 1.0 0.8499999999999943 0.0 
0.0 0.0 0.28125000000000067 0.7812500000000013 1.0 1.0 1.0 0.9062499999999987 0.5312499999999976 0.0 0.0 0.0 0.0 0.0 0.550000000000006 1.0 1.0 1.0 0.8499999999999943 0.0 
0.0 0.6162500000000022 0.9312500000000008 1.0 1.0 1.0 0.7462499999999972 0.20624999999999796 0.0 0.0 0.0 0.0 0.0 0.0 0.550000000000006 1.0 1.0 1.0 0.9587499999999987 0.6887499999999931 
0.0 0.8500000000000014 1.0 1.0 1.0 1.0 1.0 1.0 1.0 1.0 1.0 1.0 1.0 1.0 1.0 1.0 1.0 1.0 1.0 0.9499999999999886 
0.0 0.8500000000000014 1.0 1.0 1.0 1.0 1.0 1.0 1.0 1.0 1.0 1.0 1.0 1.0 1.0 1.0 1.0 1.0 1.0 0.9499999999999886 
0.7362499999999995 0.96625 1.0 1.0 0.5737499999999989 0.573750000000003 1.0 1.0 1.0 1.0 1.0 1.0 1.0 1.0 1.0 1.0 1.0 1.0 1.0 0.9499999999999886 
0.0 0.0 0.0 0.0 0.0 0.0 0.0 0.0 0.0 0.0 0.0 0.0 0.0 0.0 0.550000000000006 1.0 1.0 1.0 0.868749999999995 0.11874999999999858 
0.0 0.0 0.0 0.0 0.0 0.0 0.0 0.0 0.0 0.0 0.0 0.0 0.0 0.3087500000000013 0.7637500000000021 1.0 1.0 1.0 0.9287499999999976 0.49874999999999603 
0.0 0.0 0.0 0.0 0.0 0.0 0.0 0.0 0.0 0.0 0.0 0.0 0.0 0.11375000000000376 0.6287500000000069 1.0 1.0 1.0 0.8499999999999943 0.0 
