0.9000000000000021 1.0 1.0 1.0 1.0 1.0 1.0 1.0 1.0 1.0 1.0 1.0 1.0 1.0 1.0 1.0 1.0 1.0 0.6999999999999975 0.0 
0.4275000000000001 0.8425000000000009 1.0 1.0 1.0 1.0 1.0 1.0 1.0 1.0 1.0 1.0 1.0 1.0 1.0 1.0 1.0 1.0 0.6999999999999975 0.0 
0.0 0.08749999999999934 0.12499999999999867 0.12499999999999867 0.12499999999999867 0.12499999999999867 0.12499999999999867 0.12499999999999867 0.12499999999999867 0.12499999999999867 0.12499999999999867 0.12499999999999867 0.12499999999999867 0.38750000000000123 1.0 1.0 1.0 0.5624999999999962 0.08749999999999876 0.0 
0.0 0.0 0.0 0.0 0.0 0.0 0.0 0.0 0.0 0.0 0.0 0.0 0.11250000000000152 0.4575000000000029 1.0 1.0 0.8424999999999984 0.3874999999999965 0.0 0.0 
0.0 0.0 0.0 0.0 0.0 0.0 0.0 0.0 0.0 0.0 0.0 0.0 0.5000000000000036 1.0 1.0 1.0 0.29999999999999716 0.0 0.0 0.0 
0.0 0.0 0.0 0.0 0.0 0.0 0.0 0.0 0.0 0.0 0.0 0.6475000000000044 0.9625000000000015 1.0 0.9074999999999968 0.1674999999999958 0.02249999999999904 0.0 0.0 0.0 
0.0 0.0 0.0 0.0 0.0 0.0 0.0 0.0 0.0 0.027500000000000847 0.2475000000000025 0.7825000000000027 1.0 0.9174999999999986 0.6524999999999958 0.07249999999999825 0.0 0.0 0.0 0.0 
0.0 0.0 0.0 0.0 0.0 0.0 0.0 0.0 0.0 0.10000000000000231 0.9000000000000021 1.0 1.0 0.6999999999999975 0.0 0.0 0.0 0.0 0.0 0.0 
0.0 0.0 0.0 0.0 0.0 0.0 0.0 0.0 0.29250000000000337 0.9775000000000029 0.9975000000000004 1.0 0.512499999999995 0.017499999999997698 0.0 0.0 0.0 0.0 0.0 0.0 
0.0 0.0 0.0 0.0 0.0 0.0 0.0 0.16250000000000228 0.5275000000000036 1.0 1.0 0.7724999999999971 0.3374999999999962 0.0 0.0 0.0 0.0 0.0 0.0 0.0 
0.0 0.0 0.0 0.0 0.0 0.0 0.0 0.5000000000000027 1.0 1.0 1.0 0.29999999999999716 0.0 0.0 0.0 0.0 0.0 0.0 0.0 0.0 
0.0 0.0 0.0 0.0 0.0 0.0 0.7000000000000028 1.0 1.0 0.8999999999999977 0.09999999999999787 0.0 0.0 0.0 0.0 0.0 0.0 0.0 0.0 0.0 
0.0 0.0 0.0 0.0 0.03750000000000122 0.337500000000004 0.8125000000000029 1.0 1.0 0.8999999999999977 0.09999999999999787 0.0 0.0 0.0 0.0 0.0 0.0 0.0 0.0 0.0 
0.0 0.0 0.0 0.0 0.10000000000000231 0.9000000000000021 1.0 1.0 0.7824999999999968 0.2474999999999949 0.027499999999998918 0.0 0.0 0.0 0.0 0.0 0.0 0.0 0.0 0.0 
0.0 0.0 0.0 0.3000000000000025 1.0 1.0 1.0 0.49999999999999734 0.0 0.0 0.0 0.0 0.0 0.0 0.0 0.0 0.0 0.0 0.0 0.0 
0.0 0.0 0.21250000000000308 0.5975000000000044 1.0 1.0 0.7024999999999958 0.2874999999999963 0.0 0.0 0.0 0.0 0.0 0.0 0.0 0.0 0.0 0.0 0.0 0.0 
0.0 0.0 0.5000000000000022 1.0 1.0 1.0 0.29999999999999716 0.0 0.0 0.0 0.0 0.0 0.0 0.0 0.0 0.0 0.0 0.0 0.0 0.0 
0.0 0.7000000000000022 1.0 1.0 1.0 1.0 0.29999999999999716 0.0 0.0 0.0 0.0 0.0 0.0 0.0 0.0 0.0 0.0 0.0 0.0 0.0 
0.4275000000000055 0.8425000000000027 1.0 1.0 1.0 1.0 0.632500000000002 0.475000000000005 0.475000000000005 0.475000000000005 0.475000000000005 0.475000000000005 0.475000000000005 0.475000000000005 0.475000000000005 0.475000000000005 0.475000000000005 0.475000000000005 0.3325000000000023 0.0 
0.9000000000000021 1.0 1.0 1.0 1.0 1.0 1.0 1.0 1.0 1.0 1.0 1.0 1.0 1.0 1.0 1.0 1.0 1.0 0.9475000000000015 0.7425000000000032 
