0.0 0.0 0.0 0.0 0.0 0.12500000000000408 0.2000000000000064 0.3000000000000063 0.9000000000000015 1.0 1.0 0.8999999999999994 0.30000000000000415 0.2000000000000064 0.2000000000000064 0.17500000000000523 0.025000000000000445 0.0 0.0 0.0 
0.0 0.0 0.22500000000000242 0.6000000000000061 0.6000000000000061 0.8500000000000024 1.0 1.0 1.0 1.0 1.0 1.0 1.0 1.0 1.0 0.9500000000000001 0.6500000000000046 0.22500000000000123 0.0 0.0 
0.0 3.6082248300317595e-15 0.37500000000000383 1.0 1.0 0.9999999999999963 0.6249999999999956 0.0 0.0 0.0 0.0 0.0 0.0 0.6249999999999981 0.9999999999999964 1.0 1.0 1.0 0.6249999999999982 0.0 
0.350000000000005 0.7750000000000021 1.0 1.0 1.0 0.37499999999999956 0.0 0.0 0.0 0.0 0.0 0.0 0.0 0.0 0.22499999999999892 0.6499999999999957 0.95 1.0 0.6249999999999982 0.0 
0.875 1.0 1.0 0.899999999999999 0.29999999999999516 0.07499999999999798 0.0 0.0 0.0 0.0 0.0 0.0 0.0 0.0 0.0 0.12500000000000178 0.8750000000000018 1.0 0.9250000000000016 0.7000000000000031 
0.0 0.0 0.0 0.0 0.0 0.0 0.0 0.0 0.0 0.0 0.0 0.0 0.0 0.0 0.0 0.12500000000000178 0.8750000000000018 1.0 1.0 0.8749999999999982 
0.0 0.0 0.0 0.0 0.0 0.0 0.0 0.0 0.0 0.0 0.0 0.0 0.0 0.0 0.22500000000000292 0.650000000000005 0.9500000000000013 1.0 0.774999999999997 0.3499999999999949 
0.0 0.0 0.0 0.0 0.0 0.0 0.0 0.0 0.0 0.0 0.0 0.0 0.0 0.6250000000000018 1.0 1.0 1.0 0.9999999999999978 0.624999999999996 0.0 
0.0 0.0 0.0 0.0 0.0 0.0 0.0 0.0 0.0 0.0 0.0 0.050000000000001196 0.35000000000000414 0.7750000000000026 1.0 1.0 1.0 0.3749999999999982 0.0 0.0 
0.0 0.0 0.0 0.0 0.0 0.0 0.0 0.0 0.0 0.0 0.3000000000000023 0.8250000000000041 0.9750000000000009 1.0 1.0 0.899999999999998 0.2999999999999948 0.07499999999999804 0.0 0.0 
0.0 0.0 0.0 0.0 0.0 0.0 0.0 0.0 0.0 0.12500000000000194 0.5000000000000024 1.0 1.0 0.8749999999999979 0.4999999999999968 0.0 0.0 0.0 0.0 0.0 
0.0 0.0 0.0 0.0 0.0 0.0 0.0 0.07500000000000093 0.5250000000000034 0.8500000000000015 1.0 1.0 1.0 0.3749999999999982 0.0 0.0 0.0 0.0 0.0 0.0 
0.0 0.0 0.0 0.0 0.0 0.0 1.332267629550191e-15 0.125000000000004 0.8750000000000013 1.0 0.9999999999999987 0.8749999999999951 0.12499999999999778 0.0 0.0 0.0 0.0 0.0 0.0 0.0 
0.0 0.0 0.0 0.0 0.0 0.2500000000000015 0.6250000000000019 1.0 1.0 1.0 0.6249999999999991 0.0 0.0 0.0 0.0 0.0 0.0 0.0 0.0 0.0 
0.0 0.0 0.0 0.0 0.0 0.6250000000000004 1.0 1.0 1.0 0.49999999999999883 0.12499999999999938 0.0 0.0 0.0 0.0 0.0 0.0 0.0 0.0 0.0 
0.0 0.0 0.07500000000000111 0.3000000000000028 0.9000000000000007 1.0 1.0 0.8749999999999991 0.12499999999999911 0.0 0.0 0.0 0.0 0.0 0.0 0.0 0.0 0.0 0.0 0.0 
0.0 0.0 0.3750000000000002 1.0 1.0 1.0 0.7749999999999989 0.3499999999999984 0.04999999999999947 0.0 0.0 0.0 0.0 0.0 0.0 0.0 0.0 0.0 0.0 0.0 
0.0 0.6250000000000001 1.0 1.0 1.0 0.37499999999999956 0.0 0.0 0.0 0.0 0.0 0.0 0.0 0.0 0.0 0.0 0.0 0.0 0.0 0.0 
0.875 1.0 1.0 1.0 1.0 0.6250000000000011 0.40000000000000213 0.40000000000000213 0.40000000000000213 0.40000000000000213 0.40000000000000213 0.40000000000000213 0.40000000000000213 0.40000000000000213 0.40000000000000213 0.40000000000000213 0.40000000000000213 0.40000000000000213 0.40000000000000213 0.35000000000000114 
0.875 1.0 1.0 1.0 1.0 1.0 1.0 1.0 1.0 1.0 1.0 1.0 1.0 1.0 1.0 1.0 1.0 1.0 1.0 0.8749999999999982 
