0.0 0.0 0.015625000000000472 0.09687500000000511 0.1250000000000071 0.1250000000000071 0.1250000000000071 0.45312500000000133 1.0 1.0 1.0 1.0 0.4531250000000068 0.1250000000000071 0.1250000000000071 0.05312500000000355 0.0 0.0 0.0 0.0 
0.0 0.178125000000002 0.45312500000000394 0.8593749999999996 1.0 1.0 1.0 1.0 1.0 1.0 1.0 1.0 1.0 1.0 1.0 0.6406250000000067 0.29062500000000613 0.04687500000000219 0.0 0.0 
0.0 0.47499999999999665 1.0 1.0 1.0 1.0 1.0 0.7656249999999998 0.37499999999999334 0.37499999999999334 0.37499999999999334 0.37499999999999334 0.7656249999999958 1.0 1.0 1.0 0.9156250000000024 0.6718750000000071 0.29687500000000405 0.0 
0.7218750000000022 0.9343750000000028 1.0 1.0 0.6281250000000003 0.12499999999999378 0.12499999999999378 0.07812499999999656 0.0 0.0 0.0 0.0 0.07812499999999578 0.36562499999999426 0.9343749999999971 1.0 1.0 1.0 0.4750000000000014 0.0 
0.8249999999999966 1.0 1.0 1.0 0.5750000000000033 0.0 0.0 0.0 0.0 0.0 0.0 0.0 0.0 0.0 0.0 0.5749999999999957 1.0 1.0 0.5406250000000046 0.10312500000000549 
0.5156249999999928 0.6249999999999938 0.6249999999999938 0.6249999999999938 0.3593749999999985 0.0 0.0 0.0 0.0 0.0 0.0 0.0 0.0 0.0 0.0 0.5749999999999957 1.0 1.0 0.8031249999999972 0.5156249999999967 
0.0 0.0 0.0 0.0 0.0 0.0 0.0 0.0 0.0 0.0 0.0 0.0 0.0 0.0 0.0 0.5749999999999957 1.0 1.0 0.4750000000000014 0.0 
0.0 0.0 0.0 0.0 0.0 0.0 0.0 0.0 0.0 0.0 0.0 0.0 0.0 0.24062500000000023 0.8093750000000024 0.9468750000000017 1.0 1.0 0.4750000000000014 0.0 
0.0 0.0 0.0 0.0 0.0 0.0 0.0 0.046875000000001554 0.12500000000000533 0.12500000000000533 0.12500000000000533 0.12500000000000533 0.6718749999999997 1.0 1.0 0.9281249999999974 0.8749999999999947 0.8749999999999947 0.4156249999999987 0.0 
0.0 0.0 0.0 0.0 0.0 0.0 0.0 0.37499999999999645 1.0 1.0 1.0 1.0 1.0 1.0 1.0 0.42500000000000426 0.0 0.0 0.0 0.0 
0.0 0.0 0.0 0.0 0.0 0.0 0.0 0.14062499999999667 0.37499999999999467 0.37499999999999467 0.37499999999999467 0.37499999999999467 0.7656249999999963 1.0 1.0 0.7843750000000047 0.48437500000000544 0.07812500000000289 0.0 0.0 
0.0 0.0 0.0 0.0 0.0 0.0 0.0 0.0 0.0 0.0 0.0 0.0 0.07812499999999634 0.36562499999999487 0.9343749999999971 1.0 0.9718750000000015 0.8906250000000051 0.4156250000000038 0.0 
0.0 0.0 0.0 0.0 0.0 0.0 0.0 0.0 0.0 0.0 0.0 0.0 0.0 0.0 0.0 0.5749999999999957 1.0 1.0 1.0 0.8250000000000028 
0.0 0.0 0.0 0.0 0.0 0.0 0.0 0.0 0.0 0.0 0.0 0.0 0.0 0.0 0.0 0.5749999999999957 1.0 1.0 1.0 0.8250000000000028 
0.5156250000000008 0.6250000000000036 0.5468750000000052 0.1406250000000028 0.0 0.0 0.0 0.0 0.0 0.0 0.0 0.0 0.0 0.0 0.0 0.5749999999999957 1.0 1.0 1.0 0.8250000000000028 
0.8249999999999966 1.0 0.9843750000000009 0.9031250000000032 0.5031250000000049 0.0 0.0 0.0 0.0 0.0 0.0 0.0 0.0 0.0 0.0 0.5749999999999957 1.0 1.0 1.0 0.8250000000000028 
0.7218749999999942 0.9343749999999977 1.0 1.0 0.6281250000000044 0.11562500000000371 0.034375000000001356 0.0 0.0 0.0 0.0 0.0 0.0 0.0343750000000008 0.11562500000000293 0.6281249999999978 1.0 1.0 0.4750000000000014 0.0 
0.0 0.47499999999999665 1.0 1.0 1.0 0.9531250000000023 0.5468750000000044 0.23437500000000355 0.0 0.0 0.12187499999999989 0.3656250000000023 0.37500000000000355 0.5468750000000017 0.9531249999999984 1.0 0.915625 0.6718749999999982 0.2968749999999992 0.0 
0.0 0.17812499999999706 0.4531249999999948 0.8593749999999972 1.0 1.0 1.0 0.8593750000000027 0.6250000000000036 0.6250000000000036 0.7468750000000012 0.990624999999999 1.0 1.0 1.0 0.6406250000000007 0.290624999999998 0.04687500000000089 0.0 0.0 
0.0 0.0 0.01562499999999914 0.09687499999999685 0.12499999999999645 0.19062499999999377 0.7593749999999964 1.0 1.0 1.0 1.0 1.0 1.0 0.7593750000000002 0.1906249999999992 0.05312499999999902 0.0 0.0 0.0 0.0 
