0.040000000000000695 0.05000000000000071 0.05000000000000071 0.05000000000000071 0.05000000000000071 0.05000000000000071 0.030000000000000276 3.552713678800501e-15 0.6000000000000032 0.8099999999999974 0.23999999999999735 0.05000000000000071 0.05000000000000071 0.05000000000000071 0.05000000000000071 0.05000000000000071 0.03000000000000023 0.0 0.0 0.0 
0.8000000000000025 1.0 1.0 1.0 1.0 1.0 0.6599999999999978 0.15000000000000405 0.6600000000000031 1.0 1.0 1.0 1.0 1.0 1.0 1.0 0.659999999999997 0.1500000000000005 0.05999999999999993 0.0 
0.8000000000000025 1.0 1.0 1.0 1.0 1.0 1.0 1.0 1.0 1.0 1.0 1.0 1.0 1.0 1.0 1.0 0.8999999999999985 0.749999999999996 0.29999999999999705 0.0 
0.8000000000000025 1.0 1.0 1.0 1.0 1.0 1.0 1.0 1.0 1.0 1.0 1.0 1.0 1.0 1.0 1.0 0.5999999999999961 0.0 0.0 0.0 
0.8000000000000025 1.0 1.0 1.0 0.9099999999999984 0.6399999999999971 0.549999999999998 0.549999999999998 0.549999999999998 0.549999999999998 0.549999999999998 0.549999999999998 0.549999999999998 0.549999999999998 0.549999999999998 0.549999999999998 0.3299999999999967 0.0 0.0 0.0 
0.8000000000000025 1.0 1.0 1.0 0.7999999999999972 0.19999999999999707 0.0 0.0 0.0 0.0 0.0 0.0 0.0 0.0 0.0 0.0 0.0 0.0 0.0 0.0 
0.8000000000000025 1.0 1.0 1.0 0.7999999999999972 0.19999999999999707 0.0 0.0 0.0 0.0 0.0 0.0 0.0 0.0 0.0 0.0 0.0 0.0 0.0 0.0 
0.8000000000000025 1.0 1.0 1.0 0.7999999999999972 0.19999999999999707 0.0 0.0 0.0 0.0 0.0 0.0 0.0 0.0 0.0 0.0 0.0 0.0 0.0 0.0 
0.8000000000000025 1.0 1.0 1.0 0.9700000000000002 0.8800000000000021 0.8500000000000032 0.8500000000000032 0.8500000000000032 0.8500000000000032 0.8500000000000032 0.8500000000000032 0.8500000000000002 0.3399999999999986 0.0 0.0 0.0 0.0 0.0 0.0 
0.8000000000000025 1.0 1.0 1.0 1.0 1.0 1.0 1.0 1.0 1.0 1.0 1.0 0.9999999999999998 0.9700000000000015 0.9500000000000028 0.9500000000000028 0.569999999999998 0.0 0.0 0.0 
0.8000000000000025 1.0 1.0 1.0 1.0 1.0 0.9799999999999981 0.9499999999999957 0.9499999999999957 0.9499999999999957 0.9499999999999957 0.9699999999999976 1.0 1.0 1.0 1.0 1.0 0.9999999999999964 0.3999999999999968 0.0 
0.8000000000000025 1.0 1.0 1.0 0.9699999999999988 0.8799999999999965 0.5099999999999951 0.0 0.0 0.0 0.0 0.34000000000000175 0.8499999999999966 0.939999999999999 1.0 1.0 1.0 0.9999999999999964 0.3999999999999968 0.0 
0.599999999999999 0.7499999999999964 0.7499999999999964 0.7499999999999964 0.599999999999995 0.14999999999999708 0.0 0.0 0.0 0.0 0.0 0.0 2.664535259100363e-15 0.4500000000000003 0.7999999999999983 0.9500000000000004 1.0 0.9999999999999964 0.3999999999999968 0.0 
0.0 0.0 0.0 0.0 0.0 0.0 0.0 0.0 0.0 0.0 0.0 0.0 0.0 0.0 0.20000000000000462 0.8000000000000043 1.0 0.9999999999999977 0.610000000000001 0.28000000000000236 
0.0 0.0 0.0 0.0 0.0 0.0 0.0 0.0 0.0 0.0 0.0 0.0 0.0 0.0 0.20000000000000462 0.8000000000000043 1.0 1.0 1.0 0.7999999999999954 
0.0 0.2200000000000031 0.5500000000000043 0.5500000000000043 0.44000000000000183 0.10999999999999924 0.0 0.0 0.0 0.0 0.0 0.0 0.0 0.0 0.20000000000000462 0.8000000000000043 1.0 0.999999999999998 0.6699999999999957 0.3599999999999945 
0.0 0.4000000000000026 1.0 1.0 0.9300000000000002 0.7200000000000035 0.39000000000000146 0.0 0.0 0.0 0.0 0.0 2.3092638912203458e-15 0.3900000000000055 0.7200000000000062 0.9300000000000026 1.0 0.9999999999999964 0.3999999999999968 0.0 
0.0 0.4000000000000026 1.0 1.0 1.0 1.0 0.9000000000000021 0.7500000000000071 0.7500000000000071 0.7500000000000071 0.7500000000000071 0.7500000000000071 0.750000000000008 0.9000000000000037 1.0 1.0 1.0 0.9999999999999964 0.3999999999999968 0.0 
0.0 0.059999999999998395 0.1499999999999973 0.6600000000000004 1.0 1.0 1.0 1.0 1.0 1.0 1.0 1.0 1.0 1.0 1.0 1.0 0.6599999999999947 0.1499999999999945 0.05999999999999753 0.0 
0.0 0.0 1.3322676295500175e-16 0.0299999999999963 0.049999999999993605 0.049999999999993605 0.42999999999999905 1.0 1.0 1.0 1.0 1.0 0.9999999999999967 0.4299999999999931 0.049999999999993605 0.049999999999993605 0.029999999999995967 0.0 0.0 0.0 
