0.8500000000000005 1.0 1.0 1.0 1.0 1.0 1.0 1.0 1.0 1.0 1.0 1.0 1.0 1.0 0.3662500000000028 0.02500000000000213 0.023750000000002096 0.006250000000000621 0.0 0.0 
0.8500000000000005 1.0 1.0 1.0 1.0 1.0 1.0 1.0 1.0 1.0 1.0 1.0 1.0 1.0 1.0 1.0 0.9537500000000028 0.3062500000000049 0.041250000000001515 0.0 
0.8500000000000005 1.0 1.0 1.0 0.9187499999999986 0.8749999999999978 0.8749999999999978 0.8749999999999978 0.8749999999999978 0.8749999999999978 0.8749999999999978 0.8749999999999978 0.8749999999999978 0.8749999999999978 0.956249999999999 1.0 1.0 1.0 0.6062500000000047 0.10625000000000251 
0.8500000000000005 1.0 1.0 1.0 0.35000000000000053 0.0 0.0 0.0 0.0 0.0 0.0 0.0 0.0 0.0 0.5362499999999972 0.886249999999998 1.0 1.0 1.0 0.850000000000005 
0.8500000000000005 1.0 1.0 1.0 0.35000000000000053 0.0 0.0 0.0 0.0 0.0 0.0 0.0 0.0 0.0 0.0 0.27124999999999755 0.7862499999999971 0.9437499999999986 1.0 0.850000000000005 
0.8500000000000005 1.0 1.0 1.0 0.35000000000000053 0.0 0.0 0.0 0.0 0.0 0.0 0.0 0.0 0.0 0.0 0.0 0.04999999999999716 0.7499999999999964 1.0 0.850000000000005 
0.8500000000000005 1.0 1.0 1.0 0.35000000000000053 0.0 0.0 0.0 0.0 0.0 0.0 0.0 0.0 0.0 0.0 0.0 0.04999999999999716 0.7499999999999964 1.0 0.850000000000005 
0.8500000000000005 1.0 1.0 1.0 0.35000000000000053 0.0 0.0 0.0 0.0 0.0 0.0 0.0 0.0 0.0 0.0 0.13125000000000014 0.4062500000000008 0.8437499999999984 1.0 0.850000000000005 
0.8500000000000005 1.0 1.0 1.0 0.626250000000002 0.4250000000000025 0.4250000000000025 0.4250000000000025 0.4250000000000025 0.4250000000000025 0.4250000000000025 0.4250000000000025 0.4250000000000025 0.4250000000000025 0.4250000000000025 0.6262500000000004 1.0 1.0 0.8087500000000007 0.48875000000000074 
0.8500000000000005 1.0 1.0 1.0 1.0 1.0 1.0 1.0 1.0 1.0 1.0 1.0 1.0 1.0 1.0 1.0 1.0 1.0 0.5500000000000043 0.0 
0.8500000000000005 1.0 1.0 1.0 1.0 1.0 1.0 1.0 1.0 1.0 1.0 1.0 1.0 1.0 1.0 1.0 1.0 1.0 0.5500000000000043 0.0 
0.8500000000000005 1.0 1.0 1.0 0.6262499999999984 0.42499999999999716 0.42499999999999716 0.42499999999999716 0.42499999999999716 0.42499999999999716 0.42499999999999716 0.42499999999999716 0.42499999999999716 0.42499999999999716 0.7987499999999982 1.0 1.0 1.0 0.8087500000000031 0.4887500000000053 
0.8500000000000005 1.0 1.0 1.0 0.35000000000000053 0.0 0.0 0.0 0.0 0.0 0.0 0.0 0.0 0.0 0.24374999999999716 0.5937499999999963 1.0 1.0 1.0 0.850000000000005 
0.8500000000000005 1.0 1.0 1.0 0.35000000000000053 0.0 0.0 0.0 0.0 0.0 0.0 0.0 0.0 0.0 0.0 0.11374999999999844 0.35874999999999574 0.8312499999999969 1.0 0.850000000000005 
0.8500000000000005 1.0 1.0 1.0 0.35000000000000053 0.0 0.0 0.0 0.0 0.0 0.0 0.0 0.0 0.0 0.0 0.0 0.04999999999999716 0.7499999999999964 1.0 0.850000000000005 
0.8500000000000005 1.0 1.0 1.0 0.35000000000000053 0.0 0.0 0.0 0.0 0.0 0.0 0.0 0.0 0.0 0.0 0.2712499999999991 0.7862500000000013 0.9437499999999998 1.0 0.850000000000005 
0.8500000000000005 1.0 1.0 1.0 0.35000000000000053 0.0 0.0 0.0 0.0 0.0 0.0 0.0 0.0 0.0 0.5362500000000007 0.8862500000000014 1.0 1.0 1.0 0.850000000000005 
0.8500000000000005 1.0 1.0 1.0 0.9187500000000024 0.8750000000000036 0.8750000000000036 0.8750000000000036 0.8750000000000036 0.8750000000000036 0.8750000000000036 0.8750000000000036 0.8750000000000036 0.8750000000000036 0.956250000000001 1.0 1.0 1.0 0.6062500000000022 0.1062499999999976 
0.8500000000000005 1.0 1.0 1.0 1.0 1.0 1.0 1.0 1.0 1.0 1.0 1.0 1.0 1.0 1.0 1.0 0.9537500000000024 0.3062500000000001 0.041249999999997976 0.0 
0.8500000000000005 1.0 1.0 1.0 1.0 1.0 1.0 1.0 1.0 1.0 1.0 1.0 1.0 1.0 1.0 0.6587500000000016 0.02374999999999872 0.006249999999999733 0.0 0.0 
