0.0 0.0 0.3750000000000009 1.0 1.0 1.0 1.0 1.0 1.0 1.0 1.0 1.0 1.0 1.0 1.0 1.0 1.0 1.0 1.0 0.8749999999999911 
0.0 0.0 0.20625000000000093 0.5500000000000012 0.5500000000000012 0.5500000000000012 0.5500000000000012 0.5500000000000012 0.5500000000000012 0.5500000000000012 0.5500000000000012 0.5500000000000012 0.5500000000000012 0.5500000000000012 0.7187500000000039 1.0 1.0 1.0 1.0 0.8749999999999911 
0.0 0.0 0.0 0.0 0.0 0.0 0.0 0.0 0.0 0.0 0.0 0.0 0.0 0.0 0.09375000000000211 0.3437500000000061 0.9062500000000054 1.0 1.0 0.8749999999999911 
0.0 0.0 0.0 0.0 0.0 0.0 0.0 0.0 0.0 0.0 0.0 0.0 0.0 0.0 0.018749999999999954 0.1687500000000058 0.8812500000000066 0.9687500000000003 0.5937499999999939 0.0 
0.0 0.0 0.0 0.0 0.0 0.0 0.0 0.0 0.0 0.0 0.0 0.0 0.0 0.21875000000000164 0.5937500000000044 1.0 1.0 0.3749999999999929 0.0 0.0 
0.0 0.0 0.0 0.0 0.0 0.0 0.0 0.0 0.0 0.0 0.0 0.0 0.0 0.6250000000000053 1.0 0.9187499999999953 0.4312499999999951 0.13124999999999737 0.0 0.0 
0.0 0.0 0.0 0.0 0.0 0.0 0.0 0.0 0.0 0.0 0.0 0.11875000000000509 0.8312500000000053 0.9812500000000003 1.0 0.8749999999999929 0.1249999999999929 0.0 0.0 0.0 
0.0 0.0 0.0 0.0 0.0 0.0 0.0 0.0 0.0 0.0 0.09375000000000111 0.343750000000004 0.906250000000004 1.0 0.6249999999999929 0.0 0.0 0.0 0.0 0.0 
0.0 0.0 0.0 0.0 0.0 0.0 0.0 0.0 0.0 0.3437500000000024 0.7187500000000024 1.0 1.0 0.6562499999999967 0.28124999999999634 0.0 0.0 0.0 0.0 0.0 
0.0 0.0 0.0 0.0 0.0 0.0 0.0 0.0 0.0 0.6250000000000036 1.0 0.8937499999999953 0.2562499999999942 0.05624999999999867 0.0 0.0 0.0 0.0 0.0 0.0 
0.0 0.0 0.0 0.0 0.0 0.0 0.0 0.12500000000000355 0.8750000000000036 1.0 0.9437499999999985 0.7437499999999936 0.10624999999999521 0.0 0.0 0.0 0.0 0.0 0.0 0.0 
0.0 0.0 0.0 0.0 0.0 0.0 0.1687500000000016 0.5187500000000029 0.9312500000000021 1.0 0.6249999999999956 0.0 0.0 0.0 0.0 0.0 0.0 0.0 0.0 0.0 
0.0 0.0 0.0 0.0 0.0 0.0 0.37500000000000266 1.0 1.0 0.5312499999999962 0.15624999999999778 0.0 0.0 0.0 0.0 0.0 0.0 0.0 0.0 0.0 
0.0 0.0 0.0 0.006250000000000156 0.04375000000000071 0.6437500000000024 1.0 0.9937499999999997 0.9562499999999992 0.35624999999999635 0.0 0.0 0.0 0.0 0.0 0.0 0.0 0.0 0.0 0.0 
0.0 0.0 0.0 0.12500000000000133 0.8750000000000018 1.0 0.8687499999999986 0.5687499999999964 0.08124999999999752 0.0 0.0 0.0 0.0 0.0 0.0 0.0 0.0 0.0 0.0 0.0 
0.0 0.0 0.24375000000000138 0.6937500000000023 0.9562500000000009 1.0 0.6249999999999973 0.0 0.0 0.0 0.0 0.0 0.0 0.0 0.0 0.0 0.0 0.0 0.0 0.0 
0.0 0.0 0.3750000000000009 1.0 1.0 0.4062499999999961 0.031249999999998092 0.0 0.0 0.0 0.0 0.0 0.0 0.0 0.0 0.0 0.0 0.0 0.0 0.0 
0.2187500000000031 0.7187500000000017 1.0 1.0 1.0 0.3749999999999978 0.0 0.0 0.0 0.0 0.0 0.0 0.0 0.0 0.0 0.0 0.0 0.0 0.0 0.0 
0.875 1.0 1.0 1.0 1.0 0.7187500000000017 0.5500000000000043 0.5500000000000043 0.5500000000000043 0.5500000000000043 0.5500000000000043 0.5500000000000043 0.5500000000000043 0.5500000000000043 0.5500000000000043 0.5500000000000043 0.5500000000000043 0.5500000000000043 0.3437499999999988 0.0 
0.875 1.0 1.0 1.0 1.0 1.0 1.0 1.0 1.0 1.0 1.0 1.0 1.0 1.0 1.0 1.0 1.0 1.0 0.9437500000000008 0.7437499999999968 
