0.0 0.0 0.0 0.0 0.0 0.0 0.0 0.0 0.31687500000000235 0.7556250000000037 0.9750000000000014 0.9750000000000014 0.8531249999999978 0.41437499999999783 0.0 0.0 0.0 0.0 0.0 0.0 
0.0 0.0 0.0 0.06937500000000088 0.4856250000000017 0.9018750000000026 0.9250000000000014 0.9250000000000014 0.9493750000000011 0.9831250000000005 1.0 1.0 0.9906249999999999 0.9568750000000006 0.9250000000000014 0.9250000000000014 0.9250000000000014 0.5781249999999976 0.16187499999999597 0.0 
0.0 0.1531250000000005 0.5468750000000013 0.8843750000000014 0.9406250000000007 0.9968750000000002 1.0 1.0 1.0 1.0 1.0 1.0 1.0 1.0 1.0 1.0 1.0 0.953125 0.8968750000000005 0.6343749999999976 
0.0 0.17500000000000032 0.6250000000000006 1.0 1.0 1.0 0.6493749999999983 0.2781249999999976 0.17499999999999893 0.17499999999999893 0.17499999999999893 0.17499999999999893 0.17499999999999893 0.17499999999999893 0.19562500000000219 0.566875000000002 0.9381250000000034 1.0 1.0 0.7249999999999961 
0.0 0.17500000000000032 0.6250000000000006 1.0 1.0 1.0 0.5749999999999984 0.12499999999999822 0.0 0.0 0.0 0.0 0.0 0.0 0.025000000000003908 0.4750000000000032 0.9250000000000043 1.0 1.0 0.7249999999999961 
0.0 0.04812499999999984 0.17187499999999925 0.2749999999999986 0.2749999999999986 0.2749999999999986 0.15812499999999874 0.03437499999999934 0.0 0.0 0.0 0.0 0.0 0.0 0.025000000000003908 0.4750000000000032 0.9250000000000043 1.0 1.0 0.7249999999999961 
0.0 0.0 0.0 0.0 0.0 0.0 0.0 0.0 0.0 0.0 0.0 0.0 0.0 0.0 0.025000000000003908 0.4750000000000032 0.9250000000000043 1.0 1.0 0.7249999999999961 
0.0 0.0 0.0 0.0 0.0 0.0 0.0 0.0 0.0 0.0 0.0 0.0 0.0 0.0 0.025000000000003908 0.4750000000000032 0.9250000000000043 1.0 1.0 0.7249999999999961 
0.0 0.0 0.0 0.0 0.0 0.0 0.0 0.0 0.0 0.0 0.0 0.0 0.07187500000000217 0.3306250000000022 0.5856250000000027 0.776875000000002 0.9681250000000019 1.0 1.0 0.7249999999999961 
0.0 0.0 0.0 0.0 0.0 0.0 0.0 0.0 0.17062500000000114 0.40687500000000165 0.5250000000000004 0.5250000000000004 0.584375000000002 0.7981250000000015 0.986874999999998 0.7506249999999981 0.5143749999999975 0.47499999999999964 0.47499999999999964 0.3443749999999979 
0.0 0.0 0.0 0.0 0.0 0.0 0.0 0.0 0.17062500000000055 0.40687500000000026 0.5249999999999986 0.5249999999999986 0.5843750000000004 0.7981250000000008 0.986874999999998 0.750624999999999 0.514374999999999 0.2968749999999992 0.08312499999999806 0.0 
0.0 0.0 0.0 0.0 0.0 0.0 0.0 0.0 0.0 0.0 0.0 0.0 0.07187500000000195 0.3306250000000012 0.585625000000001 0.776875000000001 0.9681250000000017 0.7843749999999983 0.5256249999999979 0.30812499999999887 
0.0 0.0 0.0 0.0 0.0 0.0 0.0 0.0 0.0 0.0 0.0 0.0 0.0 0.0 0.015625000000002442 0.296875000000002 0.5781250000000027 0.7656250000000013 0.9343750000000017 0.7249999999999961 
0.0 0.0 0.0 0.0 0.0 0.0 0.0 0.0 0.0 0.0 0.0 0.0 0.0 0.0 0.0 0.0 0.0 0.37500000000000355 0.8250000000000046 0.7249999999999961 
0.19937500000000027 0.27500000000000036 0.27500000000000036 0.2543750000000001 0.13062499999999988 0.006874999999999618 0.0 0.0 0.0 0.0 0.0 0.0 0.0 0.0 0.0 0.0 0.0 0.37500000000000355 0.8250000000000046 0.7249999999999961 
0.7250000000000001 1.0 1.0 0.9249999999999992 0.474999999999999 0.02499999999999858 0.0 0.0 0.0 0.0 0.0 0.0 0.0 0.0 0.005625000000000915 0.1068750000000014 0.20812500000000228 0.5156250000000037 0.8643750000000038 0.7249999999999961 
0.5981249999999996 0.8556249999999994 0.9343749999999998 0.9249999999999992 0.474999999999999 0.02499999999999858 0.0 0.0 0.0 0.0 0.0 0.0 0.0 0.0 0.025000000000003908 0.4750000000000032 0.9250000000000043 1.0 1.0 0.7249999999999961 
0.0 0.17500000000000032 0.6250000000000006 0.9343749999999993 0.5406249999999991 0.14687499999999876 0.125 0.125 0.08437499999999976 0.028124999999999678 0.0281250000000004 0.08437500000000031 0.125 0.125 0.14687500000000342 0.5406250000000028 0.9343750000000037 0.9531249999999996 0.8968749999999994 0.6343749999999966 
0.0 0.16187500000000044 0.578125000000001 0.9306250000000007 0.9643750000000004 0.9981250000000002 1.0 1.0 0.699374999999998 0.2831249999999971 0.2831250000000024 0.6993750000000021 1.0 1.0 0.9981249999999997 0.9643750000000001 0.9306250000000004 0.5781249999999971 0.16187499999999586 0.0 
0.0 0.0 0.0 0.07312500000000066 0.5118749999999999 0.9506249999999993 0.9749999999999979 0.9749999999999979 0.9749999999999979 0.9749999999999979 0.9749999999999979 0.9749999999999979 0.9749999999999979 0.9749999999999979 0.9506249999999941 0.5118749999999958 0.07312499999999568 0.0 0.0 0.0 
