0.15312499999999782 0.17499999999999716 0.17499999999999716 0.17499999999999716 0.17499999999999716 0.690625 1.0 1.0 1.0 1.0 1.0 0.8968749999999996 0.2781249999999975 0.6906249999999989 1.0 1.0 1.0 0.4843749999999982 0.10937499999999822 0.0 
0.8750000000000018 1.0 1.0 1.0 1.0 1.0 1.0 1.0 1.0 1.0 1.0 1.0 1.0 1.0 1.0 1.0 1.0 1.0 0.625 0.0 
0.10937500000000139 0.12500000000000133 0.12500000000000133 0.12500000000000133 0.12500000000000133 0.12500000000000133 0.12500000000000133 0.12500000000000133 0.12500000000000133 0.12500000000000133 0.12500000000000133 0.12500000000000133 0.12500000000000133 0.6718750000000004 1.0 1.0 1.0 0.45312500000000083 0.07812500000000083 0.0 
0.0 0.0 0.0 0.0 0.0 0.0 0.0 0.0 0.0 0.0 0.0 0.028124999999999956 0.1968749999999997 0.7093749999999999 1.0 1.0 1.0 0.375 0.0 0.0 
0.0 0.0 0.0 0.0 0.0 0.0 0.0 0.0 0.0 0.0 0.0 0.125 0.875 1.0 1.0 0.928125 0.49687499999999984 0.15937499999999993 0.0 0.0 
0.0 0.0 0.0 0.0 0.0 0.0 0.0 0.0 0.0 0.0 0.3468750000000011 0.9343750000000006 0.9906250000000001 1.0 0.6531249999999997 0.06562499999999938 0.009374999999999911 0.0 0.0 0.0 
0.0 0.0 0.0 0.0 0.0 0.0 0.0 0.0 0.0 0.17187500000000158 0.546875000000002 1.0 1.0 0.8281249999999987 0.45312499999999867 0.0 0.0 0.0 0.0 0.0 
0.0 0.0 0.0 0.0 0.0 0.0 0.0 0.0 0.0 0.6250000000000009 1.0 1.0 1.0 0.375 0.0 0.0 0.0 0.0 0.0 0.0 
0.0 0.0 0.0 0.0 0.0 0.0 0.0 0.12187500000000126 0.8531250000000037 0.9906250000000012 1.0 1.0 1.0 0.375 0.0 0.0 0.0 0.0 0.0 0.0 
0.0 0.0 0.0 0.0 0.0 0.0 0.0 0.1250000000000009 0.8750000000000009 1.0 1.0 0.875 0.125 0.0 0.0 0.0 0.0 0.0 0.0 0.0 
0.0 0.0 0.0 0.0 0.0 0.0 0.2531250000000022 0.7156250000000041 0.9593750000000008 1.0 0.7468749999999977 0.28437499999999627 0.04062499999999947 0.0 0.0 0.0 0.0 0.0 0.0 0.0 
0.0 0.0 0.0 0.0 0.0 0.6250000000000013 1.0 1.0 1.0 0.9843749999999964 0.6093749999999956 0.0 0.0 0.0 0.0 0.0 0.0 0.0 0.0 0.0 
0.0 0.0 0.0 0.0 0.0 0.6250000000000013 1.0 1.0 1.0 0.3749999999999991 0.0 0.0 0.0 0.0 0.0 0.0 0.0 0.0 0.0 0.0 
0.0 0.0 0.0 0.09062500000000204 0.6343750000000085 0.8968750000000035 1.0 0.9093749999999983 0.3656249999999919 0.10312499999999655 0.0 0.0 0.0 0.0 0.0 0.0 0.0 0.0 0.0 0.0 
0.0 0.0 0.028125000000002516 0.19062500000000682 0.884375000000002 1.0 0.9718749999999975 0.8093749999999936 0.11562499999999838 0.0 0.0 0.0 0.0 0.0 0.0 0.0 0.0 0.0 0.0 0.0 
0.0 0.0 0.37500000000000155 1.0 1.0 1.0 0.6249999999999991 0.0 0.0 0.0 0.0 0.0 0.0 0.0 0.0 0.0 0.0 0.0 0.0 0.0 
0.0 0.48437500000000705 0.8593750000000061 1.0 1.0 0.5156249999999931 0.14062499999999403 0.0 0.0 0.0 0.0 0.0 0.0 0.0 0.0 0.0 0.0 0.0 0.0 0.0 
0.8750000000000018 1.0 1.0 1.0 1.0 0.37499999999999867 0.0 0.0 0.0 0.0 0.0 0.0 0.0 0.0 0.0 0.0 0.0 0.0 0.0 0.0 
0.8750000000000018 1.0 1.0 1.0 1.0 0.6718750000000069 0.4750000000000121 0.4750000000000121 0.4750000000000121 0.4750000000000121 0.4750000000000121 0.4750000000000121 0.4750000000000121 0.4750000000000121 0.4750000000000121 0.4750000000000121 0.4750000000000121 0.4750000000000121 0.4750000000000121 0.41562500000001057 
0.8750000000000018 1.0 1.0 1.0 1.0 1.0 1.0 1.0 1.0 1.0 1.0 1.0 1.0 1.0 1.0 1.0 1.0 1.0 0.6906249999999963 0.1531249999999913 
