0.0 0.0 0.0 0.021874999999999877 0.15312499999999774 0.17499999999999716 0.48437499999999895 1.0 1.0 1.0 1.0 0.8968749999999996 0.2781249999999975 0.17499999999999716 0.10937499999999822 0.0 0.0 0.0 0.0 0.0 
0.0 0.0 0.19687500000000002 0.5843749999999988 0.9406250000000004 1.0 1.0 1.0 1.0 1.0 1.0 1.0 1.0 1.0 0.8218749999999992 0.4593749999999982 0.06562499999999974 0.0 0.0 0.0 
0.0 0.5468750000000007 0.9218749999999993 1.0 1.0 0.45312499999999967 0.12500000000000133 0.12500000000000133 0.12500000000000133 0.12500000000000133 0.12500000000000133 0.12500000000000133 0.12500000000000133 0.6718750000000004 1.0 0.9843749999999998 0.8906249999999989 0.3281249999999995 0.0 0.0 
0.19687500000000008 0.7093750000000012 1.0 0.9718749999999997 0.803125 0.2906249999999991 0.0 0.0 0.0 0.0 0.0 0.0 0.0 0.0 0.29062500000000013 0.8031250000000003 0.971875 1.0 0.625 0.0 
0.8750000000000018 1.0 1.0 0.8749999999999987 0.12499999999999867 0.0 0.0 0.0 0.0 0.0 0.0 0.0 0.0 0.0 0.0 0.125 0.875 1.0 0.625 0.0 
0.8750000000000018 1.0 1.0 0.8749999999999987 0.12499999999999867 0.0 0.0 0.0 0.0 0.0 0.0 0.0 0.0 0.0 0.0 0.009374999999999911 0.06562499999999938 0.07499999999999929 0.046874999999999556 0.0 
0.8750000000000018 1.0 1.0 0.8749999999999987 0.12499999999999867 0.0 0.0 0.0 0.0 0.0 0.0 0.0 0.0 0.0 0.0 0.0 0.0 0.0 0.0 0.0 
0.8750000000000018 1.0 1.0 0.8749999999999987 0.12499999999999867 0.0 0.0 0.0 0.0 0.0 0.0 0.0 0.0 0.0 0.0 0.0 0.0 0.0 0.0 0.0 
0.8750000000000018 1.0 1.0 0.8749999999999987 0.12499999999999867 0.0 0.0 0.0 0.0 0.0 0.0 0.0 0.0 0.0 0.0 0.0 0.0 0.0 0.0 0.0 
0.8750000000000018 1.0 1.0 0.8749999999999987 0.12499999999999867 0.0 0.0 0.0 0.0 0.0 0.12187500000000202 0.3250000000000046 0.3250000000000046 0.3250000000000046 0.3250000000000046 0.3250000000000046 0.3250000000000046 0.3250000000000046 0.2031250000000029 0.0 
0.8750000000000018 1.0 1.0 0.8749999999999987 0.12499999999999867 0.0 0.0 0.0 0.0 0.0 0.3750000000000009 1.0 1.0 1.0 1.0 1.0 1.0 1.0 0.625 0.0 
0.8750000000000018 1.0 1.0 0.8749999999999987 0.12499999999999867 0.0 0.0 0.0 0.0 0.0 0.0 0.0 0.0 0.0 0.0 0.125 0.875 1.0 0.625 0.0 
0.8750000000000018 1.0 1.0 0.8749999999999987 0.12499999999999867 0.0 0.0 0.0 0.0 0.0 0.0 0.0 0.0 0.0 0.0 0.125 0.875 1.0 0.625 0.0 
0.8750000000000018 1.0 1.0 0.8749999999999987 0.12499999999999867 0.0 0.0 0.0 0.0 0.0 0.0 0.0 0.0 0.0 0.0 0.125 0.875 1.0 0.625 0.0 
0.8750000000000018 1.0 1.0 0.8749999999999987 0.12499999999999867 0.0 0.0 0.0 0.0 0.0 0.0 0.0 0.0 0.0 0.0 0.125 0.875 1.0 1.0 0.875 
0.5031249999999942 0.8406249999999977 1.0 0.8749999999999987 0.12499999999999867 0.0 0.0 0.0 0.0 0.0 0.0 0.0 0.0 0.0 0.0 0.125 0.875 1.0 0.8406249999999971 0.5031249999999932 
0.0 0.6250000000000017 1.0 0.8749999999999987 0.12499999999999867 0.0 0.0 0.0 0.0 0.0 0.0 0.0 0.0 0.0 0.29062500000000346 0.8031250000000081 0.9718750000000012 1.0 0.625 0.0 
0.0 0.5468749999999948 0.9218749999999936 1.0 1.0 0.4531250000000055 0.07812500000000655 0.0 0.0 0.0 0.0 0.015625000000001332 0.10937500000000933 0.12500000000001066 0.45312500000000666 1.0 1.0 0.9218749999999933 0.5468749999999933 0.0 
0.0 0.0 0.19687499999999628 0.5843749999999901 0.9406249999999992 1.0 0.8031250000000041 0.4750000000000121 0.4750000000000121 0.4750000000000121 0.4750000000000121 0.5406250000000106 0.9343750000000015 1.0 1.0 0.9406249999999985 0.5843749999999894 0.19687499999999547 0.0 0.0 
0.0 0.0 0.0 0.02187499999999899 0.15312499999999152 0.6906249999999974 1.0 1.0 1.0 1.0 1.0 1.0 1.0 1.0 0.6906249999999963 0.1531249999999913 0.021874999999998757 0.0 0.0 0.0 
