0.0 0.0 0.0 0.018750000000000024 0.13124999999999903 0.14999999999999858 0.4687500000000014 1.0 1.0 0.9062500000000003 0.8500000000000014 0.8500000000000014 0.8500000000000014 0.9437500000000013 1.0 0.8937499999999938 0.2562499999999927 0.0562499999999984 0.0 0.0 
0.0 0.0 0.16874999999999996 0.5187499999999997 0.9312500000000008 1.0 0.8312499999999992 0.5500000000000012 0.5500000000000012 0.2062499999999985 0.0 0.0 0.0 0.34375000000000366 0.7187500000000039 1.0 1.0 0.6562499999999953 0.28124999999999606 0.0 
0.0 0.0 0.3750000000000009 1.0 1.0 0.5312499999999989 0.1562499999999999 0.0 0.0 0.0 0.0 0.0 0.0 0.0 0.09375000000000211 0.3437500000000061 0.9062500000000054 1.0 0.6249999999999929 0.0 
0.0 0.6250000000000004 1.0 1.0 1.0 0.3749999999999978 0.0 0.0 0.0 0.0 0.0 0.0 0.0 0.0 0.0 0.11875000000000688 0.8312500000000077 0.9812500000000007 1.0 0.8749999999999911 
0.0 0.6250000000000004 1.0 1.0 1.0 0.3749999999999978 0.0 0.0 0.0 0.0 0.0 0.0 0.0 0.0 0.0 0.0 0.0 0.6250000000000071 1.0 0.8749999999999911 
0.0 0.6250000000000004 1.0 1.0 1.0 0.3749999999999978 0.0 0.0 0.0 0.0 0.0 0.0 0.0 0.0 0.0 0.08125000000000467 0.568750000000005 0.8687500000000026 1.0 0.8749999999999911 
0.0 0.6250000000000004 1.0 1.0 1.0 0.3749999999999978 0.0 0.0 0.0 0.0 0.0 0.0 0.0 0.0 0.0 0.1250000000000071 0.8750000000000071 1.0 1.0 0.8749999999999911 
0.0 0.0 0.3750000000000009 1.0 1.0 0.5312499999999983 0.15624999999999933 0.0 0.0 0.0 0.0 0.0 0.0 0.0 0.09375000000000178 0.34375000000000533 0.9062500000000053 0.8437499999999982 0.46874999999999467 0.0 
0.0 0.0 0.16875000000000012 0.4499999999999993 0.4499999999999993 0.793750000000001 0.831249999999999 0.5500000000000007 0.5500000000000007 0.20624999999999832 0.0 0.06875000000000302 0.48125000000000356 0.5500000000000007 0.7187500000000037 1.0 1.0 0.3749999999999929 0.0 0.0 
0.0 0.0 0.0 0.0 0.0 0.6250000000000022 1.0 1.0 1.0 0.9062500000000003 0.8500000000000014 0.868750000000002 0.981250000000001 1.0 1.0 0.8937499999999938 0.2562499999999927 0.0562499999999984 0.0 0.0 
0.0 0.0 0.0 0.018750000000000468 0.13125000000000214 0.6812500000000027 0.9437499999999988 0.7437499999999951 0.10624999999999671 0.0 0.0 0.0 0.0 0.5312500000000032 0.9062499999999998 0.8937499999999943 0.2562499999999958 0.05624999999999973 0.0 0.0 
0.0 0.2812500000000009 0.45000000000000107 0.5187500000000017 0.9312500000000011 0.7187499999999983 0.3437499999999979 0.0 0.0 0.0 0.0 0.0 0.0 0.0 0.2062500000000035 0.6062500000000023 0.9437500000000031 0.6562499999999968 0.28124999999999745 0.0 
0.0 0.6250000000000004 1.0 0.9062499999999988 0.3437499999999971 0.09374999999999878 0.0 0.0 0.0 0.0 0.0 0.0 0.0 0.0 0.0 0.031250000000001554 0.21875000000000022 0.7187500000000047 0.9062499999999989 0.6562499999999949 
0.04375000000000062 0.6437500000000007 1.0 0.8749999999999987 0.12499999999999822 0.0 0.0 0.0 0.0 0.0 0.0 0.0 0.0 0.0 0.0 0.0 0.0 0.6250000000000071 1.0 0.8749999999999911 
0.875 1.0 1.0 0.8749999999999987 0.12499999999999822 0.0 0.0 0.0 0.0 0.0 0.0 0.0 0.0 0.0 0.0 0.0 0.0 0.6250000000000071 1.0 0.8749999999999911 
0.30624999999999813 0.7562499999999994 1.0 0.8749999999999987 0.12499999999999822 0.0 0.0 0.0 0.0 0.0 0.0 0.0 0.0 0.0 0.0 0.0 0.0 0.6250000000000071 1.0 0.8749999999999911 
0.0 0.6250000000000004 1.0 0.8749999999999987 0.12499999999999822 0.0 0.0 0.0 0.0 0.0 0.0 0.0 0.0 0.0 0.0 0.1187500000000071 0.8312500000000093 0.9812500000000014 1.0 0.8749999999999911 
0.0 0.4687499999999981 0.843749999999998 0.9062499999999994 0.3437500000000018 0.09375000000000078 0.0 0.0 0.0 0.0 0.0 0.0 0.0 0.0 0.09375000000000311 0.34375000000000844 0.9062500000000058 1.0 0.6249999999999929 0.0 
0.0 0.0 0.1687499999999988 0.518749999999997 0.9312500000000005 0.7187500000000017 0.5500000000000043 0.4812500000000018 0.06874999999999858 0.0 0.0 0.0 0.0 0.3437500000000056 0.7187500000000059 1.0 1.0 0.6562499999999934 0.2812499999999941 0.0 
0.0 0.0 0.0 0.01874999999999958 0.13124999999999593 0.68125 1.0 0.9812500000000001 0.8687500000000038 0.850000000000005 0.850000000000005 0.850000000000005 0.850000000000005 0.9437500000000026 0.6812499999999921 0.14999999999999503 0.14999999999999503 0.056249999999997066 0.0 0.0 
