0.0 0.0 0.0 0.0 0.0 0.34124999999999955 0.9749999999999996 0.9749999999999996 0.9749999999999996 0.9749999999999996 0.9749999999999996 0.9749999999999996 0.9749999999999996 0.9749999999999996 0.3412499999999978 0.0 0.0 0.0 0.0 0.0 
0.0 0.0 0.0 0.0 0.6012499999999992 0.9512499999999996 1.0 1.0 1.0 1.0 1.0 1.0 1.0 1.0 0.9512499999999995 0.9249999999999995 0.8787499999999988 0.23124999999999987 0.0 0.0 
0.0 0.4812499999999987 0.8749999999999993 0.8749999999999993 0.9562499999999997 1.0 1.0 1.0 1.0 1.0 1.0 1.0 1.0 1.0 1.0 1.0 0.9937499999999999 0.9062499999999996 0.4812499999999971 0.0 
0.0 0.5499999999999989 1.0 1.0 1.0 1.0 0.9587500000000002 0.38125000000000053 0.1750000000000007 0.1750000000000007 0.1750000000000007 0.1750000000000007 0.38125000000000053 0.9587499999999994 1.0 1.0 1.0 1.0 0.9212499999999992 0.7012499999999976 
0.0 0.5499999999999989 1.0 1.0 1.0 0.7287500000000006 0.21375000000000097 0.056250000000000244 0.0 0.0 0.0 0.0 0.056250000000000244 0.21375000000000077 0.728750000000002 1.0 1.0 1.0 1.0 0.8499999999999979 
0.0 0.5499999999999989 1.0 1.0 1.0 0.6500000000000004 0.0 0.0 0.0 0.0 0.0 0.0 0.0 0.0 0.6500000000000021 1.0 1.0 1.0 1.0 0.8499999999999979 
0.0 0.5499999999999989 1.0 1.0 1.0 0.6500000000000004 0.0 0.0 0.0 0.0 0.0 0.0 0.0 0.0 0.6500000000000021 1.0 1.0 1.0 1.0 0.8499999999999979 
0.0 0.5499999999999989 1.0 1.0 1.0 0.6500000000000004 0.0 0.0 0.0 0.0 0.0 0.0 0.0 0.0 0.6500000000000021 1.0 1.0 1.0 1.0 0.8499999999999979 
0.0 0.5499999999999989 1.0 1.0 1.0 0.6500000000000004 0.0 0.0 0.0 0.0 0.0 0.0 0.0 0.0 0.6500000000000021 1.0 1.0 1.0 1.0 0.8499999999999979 
0.0 0.5499999999999989 1.0 1.0 1.0 0.6500000000000004 0.0 0.0 0.0 0.0 0.0 0.0 0.0 0.0 0.6500000000000021 1.0 1.0 1.0 1.0 0.8499999999999979 
0.0 0.5499999999999989 1.0 1.0 1.0 0.6500000000000004 0.0 0.0 0.0 0.0 0.0 0.0 0.0 0.0 0.6500000000000021 1.0 1.0 1.0 1.0 0.8499999999999979 
0.0 0.5499999999999989 1.0 1.0 1.0 0.6500000000000004 0.0 0.0 0.0 0.0 0.0 0.0 0.0 0.0 0.6500000000000021 1.0 1.0 1.0 1.0 0.8499999999999979 
0.0 0.5499999999999989 1.0 1.0 1.0 0.6500000000000004 0.0 0.0 0.0 0.0 0.0 0.0 0.0 0.0 0.6500000000000021 1.0 1.0 1.0 1.0 0.8499999999999979 
0.2762499999999975 0.6962499999999981 1.0 1.0 1.0 0.6500000000000004 0.0 0.0 0.0 0.0 0.0 0.0 0.0 0.0 0.6500000000000021 1.0 1.0 1.0 1.0 0.8499999999999979 
0.8499999999999988 1.0 1.0 1.0 1.0 0.6500000000000004 0.0 0.0 0.0 0.0 0.0 0.0 0.0 0.0 0.6500000000000021 1.0 1.0 1.0 0.8762500000000006 0.6162500000000012 
0.6587500000000008 0.8987500000000007 1.0 1.0 1.0 0.7287499999999996 0.21374999999999802 0.05624999999999947 0.0 0.0 0.0 0.0 0.05624999999999947 0.2137499999999978 0.7287500000000009 1.0 1.0 1.0 0.5499999999999972 0.0 
0.0 0.4537500000000007 0.868750000000002 0.99125 1.0 1.0 0.95875 0.38124999999999787 0.17499999999999716 0.17499999999999716 0.17499999999999716 0.17499999999999716 0.38124999999999787 0.9587499999999993 1.0 1.0 0.99125 0.8687500000000021 0.4537499999999992 0.0 
0.0 0.0 0.21874999999999922 0.8312499999999994 0.9562499999999999 1.0 1.0 1.0 1.0 1.0 1.0 1.0 1.0 1.0 1.0 0.9562499999999998 0.8312499999999994 0.21875 0.0 0.0 
0.0 0.0 0.0 0.0 0.6012500000000023 0.9250000000000043 0.9287500000000041 0.9812500000000011 1.0 1.0 1.0 0.9587500000000023 0.9250000000000043 0.9250000000000043 0.9250000000000043 0.6012500000000015 0.0 0.0 0.0 0.0 
0.0 0.0 0.0 0.0 0.0 0.0 0.0487499999999999 0.7312500000000011 0.9750000000000014 0.9750000000000014 0.9750000000000014 0.43875 0.0 0.0 0.0 0.0 0.0 0.0 0.0 0.0 
