0.0 0.0 0.0 0.0 0.0 0.0 0.0 0.0 0.0 0.0 0.0 0.0 8.881784197001e-16 3.375077994860448e-15 0.6499999999999927 1.0 1.0 1.0 1.0 0.8500000000000085 
0.0 0.0 0.0 0.0 0.0 0.0 0.0 0.0 0.0 0.0 0.0 1.9539925233402496e-15 0.24999999999999556 0.9499999999999924 1.0 1.0 1.0 1.0 1.0 0.8500000000000085 
0.0 0.0 0.0 0.0 0.0 0.0 0.0 0.0 0.0 5.329070518200512e-16 3.0198066269804024e-15 0.5499999999999943 1.0 1.0 1.0 1.0 1.0 1.0 1.0 0.8500000000000085 
0.0 0.0 0.0 0.0 0.0 0.0 0.0 0.0 0.0 0.14999999999999325 0.8499999999999934 1.0 1.0 1.0 1.0 1.0 1.0 1.0 1.0 0.8500000000000085 
0.0 0.0 0.0 0.0 0.0 0.0 0.0 0.0 1.598721155460204e-15 0.14999999999999628 0.849999999999994 1.0 1.0 1.0 1.0 1.0 1.0 1.0 1.0 0.8500000000000085 
0.0 0.0 0.0 0.0 0.0 0.0 1.332267629550041e-16 1.9984014443252676e-15 0.4499999999999954 1.0 1.0 1.0 1.0 1.0 1.0 1.0 1.0 1.0 1.0 0.8500000000000085 
0.0 0.0 0.0 0.0 0.0 0.0 0.04999999999999449 0.7499999999999947 1.0 1.0 1.0 0.9999999999999986 0.9999999999999973 0.9999999999999973 0.9999999999999973 0.9999999999999982 1.0 1.0 1.0 0.8500000000000085 
0.0 0.0 0.0 0.0 0.0 9.325873406851187e-16 0.049999999999997026 0.7499999999999953 1.0 1.0 1.0 0.4500000000000073 0.0 0.0 1.7319479184152215e-15 0.3499999999999925 1.0 1.0 1.0 0.8500000000000085 
0.0 0.0 0.0 0.0 2.3092638912203095e-15 0.34999999999999754 1.0 1.0 1.0 0.9999999999999994 0.999999999999997 0.4500000000000057 0.0 0.0 0.6499999999999915 1.0 1.0 1.0 1.0 0.8500000000000085 
0.0 0.0 4.440892098500559e-16 1.6875389974302304e-15 0.6499999999999961 1.0 1.0 1.0 0.9999999999999992 0.8500000000000052 0.1500000000000063 0.0 0.0 0.0 0.6499999999999915 1.0 1.0 1.0 1.0 0.8500000000000085 
0.0 9.769962616701317e-16 0.24999999999999756 0.9499999999999958 1.0 1.0 1.0 1.0 0.550000000000006 0.0 0.0 0.0 0.0 0.0 0.6499999999999915 1.0 1.0 1.0 1.0 0.8500000000000085 
0.0 0.5499999999999966 1.0 1.0 1.0 1.0 0.9999999999999999 0.9999999999999987 0.550000000000005 0.0 0.0 0.0 0.0 0.0 0.6499999999999915 1.0 1.0 1.0 1.0 0.8500000000000085 
1.5099033134902075e-15 0.5499999999999974 1.0 1.0 1.0 1.0 0.9500000000000056 0.25000000000000666 1.7763568394002505e-15 1.7763568394002505e-15 1.7763568394002505e-15 1.7763568394002505e-15 1.7763568394002505e-15 1.7763568394002505e-15 0.6499999999999921 1.0 1.0 1.0 1.0 0.8500000000000085 
0.849999999999997 1.0 1.0 1.0 1.0 1.0 1.0 1.0 1.0 1.0 1.0 1.0 1.0 1.0 1.0 1.0 1.0 1.0 1.0 0.8500000000000085 
0.8499999999999954 0.9999999999999992 0.9999999999999996 0.9999999999999983 0.9999999999999982 0.9999999999999982 0.9999999999999982 0.9999999999999982 0.9999999999999982 0.9999999999999982 0.9999999999999982 0.9999999999999982 0.9999999999999987 0.9999999999999999 1.0 1.0 1.0 1.0 1.0 0.8500000000000085 
0.0 0.5499999999999956 0.7500000000000024 0.05000000000000417 0.0 0.0 0.0 0.0 0.0 0.0 0.0 0.0 0.24999999999999245 0.9499999999999905 0.9999999999999993 1.0 1.0 1.0 0.9999999999999992 0.850000000000007 
0.0 0.0 0.0 0.0 0.0 0.0 0.0 0.0 0.0 0.0 0.0 0.0 0.0 0.0 0.6499999999999915 1.0 1.0 1.0 0.5500000000000114 0.0 
0.0 0.0 0.0 0.0 0.0 0.0 0.0 0.0 0.0 0.0 0.0 0.0 0.0 0.0 0.6499999999999915 1.0 1.0 1.0 0.5500000000000114 0.0 
0.0 0.0 0.0 0.0 0.0 0.0 0.0 0.0 0.0 0.0 0.0 0.0 0.0 0.0 0.0 0.34999999999999076 0.95000000000001 0.25000000000001066 0.0 0.0 
0.0 0.0 0.0 0.0 0.0 0.0 0.0 0.0 0.0 0.0 0.0 0.5499999999999927 0.7500000000000071 0.050000000000007816 0.6499999999999915 0.6500000000000092 0.0 0.0 0.0 0.0 
