0.0 0.0 0.11875000000000074 0.7362499999999993 0.9499999999999975 0.9499999999999975 0.9499999999999975 0.9499999999999975 0.9499999999999975 0.9499999999999975 0.9499999999999975 0.9499999999999975 0.9499999999999975 0.9499999999999975 0.9499999999999975 0.40374999999999794 0.0 0.0 0.0 0.0 
0.0 0.4037499999999999 0.8687499999999984 0.9662499999999997 1.0 1.0 1.0 1.0 1.0 1.0 1.0 1.0 1.0 1.0 1.0 0.9137499999999986 0.8499999999999979 0.8499999999999979 0.40374999999999717 0.0 
0.6187499999999994 0.8687499999999994 1.0 1.0 1.0 0.9437499999999993 0.4562500000000002 0.2500000000000018 0.2500000000000018 0.2500000000000018 0.2500000000000018 0.2500000000000018 0.718750000000002 1.0 1.0 1.0 1.0 1.0 0.47499999999999787 0.0 
0.8250000000000011 1.0 1.0 1.0 0.7237499999999999 0.3237500000000009 0.09624999999999989 0.0 0.0 0.0 0.0 0.0 0.2187500000000015 0.5287500000000024 0.9512500000000006 1.0 1.0 1.0 0.8162499999999985 0.5362499999999983 
0.8250000000000011 1.0 1.0 1.0 0.5749999999999988 0.0 0.0 0.0 0.0 0.0 0.0 0.0 0.0 0.12375000000000125 0.4162500000000013 0.766250000000001 1.0 1.0 0.7112499999999994 0.3712500000000006 
0.8250000000000011 1.0 1.0 1.0 0.5749999999999988 0.0 0.0 0.0 0.0 0.0 0.0 0.0 0.0 0.0 0.0 0.316250000000001 0.5500000000000007 0.5500000000000007 0.26124999999999915 0.0 
0.8250000000000011 1.0 1.0 1.0 0.5749999999999988 0.0 0.0 0.0 0.0 0.0 0.0 0.0 0.0 0.0 0.0 0.0 0.0 0.0 0.0 0.0 
0.8250000000000011 1.0 1.0 1.0 0.5749999999999988 0.0 0.0 0.0 0.0 0.0 0.08125000000000027 0.24375000000000036 0.25 0.25 0.25 0.10624999999999973 0.0 0.0 0.0 0.0 
0.8250000000000011 1.0 1.0 1.0 0.5749999999999988 0.0 0.0 0.0 0.0 0.0 0.32500000000000107 0.9750000000000014 1.0 1.0 1.0 0.5112499999999993 0.15000000000000036 0.15000000000000036 0.15000000000000036 0.1237500000000002 
0.8250000000000011 1.0 1.0 1.0 0.5749999999999988 0.0 0.0 0.0 0.0 0.0 0.32500000000000107 0.9750000000000014 1.0 1.0 1.0 1.0 1.0 1.0 1.0 0.8249999999999993 
0.8250000000000011 1.0 1.0 1.0 0.5749999999999988 0.0 0.0 0.0 0.0 0.0 0.32500000000000107 0.9750000000000014 1.0 1.0 1.0 1.0 1.0 1.0 1.0 0.8249999999999993 
0.8250000000000011 1.0 1.0 1.0 0.9362500000000005 0.7862500000000004 0.23374999999999918 0.0 0.0 0.0 0.048749999999999696 0.14624999999999883 0.14999999999999858 0.14999999999999858 0.14999999999999858 0.6387500000000004 1.0 1.0 1.0 0.8249999999999993 
0.8250000000000011 1.0 1.0 1.0 1.0 0.9249999999999989 0.2749999999999986 0.0 0.0 0.0 0.0 0.0 0.0 0.0 0.0 0.5750000000000011 1.0 1.0 1.0 0.8249999999999993 
0.8250000000000011 1.0 1.0 1.0 1.0 0.9249999999999989 0.2749999999999986 0.0 0.0 0.0 0.0 0.0 0.0 0.0 0.0 0.5750000000000011 1.0 1.0 1.0 0.8249999999999993 
0.8250000000000011 1.0 1.0 1.0 1.0 0.9249999999999989 0.2749999999999986 0.0 0.0 0.0 0.0 0.0 0.0 0.0 0.0 0.5750000000000011 1.0 1.0 1.0 0.8249999999999993 
0.45374999999999827 0.763749999999999 1.0 1.0 1.0 0.9587499999999997 0.6012500000000013 0.2812500000000014 0.0 0.0 0.0 0.0 0.0 0.12375000000000175 0.41625000000000295 0.7662500000000019 1.0 1.0 1.0 0.8249999999999993 
0.0 0.3087499999999992 0.6937499999999976 0.9212499999999997 1.0 1.0 1.0 0.7562500000000006 0.3500000000000032 0.3500000000000032 0.3500000000000032 0.3500000000000032 0.3500000000000032 0.5287500000000037 0.9512500000000007 1.0 1.0 1.0 0.8162499999999976 0.5362499999999969 
0.0 0.0 0.09375000000000039 0.5812499999999982 0.8562499999999983 1.0 1.0 1.0 1.0 1.0 1.0 1.0 1.0 1.0 1.0 1.0 0.9437499999999989 0.7812499999999964 0.35624999999999674 0.0 
0.0 0.0 0.0 0.0 0.3612499999999986 0.8499999999999943 0.8499999999999943 0.9062499999999966 1.0 1.0 1.0 1.0 1.0 1.0 1.0 0.9137499999999965 0.6587499999999944 0.10624999999999778 0.0 0.0 
0.0 0.0 0.0 0.0 0.0 0.0 0.0 0.35624999999999923 0.9499999999999957 0.9499999999999957 0.9499999999999957 0.9499999999999957 0.9499999999999957 0.9499999999999957 0.9499999999999957 0.40374999999999717 0.0 0.0 0.0 0.0 
