0.0 0.0 0.0 0.0 0.0 0.0 0.0 0.0 0.4250000000000007 1.0 1.0 1.0 0.375 0.0 0.0 0.0 0.0 0.0 0.0 0.0 
0.0 0.0 0.0 0.0 0.0 0.0 0.0 0.22499999999999676 0.7699999999999961 1.0 1.0 1.0 0.7499999999999954 0.19499999999999723 0.0 0.0 0.0 0.0 0.0 0.0 
0.0 0.0 0.0 0.0 0.0 0.0 0.0 0.3749999999999991 1.0 1.0 1.0 1.0 1.0 0.3249999999999993 0.0 0.0 0.0 0.0 0.0 0.0 
0.0 0.0 0.0 0.0 0.0 0.0 0.1299999999999978 0.6249999999999958 1.0 1.0 1.0 1.0 1.0 0.5949999999999956 0.10999999999999782 0.0 0.0 0.0 0.0 0.0 
0.0 0.0 0.0 0.0 0.0 0.0 0.3249999999999993 1.0 1.0 1.0 1.0 1.0 1.0 1.0 0.2749999999999986 0.0 0.0 0.0 0.0 0.0 
0.0 0.0 0.0 0.0 0.0 0.054999999999998474 0.45999999999999597 1.0 1.0 0.9050000000000021 0.8000000000000052 0.915000000000002 1.0 1.0 0.41999999999999515 0.044999999999998416 0.0 0.0 0.0 0.0 
0.0 0.0 0.0 0.0 0.0 0.27499999999999947 1.0 1.0 1.0 0.5249999999999986 0.0 0.5749999999999993 1.0 1.0 1.0 0.22499999999999787 0.0 0.0 0.0 0.0 
0.0 0.0 0.0 0.0 0.22499999999999795 0.9999999999999974 1.0 1.0 0.5750000000000008 1.865174681370258e-15 0.0 2.0428103653102855e-15 0.6250000000000013 1.0 1.0 0.22499999999999787 0.0 0.0 0.0 0.0 
0.0 0.0 0.0 0.0 0.22499999999999876 1.0 1.0 0.8500000000000015 0.3450000000000014 0.0 0.0 0.0 0.625 1.0 1.0 0.5349999999999963 0.0699999999999983 0.0 0.0 0.0 
0.0 0.0 0.0 0.1399999999999983 0.8449999999999975 1.0 1.0 0.6250000000000009 0.0 0.0 0.0 0.0 0.12500000000000178 0.7400000000000015 1.0 1.0 0.17499999999999716 0.0 0.0 0.0 
0.0 0.0 0.0 0.1749999999999985 1.0 1.0 0.9350000000000009 0.5000000000000022 0.0 0.0 0.0 0.0 0.0 0.6750000000000007 1.0 1.0 0.33999999999999564 0.024999999999998978 0.0 0.0 
0.0 0.0 0.07499999999999866 0.6699999999999976 1.0 1.0 0.6750000000000007 0.0 0.0 0.0 0.0 0.0 0.0 0.27000000000000174 0.8350000000000015 1.0 1.0 0.12499999999999645 0.0 0.0 
0.0 0.0 0.12499999999999822 1.0 1.0 1.0 1.0 1.0 1.0 1.0 1.0 0.4250000000000007 0.0 0.6750000000000007 1.0 1.0 1.0 0.12499999999999645 0.0 0.0 
0.0 0.029999999999999076 0.4749999999999977 1.0 1.0 1.0 1.0 1.0 1.0 1.0 1.0 1.0 1.0 1.0 1.0 1.0 1.0 1.0 0.07499999999999574 0.0 
0.0 0.07499999999999796 1.0 1.0 1.0 0.7800000000000002 0.45999999999999897 1.0 1.0 1.0 1.0 1.0 1.0 1.0 1.0 1.0 1.0 1.0 0.07499999999999574 0.0 
0.0049999999999995205 0.2599999999999977 1.0 1.0 0.7750000000000012 0.0 0.0 0.0 0.0 0.0 0.0 0.0 0.0 0.0 0.0 0.6200000000000022 0.9650000000000007 1.0 1.0 0.024999999999995026 
0.02499999999999769 1.0 1.0 0.8950000000000007 0.3099999999999994 0.0 0.0 0.0 0.0 0.0 0.0 0.0 0.0 0.0 0.0 0.0 0.8250000000000028 1.0 1.0 0.024999999999995026 
1.0 1.0 1.0 0.8250000000000015 0.0 0.0 0.0 0.0 0.0 0.0 0.0 0.0 0.0 0.0 0.0 0.0 0.825 0.9999999999999996 1.0 1.0 
0.5999999999999979 0.5999999999999979 0.5999999999999979 0.49499999999999916 0.0 0.0 0.0 0.0 0.0 0.0 0.0 0.0 0.0 0.0 0.0 0.0 0.0 0.8750000000000036 1.0 1.0 
0.0 0.0 0.0 0.0 0.0 0.0 0.0 0.0 0.0 0.0 0.0 0.0 0.0 0.0 0.0 0.0 0.0 0.174999999999997 0.19999999999999574 0.9800000000000039 
