0.0 0.0 0.0 0.0 0.020000000000000392 0.1800000000000028 0.20000000000000284 0.6000000000000029 1.0 1.0 1.0 1.0 0.5999999999999985 0.20000000000000284 0.18000000000000158 0.019999999999999147 0.0 0.0 0.0 0.0 
0.0 0.0 0.0 0.18000000000000071 0.6400000000000027 0.9600000000000009 1.0 1.0 1.0 1.0 1.0 1.0 1.0 1.0 0.9599999999999983 0.6400000000000002 0.179999999999997 0.0 0.0 0.0 
0.0 1.8651746813702603e-15 0.5000000000000009 1.0 1.0 1.0 1.0 1.0 0.9999999999999992 0.9999999999999973 0.9999999999999973 0.9999999999999992 1.0 1.0 1.0 1.0 1.0 0.4999999999999942 1.865174681370242e-15 0.0 
0.0 0.6999999999999991 1.0 1.0 1.0 1.0 0.7199999999999981 0.5999999999999979 0.41999999999999704 0.0 0.0 0.42000000000000126 0.8000000000000004 1.0 1.0 1.0 1.0 1.0 0.6999999999999922 0.0 
0.0 0.6999999999999991 1.0 1.0 1.0 1.0 0.29999999999999893 0.0 0.0 0.0 0.0 0.0 0.09999999999999946 0.44000000000000167 1.0 1.0 1.0 1.0 0.6999999999999922 0.0 
0.7199999999999963 0.939999999999999 1.0 1.0 1.0 1.0 0.29999999999999893 0.0 0.0 0.0 0.0 0.0 0.0 0.060000000000001705 0.2800000000000065 0.9200000000000048 1.0 1.0 1.0 0.8999999999999915 
0.0 0.6999999999999991 1.0 1.0 1.0 1.0 0.29999999999999893 0.0 0.0 0.0 0.0 0.0 0.0 0.30000000000000426 1.0 1.0 1.0 1.0 0.819999999999995 0.3599999999999953 
0.0 0.6999999999999978 0.9999999999999991 1.0 1.0 1.0 1.0 0.4999999999999991 1.7763568394002505e-15 1.5987211554602197e-15 1.776356839400181e-16 1.2434497875801835e-15 1.7763568394002505e-15 0.3000000000000055 1.0 1.0 1.0 1.0 0.6999999999999922 0.0 
0.0 0.0 0.49999999999999956 1.0 1.0 1.0 1.0 1.0 1.0 0.9399999999999983 0.4599999999999996 0.8200000000000034 1.0 1.0 1.0 1.0 1.0 0.799999999999996 0.4199999999999938 0.0 
0.0 0.0 0.09999999999999867 0.4399999999999981 1.0 1.0 1.0 1.0 1.0 1.0 1.0 1.0 1.0 1.0 1.0 1.0 0.4399999999999932 0.09999999999999734 0.0 0.0 
0.0 0.1400000000000018 0.6000000000000011 1.0 1.0 1.0 1.0 1.0 0.9399999999999986 0.7999999999999972 0.7999999999999972 0.9400000000000001 1.0 1.0 1.0 1.0 0.43999999999999684 0.1 0.0 0.0 
0.5400000000000005 0.8800000000000001 1.0 1.0 1.0 1.0 0.5799999999999984 0.3999999999999986 0.27999999999999803 0.0 0.0 0.28000000000000086 0.7000000000000014 1.0 1.0 1.0 1.0 0.7999999999999978 0.4199999999999963 0.0 
0.8999999999999986 1.0 1.0 1.0 0.8999999999999995 0.09999999999999876 0.0 0.0 0.0 0.0 0.0 0.0 0.0 0.30000000000000426 1.0 1.0 1.0 1.0 0.6999999999999922 0.0 
0.8999999999999986 1.0 1.0 1.0 0.8999999999999995 0.09999999999999876 0.0 0.0 0.0 0.0 0.0 0.0 0.0 0.0 0.10000000000000497 0.9000000000000057 1.0 1.0 0.819999999999996 0.3599999999999985 
0.8999999999999986 1.0 1.0 1.0 0.8999999999999995 0.09999999999999876 0.0 0.0 0.0 0.0 0.0 0.0 0.0 0.0 0.10000000000000497 0.9000000000000057 1.0 1.0 1.0 0.8999999999999915 
0.8999999999999986 1.0 1.0 1.0 0.8999999999999995 0.09999999999999876 0.0 0.0 0.0 0.0 0.0 0.0 0.0 0.060000000000001705 0.2800000000000065 0.9200000000000048 1.0 1.0 0.9399999999999976 0.7199999999999906 
0.35999999999999815 0.819999999999999 1.0 1.0 0.96 0.6400000000000008 0.1799999999999998 0.0 0.0 0.0 0.0 0.0 0.0 0.30000000000000426 1.0 1.0 1.0 1.0 0.6999999999999922 0.0 
0.0 0.6999999999999991 1.0 1.0 1.0 1.0 1.0 1.0 1.0 1.0 1.0 1.0 1.0 1.0 1.0 1.0 1.0 0.4999999999999929 0.0 0.0 
0.0 0.0 0.29999999999999866 0.7199999999999984 1.0 1.0 1.0 1.0 1.0 1.0 1.0 1.0 1.0 1.0 1.0 1.0 0.719999999999996 0.29999999999999466 0.0 0.0 
0.0 0.0 0.0 0.05999999999999975 0.1999999999999993 0.1999999999999993 0.7600000000000007 1.0 1.0 1.0 1.0 1.0 0.5999999999999968 0.1999999999999993 0.1999999999999993 0.1999999999999993 0.059999999999998506 0.0 0.0 0.0 
