0.0 0.0 0.0 0.0 0.0 0.0 0.0 0.0 0.0 0.0 0.0 0.0 0.0 0.0 0.0 0.5750000000000028 1.0 1.0 1.0 0.8249999999999957 
0.0 0.0 0.0 0.0 0.0 0.0 0.0 0.0 0.0 0.0 0.0 0.0 0.0 0.0 0.0 0.5750000000000028 1.0 1.0 1.0 0.8249999999999957 
0.0 0.0 0.0 0.0 0.0 0.0 0.0 0.0 0.0 0.0 0.0 0.0 0.0 0.0 0.0 0.5750000000000028 1.0 1.0 1.0 0.8249999999999957 
0.0 0.0 0.0 0.0 0.0 0.0 0.0 0.0 0.0 0.0 0.0 0.0 0.0 0.0 0.0 0.5750000000000028 1.0 1.0 1.0 0.8249999999999957 
0.0 0.0 0.0 0.0 0.0 0.0 0.0 0.0 0.0 0.0 0.0 0.0 0.0 0.0 0.0 0.5750000000000028 1.0 1.0 1.0 0.8249999999999957 
0.0 0.0 0.0 0.0 0.0 0.0 0.0 0.0 0.0 0.0 0.0 0.0 0.0 0.0 0.0 0.5750000000000028 1.0 1.0 1.0 0.8249999999999957 
0.0 0.0 0.0 0.0 0.0 0.0 0.0 0.0 0.0 0.0 0.0 0.0 0.0 0.0 0.0 0.5750000000000028 1.0 1.0 1.0 0.8249999999999957 
0.0 0.0 0.0 0.0 0.0 0.0 0.0 0.0 0.0 0.0 0.0 0.0 0.0 0.0 0.0 0.5750000000000028 1.0 1.0 1.0 0.8249999999999957 
0.0 0.0 0.0 0.0 0.0 0.0 0.0 0.0 0.0 0.0 0.0 0.0 0.0 0.0 0.0 0.5750000000000028 1.0 1.0 1.0 0.8249999999999957 
0.0 0.0 0.0 0.0 0.0 0.0 0.0 0.0 0.0 0.0 0.0 0.0 0.0 0.0 0.0 0.5750000000000028 1.0 1.0 1.0 0.8249999999999957 
0.0 0.0 0.0 0.0 0.0 0.0 0.0 0.0 0.0 0.0 0.0 0.0 0.0 0.0 0.0 0.5750000000000028 1.0 1.0 1.0 0.8249999999999957 
0.0 0.0 0.0 0.0 0.0 0.0 0.0 0.0 0.0 0.0 0.0 0.0 0.0 0.0 0.0 0.5750000000000028 1.0 1.0 1.0 0.8249999999999957 
0.0 0.0 0.0 0.0 0.0 0.0 0.0 0.0 0.0 0.0 0.0 0.0 0.0 0.0 0.0 0.5750000000000028 1.0 1.0 1.0 0.8249999999999957 
0.0 0.0 0.0 0.0 0.0 0.0 0.0 0.0 0.0 0.0 0.0 0.0 0.0 0.0 0.0 0.5750000000000028 1.0 1.0 1.0 0.8249999999999957 
0.0 0.0 0.0 0.0 0.0 0.0 0.0 0.0 0.0 0.0 0.0 0.0 0.0 0.0 0.0 0.5750000000000028 1.0 1.0 1.0 0.8249999999999957 
0.8249999999999984 1.0 1.0 1.0 0.6175000000000027 0.09250000000000463 0.027500000000001402 0.0 0.0 0.0 0.0 0.0 0.0 0.027500000000001582 0.09250000000000468 0.6175000000000047 1.0 1.0 0.9474999999999971 0.742499999999992 
0.5774999999999954 0.8424999999999974 1.0 1.0 1.0 0.9250000000000003 0.27500000000000036 0.0 0.0 0.0 0.0 0.0 0.18750000000000294 0.4925000000000046 0.9475000000000008 1.0 1.0 1.0 0.47499999999999787 0.0 
0.0 0.47499999999999865 1.0 1.0 1.0 0.9625000000000004 0.6375000000000027 0.5000000000000036 0.5000000000000036 0.5000000000000036 0.5000000000000036 0.5000000000000036 0.8125000000000018 1.0 1.0 1.0 0.8874999999999985 0.5624999999999951 0.23749999999999724 0.0 
0.0 0.14249999999999655 0.3874999999999936 0.8424999999999979 1.0 1.0 1.0 1.0 1.0 1.0 1.0 1.0 1.0 1.0 1.0 0.5974999999999944 0.23249999999999463 0.03749999999999813 0.0 0.0 
0.0 0.0 0.012499999999999178 0.0774999999999955 0.09999999999999432 0.1674999999999945 0.7524999999999982 1.0 1.0 1.0 1.0 1.0 0.43749999999999567 0.09999999999999432 0.09999999999999432 0.0424999999999973 0.0 0.0 0.0 0.0 
