0.0 0.7000000000000015 1.0 0.6999999999999984 0.0 0.0 0.0 0.0 0.0 0.0 0.0 0.0 0.0 0.0 0.0 0.0 0.0 0.0 0.30000000000000426 0.899999999999995 
0.0 0.7000000000000014 1.0 0.8349999999999999 0.4050000000000013 0.044999999999999284 0.0 0.0 0.0 0.0 0.0 0.0 0.0 0.0 0.0 0.0 0.31500000000000294 0.4500000000000024 0.615000000000004 0.899999999999995 
0.0 0.7000000000000014 1.0 1.0 0.8999999999999981 0.09999999999999787 0.5250000000000034 0.37499999999999933 0.0 0.0 0.0 0.0 0.0 0.0 0.0 0.0 0.7000000000000028 1.0 0.774999999999996 0.22499999999999637 
0.0 0.7000000000000014 1.0 1.0 1.0 1.0 0.3349999999999999 0.02500000000000111 0.0 0.0 0.0 0.0 0.0 0.0 0.0 0.0 0.7000000000000028 1.0 0.6999999999999957 0.0 
0.0 0.7000000000000014 1.0 1.0 1.0 1.0 1.0 0.49999999999999734 0.0 0.0 0.0 0.0 0.0 0.0 0.0 0.0 0.7000000000000028 0.8249999999999972 0.45499999999999496 0.0 
0.5850000000000043 0.8950000000000017 1.0 1.0 1.0 1.0 1.0 0.8250000000000011 0.4550000000000011 0.0 0.0 0.0 0.0 0.0 0.06500000000000362 0.5850000000000048 0.8950000000000021 0.49999999999999645 0.0 0.0 
0.9000000000000012 1.0 1.0 1.0 1.0 1.0 1.0 1.0 0.6999999999999975 0.0 0.0 0.0 0.0 0.0 0.10000000000000497 0.9000000000000021 1.0 0.49999999999999645 0.0 0.0 
0.9000000000000012 1.0 1.0 0.9249999999999985 0.7499999999999964 0.7499999999999964 0.9249999999999994 1.0 0.7749999999999992 0.22500000000000261 0.0249999999999996 0.0 0.0 0.0 0.10000000000000497 0.9000000000000021 1.0 0.49999999999999645 0.0 0.0 
0.9000000000000012 1.0 1.0 0.6999999999999984 0.0 0.0 0.700000000000002 1.0 1.0 0.9549999999999994 0.5950000000000025 0.1649999999999997 0.0 0.0 0.10000000000000497 0.9000000000000021 1.0 0.49999999999999645 0.0 0.0 
0.9000000000000012 1.0 1.0 0.6999999999999984 0.0 0.0 0.10499999999999682 0.5749999999999997 1.0 1.0 1.0 0.29999999999999716 0.0 0.0 0.10000000000000497 0.9000000000000021 1.0 0.49999999999999645 0.0 0.0 
0.9000000000000012 1.0 0.9249999999999969 0.5949999999999946 0.0 0.0 0.0 0.42499999999999943 0.8949999999999964 1.0 1.0 1.0 0.49999999999999645 0.0 0.10000000000000497 0.9000000000000021 1.0 0.49999999999999645 0.0 0.0 
0.9000000000000012 1.0 0.49999999999999845 0.0 0.0 0.0 0.0 0.0 0.3000000000000025 1.0 1.0 1.0 0.7250000000000003 0.31500000000000133 0.10000000000000497 0.9000000000000021 1.0 0.49999999999999645 0.0 0.0 
0.9000000000000012 1.0 0.49999999999999845 0.0 0.0 0.0 0.0 0.0 0.07499999999999903 0.32499999999999696 0.9250000000000017 1.0 1.0 0.9250000000000005 0.775000000000006 0.9750000000000011 1.0 0.49999999999999645 0.0 0.0 
0.9000000000000012 1.0 0.49999999999999845 0.0 0.0 0.0 0.0 0.0 0.0 0.0 0.0 0.7000000000000028 1.0 1.0 1.0 1.0 1.0 0.49999999999999645 0.0 0.0 
0.9000000000000012 1.0 0.49999999999999845 0.0 0.0 0.0 0.0 0.0 0.0 0.0 0.0 0.7000000000000028 1.0 1.0 1.0 1.0 1.0 0.49999999999999645 0.0 0.0 
0.9000000000000012 1.0 0.49999999999999845 0.0 0.0 0.0 0.0 0.0 0.0 0.0 0.0 0.7000000000000028 1.0 1.0 1.0 1.0 1.0 0.49999999999999645 0.0 0.0 
0.9000000000000012 1.0 0.49999999999999845 0.0 0.0 0.0 0.0 0.0 0.0 0.0 0.0 0.034999999999995667 0.5250000000000001 1.0 1.0 1.0 1.0 0.49999999999999645 0.0 0.0 
0.6749999999999945 0.9249999999999983 0.49999999999999845 0.0 0.0 0.0 0.0 0.0 0.0 0.0 0.0 0.0 0.3749999999999991 0.8249999999999961 1.0 1.0 1.0 0.49999999999999645 0.0 0.0 
0.4950000000000077 0.865000000000003 0.49999999999999845 0.0 0.0 0.0 0.0 0.0 0.0 0.0 0.0 0.0 0.0 0.30000000000000426 1.0 1.0 1.0 0.49999999999999645 0.0 0.0 
0.9000000000000012 1.0 0.49999999999999845 0.0 0.0 0.0 0.0 0.0 0.0 0.0 0.0 0.0 0.0 0.04499999999999808 0.14999999999999147 0.14999999999999147 0.14999999999999147 0.07499999999999521 0.0 0.0 
