0.0 0.0 0.125 0.3750000000000001 0.6250000000000002 0.8750000000000002 1.0 1.0 1.0 1.0 1.0 1.0 1.0 1.0 1.0 1.0 1.0 1.0 0.8749999999999982 0.6249999999999982 
0.0 0.0 0.125 0.3750000000000001 0.6250000000000002 0.8750000000000002 1.0 1.0 1.0 1.0 1.0 1.0 1.0 1.0 1.0 1.0 1.0 1.0 0.8749999999999982 0.6249999999999982 
0.31250000000000044 0.4375000000000007 0.5625000000000008 0.6875000000000007 0.8125000000000004 0.9375000000000002 1.0 1.0 1.0 1.0 1.0 1.0 1.0 1.0 1.0 1.0 1.0 1.0 0.8749999999999982 0.6249999999999982 
0.6249999999999998 0.8749999999999999 1.0 1.0 1.0 1.0 1.0 1.0 1.0 1.0 1.0 1.0 1.0 1.0 1.0 1.0 1.0 1.0 0.8749999999999982 0.6249999999999982 
0.6249999999999998 0.8749999999999999 1.0 1.0 1.0 1.0 1.0 1.0 1.0 1.0 1.0 1.0 1.0 1.0 1.0 1.0 1.0 1.0 0.8749999999999982 0.6249999999999982 
0.0 0.0 0.11250000000000004 0.33750000000000024 0.5625000000000004 0.7875000000000005 0.9125000000000003 0.9375000000000003 0.9625000000000002 0.9875000000000002 1.0 1.0 1.0 1.0 1.0 1.0 1.0 1.0 0.8749999999999982 0.6249999999999982 
0.0 0.0 0.0 0.0 0.0 0.0 0.12500000000000044 0.37500000000000067 0.6250000000000007 0.8750000000000007 1.0 1.0 1.0 1.0 1.0 1.0 1.0 1.0 0.8749999999999982 0.6249999999999982 
0.0 0.0 0.0 0.0 0.0 0.0 0.12500000000000044 0.37500000000000067 0.6250000000000007 0.8750000000000007 1.0 1.0 1.0 1.0 1.0 1.0 1.0 1.0 0.8749999999999982 0.6249999999999982 
0.0 0.0 0.0 0.0 0.0 0.0 0.12500000000000044 0.37500000000000067 0.6250000000000007 0.8750000000000007 1.0 1.0 1.0 1.0 1.0 1.0 1.0 1.0 0.8749999999999982 0.6249999999999982 
0.0 0.0 0.0 0.0 0.0 0.0 0.12500000000000044 0.37500000000000067 0.6250000000000007 0.8750000000000007 1.0 1.0 1.0 1.0 1.0 1.0 1.0 1.0 0.8749999999999982 0.6249999999999982 
0.0 0.0 0.0 0.0 0.0 0.0 0.12500000000000044 0.37500000000000067 0.6250000000000007 0.8750000000000007 1.0 1.0 1.0 1.0 1.0 1.0 1.0 1.0 0.8749999999999982 0.6249999999999982 
0.0 0.0 0.0 0.0 0.0 0.0 0.12500000000000044 0.37500000000000067 0.6250000000000007 0.8750000000000007 1.0 1.0 1.0 1.0 1.0 1.0 1.0 1.0 0.8749999999999982 0.6249999999999982 
0.0 0.0 0.0 0.0 0.0 0.0 0.12500000000000044 0.37500000000000067 0.6250000000000007 0.8750000000000007 1.0 1.0 1.0 1.0 1.0 1.0 1.0 1.0 0.8749999999999982 0.6249999999999982 
0.0 0.0 0.0 0.0 0.0 0.0 0.12500000000000044 0.37500000000000067 0.6250000000000007 0.8750000000000007 1.0 1.0 1.0 1.0 1.0 1.0 1.0 1.0 0.8749999999999982 0.6249999999999982 
0.0 0.0 0.0 0.0 0.0 0.0 0.12500000000000044 0.37500000000000067 0.6250000000000007 0.8750000000000007 1.0 1.0 1.0 1.0 1.0 1.0 1.0 1.0 0.8749999999999982 0.6249999999999982 
0.0 0.0 0.0 0.0 0.0 0.0 0.12500000000000044 0.37500000000000067 0.6250000000000007 0.8750000000000007 1.0 1.0 1.0 1.0 1.0 1.0 1.0 1.0 0.8749999999999982 0.6249999999999982 
0.0 0.0 0.0 0.0 0.0 0.0 0.12500000000000044 0.37500000000000067 0.6250000000000007 0.8750000000000007 1.0 1.0 1.0 1.0 1.0 1.0 1.0 1.0 0.8749999999999982 0.6249999999999982 
0.0 0.0 0.0 0.0 0.0 0.0 0.12500000000000044 0.37500000000000067 0.6250000000000007 0.8750000000000007 1.0 1.0 1.0 1.0 1.0 1.0 1.0 1.0 0.8749999999999982 0.6249999999999982 
0.0 0.0 0.0 0.0 0.0 0.0 0.12500000000000044 0.37500000000000067 0.6250000000000007 0.8750000000000007 1.0 1.0 1.0 1.0 1.0 1.0 1.0 1.0 0.8749999999999982 0.6249999999999982 
0.0 0.0 0.0 0.0 0.0 0.0 0.12500000000000044 0.37500000000000067 0.6250000000000007 0.8750000000000007 1.0 1.0 1.0 1.0 0.8874999999999991 0.6625000000000003 0.4375000000000015 0.21250000000000274 0.08750000000000417 0.06250000000000293 
