0.08249999999999807 0.09999999999999787 0.09999999999999787 0.09999999999999787 0.09999999999999787 0.09999999999999787 0.09999999999999787 0.43749999999999867 1.0 1.0 1.0 1.0 1.0 1.0 1.0 1.0 1.0 1.0 0.527499999999997 0.08249999999999781 
0.8249999999999984 1.0 1.0 1.0 1.0 1.0 1.0 1.0 1.0 1.0 1.0 1.0 1.0 1.0 1.0 1.0 1.0 1.0 0.8425000000000002 0.5774999999999985 
0.8249999999999984 1.0 1.0 1.0 0.7875000000000009 0.5000000000000013 0.5000000000000013 0.5000000000000013 0.5000000000000013 0.5000000000000013 0.5000000000000013 0.5000000000000013 0.5000000000000013 0.5000000000000013 0.5000000000000013 0.5000000000000013 0.5000000000000013 0.5000000000000013 0.23749999999999957 0.0 
0.8249999999999984 1.0 1.0 1.0 0.5750000000000006 0.0 0.0 0.0 0.0 0.0 0.0 0.0 0.0 0.0 0.0 0.0 0.0 0.0 0.0 0.0 
0.8249999999999984 1.0 1.0 1.0 0.5750000000000006 0.0 0.0 0.0 0.0 0.0 0.0 0.0 0.0 0.0 0.0 0.0 0.0 0.0 0.0 0.0 
0.8249999999999984 1.0 1.0 1.0 0.5750000000000006 0.0 0.0 0.0 0.0 0.0 0.0 0.0 0.0 0.0 0.0 0.0 0.0 0.0 0.0 0.0 
0.8249999999999984 1.0 1.0 1.0 0.7025000000000008 0.3000000000000007 0.3000000000000007 0.3000000000000007 0.3000000000000007 0.3000000000000007 0.3000000000000007 0.3000000000000007 0.3000000000000007 0.3000000000000007 0.3000000000000007 0.12749999999999945 0.0 0.0 0.0 0.0 
0.8249999999999984 1.0 1.0 1.0 1.0 1.0 1.0 1.0 1.0 1.0 1.0 1.0 1.0 1.0 1.0 0.7124999999999986 0.3874999999999993 0.062499999999998224 0.0 0.0 
0.8249999999999984 1.0 1.0 1.0 1.0 1.0 1.0 0.7374999999999996 0.29999999999999893 0.29999999999999893 0.29999999999999893 0.29999999999999893 0.7375000000000003 1.0 1.0 1.0 0.9324999999999998 0.7374999999999998 0.332499999999999 0.0 
0.8249999999999984 1.0 1.0 1.0 1.0 0.9325000000000001 0.3474999999999988 0.06249999999999867 0.0 0.0 0.0 0.0 0.06249999999999876 0.34750000000000036 0.9325000000000004 1.0 1.0 1.0 0.47499999999999787 0.0 
0.7424999999999974 0.8999999999999986 0.8999999999999986 0.8999999999999986 0.5174999999999997 0.0 0.0 0.0 0.0 0.0 0.0 0.0 0.0 0.0 0.0 0.5750000000000028 1.0 1.0 1.0 0.8249999999999957 
0.0 0.0 0.0 0.0 0.0 0.0 0.0 0.0 0.0 0.0 0.0 0.0 0.0 0.0 0.0 0.5750000000000028 1.0 1.0 1.0 0.8249999999999957 
0.0 0.0 0.0 0.0 0.0 0.0 0.0 0.0 0.0 0.0 0.0 0.0 0.0 0.0 0.0 0.5750000000000028 1.0 1.0 1.0 0.8249999999999957 
0.0 0.0 0.0 0.0 0.0 0.0 0.0 0.0 0.0 0.0 0.0 0.0 0.0 0.0 0.0 0.5750000000000028 1.0 1.0 1.0 0.8249999999999957 
0.0 0.0 0.0 0.0 0.0 0.0 0.0 0.0 0.0 0.0 0.0 0.0 0.0 0.0 0.0 0.5750000000000028 1.0 1.0 1.0 0.8249999999999957 
0.8249999999999984 1.0 1.0 1.0 0.5750000000000006 0.0 0.0 0.0 0.0 0.0 0.0 0.0 0.0 0.0 0.0 0.5750000000000028 1.0 1.0 1.0 0.8249999999999957 
0.8249999999999984 1.0 1.0 1.0 0.5750000000000006 0.0 0.0 0.0 0.0 0.0 0.0 0.0 0.0 0.08250000000000181 0.27750000000000413 0.7025000000000038 1.0 1.0 0.8424999999999971 0.5774999999999935 
0.8249999999999984 1.0 1.0 1.0 0.7875000000000019 0.5000000000000036 0.5000000000000036 0.3125000000000022 0.0 0.0 0.0 0.0 0.31250000000000266 0.6375000000000036 0.9625000000000006 1.0 0.8874999999999985 0.5624999999999951 0.23749999999999724 0.0 
0.24749999999999425 0.6324999999999956 1.0 1.0 1.0 1.0 1.0 0.8875000000000024 0.7000000000000064 0.7000000000000064 0.7000000000000064 0.7000000000000064 0.8875000000000026 1.0 1.0 1.0 0.7749999999999986 0.12499999999999645 0.0 0.0 
0.0 0.04749999999999716 0.09999999999999432 0.09999999999999432 0.48249999999999615 1.0 1.0 1.0 1.0 1.0 1.0 1.0 1.0 0.7524999999999965 0.1674999999999941 0.09999999999999432 0.07749999999999545 0.012499999999998934 0.0 0.0 
