0.12374999999999653 0.14999999999999503 0.14999999999999503 0.14999999999999503 0.5112499999999996 1.0 1.0 1.0 1.0 1.0 1.0 1.0 1.0 0.7662499999999983 0.21374999999999478 0.14999999999999503 0.34124999999999583 0.8937499999999994 0.5537499999999986 0.12374999999999606 
0.4537500000000062 0.5500000000000047 0.5500000000000047 0.5500000000000047 0.5500000000000047 0.5500000000000047 0.5500000000000047 0.5500000000000047 0.5500000000000047 0.5500000000000047 0.5500000000000047 0.5500000000000047 0.5500000000000047 0.6737500000000036 0.9662500000000007 1.0 1.0 1.0 1.0 0.8250000000000011 
0.0 0.0 0.0 0.0 0.0 0.0 0.0 0.0 0.0 0.0 0.0 0.0 0.0 0.06875000000000131 0.23125000000000429 0.6812500000000014 1.0 1.0 0.6062500000000034 0.20625000000000393 
0.0 0.0 0.0 0.0 0.0 0.0 0.0 0.0 0.0 0.0 0.0 0.0 0.0 0.013749999999998748 0.04624999999999577 0.5962499999999974 0.988750000000001 0.956250000000004 0.45125000000000354 0.0 
0.0 0.0 0.0 0.0 0.0 0.0 0.0 0.0 0.0 0.0 0.0 0.0 0.0 0.27500000000000036 0.9250000000000007 1.0 0.7750000000000004 0.125 0.0 0.0 
0.0 0.0 0.0 0.0 0.0 0.0 0.0 0.0 0.0 0.0 0.0 0.0 0.406249999999998 0.7462499999999979 0.97375 0.6262500000000023 0.2712500000000026 0.0437500000000004 0.0 0.0 
0.0 0.0 0.0 0.0 0.0 0.0 0.0 0.0 0.0 0.0 0.0 0.0 0.625 1.0 1.0 0.4250000000000007 0.0 0.0 0.0 0.0 
0.0 0.0 0.0 0.0 0.0 0.0 0.0 0.0 0.0 0.0 0.32500000000000107 0.9750000000000014 1.0 0.7249999999999996 0.07499999999999929 0.0 0.0 0.0 0.0 0.0 
0.0 0.0 0.0 0.0 0.0 0.0 0.0 0.0 0.013750000000001102 0.37124999999999847 0.6962499999999986 0.9887500000000006 0.6562500000000018 0.3262500000000019 0.03374999999999989 0.0 0.0 0.0 0.0 0.0 
0.0 0.0 0.0 0.0 0.0 0.0 0.0 0.0 0.02500000000000213 0.6750000000000007 1.0 1.0 0.375 0.0 0.0 0.0 0.0 0.0 0.0 0.0 
0.0 0.0 0.0 0.0 0.0 0.0 0.0 0.3750000000000018 1.0 1.0 0.6749999999999989 0.02499999999999858 0.0 0.0 0.0 0.0 0.0 0.0 0.0 0.0 
0.0 0.0 0.0 0.0 0.0 0.03375000000000089 0.32624999999999926 0.6562499999999994 0.9887499999999991 0.6962500000000014 0.3712500000000011 0.01374999999999928 0.0 0.0 0.0 0.0 0.0 0.0 0.0 0.0 
0.0 0.0 0.0 0.0 0.0 0.0750000000000024 0.7250000000000023 1.0 0.9749999999999979 0.3249999999999993 0.0 0.0 0.0 0.0 0.0 0.0 0.0 0.0 0.0 0.0 
0.0 0.0 0.0 0.0 0.42500000000000293 1.0 1.0 0.6249999999999982 0.0 0.0 0.0 0.0 0.0 0.0 0.0 0.0 0.0 0.0 0.0 0.0 
0.0 0.0 0.043750000000000976 0.2712499999999995 0.6262500000000006 0.9737499999999993 0.7462500000000007 0.40625000000000017 0.0 0.0 0.0 0.0 0.0 0.0 0.0 0.0 0.0 0.0 0.0 0.0 
0.0 0.30875000000000186 0.69375 0.9212500000000008 1.0 0.9249999999999976 0.2749999999999977 0.0 0.0 0.0 0.0 0.0 0.0 0.0 0.0 0.0 0.0 0.0 0.0 0.0 
0.0 0.47500000000000386 1.0 1.0 0.5962499999999975 0.04625000000000054 0.01375000000000008 0.0 0.0 0.0 0.0 0.0 0.0 0.0 0.0 0.0 0.0 0.0 0.0 0.0 
0.8250000000000042 1.0 1.0 1.0 0.5749999999999971 0.0 0.0 0.0 0.0 0.0 0.0 0.0 0.0 0.0 0.0 0.0 0.0 0.0 0.0 0.0 
0.8250000000000042 1.0 1.0 1.0 0.808749999999999 0.5500000000000007 0.5500000000000007 0.5500000000000007 0.5500000000000007 0.5500000000000007 0.5500000000000007 0.5500000000000007 0.5500000000000007 0.5500000000000007 0.5500000000000007 0.5500000000000007 0.5500000000000007 0.5500000000000007 0.5500000000000007 0.45375000000000115 
0.8250000000000042 1.0 1.0 1.0 1.0 1.0 1.0 1.0 1.0 1.0 1.0 1.0 1.0 1.0 1.0 1.0 1.0 1.0 1.0 0.8250000000000011 
