0.0 0.0 0.0 0.0 0.09749999999999966 0.14999999999999858 0.19250000000000303 0.7875000000000042 1.0 1.0 1.0 1.0 0.7874999999999936 0.1924999999999932 0.14999999999999858 0.0974999999999978 0.0 0.0 0.0 0.0 
0.0 0.0 0.112500000000001 0.42750000000000016 0.8075000000000017 1.0 0.9774999999999978 0.6624999999999988 0.5500000000000016 0.5500000000000016 0.5500000000000016 0.5500000000000016 0.5500000000000016 0.5500000000000016 0.8425000000000047 0.8074999999999948 0.42749999999999494 0.1124999999999948 0.0 0.0 
0.0 0.41250000000000103 0.8124999999999994 0.9875000000000008 0.5124999999999982 0.2500000000000018 0.2375000000000004 0.06249999999999911 0.0 0.0 0.0 0.0 0.0 0.0 0.16250000000000347 0.5125000000000075 0.9874999999999979 0.812499999999996 0.41249999999999154 0.0 
0.0 0.5500000000000027 0.9875000000000004 0.9525000000000017 0.33249999999999696 0.0 0.0 0.0 0.0 0.0 0.0 0.0 0.0 0.0 0.0 0.0 0.050000000000007816 0.7500000000000107 0.9775000000000004 0.8074999999999929 
0.0 0.5500000000000027 0.7499999999999969 0.04999999999999627 0.0 0.0 0.0 0.0 0.0 0.0 0.0 0.0 0.0 0.0 0.0 0.0 0.032500000000005184 0.48750000000000854 0.3574999999999947 0.0 
0.5524999999999995 0.8424999999999999 0.7499999999999969 0.04999999999999627 0.0 0.0 0.0 0.0 0.0 0.0 0.0 0.0 0.0 0.0 0.0 0.0 0.0 0.0 0.0 0.0 
0.04250000000000223 0.5725000000000037 0.7499999999999969 0.04999999999999627 0.0 0.0 0.0 0.0 0.0 0.0 0.0 0.0 0.0 0.0 0.0 0.0 0.0 0.0 0.0 0.0 
0.0 0.5500000000000027 0.7499999999999969 0.04999999999999627 0.0 0.0 0.0 0.0 0.0 0.0 0.0 0.0 0.0 0.0 0.0 0.0 0.0 0.0 0.0 0.0 
0.0 0.5500000000000027 0.7499999999999969 0.04999999999999627 0.0 0.0 0.0 0.0 0.0 0.0 0.0 0.0 0.0 0.0 0.0 0.0 0.0 0.0 0.0 0.0 
0.0 0.5500000000000027 0.7499999999999969 0.04999999999999627 0.0 0.0 0.0 0.0 0.0 0.0 0.0 0.0 0.0 0.0 0.0 0.0 0.04250000000000654 0.6375000000000075 0.46749999999999037 0.0 
0.0 0.5500000000000027 0.7499999999999969 0.04999999999999627 0.0 0.0 0.0 0.0 0.0 0.0 0.0 0.0 0.0 0.0 0.55250000000001 0.8500000000000032 0.8575000000000043 0.9625000000000024 0.9324999999999999 0.7224999999999948 
0.0 0.5500000000000027 0.7499999999999969 0.04999999999999627 0.0 0.0 0.0 0.0 0.0 0.0 0.0 0.0 0.0 0.0 0.0 0.0 0.02750000000000451 0.4125000000000091 0.5049999999999994 0.38249999999999224 
0.0 0.5500000000000027 0.7499999999999969 0.04999999999999627 0.0 0.0 0.0 0.0 0.0 0.0 0.0 0.0 0.0 0.0 0.0 0.0 0.0 0.0 0.45000000000000995 0.8499999999999908 
0.0 0.5500000000000027 0.7499999999999969 0.04999999999999627 0.0 0.0 0.0 0.0 0.0 0.0 0.0 0.0 0.0 0.0 0.0 0.0 0.0025000000000002486 0.0374999999999984 0.04999999999999716 0.04249999999999712 
0.0 0.5500000000000027 0.7499999999999969 0.04999999999999627 0.0 0.0 0.0 0.0 0.0 0.0 0.0 0.0 0.0 0.0 0.0 0.0 0.050000000000007816 0.7500000000000107 1.0 0.8499999999999908 
0.0 0.5500000000000027 0.7499999999999969 0.04999999999999627 0.0 0.0 0.0 0.0 0.0 0.0 0.0 0.0 0.0 0.0 0.0 0.0 0.050000000000007816 0.7500000000000107 0.7074999999999958 0.297500000000001 
0.0 0.5500000000000027 0.9874999999999988 0.9524999999999958 0.3324999999999948 0.0 0.0 0.0 0.0 0.0 0.0 0.0 0.0 0.0 0.0 0.0 0.050000000000007816 0.7500000000000107 0.54999999999999 0.0 
0.0 0.412500000000004 0.8125000000000034 0.9875000000000012 0.5124999999999947 0.16249999999999667 0.0 0.0 0.0 0.0 0.0 0.0 0.0 0.0 0.1625 0.5125000000000041 0.9874999999999983 0.8125 0.4124999999999945 0.0 
0.0 0.0 0.11250000000000211 0.4275000000000044 0.8075000000000032 0.8424999999999971 0.5499999999999972 0.5499999999999972 0.5499999999999972 0.5499999999999972 0.5499999999999972 0.5499999999999972 0.5499999999999972 0.5499999999999972 0.8425000000000031 0.8074999999999963 0.42749999999999916 0.11249999999999591 0.0 0.0 
0.0 0.0 0.0 0.0 0.09750000000000428 0.44750000000000717 1.0 1.0 1.0 1.0 1.0 1.0 1.0 1.0 0.44749999999999585 0.09750000000000242 0.0 0.0 0.0 0.0 
