0.0 0.0 0.0 0.0 0.0 0.052500000000000116 0.14999999999999858 0.14999999999999858 0.532500000000004 1.0 1.0 1.0 0.7874999999999936 0.1924999999999932 0.14999999999999858 0.0974999999999978 0.0 0.0 0.0 0.0 
0.0 0.0 0.112500000000001 0.42750000000000016 0.4499999999999984 0.6425000000000012 1.0 1.0 1.0 1.0 1.0 1.0 1.0 1.0 1.0 0.8074999999999948 0.42749999999999494 0.1124999999999948 0.0 0.0 
0.0 0.0 0.2500000000000031 0.9500000000000037 1.0 1.0 0.9624999999999962 0.43749999999999734 0.2500000000000018 0.2500000000000018 0.2500000000000018 0.2500000000000018 0.2500000000000018 0.2500000000000018 0.7375000000000076 1.0 0.9874999999999979 0.812499999999996 0.41249999999999154 0.0 
0.0 0.5500000000000027 1.0 1.0 1.0 0.6499999999999959 0.0 0.0 0.0 0.0 0.0 0.0 0.0 0.0 0.0 0.3500000000000085 1.0 1.0 1.0 0.8499999999999908 
0.0 0.5500000000000027 1.0 1.0 0.7725 0.4224999999999987 0.0 0.0 0.0 0.0 0.0 0.0 0.0 0.0 0.0 0.3500000000000085 1.0 1.0 1.0 0.8499999999999908 
0.5524999999999995 0.8424999999999999 1.0 1.0 0.3499999999999961 0.0 0.0 0.0 0.0 0.0 0.0 0.0 0.0 0.0 0.0 0.3500000000000085 1.0 1.0 1.0 0.8499999999999908 
0.04250000000000223 0.5725000000000037 1.0 1.0 0.3499999999999961 0.0 0.0 0.0 0.0 0.0 0.0 0.0 0.0 0.0 0.0 0.3500000000000085 1.0 1.0 1.0 0.8499999999999908 
0.0 0.5500000000000027 1.0 1.0 1.0 0.6499999999999959 0.0 0.0 0.0 0.0 0.0 0.0 0.0 0.0 0.1625 0.5125000000000041 1.0 1.0 0.54999999999999 0.0 
0.0 0.24750000000000277 0.5875000000000039 0.9725000000000021 1.0 0.8424999999999971 0.5499999999999972 0.5499999999999972 0.5499999999999972 0.5499999999999972 0.5499999999999972 0.5499999999999972 0.5499999999999972 0.5499999999999972 0.8425000000000031 1.0 0.9724999999999958 0.5874999999999962 0.24749999999999708 0.0 
0.0 0.0 0.037500000000001 0.1425000000000026 0.7025000000000041 1.0 1.0 1.0 1.0 1.0 1.0 1.0 1.0 1.0 1.0 0.7024999999999935 0.14250000000000085 0.03749999999999894 0.0 0.0 
0.0 0.0 0.037499999999999666 0.14249999999999752 0.7025000000000022 1.0 0.9924999999999994 0.8875000000000016 0.8500000000000032 0.8500000000000032 0.8500000000000032 0.8500000000000032 0.8875000000000035 0.9925000000000012 1.0 0.7024999999999917 0.1499999999999968 0.1499999999999968 0.08249999999999674 0.0 
0.0 0.2474999999999989 0.5874999999999986 0.9725000000000018 1.0 0.8424999999999996 0.5225000000000012 0.13749999999999812 0.0 0.0 0.0 0.0 0.13750000000000498 0.5225000000000075 0.5500000000000043 0.7075000000000066 1.0 1.0 0.54999999999999 0.0 
0.6374999999999987 0.8874999999999991 1.0 1.0 0.5124999999999994 0.16250000000000128 0.0 0.0 0.0 0.0 0.0 0.0 0.0 0.0 0.0 0.3500000000000085 1.0 1.0 0.887499999999996 0.6374999999999901 
0.8500000000000023 1.0 1.0 1.0 0.3499999999999961 0.0 0.0 0.0 0.0 0.0 0.0 0.0 0.0 0.0 0.0 0.3500000000000085 1.0 1.0 1.0 0.8499999999999908 
0.8500000000000023 1.0 1.0 1.0 0.3499999999999961 0.0 0.0 0.0 0.0 0.0 0.0 0.0 0.0 0.0 0.0 0.3500000000000085 1.0 1.0 1.0 0.8499999999999908 
0.8500000000000023 1.0 1.0 1.0 0.3499999999999961 0.0 0.0 0.0 0.0 0.0 0.0 0.0 0.0 0.0 0.0 0.3500000000000085 1.0 1.0 1.0 0.8499999999999908 
0.8500000000000023 1.0 1.0 1.0 0.3499999999999961 0.0 0.0 0.0 0.0 0.0 0.0 0.0 0.0 0.0 0.0 0.3500000000000085 1.0 1.0 0.5724999999999925 0.04250000000000316 
0.0 0.5500000000000027 1.0 1.0 1.0 0.7374999999999957 0.24999999999999645 0.24999999999999645 0.13749999999999668 0.0 0.0 0.0 0.06250000000000089 0.2374999999999982 0.7375000000000057 1.0 0.9874999999999983 0.8125 0.4124999999999945 0.0 
0.0 0.24750000000000277 0.45000000000000284 0.45000000000000284 0.8075000000000032 1.0 1.0 1.0 0.7974999999999962 0.5499999999999972 0.5499999999999972 0.5499999999999972 0.6625000000000011 0.9775000000000027 1.0 0.8074999999999963 0.42749999999999916 0.11249999999999591 0.0 0.0 
0.0 0.0 0.0 0.0 0.09750000000000428 0.15000000000000568 0.19250000000000977 0.787500000000006 1.0 1.0 1.0 1.0 0.7874999999999954 0.19249999999999995 0.15000000000000568 0.09750000000000242 0.0 0.0 0.0 0.0 
