0.0 0.0 0.0 0.01562500000000039 0.10937500000000311 0.6718750000000017 1.0 1.0 1.0 1.0 1.0 1.0 1.0 0.4531249999999991 0.12500000000000355 0.10937500000000244 0.015624999999999778 0.0 0.0 0.0 
0.0 0.0 0.14062500000000075 0.4531250000000022 0.9218750000000003 1.0 1.0 0.9531249999999989 0.6718749999999968 0.6249999999999971 0.6249999999999971 0.6718749999999988 0.953125000000001 1.0 1.0 0.921874999999997 0.4531249999999992 0.14062499999999908 0.0 0.0 
0.0 0.39062500000000056 0.7656250000000011 1.0 1.0 0.6093749999999983 0.3749999999999978 0.3281249999999974 0.046874999999999056 0.0 0.0 0.046875000000001055 0.3281249999999994 0.3749999999999978 0.609375000000002 1.0 1.0 0.7656249999999993 0.39062499999999806 0.0 
0.0 0.6249999999999987 1.0 1.0 1.0 0.37499999999999956 0.0 0.0 0.0 0.0 0.0 0.0 0.0 0.0 0.37500000000000533 1.0 1.0 1.0 0.6249999999999947 0.0 
0.8749999999999982 1.0 1.0 0.8750000000000004 0.125 0.0 0.0 0.0 0.0 0.0 0.0 0.0 0.0 0.0 0.32812500000000433 0.8749999999999991 0.8749999999999991 0.8749999999999991 0.5468749999999948 0.0 
0.8749999999999982 1.0 1.0 0.8750000000000004 0.125 0.0 0.0 0.0 0.0 0.0 0.0 0.0 0.0 0.0 0.0 0.0 0.0 0.0 0.0 0.0 
0.8749999999999982 1.0 1.0 0.8750000000000004 0.125 0.0 0.0 0.0 0.0 0.0 0.0 0.0 0.0 0.0 0.0 0.0 0.0 0.0 0.0 0.0 
0.8749999999999982 1.0 1.0 0.8750000000000004 0.125 0.0 0.0 0.0 0.0 0.0 0.0 0.0 0.0 0.0 0.0 0.0 0.0 0.0 0.0 0.0 
0.8749999999999982 1.0 1.0 0.8750000000000004 0.125 0.0 0.0 0.0 0.0 0.0 0.04687499999999967 0.12499999999999822 0.12499999999999822 0.12499999999999822 0.12499999999999822 0.12499999999999822 0.12499999999999822 0.12499999999999822 0.07812499999999822 0.0 
0.8749999999999982 1.0 1.0 0.8750000000000004 0.125 0.0 0.0 0.0 0.0 0.23437499999999956 0.6093750000000006 1.0 1.0 1.0 1.0 1.0 1.0 1.0 0.765624999999996 0.3281249999999958 
0.8749999999999982 1.0 1.0 0.8750000000000004 0.125 0.0 0.0 0.0 0.0 0.2343750000000029 0.6093750000000039 1.0 1.0 1.0 1.0 1.0 1.0 1.0 1.0 0.8749999999999929 
0.8749999999999982 1.0 1.0 0.8750000000000004 0.125 0.0 0.0 0.0 0.0 0.0 0.046875000000001665 0.12500000000000355 0.12500000000000355 0.12500000000000355 0.4531250000000069 1.0 1.0 1.0 1.0 0.8749999999999929 
0.8749999999999982 1.0 1.0 0.8750000000000004 0.125 0.0 0.0 0.0 0.0 0.0 0.0 0.0 0.0 0.0 0.37500000000000533 1.0 1.0 1.0 1.0 0.8749999999999929 
0.8749999999999982 1.0 1.0 0.8750000000000004 0.125 0.0 0.0 0.0 0.0 0.0 0.0 0.0 0.0 0.0 0.37500000000000533 1.0 1.0 1.0 0.8593749999999993 0.5468749999999987 
0.8749999999999982 1.0 1.0 0.8750000000000004 0.125 0.0 0.0 0.0 0.0 0.0 0.0 0.0 0.0 0.0 0.37500000000000533 1.0 1.0 1.0 0.6249999999999947 0.0 
0.8749999999999982 1.0 1.0 0.8750000000000004 0.125 0.0 0.0 0.0 0.0 0.0 0.0 0.0 0.0 0.0 0.37500000000000533 1.0 1.0 1.0 0.6249999999999947 0.0 
0.0 0.6249999999999987 1.0 1.0 1.0 0.37499999999999956 0.0 0.0 0.0 0.0 0.0 0.0 0.0 0.0 0.37500000000000533 1.0 1.0 1.0 0.6249999999999947 0.0 
0.0 0.3906250000000036 0.7656250000000041 1.0 1.0 0.6093749999999953 0.23437499999999523 0.0 0.0 0.0 0.0 0.046875000000000444 0.3281249999999951 0.3749999999999929 0.6093749999999989 1.0 1.0 0.7656250000000024 0.3906250000000011 0.0 
0.0 0.0 0.14062500000000233 0.45312500000000594 0.9218750000000009 1.0 0.859374999999997 0.6249999999999929 0.6249999999999929 0.6249999999999929 0.6249999999999929 0.6718749999999951 0.9531250000000004 1.0 1.0 0.9218749999999976 0.4531250000000029 0.14062500000000067 0.0 0.0 
0.0 0.0 0.0 0.015625000000001277 0.10937500000000933 0.6718750000000043 1.0 1.0 1.0 1.0 1.0 1.0 1.0 0.45312500000000355 0.12500000000001066 0.10937500000000866 0.015625000000000666 0.0 0.0 0.0 
