0.0 0.0 0.0 0.0 0.0 0.10937499999999846 0.17499999999999716 0.27812499999999823 0.8968750000000004 1.0 1.0 1.0 1.0 1.0 0.6906249999999989 0.1531249999999975 0.021874999999999645 0.0 0.0 0.0 
0.0 0.0 0.0 0.06562500000000043 0.45937499999999887 0.8218749999999999 1.0 1.0 1.0 0.6718750000000009 0.4750000000000021 0.4750000000000021 0.4750000000000021 0.8031250000000008 1.0 0.9406249999999997 0.5843749999999982 0.5249999999999979 0.32812499999999867 0.0 
0.0 0.0 0.32812500000000083 0.890624999999999 0.984375 1.0 0.6718749999999998 0.12500000000000133 0.12500000000000133 0.04687500000000039 0.0 0.0 0.0 0.07812500000000083 0.45312500000000083 1.0 1.0 1.0 0.625 0.0 
0.0 0.14062500000000014 0.515625000000001 1.0 1.0 0.37499999999999867 0.0 0.0 0.0 0.0 0.0 0.0 0.0 0.0 0.0 0.125 0.875 1.0 1.0 0.875 
0.0 0.6250000000000017 1.0 1.0 1.0 0.37499999999999867 0.0 0.0 0.0 0.0 0.0 0.0 0.0 0.0 0.0 0.125 0.875 1.0 1.0 0.875 
0.0 0.04687499999999968 0.07499999999999929 0.07499999999999929 0.07499999999999929 0.028124999999999633 0.0 0.0 0.0 0.0 0.0 0.0 0.0 0.0 0.0 0.125 0.875 1.0 1.0 0.875 
0.0 0.0 0.0 0.0 0.0 0.0 0.0 0.0 0.0 0.0 0.0 0.0 0.0 0.0 0.0 0.125 0.875 1.0 1.0 0.875 
0.0 0.0 0.0 0.0 0.0 0.0 0.0 0.0 0.0 0.0 0.0 0.0 0.0 0.0 0.23437500000000067 0.6718750000000016 0.9531250000000002 1.0 0.7656249999999993 0.32812499999999845 
0.0 0.0 0.0 0.0 0.0 0.0 0.0 0.0 0.0 0.0 0.0 0.0 0.0 0.609375000000002 0.984375000000002 1.0 1.0 0.390624999999998 0.015624999999998002 0.0 
0.0 0.0 0.0 0.0 0.0 0.0 0.0 0.1250000000000009 0.8750000000000009 1.0 1.0 1.0 1.0 1.0 1.0 0.875 0.125 0.0 0.0 0.0 
0.0 0.0 0.0 0.0 0.0 0.0 0.0 0.04062499999999976 0.28437499999999655 0.32499999999999574 0.32499999999999574 0.32499999999999574 0.32499999999999574 0.32499999999999574 0.5781249999999973 0.9593750000000005 0.7156250000000037 0.2531250000000016 0.0 0.0 
0.0 0.0 0.0 0.0 0.0 0.0 0.0 0.0 0.0 0.0 0.0 0.0 0.0 0.0 0.0 0.125 0.875 1.0 0.6343750000000021 0.021875000000004974 
0.0 0.0 0.0 0.0 0.0 0.0 0.0 0.0 0.0 0.0 0.0 0.0 0.0 0.0 0.0 0.125 0.875 1.0 1.0 0.875 
0.0 0.0 0.0 0.0 0.0 0.0 0.0 0.0 0.0 0.0 0.0 0.0 0.0 0.0 0.0 0.125 0.875 1.0 1.0 0.875 
0.06562500000000573 0.0750000000000064 0.0750000000000064 0.0656250000000055 0.009375000000000699 0.0 0.0 0.0 0.0 0.0 0.0 0.0 0.0 0.0 0.0 0.125 0.875 1.0 1.0 0.875 
0.5031249999999942 0.8406249999999977 1.0 0.8749999999999987 0.12499999999999867 0.0 0.0 0.0 0.0 0.0 0.0 0.0 0.0 0.0 0.0 0.125 0.875 1.0 1.0 0.875 
0.0 0.6250000000000017 1.0 0.9718750000000008 0.8031250000000077 0.2906250000000024 0.0 0.0 0.0 0.0 0.0 0.0 0.0 0.0 0.0 0.125 0.875 1.0 0.7093749999999965 0.19687499999999192 
0.0 0.0 0.37500000000000155 1.0 1.0 1.0 0.6718750000000032 0.12500000000001066 0.12500000000001066 0.12500000000001066 0.12500000000001066 0.12500000000001066 0.12500000000001066 0.12500000000001066 0.45312500000000666 1.0 1.0 0.9218749999999933 0.5468749999999933 0.0 
0.0 0.0 0.19687499999999628 0.5249999999999879 0.5249999999999879 0.8218749999999961 1.0 1.0 1.0 1.0 1.0 1.0 1.0 1.0 0.8218749999999955 0.5249999999999879 0.5249999999999879 0.19687499999999547 0.0 0.0 
0.0 0.0 0.0 0.0 0.0 0.10937499999999402 0.17499999999999005 0.17499999999999005 0.17499999999999005 0.690624999999997 0.6906249999999955 0.17499999999999005 0.17499999999999005 0.17499999999999005 0.10937499999999378 0.0 0.0 0.0 0.0 0.0 
