0.0 0.0 0.0 0.0 0.0 0.09374999999999944 0.4687500000000014 1.0 1.0 1.0 1.0 1.0 1.0 1.0 1.0 0.8937499999999938 0.2562499999999927 0.0562499999999984 0.0 0.0 
0.0 0.0 0.0 0.05625000000000045 0.39374999999999977 0.7937500000000008 1.0 0.9437499999999985 0.6062499999999994 0.5500000000000012 0.5500000000000012 0.5500000000000012 0.5500000000000012 0.5500000000000012 0.7187500000000039 1.0 1.0 0.6562499999999953 0.28124999999999606 0.0 
0.0 0.0 0.28125000000000033 0.7812499999999996 0.9687500000000003 0.5312499999999989 0.2500000000000009 0.2187499999999999 0.031249999999999223 0.0 0.0 0.0 0.0 0.0 0.09375000000000211 0.3437500000000061 0.9062500000000054 1.0 0.9062499999999979 0.6562499999999926 
0.0 0.6250000000000004 1.0 1.0 1.0 0.3749999999999978 0.0 0.0 0.0 0.0 0.0 0.0 0.0 0.0 0.0 0.11875000000000688 0.8312500000000077 0.9812500000000007 1.0 0.8749999999999911 
0.0 0.6250000000000004 1.0 1.0 1.0 0.3749999999999978 0.0 0.0 0.0 0.0 0.0 0.0 0.0 0.0 0.0 0.0 0.0 0.6250000000000071 1.0 0.8749999999999911 
0.0 0.6250000000000004 1.0 0.9187499999999991 0.4312499999999985 0.1312499999999991 0.0 0.0 0.0 0.0 0.0 0.0 0.0 0.0 0.0 0.0 0.0 0.6250000000000071 1.0 0.8749999999999911 
0.0 0.6250000000000004 1.0 0.8749999999999987 0.12499999999999822 0.0 0.0 0.0 0.0 0.0 0.0 0.0 0.0 0.0 0.0 0.0 0.0 0.6250000000000071 1.0 0.8749999999999911 
0.0 0.6250000000000004 1.0 1.0 1.0 0.3749999999999978 0.0 0.0 0.0 0.0 0.0 0.0 0.0 0.0 0.0 0.1250000000000071 0.8750000000000071 1.0 1.0 0.8749999999999911 
0.0 0.2812499999999998 0.65625 1.0 1.0 0.7187499999999994 0.343749999999999 0.0 0.0 0.0 0.0 0.0 0.0 0.0 0.20625000000000418 0.6062500000000038 0.9437500000000033 1.0 1.0 0.8749999999999911 
0.0 0.0 0.3750000000000009 1.0 1.0 1.0 0.9437500000000001 0.7437499999999982 0.10624999999999715 0.0 0.0 0.0 0.0 0.5312500000000054 0.906250000000002 1.0 1.0 1.0 1.0 0.8749999999999911 
0.0 0.0 0.0 0.0 0.0 0.5312500000000006 0.9062499999999991 1.0 1.0 1.0 0.9437499999999985 0.8499999999999979 0.8499999999999979 0.8499999999999979 0.8499999999999979 0.8687499999999992 0.9812500000000008 1.0 1.0 0.8749999999999911 
0.0 0.0 0.0 0.0 0.0 0.0 0.20625000000000107 0.5499999999999989 0.5499999999999989 0.5499999999999989 0.3437499999999969 0.0 0.0 0.0 0.0 0.1250000000000071 0.8750000000000071 1.0 1.0 0.8749999999999911 
0.0 0.0 0.0 0.0 0.0 0.0 0.0 0.0 0.0 0.0 0.0 0.0 0.0 0.0 0.0 0.031250000000001554 0.21875000000000022 0.7187500000000047 1.0 0.8749999999999911 
0.0 0.0 0.0 0.0 0.0 0.0 0.0 0.0 0.0 0.0 0.0 0.0 0.0 0.0 0.0 0.1250000000000071 0.8750000000000071 1.0 1.0 0.8749999999999911 
0.0 0.21875000000000105 0.3500000000000014 0.3062500000000008 0.04374999999999955 0.0 0.0 0.0 0.0 0.0 0.0 0.0 0.0 0.0 0.0 0.1250000000000071 0.8750000000000071 1.0 1.0 0.8749999999999911 
0.5687500000000019 0.868750000000001 1.0 0.8749999999999987 0.12499999999999822 0.0 0.0 0.0 0.0 0.0 0.0 0.0 0.0 0.0 0.0 0.1250000000000071 0.8750000000000071 1.0 1.0 0.8749999999999911 
0.04374999999999751 0.6437499999999994 1.0 0.8749999999999987 0.12499999999999822 0.0 0.0 0.0 0.0 0.0 0.0 0.0 0.0 0.0 0.0 0.1250000000000071 0.8750000000000071 1.0 0.6437499999999922 0.04374999999999707 
0.0 0.4687499999999981 0.843749999999998 1.0 1.0 0.5312500000000006 0.15625000000000155 0.0 0.0 0.0 0.0 0.0 0.0 0.15625000000000355 0.5312500000000075 1.0 1.0 0.843749999999996 0.46874999999999245 0.0 
0.0 0.0 0.1687499999999988 0.518749999999997 0.9312500000000005 1.0 0.8312500000000004 0.5500000000000043 0.5500000000000043 0.5500000000000043 0.5500000000000043 0.5500000000000043 0.5500000000000043 0.831250000000004 1.0 0.9312499999999956 0.5187499999999924 0.1687499999999952 0.0 0.0 
0.0 0.0 0.0 0.01874999999999958 0.13124999999999593 0.68125 1.0 1.0 1.0 1.0 1.0 1.0 1.0 0.46874999999999234 0.14999999999999503 0.1312499999999946 0.018749999999998313 0.0 0.0 0.0 
