0.0 0.4000000000000028 1.0 1.0 1.0 1.0 0.5999999999999979 0.0 0.0 0.0 0.0 0.0 0.0 0.0 0.0 0.0 0.0 0.0 0.0 0.0 
0.0 0.4000000000000028 1.0 1.0 1.0 1.0 0.5999999999999979 0.0 0.0 0.0 0.0 0.0 0.0 0.0 0.0 0.0 0.0 0.0 0.0 0.0 
0.0 0.4000000000000028 1.0 1.0 1.0 1.0 0.5999999999999979 0.0 0.0 0.0 0.0 0.0 0.0 0.0 0.0 0.0 0.0 0.0 0.0 0.0 
0.0 0.4000000000000028 1.0 1.0 1.0 1.0 0.5999999999999979 0.0 0.0 0.0 0.0 0.0 0.0 0.0 0.0 0.0 0.0 0.0 0.0 0.0 
0.0 0.4000000000000028 1.0 1.0 0.9749999999999996 0.8999999999999997 0.5249999999999981 0.0 0.0 0.0 0.0 0.0 0.0 0.0 0.0 0.0 0.0 0.0 0.0 0.0 
0.0 0.4000000000000028 1.0 1.0 0.7999999999999976 0.19999999999999796 0.0 0.0 0.0 0.0 0.0 0.0 0.0 0.0 0.0 0.0 0.0 0.0 0.0 0.0 
0.0 0.4000000000000028 1.0 1.0 0.7999999999999976 0.19999999999999796 0.0 0.0 0.0 0.0 0.0 0.0 0.0 0.0 0.0 0.0 0.0 0.0 0.0 0.0 
0.0 0.4000000000000028 1.0 1.0 0.7999999999999976 0.19999999999999796 0.0 0.0 0.0 0.0 0.0 0.0 0.0 0.0 0.0 0.0 0.0 0.0 0.0 0.0 
0.8000000000000029 1.0 1.0 1.0 0.7999999999999976 0.19999999999999796 0.0 0.0 0.0 0.0 0.0 0.0 0.0 0.0 0.0 0.0 0.0 0.0 0.0 0.0 
0.8000000000000029 1.0 1.0 1.0 0.7999999999999976 0.19999999999999796 0.0 0.0 0.0 0.0 0.0 0.0 0.0 0.0 0.0 0.0 0.0 0.0 0.0 0.0 
0.8000000000000029 1.0 1.0 1.0 0.7999999999999976 0.19999999999999796 0.0 0.0 0.0 0.0 0.0 0.0 0.0 0.0 0.0 0.0 0.0 0.0 0.0 0.0 
0.8000000000000029 1.0 1.0 1.0 0.7999999999999976 0.19999999999999796 0.0 0.0 0.0 0.0 0.0 0.0 0.0 0.0 0.0 0.0 0.0 0.0 0.0 0.0 
0.8000000000000029 1.0 1.0 1.0 0.7999999999999976 0.19999999999999796 0.0 0.0 0.0 0.0 0.0 0.0 0.0 0.0 0.0 0.0 0.0 0.0 0.0 0.0 
0.8000000000000029 1.0 1.0 1.0 0.7999999999999976 0.19999999999999796 0.0 0.0 0.0 0.0 0.0 0.0 0.0 0.0 0.0 0.0 0.0 0.0 0.0 0.0 
0.8000000000000029 1.0 1.0 1.0 0.7999999999999976 0.19999999999999796 0.0 0.0 0.0 0.0 0.0 0.0 0.0 0.0 0.0 0.0 0.0 0.0 0.0 0.0 
0.8000000000000029 1.0 1.0 1.0 0.7999999999999976 0.19999999999999796 0.0 0.0 0.0 0.0 0.0 0.0 0.0 0.0 0.0 0.0 0.0 0.0 0.0 0.0 
0.8000000000000029 1.0 1.0 1.0 0.7999999999999976 0.19999999999999796 0.0 0.0 0.0 0.0 0.0 0.0 0.0 0.0 0.0 0.0 0.0 0.0 0.0 0.0 
0.8000000000000029 1.0 1.0 1.0 0.7999999999999976 0.19999999999999796 0.0 0.0 0.0 0.0 0.0 0.0 0.0 0.0 0.0 0.0 0.0 0.0 0.0 0.0 
0.8000000000000029 1.0 1.0 1.0 0.9249999999999992 0.6999999999999993 0.625 0.625 0.625 0.625 0.625 0.625 0.625 0.625 0.625 0.625 0.625 0.625 0.625 0.5000000000000004 
0.8000000000000029 1.0 1.0 1.0 1.0 1.0 1.0 1.0 1.0 1.0 1.0 1.0 1.0 1.0 1.0 1.0 1.0 1.0 1.0 0.8000000000000007 
