0.0 0.0 0.0 0.018750000000000024 0.13124999999999903 0.14999999999999858 0.4687500000000014 1.0 1.0 1.0 1.0 1.0 1.0 1.0 0.6812499999999935 0.14999999999999858 0.14999999999999858 0.0562499999999984 0.0 0.0 
0.0 0.0 0.16874999999999996 0.5187499999999997 0.9312500000000008 1.0 0.8312499999999992 0.5500000000000012 0.5500000000000012 0.5500000000000012 0.5500000000000012 0.5500000000000012 0.5500000000000012 0.5500000000000012 0.7187500000000039 1.0 1.0 0.6562499999999953 0.28124999999999606 0.0 
0.0 0.4687499999999998 0.8437499999999997 1.0 1.0 0.5312499999999989 0.1562499999999999 0.0 0.0 0.0 0.0 0.0 0.0 0.0 0.09375000000000211 0.3437500000000061 0.9062500000000054 1.0 0.9062499999999979 0.6562499999999926 
0.0 0.6250000000000004 1.0 0.99375 0.9562500000000008 0.3562499999999983 0.0 0.0 0.0 0.0 0.0 0.0 0.0 0.0 0.0 0.11875000000000688 0.8312500000000077 0.9812500000000007 1.0 0.8749999999999911 
0.3062499999999997 0.7562500000000001 1.0 0.8749999999999987 0.12499999999999822 0.0 0.0 0.0 0.0 0.0 0.0 0.0 0.0 0.0 0.0 0.0 0.0 0.6250000000000071 1.0 0.8749999999999911 
0.875 1.0 1.0 0.8749999999999987 0.12499999999999822 0.0 0.0 0.0 0.0 0.0 0.0 0.0 0.0 0.0 0.0 0.08125000000000467 0.568750000000005 0.8687500000000026 1.0 0.8749999999999911 
0.875 1.0 1.0 0.8749999999999987 0.12499999999999822 0.0 0.0 0.0 0.0 0.0 0.0 0.0 0.0 0.0 0.0 0.1250000000000071 0.8750000000000071 1.0 1.0 0.8749999999999911 
0.875 1.0 1.0 0.8749999999999987 0.12499999999999822 0.0 0.0 0.0 0.0 0.0 0.0 0.0 0.0 0.0 0.0 0.1250000000000071 0.8750000000000071 1.0 1.0 0.8749999999999911 
0.875 1.0 1.0 0.8749999999999987 0.12499999999999822 0.0 0.0 0.0 0.0 0.0 0.0 0.0 0.0 0.0 0.0 0.1250000000000071 0.8750000000000071 1.0 1.0 0.8749999999999911 
0.875 1.0 1.0 0.8749999999999987 0.12499999999999822 0.0 0.0 0.0 0.0 0.0 0.0 0.0 0.0 0.0 0.0 0.1250000000000071 0.8750000000000071 1.0 1.0 0.8749999999999911 
0.875 1.0 1.0 0.8749999999999987 0.12499999999999822 0.0 0.0 0.0 0.0 0.0 0.0 0.0 0.0 0.0 0.0 0.1250000000000071 0.8750000000000071 1.0 1.0 0.8749999999999911 
0.875 1.0 1.0 0.8749999999999987 0.12499999999999822 0.0 0.0 0.0 0.0 0.0 0.0 0.0 0.0 0.0 0.0 0.1250000000000071 0.8750000000000071 1.0 1.0 0.8749999999999911 
0.875 1.0 1.0 0.8749999999999987 0.12499999999999822 0.0 0.0 0.0 0.0 0.0 0.0 0.0 0.0 0.0 0.0 0.1250000000000071 0.8750000000000071 1.0 1.0 0.8749999999999911 
0.875 1.0 1.0 0.8749999999999987 0.12499999999999822 0.0 0.0 0.0 0.0 0.0 0.0 0.0 0.0 0.0 0.0 0.1250000000000071 0.8750000000000071 1.0 1.0 0.8749999999999911 
0.875 1.0 1.0 0.8749999999999987 0.12499999999999822 0.0 0.0 0.0 0.0 0.0 0.0 0.0 0.0 0.0 0.0 0.1250000000000071 0.8750000000000071 1.0 1.0 0.8749999999999911 
0.875 1.0 1.0 0.8749999999999987 0.12499999999999822 0.0 0.0 0.0 0.0 0.0 0.0 0.0 0.0 0.0 0.0 0.1250000000000071 0.8750000000000071 1.0 1.0 0.8749999999999911 
0.04374999999999751 0.6437499999999994 1.0 0.8749999999999987 0.12499999999999822 0.0 0.0 0.0 0.0 0.0 0.0 0.0 0.0 0.0 0.0 0.1250000000000071 0.8750000000000071 1.0 0.6437499999999922 0.04374999999999707 
0.0 0.4687499999999981 0.843749999999998 1.0 1.0 0.5312500000000006 0.15625000000000155 0.0 0.0 0.0 0.0 0.0 0.0 0.15625000000000355 0.5312500000000075 1.0 1.0 0.843749999999996 0.46874999999999245 0.0 
0.0 0.0 0.1687499999999988 0.518749999999997 0.9312500000000005 1.0 0.8312500000000004 0.5500000000000043 0.5500000000000043 0.5500000000000043 0.5500000000000043 0.5500000000000043 0.5500000000000043 0.831250000000004 1.0 0.9312499999999956 0.5187499999999924 0.1687499999999952 0.0 0.0 
0.0 0.0 0.0 0.01874999999999958 0.13124999999999593 0.14999999999999503 0.46874999999999917 1.0 1.0 1.0 1.0 1.0 1.0 0.46874999999999234 0.14999999999999503 0.1312499999999946 0.018749999999998313 0.0 0.0 0.0 
