0.15312499999999782 0.17499999999999716 0.17499999999999716 0.17499999999999716 0.17499999999999716 0.690625 0.6906249999999982 0.27812499999999823 0.8968750000000004 1.0 1.0 1.0 1.0 1.0 1.0 1.0 1.0 1.0 0.625 0.0 
0.8750000000000018 1.0 1.0 1.0 1.0 1.0 1.0 1.0 1.0 1.0 1.0 1.0 1.0 1.0 1.0 1.0 1.0 1.0 0.625 0.0 
0.10937500000000139 0.12500000000000133 0.12500000000000133 0.12500000000000133 0.12500000000000133 0.12500000000000133 0.12500000000000133 0.12500000000000133 0.12500000000000133 0.12500000000000133 0.12500000000000133 0.12500000000000133 0.12500000000000133 0.6718750000000004 1.0 1.0 1.0 1.0 0.625 0.0 
0.0 0.0 0.0 0.0 0.0 0.0 0.0 0.0 0.0 0.0 0.0 0.0 0.0 0.625 1.0 1.0 1.0 0.375 0.0 0.0 
0.0 0.0 0.0 0.0 0.0 0.0 0.0 0.0 0.0 0.0 0.0 0.0 0.0 0.625 1.0 0.928125 0.49687499999999984 0.15937499999999993 0.0 0.0 
0.0 0.0 0.0 0.0 0.0 0.0 0.0 0.0 0.0 0.0 0.0 0.11562500000000009 0.8093750000000006 0.9718750000000003 1.0 0.875 0.125 0.0 0.0 0.0 
0.0 0.0 0.0 0.0 0.0 0.0 0.0 0.0 0.0 0.0 0.3750000000000009 1.0 1.0 1.0 0.625 0.0 0.0 0.0 0.0 0.0 
0.0 0.0 0.0 0.0 0.0 0.0 0.0 0.0 0.0 0.39062500000000167 0.7656250000000014 1.0 1.0 0.6093749999999989 0.2343749999999989 0.0 0.0 0.0 0.0 0.0 
0.0 0.0 0.0 0.0 0.0 0.0 0.0 0.0 0.0 0.6250000000000009 1.0 1.0 1.0 0.375 0.0 0.0 0.0 0.0 0.0 0.0 
0.0 0.0 0.0 0.0 0.0 0.0 0.0 0.1250000000000009 0.8750000000000009 1.0 1.0 0.875 0.125 0.0 0.0 0.0 0.0 0.0 0.0 0.0 
0.0 0.0 0.0 0.0 0.0 0.0 0.0 0.1250000000000009 0.8750000000000009 1.0 0.7468749999999977 0.28437499999999627 0.04062499999999947 0.0 0.0 0.0 0.0 0.0 0.0 0.0 
0.0 0.0 0.0 0.0 0.0 0.015625000000003587 0.39062500000000444 1.0 1.0 0.9843749999999964 0.6093749999999956 0.0 0.0 0.0 0.0 0.0 0.0 0.0 0.0 0.0 
0.0 0.0 0.0 0.0 0.0 0.6250000000000013 1.0 1.0 1.0 0.3749999999999991 0.0 0.0 0.0 0.0 0.0 0.0 0.0 0.0 0.0 0.0 
0.0 0.0 0.0 0.09062500000000204 0.6343750000000085 0.8968750000000035 1.0 0.9093749999999983 0.3656249999999919 0.10312499999999655 0.0 0.0 0.0 0.0 0.0 0.0 0.0 0.0 0.0 0.0 
0.0 0.0 0.028125000000002516 0.19062500000000682 0.884375000000002 1.0 0.9718749999999975 0.8093749999999936 0.11562499999999838 0.0 0.0 0.0 0.0 0.0 0.0 0.0 0.0 0.0 0.0 0.0 
0.0 0.0 0.37500000000000155 1.0 1.0 1.0 0.6249999999999991 0.0 0.0 0.0 0.0 0.0 0.0 0.0 0.0 0.0 0.0 0.0 0.0 0.0 
0.0 0.48437500000000705 0.8593750000000061 1.0 1.0 0.5156249999999931 0.14062499999999403 0.0 0.0 0.0 0.0 0.0 0.0 0.0 0.0 0.0 0.0 0.0 0.0 0.0 
0.10937500000000955 0.6718750000000054 1.0 1.0 1.0 0.4531250000000055 0.07812500000000655 0.0 0.0 0.0 0.0 0.0 0.0 0.0 0.0 0.0 0.0 0.07812500000000666 0.12500000000001066 0.10937500000000933 
0.8750000000000018 1.0 1.0 1.0 1.0 1.0 0.8031250000000041 0.4750000000000121 0.4750000000000121 0.4750000000000121 0.4750000000000121 0.4750000000000121 0.4750000000000121 0.4750000000000121 0.4750000000000121 0.4750000000000121 0.4750000000000121 0.8031250000000045 1.0 0.875 
0.1531249999999916 0.6906249999999976 1.0 1.0 1.0 1.0 1.0 1.0 1.0 1.0 1.0 1.0 1.0 1.0 1.0 1.0 1.0 1.0 1.0 0.875 
