0.0 0.7750000000000007 1.0 1.0 1.0 1.0 1.0 1.0 1.0 1.0 1.0 1.0 0.890625 0.1468750000000003 0.125 0.125 0.059374999999999956 0.0 0.0 0.0 
0.34687500000000004 0.8593750000000004 1.0 1.0 1.0 1.0 1.0 1.0 1.0 1.0 1.0 1.0 1.0 1.0 1.0 1.0 0.6718749999999997 0.23437499999999986 0.0 0.0 
0.34687500000000066 0.8593750000000006 1.0 1.0 1.0 1.0 1.0 1.0 1.0 1.0 1.0 1.0 1.0 1.0 1.0 1.0 1.0 0.8593749999999998 0.4843749999999999 0.0 
0.0 0.7750000000000007 1.0 1.0 1.0 0.8468749999999995 0.1250000000000009 0.1250000000000009 0.1250000000000009 0.1250000000000009 0.1250000000000009 0.1250000000000009 0.23437500000000078 0.9781249999999997 1.0 1.0 1.0 1.0 0.7750000000000004 0.0 
0.0 0.7750000000000007 1.0 1.0 1.0 0.8249999999999993 0.0 0.0 0.0 0.0 0.0 0.0 0.0 0.0 0.8250000000000011 1.0 1.0 1.0 0.9718750000000003 0.8093750000000014 
0.0 0.7750000000000007 1.0 1.0 1.0 0.8249999999999993 0.0 0.0 0.0 0.0 0.0 0.0 0.0 0.0 0.8250000000000011 1.0 1.0 1.0 0.7750000000000004 0.0 
0.0 0.7750000000000007 1.0 1.0 1.0 0.8249999999999993 0.0 0.0 0.0 0.0 0.0 0.0 0.0 0.0 0.8250000000000011 1.0 1.0 1.0 0.7750000000000004 0.0 
0.0 0.7750000000000007 1.0 1.0 1.0 0.8249999999999993 0.0 0.0 0.0 0.0 0.0 0.0 0.0 0.0 0.8250000000000011 1.0 1.0 1.0 0.7750000000000004 0.0 
0.0 0.7750000000000007 1.0 1.0 1.0 0.8249999999999993 0.0 0.0 0.0 0.0 0.0 0.0 0.0 0.0 0.8250000000000011 1.0 1.0 1.0 0.7750000000000004 0.0 
0.0 0.7750000000000007 1.0 1.0 1.0 0.8249999999999993 0.0 0.0 0.0 0.0 0.0 0.0 0.0 0.0 0.8250000000000011 1.0 1.0 1.0 0.7750000000000004 0.0 
0.0 0.7750000000000007 1.0 1.0 1.0 0.8249999999999993 0.0 0.0 0.0 0.0 0.0 0.0 0.0 0.0 0.8250000000000011 1.0 1.0 1.0 0.7750000000000004 0.0 
0.0 0.7750000000000007 1.0 1.0 1.0 0.8249999999999993 0.0 0.0 0.0 0.0 0.0 0.0 0.0 0.0 0.8250000000000011 1.0 1.0 1.0 0.7750000000000004 0.0 
0.0 0.7750000000000007 1.0 1.0 1.0 0.8249999999999993 0.0 0.0 0.0 0.0 0.0 0.0 0.0 0.0 0.8250000000000011 1.0 1.0 1.0 0.7750000000000004 0.0 
0.0 0.7750000000000007 1.0 1.0 1.0 0.8249999999999993 0.0 0.0 0.0 0.0 0.0 0.0 0.0 0.0 0.8250000000000011 1.0 1.0 1.0 0.7750000000000004 0.0 
0.0 0.7750000000000007 1.0 1.0 1.0 0.8249999999999993 0.0 0.0 0.0 0.0 0.0 0.0 0.0 0.0 0.8250000000000011 1.0 1.0 1.0 0.7750000000000004 0.0 
0.0 0.7750000000000007 1.0 1.0 1.0 0.8249999999999993 0.0 0.0 0.0 0.0 0.0 0.0 0.0 0.0 0.8250000000000011 1.0 1.0 1.0 0.7750000000000004 0.0 
0.0 0.7750000000000007 1.0 1.0 1.0 0.8468749999999987 0.12187499999999649 0.015624999999999445 0.0 0.0 0.0 0.034374999999999066 0.12499999999999645 0.12499999999999645 0.8468750000000003 1.0 1.0 1.0 0.7750000000000004 0.0 
0.0 0.7750000000000007 1.0 1.0 1.0 1.0 0.9843749999999997 0.45312499999999634 0.37499999999999645 0.37499999999999645 0.37499999999999645 0.5468749999999977 1.0 1.0 1.0 1.0 1.0 1.0 0.7750000000000004 0.0 
0.0 0.7750000000000007 1.0 1.0 1.0 1.0 1.0 1.0 1.0 1.0 1.0 1.0 1.0 1.0 1.0 1.0 1.0 0.7656250000000013 0.2906250000000029 0.0 
0.0 0.09687500000000283 0.6718750000000019 1.0 1.0 1.0 1.0 1.0 1.0 1.0 1.0 1.0 1.0 1.0 1.0 0.40937500000000177 0.12500000000000355 0.07812500000000222 0.0 0.0 
