0.9000000000000039 1.0 1.0 1.0 0.8999999999999959 0.09999999999999609 0.0 0.0 0.0 0.0 0.0 0.0 0.0 0.30000000000000426 1.0 1.0 1.0 1.0 1.0 0.899999999999995 
0.9000000000000039 1.0 1.0 1.0 0.8999999999999959 0.09999999999999609 0.0 0.0 0.0 0.0 0.0 0.0 0.0 0.30000000000000426 1.0 1.0 1.0 1.0 1.0 0.899999999999995 
0.9000000000000039 1.0 1.0 1.0 0.8999999999999959 0.09999999999999609 0.0 0.0 0.0 0.0 0.0 0.0 0.0 0.30000000000000426 1.0 1.0 1.0 1.0 0.8499999999999984 0.4499999999999991 
0.9000000000000039 1.0 1.0 1.0 0.8999999999999959 0.09999999999999609 0.0 0.0 0.0 0.0 0.0 0.0 0.0 0.30000000000000426 1.0 1.0 1.0 1.0 0.6999999999999957 0.0 
0.9000000000000039 1.0 1.0 1.0 0.8999999999999959 0.09999999999999609 0.0 0.0 0.0 0.0 0.0 0.0 0.0 0.30000000000000426 1.0 1.0 1.0 1.0 0.9699999999999991 0.8099999999999943 
0.9000000000000039 1.0 1.0 1.0 0.8999999999999959 0.09999999999999609 0.0 0.0 0.0 0.0 0.0 0.0 0.0 0.30000000000000426 1.0 1.0 1.0 1.0 0.6999999999999957 0.0 
0.9000000000000039 1.0 1.0 1.0 0.8999999999999959 0.09999999999999609 0.0 0.0 0.0 0.0 0.0 0.0 0.0 0.30000000000000426 1.0 1.0 1.0 1.0 0.6999999999999957 0.0 
0.9000000000000039 1.0 1.0 1.0 0.8999999999999959 0.09999999999999609 0.0 0.0 0.0 0.0 0.0 0.0 0.0 0.30000000000000426 1.0 1.0 1.0 1.0 0.6999999999999957 0.0 
0.9000000000000039 1.0 1.0 1.0 0.8999999999999959 0.09999999999999609 0.0 0.0 0.0 0.0 0.0 0.0 0.0 0.30000000000000426 1.0 1.0 1.0 1.0 0.6999999999999957 0.0 
0.9000000000000039 1.0 1.0 1.0 0.8999999999999959 0.09999999999999609 0.0 0.0 0.0 0.0 0.0 0.0 0.0 0.30000000000000426 1.0 1.0 1.0 1.0 0.6999999999999957 0.0 
0.9000000000000039 1.0 1.0 1.0 0.8999999999999959 0.09999999999999609 0.0 0.0 0.0 0.0 0.0 0.0 0.0 0.30000000000000426 1.0 1.0 1.0 1.0 0.6999999999999957 0.0 
0.9000000000000039 1.0 1.0 1.0 0.8999999999999959 0.09999999999999609 0.0 0.0 0.0900000000000015 0.2699999999999994 0.0299999999999989 0.0 0.0 0.30000000000000426 1.0 1.0 1.0 1.0 0.6999999999999957 0.0 
0.9000000000000039 1.0 1.0 1.0 0.8999999999999959 0.09999999999999609 0.0 0.2500000000000022 0.6500000000000021 0.8999999999999959 0.09999999999999609 0.0 0.0 0.30000000000000426 1.0 1.0 1.0 1.0 0.6999999999999957 0.0 
0.9000000000000039 1.0 1.0 1.0 0.8999999999999959 0.09999999999999609 0.0 0.5000000000000044 0.7899999999999971 0.2699999999999994 0.0299999999999989 0.0 0.0 0.30000000000000426 1.0 1.0 1.0 1.0 0.6999999999999957 0.0 
0.9000000000000039 1.0 1.0 1.0 0.8999999999999959 0.09999999999999609 0.0 0.04999999999999938 0.06999999999999808 0.0 0.0 0.0 0.0 0.30000000000000426 1.0 1.0 1.0 1.0 0.6999999999999957 0.0 
0.9000000000000039 1.0 1.0 1.0 0.9099999999999965 0.18999999999999778 0.029999999999999964 0.0 0.0 0.0 0.0 0.0 0.0 0.30000000000000426 1.0 1.0 1.0 1.0 0.6999999999999957 0.0 
0.6300000000000021 0.910000000000001 1.0 1.0 1.0 1.0 0.5099999999999972 0.14999999999999902 0.0 0.0 0.0 0.0 0.15000000000000197 0.5100000000000035 1.0 1.0 1.0 1.0 0.6999999999999957 0.0 
0.0 0.700000000000004 1.0 1.0 1.0 1.0 1.0 0.7499999999999978 0.5 0.5 0.5 0.5 0.7500000000000027 1.0 1.0 1.0 1.0 0.7499999999999973 0.34999999999999787 0.0 
0.0 0.21000000000000169 0.6500000000000031 1.0 1.0 1.0 1.0 1.0 1.0 1.0 1.0 1.0 1.0 1.0 1.0 1.0 0.5099999999999972 0.14999999999999875 0.0 0.0 
0.0 0.0 0.04999999999999934 0.09999999999999787 0.19000000000000178 0.9100000000000033 1.0 1.0 1.0 1.0 1.0 1.0 1.0 1.0 0.9099999999999953 0.18999999999999456 0.0299999999999989 0.0 0.0 0.0 
