0.11249999999999823 0.03749999999999958 0.0 0.0 0.01249999999999989 0.11249999999999856 0.12499999999999822 0.5625000000000007 1.0 1.0 1.0 1.0 1.0 1.0 0.9124999999999954 0.21249999999999342 0.12499999999999822 0.062499999999998224 0.0 0.0 
0.5625000000000006 0.18750000000000105 0.0 0.11249999999999946 0.43749999999999895 0.9375000000000007 1.0 1.0 1.0 1.0 1.0 1.0 1.0 1.0 1.0 1.0 1.0 0.6874999999999948 0.26249999999999596 0.0 
0.0 0.0 0.31249999999999906 0.737499999999999 1.0 1.0 1.0 1.0 1.0 0.9374999999999981 0.4374999999999988 0.8125000000000033 1.0 1.0 1.0 1.0 1.0 1.0 0.8874999999999966 0.5624999999999934 
0.0 0.6124999999999986 0.9374999999999996 1.0 1.0 1.0 1.0 0.5624999999999989 0.1250000000000009 0.1125000000000004 0.0124999999999996 0.0875000000000012 0.1250000000000009 0.38750000000000434 1.0 1.0 1.0 1.0 1.0 0.8999999999999915 
0.0 0.6999999999999991 1.0 1.0 1.0 1.0 0.29999999999999893 0.0 0.0 0.0 0.0 0.0 0.0 0.0 0.10000000000000497 0.9000000000000057 1.0 1.0 1.0 0.8999999999999915 
0.0 0.6999999999999991 1.0 1.0 1.0 1.0 0.29999999999999893 0.0 0.0 0.0 0.0 0.0 0.0 0.0 0.10000000000000497 0.9000000000000057 1.0 1.0 1.0 0.8999999999999915 
0.0 0.6999999999999991 1.0 1.0 1.0 1.0 0.29999999999999893 0.0 0.0 0.0 0.0 0.0 0.0 0.0 0.10000000000000497 0.9000000000000057 1.0 1.0 1.0 0.8999999999999915 
0.0 0.6999999999999991 1.0 1.0 1.0 1.0 0.29999999999999893 0.0 0.0 0.0 0.0 0.0 0.0 0.0 0.10000000000000497 0.9000000000000057 1.0 1.0 1.0 0.8999999999999915 
0.0 0.6999999999999991 1.0 1.0 1.0 1.0 0.38749999999999907 0.06249999999999978 0.0 0.0 0.0 0.0 0.06250000000000044 0.125 0.21250000000000435 0.912500000000005 1.0 1.0 1.0 0.8999999999999915 
0.0 0.43749999999999944 0.8124999999999998 1.0 1.0 1.0 1.0 0.6874999999999989 0.375 0.375 0.375 0.375 0.6875000000000022 1.0 1.0 1.0 1.0 1.0 1.0 0.8999999999999915 
0.0 0.0 0.18749999999999983 0.5624999999999999 1.0 1.0 1.0 1.0 1.0 1.0 1.0 1.0 1.0 1.0 1.0 1.0 1.0 1.0 1.0 0.8999999999999915 
0.0 0.0 0.0 0.03749999999999998 0.125 0.125 0.125 0.5625000000000016 1.0 1.0 1.0 1.0 0.5624999999999969 0.125 0.21250000000000435 0.912500000000005 1.0 1.0 1.0 0.8999999999999915 
0.0 0.0 0.0 0.0 0.0 0.0 0.0 0.0 0.0 0.0 0.0 0.0 0.0 0.0 0.10000000000000497 0.9000000000000057 1.0 1.0 1.0 0.8999999999999915 
0.0 0.0 0.0 0.0 0.0 0.0 0.0 0.0 0.0 0.0 0.0 0.0 0.0 0.0 0.10000000000000497 0.9000000000000057 1.0 1.0 1.0 0.8999999999999915 
0.5624999999999991 0.625 0.625 0.625 0.5624999999999997 0.06249999999999922 0.0 0.0 0.0 0.0 0.0 0.0 0.0 0.0 0.10000000000000497 0.9000000000000057 1.0 1.0 1.0 0.8999999999999915 
0.8999999999999986 1.0 1.0 1.0 0.9874999999999999 0.8874999999999998 0.26249999999999907 0.0 0.0 0.0 0.0 0.0 0.0 0.26250000000000373 0.8875000000000006 0.9875000000000007 1.0 1.0 1.0 0.8999999999999915 
0.7874999999999988 0.9624999999999999 1.0 1.0 1.0 1.0 0.38749999999999907 0.06249999999999978 0.0 0.0 0.0 0.08750000000000058 0.125 0.38750000000000373 1.0 1.0 1.0 1.0 0.6999999999999922 0.0 
0.0 0.6999999999999991 1.0 1.0 1.0 1.0 1.0 0.6874999999999989 0.375 0.375 0.375 0.8125000000000029 1.0 1.0 1.0 1.0 1.0 0.8124999999999973 0.4374999999999951 0.0 
0.0 0.2624999999999996 0.6874999999999998 1.0 1.0 1.0 1.0 1.0 1.0 1.0 1.0 1.0 1.0 1.0 1.0 1.0 0.562499999999996 0.18749999999999734 0.0 0.0 
0.0 0.0 0.062499999999999944 0.125 0.21250000000000047 0.9125000000000011 1.0 1.0 1.0 1.0 1.0 1.0 1.0 0.7374999999999963 0.125 0.125 0.0374999999999992 0.0 0.0 0.0 
