0.0 0.0 0.0 0.0 0.0 0.0 0.0 0.0 0.0 0.08624999999999894 0.5112499999999968 1.0 1.0 1.0 1.0 0.3249999999999993 0.0 0.0 0.0 0.0 
0.0 0.0 0.0 0.0 0.0 0.0 0.0 0.0 0.0 0.5749999999999984 1.0 1.0 1.0 1.0 1.0 0.3249999999999993 0.0 0.0 0.0 0.0 
0.0 0.0 0.0 0.0 0.0 0.0 0.0 0.0 0.0 0.5749999999999984 1.0 1.0 1.0 1.0 1.0 0.8312499999999993 0.3562500000000006 0.0 0.0 0.0 
0.0 0.0 0.0 0.0 0.0 0.0 0.0 0.0 0.7249999999999988 1.0 1.0 1.0 1.0 1.0 1.0 1.0 0.4750000000000014 0.0 0.0 0.0 
0.0 0.0 0.0 0.0 0.0 0.0 0.0 0.0 0.7249999999999988 1.0 1.0 1.0 1.0 1.0 1.0 1.0 0.4750000000000014 0.0 0.0 0.0 
0.0 0.0 0.0 0.0 0.0 0.0 0.0 0.0 0.7249999999999988 1.0 1.0 1.0 1.0 1.0 1.0 1.0 0.4750000000000014 0.0 0.0 0.0 
0.0 0.0 0.0 0.0 0.0 0.0 0.023749999999998654 0.8312499999999993 0.98625 1.0 1.0 1.0 1.0 1.0 1.0 1.0 0.9737500000000001 0.5937500000000001 0.0 0.0 
0.0 0.0 0.0 0.0 0.0 0.0 0.02499999999999858 0.8749999999999991 1.0 1.0 1.0 0.9312500000000004 0.78125 0.9937499999999995 1.0 1.0 1.0 0.625 0.0 0.0 
0.0 0.0 0.0 0.0 0.0 0.09624999999999904 0.56125 0.9437499999999996 1.0 1.0 0.7662500000000012 0.32625000000000015 0.125 0.9749999999999979 1.0 1.0 1.0 0.625 0.0 0.0 
0.0 0.0 0.0 0.0 0.0 0.17499999999999805 1.0 1.0 1.0 1.0 0.5750000000000028 0.0 0.125 0.9749999999999979 1.0 1.0 1.0 0.625 0.0 0.0 
0.0 0.0 0.0 0.0 0.04875000000000045 0.29875000000000007 1.0 1.0 1.0 0.4250000000000016 0.0 0.0 0.125 0.9749999999999979 1.0 1.0 1.0 0.6812500000000008 0.11625000000000198 0.0 
0.0 0.0 0.0 0.0 0.3249999999999984 1.0 1.0 1.0 1.0 0.4250000000000016 0.0 0.0 0.06874999999999987 0.5362499999999978 0.9212499999999995 1.0 1.0 1.0 0.7750000000000021 0.0 
0.0 0.0 0.0 0.0 0.3249999999999984 1.0 1.0 1.0 1.0 0.4250000000000016 0.0 0.0 0.0 0.0 0.8249999999999993 1.0 1.0 1.0 0.7750000000000021 0.0 
0.0 0.0 0.0 0.4749999999999983 1.0 1.0 1.0 1.0 0.3112500000000017 0.021250000000000383 0.0 0.0 0.006250000000000089 0.048750000000000585 0.8337499999999994 1.0 1.0 1.0 0.7750000000000021 0.0 
0.0 0.0 0.0 0.4749999999999983 1.0 1.0 1.0 1.0 1.0 0.6262500000000019 0.3500000000000014 0.3500000000000014 0.43125000000000124 0.9837499999999987 1.0 1.0 1.0 1.0 0.7750000000000021 0.0 
0.0 0.0 0.40625000000000017 0.8162500000000006 1.0 1.0 1.0 1.0 1.0 1.0 1.0 1.0 1.0 1.0 1.0 1.0 1.0 1.0 0.9212500000000012 0.6012500000000024 
0.0 0.0 0.6249999999999982 1.0 1.0 1.0 1.0 1.0 1.0 1.0 1.0 1.0 1.0 1.0 1.0 1.0 1.0 1.0 1.0 0.9250000000000007 
0.0 0.19375000000000228 0.71875 1.0 1.0 1.0 0.9750000000000014 0.1250000000000009 0.0 0.0 0.0 0.0 0.0 0.0 0.0 0.6750000000000007 1.0 1.0 1.0 0.9250000000000007 
0.0 0.34874999999999584 0.7937499999999974 1.0 1.0 0.9037500000000003 0.4387499999999965 0.05624999999999987 0.0 0.0 0.0 0.0 0.0 0.0 0.0 0.30374999999999747 0.44999999999999574 0.44999999999999574 0.44999999999999574 0.4162499999999964 
0.7862500000000029 0.850000000000005 0.4125 0.14999999999999503 0.4262499999999953 0.825000000000002 0.021249999999998916 0.7437500000000036 0.850000000000005 0.850000000000005 0.850000000000005 0.850000000000005 0.850000000000005 0.850000000000005 0.850000000000005 0.850000000000005 0.850000000000005 0.850000000000005 0.850000000000005 0.7862500000000052 
