0.0 0.0 0.0 0.0 0.0 0.0 0.07500000000000004 0.6249999999999993 0.9999999999999982 0.9999999999999982 0.9999999999999982 0.9999999999999982 0.6249999999999989 0.07499999999999915 0.0 0.0 0.0 0.0 0.0 0.0 
0.0 0.0 0.0 0.4249999999999994 0.9749999999999985 0.9999999999999984 0.9999999999999986 0.9999999999999994 1.0 1.0 1.0 1.0 0.9999999999999994 0.9999999999999986 0.9999999999999984 0.9749999999999981 0.42499999999999827 0.0 0.0 0.0 
0.0 0.3249999999999995 0.8749999999999989 0.9999999999999992 1.0 1.0 0.9249999999999999 0.3750000000000004 1.3322676295501878e-15 1.3322676295501878e-15 1.3322676295501878e-15 1.3322676295501878e-15 1.3322676295501878e-15 1.3322676295501878e-15 0.47500000000000214 1.0 0.9999999999999992 0.8749999999999971 0.32499999999999885 0.0 
0.0 0.32499999999999996 0.875 1.0 1.0 0.47500000000000053 8.215650382226157e-16 3.3306690738754657e-16 0.0 0.0 0.0 0.0 0.0 0.0 4.2188474935756075e-16 0.025000000000001223 0.5750000000000014 0.9999999999999999 0.9999999999999994 0.7749999999999979 
0.0 0.32499999999999996 0.875 0.5750000000000003 0.02500000000000078 4.2188474935755956e-16 0.0 0.0 0.0 0.0 0.0 0.0 0.0 0.0 0.0 0.025000000000000355 0.5750000000000011 1.0 1.0 0.7749999999999986 
0.7749999999999992 0.9999999999999994 0.9999999999999999 0.575 0.02499999999999991 0.0 0.0 0.0 0.0 0.0 0.0 0.0 0.0 0.0 0.0 2.2204460492503446e-17 5.10702591327573e-16 8.881784197001252e-16 8.881784197001252e-16 6.883382752675958e-16 
0.7749999999999999 1.0 1.0 0.575 0.02499999999999991 0.0 0.0 0.0 0.0 0.0 0.0 0.0 0.0 0.0 0.0 0.0 0.0 0.0 0.0 0.0 
0.7749999999999999 1.0 1.0 0.575 0.02499999999999991 0.0 0.0 0.0 0.0 0.0 0.0 0.0 0.0 0.0 0.0 0.0 0.0 0.0 0.0 0.0 
0.0 0.32499999999999996 0.875 0.575 0.02499999999999991 0.0 0.0 0.0 0.0 0.0 0.0 0.0 0.0 0.0 0.0 0.0 0.0 0.0 0.0 0.0 
0.7749999999999999 1.0 1.0 0.575 0.02499999999999991 0.0 0.0 0.0 0.0 0.0 0.27500000000000036 0.8250000000000011 1.0 1.0 1.0 1.0 1.0 1.0 1.0 0.7749999999999986 
0.7749999999999999 1.0 1.0 0.575 0.02499999999999991 0.0 0.0 0.0 0.0 0.0 0.27500000000000036 0.8250000000000011 1.0 1.0 1.0 1.0 1.0 1.0 1.0 0.7749999999999986 
0.7749999999999999 1.0 1.0 0.575 0.02499999999999991 0.0 0.0 0.0 0.0 0.0 0.0 0.0 0.0 0.0 0.0 0.025000000000000355 0.5750000000000011 1.0 1.0 0.7749999999999986 
0.0 0.32499999999999996 0.875 0.575 0.02499999999999991 0.0 0.0 0.0 0.0 0.0 0.0 0.0 0.0 0.0 0.0 0.025000000000000355 0.5750000000000011 1.0 1.0 0.7749999999999986 
0.0 0.32499999999999996 0.875 0.575 0.02499999999999991 0.0 0.0 0.0 0.0 0.0 0.0 0.0 0.0 0.0 0.0 0.025000000000000355 0.5750000000000011 1.0 1.0 0.7749999999999986 
0.0 0.32499999999999996 0.875 0.575 0.02499999999999991 0.0 0.0 0.0 0.0 0.0 0.0 0.0 0.0 0.0 0.0 0.025000000000000355 0.5750000000000011 1.0 1.0 0.7749999999999986 
0.0 0.32499999999999996 0.875 0.5750000000000007 0.025000000000001642 8.437694987151191e-16 0.0 0.0 0.0 0.0 0.0 0.0 0.0 0.0 0.0 0.025000000000000355 0.5750000000000011 1.0 1.0 0.7749999999999986 
0.0 0.32499999999999996 0.875 1.0 1.0 0.4750000000000001 0.0 0.0 0.0 0.0 0.0 0.0 0.0 0.0 0.0 0.025000000000000355 0.5750000000000011 1.0 1.0 0.7749999999999986 
0.0 0.32499999999999996 0.875 1.0 1.0 0.4750000000000001 0.0 0.0 0.0 0.0 0.0 0.0 0.0 0.0 0.4750000000000014 1.0 1.0 0.8749999999999982 0.3249999999999993 0.0 
0.0 0.0 0.0 0.42500000000000004 0.9750000000000001 1.0 1.0 1.0 0.8249999999999993 0.27500000000000036 0.0 0.0 0.375 0.9250000000000007 1.0 1.0 1.0 0.8749999999999982 0.3249999999999993 0.0 
0.0 0.0 0.0 0.0 0.0 0.5249999999999999 1.0 1.0 1.0 1.0 1.0 1.0 1.0 1.0 0.5249999999999986 0.0 0.0 0.0 0.0 0.0 
