0.0 0.0 0.0 0.24999999999999956 0.7499999999999984 0.7499999999999991 0.25000000000000044 0.0 0.0 0.24999999999999778 0.7499999999999969 0.7500000000000004 0.2500000000000022 0.0 0.0 0.0 0.0 0.0 0.0 0.0 
0.7499999999999999 0.9999999999999987 0.9999999999999987 0.999999999999999 0.9999999999999997 0.9999999999999997 0.999999999999999 0.9999999999999987 0.9999999999999987 0.999999999999999 0.9999999999999997 0.9999999999999997 0.999999999999999 0.9999999999999987 0.9999999999999987 0.9999999999999987 0.9999999999999987 0.9999999999999987 0.9999999999999987 0.7500000000000026 
0.7500000000000009 1.0 1.0 0.7500000000000002 0.2500000000000009 8.881784197001252e-16 8.881784197001252e-16 8.881784197001252e-16 8.881784197001252e-16 8.881784197001252e-16 8.881784197001252e-16 8.881784197001252e-16 8.881784197001252e-16 8.881784197001252e-16 8.881784197001252e-16 8.881784197001252e-16 8.881784197001252e-16 8.881784197001252e-16 8.881784197001252e-16 6.661338147750971e-16 
0.7500000000000009 1.0 1.0 0.75 0.2500000000000002 0.0 0.0 0.0 0.0 0.0 0.0 0.0 0.0 0.0 0.0 0.0 0.0 0.0 0.0 0.0 
0.7500000000000009 1.0 1.0 0.75 0.2500000000000002 0.0 0.0 0.0 0.0 0.0 0.0 0.0 0.0 0.0 0.0 0.0 0.0 0.0 0.0 0.0 
0.7500000000000009 1.0 1.0 0.75 0.2500000000000002 0.0 0.0 0.0 0.0 0.0 0.0 0.0 0.0 0.0 0.0 0.0 0.0 0.0 0.0 0.0 
0.7500000000000009 1.0 1.0 0.7500000000000002 0.2500000000000009 8.881784197001252e-16 8.881784197001252e-16 8.881784197001252e-16 8.881784197001252e-16 8.881784197001252e-16 8.881784197001252e-16 8.881784197001252e-16 8.881784197001252e-16 6.661338147750963e-16 2.2204460492503367e-16 0.0 0.0 0.0 0.0 0.0 
0.7500000000000009 1.0 1.0 1.0 1.0 0.9999999999999996 0.9999999999999987 0.9999999999999982 0.9999999999999982 0.9999999999999982 0.9999999999999982 0.9999999999999987 0.9999999999999996 0.7500000000000031 0.250000000000004 1.7763568394002505e-15 1.7763568394002505e-15 1.3322676295501942e-15 4.440892098500689e-16 0.0 
0.7500000000000009 1.0 1.0 0.9999999999999996 0.9999999999999987 0.7499999999999991 0.25000000000000044 0.0 0.0 0.0 0.0 0.24999999999999778 0.749999999999996 0.9999999999999982 0.9999999999999982 0.9999999999999987 0.9999999999999996 0.750000000000004 0.2500000000000049 1.3322676295501942e-15 
0.7499999999999996 0.9999999999999982 0.9999999999999982 0.7499999999999987 0.24999999999999978 0.0 0.0 0.0 0.0 0.0 0.0 0.0 0.0 0.0 0.0 0.24999999999999645 0.7499999999999964 1.0 1.0 0.7500000000000036 
0.0 0.0 0.0 0.0 0.0 0.0 0.0 0.0 0.0 0.0 0.0 0.0 0.0 0.0 0.0 0.24999999999999645 0.7499999999999964 1.0 1.0 0.7500000000000036 
0.0 0.0 0.0 0.0 0.0 0.0 0.0 0.0 0.0 0.0 0.0 0.0 0.0 0.0 0.0 0.24999999999999645 0.7499999999999964 1.0 1.0 0.7500000000000036 
0.0 0.0 0.0 0.0 0.0 0.0 0.0 0.0 0.0 0.0 0.0 0.0 0.0 0.0 0.0 0.24999999999999645 0.7499999999999964 1.0 1.0 0.7500000000000036 
0.0 0.0 0.0 0.0 0.0 0.0 0.0 0.0 0.0 0.0 0.0 0.0 0.0 0.0 0.0 0.24999999999999645 0.7499999999999964 1.0 1.0 0.7500000000000036 
3.996802888650568e-15 3.99680288865056e-15 1.332267629550186e-15 0.0 0.0 0.0 0.0 0.0 0.0 0.0 0.0 0.0 0.0 0.0 0.0 0.24999999999999645 0.7499999999999964 1.0 1.0 0.7500000000000036 
0.7500000000000009 0.7500000000000007 0.25000000000000366 3.9968028886505635e-15 1.332267629550189e-15 0.0 0.0 0.0 0.0 0.0 0.0 0.0 0.0 0.0 0.0 0.24999999999999645 0.7499999999999964 1.0 1.0 0.7500000000000036 
0.7500000000000009 1.0 1.0 0.75 0.2500000000000002 0.0 0.0 0.0 0.0 0.0 0.0 0.0 0.0 0.0 0.0 0.24999999999999645 0.7499999999999964 1.0 1.0 0.7500000000000036 
0.7499999999999956 0.9999999999999947 0.9999999999999982 0.7500000000000018 0.25000000000000555 5.3290705182007545e-15 1.7763568394002568e-15 0.0 0.0 0.0 0.0 1.7763568394002378e-15 5.3290705182007325e-15 7.105427357601002e-15 7.105427357601002e-15 0.2500000000000018 0.7499999999999982 0.9999999999999982 0.9999999999999947 0.7499999999999982 
0.0 0.24999999999999883 0.749999999999995 0.9999999999999947 0.9999999999999982 0.7500000000000022 0.2500000000000062 7.105427357601002e-15 7.105427357601002e-15 7.105427357601002e-15 7.105427357601002e-15 0.25000000000000355 0.7499999999999991 1.0 1.0 0.9999999999999982 0.9999999999999947 0.7499999999999982 0.2500000000000018 0.0 
0.0 0.0 0.0 0.24999999999999822 0.7499999999999944 0.9999999999999929 0.9999999999999929 0.9999999999999929 0.9999999999999929 0.9999999999999929 0.9999999999999929 0.9999999999999929 0.9999999999999929 0.9999999999999929 0.9999999999999929 0.7499999999999982 0.2500000000000018 0.0 0.0 0.0 
