0.0 0.0 0.0 0.0 0.0 0.0 0.0 0.0 0.0 0.0 0.07499999999999893 0.2249999999999986 0.3749999999999982 0.5249999999999977 0.674999999999997 0.8249999999999967 0.9749999999999963 0.8750000000000002 0.725000000000001 0.5750000000000018 
0.0 0.0 0.0 0.025000000000000317 0.17499999999999988 0.32499999999999946 0.47499999999999915 0.6249999999999986 0.7749999999999982 0.9249999999999979 0.9999999999999986 0.9999999999999988 0.999999999999999 0.9999999999999992 0.9999999999999994 0.9999999999999998 1.0 0.8750000000000018 0.7250000000000023 0.5750000000000028 
0.5750000000000001 0.7249999999999996 0.8749999999999992 0.9999999999999987 0.9999999999999989 0.9999999999999991 0.9999999999999993 0.9999999999999994 0.9999999999999997 0.9999999999999999 1.0 1.0 1.0 1.0 1.0 1.0 1.0 0.8750000000000018 0.7250000000000023 0.5750000000000028 
0.5750000000000008 0.7250000000000006 0.8750000000000004 1.0 1.0 1.0 1.0 1.0 1.0 1.0 1.0 1.0 1.0 1.0 1.0 1.0 1.0 0.8750000000000018 0.7250000000000023 0.5750000000000028 
0.5750000000000008 0.7250000000000006 0.8750000000000004 1.0 1.0 1.0 1.0 1.0 1.0 1.0 1.0 1.0 1.0 1.0 1.0 1.0 1.0 0.8750000000000018 0.7250000000000023 0.5750000000000028 
5.107025913275728e-16 6.439293542825914e-16 7.7715611723761e-16 0.025000000000001223 0.17500000000000088 0.32500000000000057 0.4750000000000003 0.6249999999999999 0.7749999999999997 0.9249999999999995 1.0 1.0 1.0 1.0 1.0 1.0 1.0 0.8750000000000018 0.7250000000000023 0.5750000000000028 
0.0 0.0 0.0 0.025000000000000355 0.17500000000000016 0.32499999999999996 0.47499999999999987 0.6249999999999996 0.7749999999999995 0.9249999999999994 1.0 1.0 1.0 1.0 1.0 1.0 1.0 0.8750000000000018 0.7250000000000023 0.5750000000000028 
0.0 0.0 0.0 0.025000000000000355 0.17500000000000016 0.32499999999999996 0.47499999999999987 0.6249999999999996 0.7749999999999995 0.9249999999999994 1.0 1.0 1.0 1.0 1.0 1.0 1.0 0.8750000000000018 0.7250000000000023 0.5750000000000028 
0.0 0.0 0.0 0.0 0.0 0.0 0.0 0.0 0.0 0.0 0.07499999999999907 0.22499999999999898 0.3749999999999989 0.5249999999999986 0.6749999999999983 0.8249999999999982 0.9749999999999981 0.8750000000000018 0.7250000000000023 0.5750000000000028 
0.0 0.0 0.0 0.025000000000000355 0.17500000000000016 0.32499999999999996 0.47499999999999987 0.6249999999999996 0.7749999999999995 0.9249999999999994 1.0 1.0 1.0 1.0 1.0 1.0 1.0 0.8750000000000018 0.7250000000000023 0.5750000000000028 
0.0 0.0 0.0 0.025000000000000355 0.17500000000000016 0.32499999999999996 0.47499999999999987 0.6249999999999996 0.7749999999999995 0.9249999999999994 1.0 1.0 1.0 1.0 1.0 1.0 1.0 0.8750000000000018 0.7250000000000023 0.5750000000000028 
0.0 0.0 0.0 0.025000000000000355 0.17500000000000016 0.32499999999999996 0.47499999999999987 0.6249999999999996 0.7749999999999995 0.9249999999999994 1.0 1.0 1.0 1.0 1.0 1.0 1.0 0.8750000000000018 0.7250000000000023 0.5750000000000028 
0.0 0.0 0.0 0.025000000000000355 0.17500000000000016 0.32499999999999996 0.47499999999999987 0.6249999999999996 0.7749999999999995 0.9249999999999994 1.0 1.0 1.0 1.0 1.0 1.0 1.0 0.8750000000000018 0.7250000000000023 0.5750000000000028 
0.0 0.0 0.0 0.025000000000000355 0.17500000000000016 0.32499999999999996 0.47499999999999987 0.6249999999999996 0.7749999999999995 0.9249999999999994 1.0 1.0 1.0 1.0 1.0 1.0 1.0 0.8750000000000018 0.7250000000000023 0.5750000000000028 
0.0 0.0 0.0 0.025000000000000355 0.17500000000000016 0.32499999999999996 0.47499999999999987 0.6249999999999996 0.7749999999999995 0.9249999999999994 1.0 1.0 1.0 1.0 1.0 1.0 1.0 0.8750000000000018 0.7250000000000023 0.5750000000000028 
0.0 0.0 0.0 0.025000000000000355 0.17500000000000016 0.32499999999999996 0.47499999999999987 0.6249999999999996 0.7749999999999995 0.9249999999999994 1.0 1.0 1.0 1.0 1.0 1.0 1.0 0.8750000000000018 0.7250000000000023 0.5750000000000028 
0.0 0.0 0.0 0.025000000000000355 0.17500000000000016 0.32499999999999996 0.47499999999999987 0.6249999999999996 0.7749999999999995 0.9249999999999994 1.0 1.0 1.0 1.0 1.0 1.0 1.0 0.8750000000000018 0.7250000000000023 0.5750000000000028 
0.0 0.0 0.0 0.025000000000000355 0.17500000000000016 0.32499999999999996 0.47499999999999987 0.6249999999999996 0.7749999999999995 0.9249999999999994 1.0 1.0 1.0 1.0 1.0 1.0 1.0 0.8750000000000018 0.7250000000000023 0.5750000000000028 
0.0 0.0 0.0 0.025000000000000355 0.17500000000000016 0.32499999999999996 0.47499999999999987 0.6249999999999996 0.7749999999999995 0.9249999999999994 1.0 1.0 1.0 1.0 1.0 1.0 1.0 0.8750000000000018 0.7250000000000023 0.5750000000000028 
0.0 0.0 0.0 0.0 0.0 0.0 0.0 0.0 0.0 0.0 0.07499999999999907 0.22499999999999898 0.3749999999999989 0.5249999999999986 0.6749999999999983 0.8249999999999982 0.9749999999999981 0.8750000000000018 0.7250000000000023 0.5750000000000028 
