0.0 0.17500000000000188 0.6250000000000019 1.0 1.0 1.0 1.0 1.0 1.0 1.0 1.0 1.0 1.0 1.0 1.0 1.0 1.0 1.0 1.0 0.7249999999999979 
0.7250000000000019 1.0 1.0 1.0 1.0 1.0 1.0 1.0 1.0 1.0 1.0 1.0 1.0 1.0 1.0 1.0 1.0 1.0 1.0 0.7249999999999979 
0.7250000000000019 1.0 1.0 0.924999999999998 0.4749999999999981 0.024999999999998135 0.0 0.0 0.0 0.0 0.0 0.0 0.0 0.0 0.0 0.0 0.0 0.0 0.0 0.0 
0.7250000000000019 1.0 1.0 0.924999999999998 0.4749999999999981 0.024999999999998135 0.0 0.0 0.0 0.0 0.0 0.0 0.0 0.0 0.0 0.0 0.0 0.0 0.0 0.0 
0.7250000000000019 1.0 1.0 0.924999999999998 0.4749999999999981 0.024999999999998135 0.0 0.0 0.0 0.0 0.0 0.0 0.0 0.0 0.0 0.0 0.0 0.0 0.0 0.0 
0.7250000000000019 1.0 1.0 0.924999999999998 0.4749999999999981 0.024999999999998135 0.0 0.0 0.0 0.0 0.0 0.0 0.0 0.0 0.0 0.0 0.0 0.0 0.0 0.0 
0.7250000000000019 1.0 1.0 0.924999999999998 0.4749999999999981 0.024999999999998135 0.0 0.0 0.0 0.0 0.0 0.0 0.0 0.0 0.0 0.0 0.0 0.0 0.0 0.0 
0.7250000000000019 1.0 1.0 0.924999999999998 0.4749999999999981 0.024999999999998135 0.0 0.0 0.0 0.0 0.0 0.0 0.0 0.0 0.0 0.0 0.0 0.0 0.0 0.0 
0.7250000000000019 1.0 1.0 0.924999999999998 0.4749999999999981 0.024999999999998135 0.0 0.0 0.0 0.0 0.0 0.0 0.0 0.0 0.0 0.0 0.0 0.0 0.0 0.0 
0.7250000000000019 1.0 1.0 1.0 1.0 1.0 1.0 1.0 0.674999999999998 0.2249999999999983 0.22500000000000142 0.6750000000000025 1.0 1.0 0.9749999999999979 0.5249999999999986 0.07499999999999751 0.0 0.0 0.0 
0.7250000000000019 1.0 1.0 1.0 1.0 1.0 1.0 1.0 1.0 1.0 1.0 1.0 1.0 1.0 0.9749999999999979 0.5249999999999986 0.07499999999999751 0.0 0.0 0.0 
0.7250000000000019 1.0 1.0 0.924999999999998 0.4749999999999981 0.024999999999998135 0.0 0.0 0.0 0.0 0.0 0.0 0.0 0.0 0.0 0.0 0.0 0.0 0.0 0.0 
0.7250000000000019 1.0 1.0 0.924999999999998 0.4749999999999981 0.024999999999998135 0.0 0.0 0.0 0.0 0.0 0.0 0.0 0.0 0.0 0.0 0.0 0.0 0.0 0.0 
0.7250000000000019 1.0 1.0 0.924999999999998 0.4749999999999981 0.024999999999998135 0.0 0.0 0.0 0.0 0.0 0.0 0.0 0.0 0.0 0.0 0.0 0.0 0.0 0.0 
0.7250000000000019 1.0 1.0 0.924999999999998 0.4749999999999981 0.024999999999998135 0.0 0.0 0.0 0.0 0.0 0.0 0.0 0.0 0.0 0.0 0.0 0.0 0.0 0.0 
0.7250000000000019 1.0 1.0 0.924999999999998 0.4749999999999981 0.024999999999998135 0.0 0.0 0.0 0.0 0.0 0.0 0.0 0.0 0.0 0.0 0.0 0.0 0.0 0.0 
0.7250000000000019 1.0 1.0 0.924999999999998 0.4749999999999981 0.024999999999998135 0.0 0.0 0.0 0.0 0.0 0.0 0.0 0.0 0.0 0.0 0.0 0.0 0.0 0.0 
0.7250000000000019 1.0 1.0 0.924999999999998 0.4749999999999981 0.024999999999998135 0.0 0.0 0.0 0.0 0.0 0.0 0.0 0.0 0.0 0.0 0.0 0.0 0.0 0.0 
0.7250000000000019 1.0 1.0 1.0 1.0 1.0 0.574999999999998 0.12499999999999822 0.0 0.0 0.22500000000000142 0.6750000000000025 1.0 1.0 1.0 1.0 1.0 1.0 1.0 0.7249999999999979 
0.7250000000000019 1.0 1.0 1.0 1.0 1.0 1.0 1.0 1.0 1.0 1.0 1.0 1.0 1.0 1.0 1.0 1.0 1.0 1.0 0.7249999999999979 
