0.8000000000000025 1.0 1.0 1.0 0.7999999999999972 0.19999999999999707 0.0 0.0 0.0 0.0 0.0 0.0 0.0 0.0 0.20000000000000462 0.8000000000000043 1.0 1.0 1.0 0.7999999999999954 
0.8000000000000025 1.0 1.0 1.0 0.7999999999999972 0.19999999999999707 0.0 0.0 0.0 0.0 0.0 0.0 0.0 0.0 0.20000000000000462 0.8000000000000043 1.0 1.0 1.0 0.7999999999999954 
0.8000000000000025 1.0 1.0 1.0 0.7999999999999972 0.19999999999999707 0.0 0.0 0.0 0.0 0.0 0.0 0.0 0.0 0.20000000000000462 0.8000000000000043 1.0 1.0 1.0 0.7999999999999954 
0.8000000000000025 1.0 1.0 1.0 0.7999999999999972 0.19999999999999707 0.0 0.0 0.0 0.0 0.0 0.0 0.0 0.0 0.20000000000000462 0.8000000000000043 1.0 1.0 1.0 0.7999999999999954 
0.8000000000000025 1.0 1.0 1.0 0.7999999999999972 0.19999999999999707 0.0 0.0 0.0 0.0 0.0 0.0 0.0 0.0 0.20000000000000462 0.8000000000000043 1.0 1.0 1.0 0.7999999999999954 
0.8000000000000025 1.0 1.0 1.0 0.7999999999999972 0.19999999999999707 0.0 0.0 0.0 0.0 0.0 0.0 0.0 0.0 0.20000000000000462 0.8000000000000043 1.0 1.0 1.0 0.7999999999999954 
0.8000000000000025 1.0 1.0 1.0 0.7999999999999972 0.19999999999999707 0.0 0.0 0.0 0.0 0.0 0.0 0.0 0.0 0.20000000000000462 0.8000000000000043 1.0 1.0 1.0 0.7999999999999954 
0.8000000000000025 1.0 1.0 1.0 0.7999999999999972 0.19999999999999707 0.0 0.0 0.0 0.0 0.0 0.0 0.0 0.0 0.20000000000000462 0.8000000000000043 1.0 1.0 1.0 0.7999999999999954 
0.8000000000000025 1.0 1.0 1.0 0.7999999999999972 0.19999999999999707 0.0 0.0 0.0 0.0 0.0 0.0 0.0 0.0 0.20000000000000462 0.8000000000000043 1.0 1.0 1.0 0.7999999999999954 
0.8000000000000025 1.0 1.0 1.0 0.7999999999999972 0.19999999999999707 0.0 0.0 0.0 0.0 0.0 0.0 0.0 0.0 0.20000000000000462 0.8000000000000043 1.0 1.0 1.0 0.7999999999999954 
0.8000000000000025 1.0 1.0 1.0 0.7999999999999972 0.19999999999999707 0.0 0.0 0.0 0.0 0.0 0.0 0.0 0.0 0.20000000000000462 0.8000000000000043 1.0 1.0 1.0 0.7999999999999954 
0.8000000000000025 1.0 1.0 1.0 0.7999999999999972 0.19999999999999707 0.0 0.0 0.0 0.0 0.0 0.0 0.0 0.0 0.20000000000000462 0.8000000000000043 1.0 1.0 1.0 0.7999999999999954 
0.8000000000000025 1.0 1.0 1.0 0.7999999999999972 0.19999999999999707 0.0 0.0 0.0 0.0 0.0 0.0 0.0 0.0 0.20000000000000462 0.8000000000000043 1.0 1.0 1.0 0.7999999999999954 
0.8000000000000025 1.0 1.0 1.0 0.7999999999999972 0.19999999999999707 0.0 0.0 0.0 0.0 0.0 0.0 0.0 0.0 0.20000000000000462 0.8000000000000043 1.0 1.0 1.0 0.7999999999999954 
0.8000000000000025 1.0 1.0 1.0 0.7999999999999972 0.19999999999999707 0.0 0.0 0.0 0.0 0.0 0.0 0.0 0.0 0.20000000000000462 0.8000000000000043 1.0 1.0 1.0 0.7999999999999954 
0.8000000000000025 1.0 1.0 1.0 0.7999999999999972 0.19999999999999707 0.0 0.0 0.0 0.0 0.0 0.0 0.0 0.0 0.20000000000000462 0.8000000000000043 1.0 1.0 1.0 0.7999999999999954 
0.2799999999999963 0.6099999999999983 1.0 1.0 0.9300000000000002 0.7200000000000035 0.39000000000000146 0.0 0.0 0.0 0.0 0.0 2.3092638912203458e-15 0.3900000000000055 0.7200000000000062 0.9300000000000026 1.0 0.9999999999999977 0.6099999999999945 0.2799999999999938 
0.0 0.4000000000000026 1.0 1.0 1.0 1.0 0.9000000000000021 0.7500000000000071 0.7500000000000071 0.7500000000000071 0.7500000000000071 0.7500000000000071 0.750000000000008 0.9000000000000037 1.0 1.0 1.0 0.9999999999999964 0.3999999999999968 0.0 
0.0 0.059999999999998395 0.1499999999999973 0.6600000000000004 1.0 1.0 1.0 1.0 1.0 1.0 1.0 1.0 1.0 1.0 1.0 1.0 0.6599999999999947 0.1499999999999945 0.05999999999999753 0.0 
0.0 0.0 1.3322676295500175e-16 0.0299999999999963 0.049999999999993605 0.049999999999993605 0.42999999999999905 1.0 1.0 1.0 1.0 1.0 0.9999999999999967 0.4299999999999931 0.049999999999993605 0.049999999999993605 0.029999999999995967 0.0 0.0 0.0 
