0.8000000000000025 1.0 1.0 1.0 1.0 1.0 1.0 1.0 1.0 1.0 1.0 1.0 1.0 1.0 1.0 1.0 1.0 1.0 1.0 0.7999999999999954 
0.6800000000000013 0.849999999999999 0.849999999999999 0.849999999999999 0.849999999999999 0.849999999999999 0.849999999999999 0.849999999999999 0.849999999999999 0.849999999999999 0.849999999999999 0.849999999999999 0.8499999999999995 0.9400000000000001 1.0 1.0 1.0 1.0 1.0 0.7999999999999954 
0.0 0.0 0.0 0.0 0.0 0.0 0.0 0.0 0.0 0.0 0.0 0.0 2.664535259100371e-15 0.4500000000000016 0.8 0.9500000000000008 1.0 1.0 1.0 0.7999999999999954 
0.0 0.0 0.0 0.0 0.0 0.0 0.0 0.0 0.0 0.0 0.0 0.0 1.2434497875801804e-15 0.21000000000000196 0.48000000000000415 0.8700000000000031 1.0 0.9999999999999988 0.789999999999998 0.5199999999999959 
0.0 0.0 0.0 0.0 0.0 0.0 0.0 0.0 0.0 0.0 0.0 0.0 3.552713678800501e-15 0.6000000000000032 1.0 1.0 1.0 0.9999999999999964 0.3999999999999968 0.0 
0.0 0.0 0.0 0.0 0.0 0.0 0.0 0.0 0.0 0.0 0.0 0.22000000000000314 0.550000000000004 0.8200000000000025 1.0 1.0 0.7799999999999969 0.4499999999999959 0.17999999999999758 0.0 
0.0 0.0 0.0 0.0 0.0 0.0 0.0 0.0 0.0 0.0 0.0 0.4000000000000039 1.0 1.0 1.0 1.0 0.5999999999999961 0.0 0.0 0.0 
0.0 0.0 0.0 0.0 0.0 0.0 0.0 0.0 0.0 0.15000000000000266 0.6000000000000046 0.8500000000000025 1.0 1.0 0.849999999999996 0.3999999999999947 0.1499999999999974 0.0 0.0 0.0 
0.0 0.0 0.0 0.0 0.0 0.0 0.0 0.0 0.0 0.20000000000000284 0.8000000000000034 1.0 1.0 1.0 0.7999999999999954 0.19999999999999574 0.0 0.0 0.0 0.0 
0.0 0.0 0.0 0.0 0.0 0.0 0.0 3.375077994860486e-15 0.5700000000000047 0.9600000000000024 0.9900000000000008 1.0 0.9999999999999967 0.4299999999999953 0.039999999999997496 0.009999999999999218 0.0 0.0 0.0 0.0 
0.0 0.0 0.0 0.0 0.0 0.0 0.0 3.552713678800501e-15 0.6000000000000032 1.0 1.0 1.0 0.9999999999999964 0.3999999999999968 0.0 0.0 0.0 0.0 0.0 0.0 
0.0 0.0 0.0 0.0 0.0 0.0 0.06000000000000202 0.15000000000000693 0.6600000000000042 1.0 1.0 0.9399999999999978 0.8499999999999931 0.3399999999999957 0.0 0.0 0.0 0.0 0.0 0.0 
0.0 0.0 0.0 0.0 0.0 0.0 0.400000000000003 1.0 1.0 1.0 1.0 0.5999999999999961 0.0 0.0 0.0 0.0 0.0 0.0 0.0 0.0 
0.0 0.0 0.0 0.0 0.07000000000000199 0.280000000000005 0.610000000000005 1.0 1.0 0.9299999999999979 0.7199999999999949 0.38999999999999446 0.0 0.0 0.0 0.0 0.0 0.0 0.0 0.0 
0.0 0.0 0.0 0.0 0.20000000000000284 0.8000000000000029 1.0 1.0 1.0 0.7999999999999972 0.19999999999999662 0.0 0.0 0.0 0.0 0.0 0.0 0.0 0.0 0.0 
0.0 0.0 1.465494392505218e-15 0.33000000000000407 0.6400000000000047 0.9100000000000021 1.0 0.999999999999998 0.6699999999999957 0.3599999999999953 0.08999999999999762 0.0 0.0 0.0 0.0 0.0 0.0 0.0 0.0 0.0 
0.0 0.0 2.6645352591003757e-15 0.6000000000000028 1.0 1.0 1.0 0.9999999999999964 0.3999999999999968 0.0 0.0 0.0 0.0 0.0 0.0 0.0 0.0 0.0 0.0 0.0 
0.0 0.30000000000000476 0.7500000000000078 0.9000000000000035 1.0 1.0 0.6999999999999948 0.249999999999992 0.09999999999999636 0.0 0.0 0.0 0.0 0.0 0.0 0.0 0.0 0.0 0.0 0.0 
0.0 0.4000000000000026 1.0 1.0 1.0 1.0 0.599999999999997 0.0 0.0 0.0 0.0 0.0 0.0 0.0 0.0 0.0 0.0 0.0 0.0 0.0 
0.0 0.4000000000000026 0.9999999999999974 0.42999999999999355 0.049999999999993605 0.049999999999993605 0.029999999999996012 0.0 0.0 0.0 0.0 0.0 0.0 0.0 0.0 0.0 0.0 0.0 0.0 0.0 
