0.7750000000000017 1.0 1.0 0.5749999999999975 0.024999999999997247 0.0 0.0 0.0 0.0 0.0 0.0 0.0 0.0 0.0 0.0 0.025000000000005684 0.5750000000000064 1.0 1.0 0.7749999999999932 
0.7750000000000017 1.0 1.0 0.5749999999999975 0.024999999999997247 0.0 0.0 0.0 0.0 0.0 0.0 0.0 0.0 0.0 0.0 0.025000000000005684 0.5750000000000064 1.0 1.0 0.7749999999999932 
0.7750000000000017 1.0 1.0 0.5749999999999975 0.024999999999997247 0.0 0.0 0.0 0.0 0.0 0.0 0.0 0.0 0.0 0.0 0.025000000000005684 0.5750000000000064 1.0 1.0 0.7749999999999932 
0.7750000000000017 1.0 1.0 0.5749999999999975 0.024999999999997247 0.0 0.0 0.0 0.0 0.0 0.0 0.0 0.0 0.0 0.0 0.025000000000005684 0.5750000000000064 1.0 1.0 0.7749999999999932 
0.7750000000000017 1.0 1.0 0.5749999999999975 0.024999999999997247 0.0 0.0 0.0 0.0 0.0 0.0 0.0 0.0 0.0 0.0 0.025000000000005684 0.5750000000000064 1.0 1.0 0.7749999999999932 
0.7750000000000017 1.0 1.0 0.5749999999999975 0.024999999999997247 0.0 0.0 0.0 0.0 0.0 0.0 0.0 0.0 0.0 0.0 0.025000000000005684 0.5750000000000064 1.0 1.0 0.7749999999999932 
0.7750000000000017 1.0 1.0 0.5749999999999975 0.024999999999997247 0.0 0.0 0.0 0.0 0.0 0.0 0.0 0.0 0.0 0.0 0.025000000000005684 0.5750000000000064 1.0 1.0 0.7749999999999932 
0.7750000000000017 1.0 1.0 0.5749999999999975 0.024999999999997247 0.0 0.0 0.0 0.0 0.0 0.0 0.0 0.0 0.0 0.0 0.025000000000005684 0.5750000000000064 1.0 1.0 0.7749999999999932 
0.7750000000000017 1.0 1.0 0.5749999999999975 0.024999999999997247 0.0 0.0 0.0 0.0 0.0 0.0 0.0 0.0 0.0 0.0 0.025000000000005684 0.5750000000000064 1.0 1.0 0.7749999999999932 
0.7750000000000017 1.0 1.0 0.5749999999999975 0.024999999999997247 0.0 0.0 0.0 0.0 0.0 0.0 0.0 0.0 0.0 0.0 0.025000000000005684 0.5750000000000064 1.0 1.0 0.7749999999999932 
0.7750000000000017 1.0 1.0 0.5749999999999975 0.024999999999997247 0.0 0.0 0.0 0.0 0.0 0.0 0.0 0.0 0.0 0.0 0.025000000000005684 0.5750000000000064 1.0 1.0 0.7749999999999932 
0.7750000000000017 1.0 1.0 0.5749999999999975 0.024999999999997247 0.0 0.0 0.0 0.0 0.0 0.0 0.0 0.0 0.0 0.0 0.025000000000005684 0.5750000000000064 1.0 1.0 0.7749999999999932 
0.7750000000000017 1.0 1.0 0.5749999999999975 0.024999999999997247 0.0 0.0 0.0 0.0 0.0 0.0 0.0 0.0 0.0 0.0 0.025000000000005684 0.5750000000000064 1.0 1.0 0.7749999999999932 
0.7750000000000017 1.0 1.0 0.5749999999999975 0.024999999999997247 0.0 0.0 0.0 0.0 0.0 0.0 0.0 0.0 0.0 0.0 0.025000000000005684 0.5750000000000064 1.0 1.0 0.7749999999999932 
0.7750000000000017 1.0 1.0 0.5749999999999975 0.024999999999997247 0.0 0.0 0.0 0.0 0.0 0.0 0.0 0.0 0.0 0.0 0.025000000000005684 0.5750000000000064 1.0 1.0 0.7749999999999932 
0.7750000000000017 1.0 1.0 0.9043750000000018 0.7806250000000049 0.36812500000000037 0.0 0.0 0.0 0.0 0.0 0.0 0.0 0.0 0.36812500000000653 0.7806250000000068 0.9043750000000038 1.0 1.0 0.7749999999999932 
0.7750000000000017 1.0 1.0 1.0 1.0 0.474999999999997 0.0 0.0 0.0 0.0 0.0 0.0 0.0 0.0 0.475000000000005 1.0 1.0 1.0 1.0 0.7749999999999932 
0.0968749999999947 0.40937499999999694 0.8906250000000011 1.0 1.0 0.9343750000000034 0.8750000000000071 0.8750000000000071 0.7218750000000022 0.2406249999999976 0.24062500000000536 0.7218750000000099 0.8750000000000071 0.8750000000000071 0.9343750000000044 1.0 1.0 0.8906249999999929 0.4093749999999884 0.09687499999999365 
0.0 0.024374999999997607 0.06562499999999333 0.4681249999999978 0.9768750000000024 1.0 1.0 1.0 0.9868750000000011 0.9456250000000053 0.9456250000000059 0.9868750000000017 1.0 1.0 1.0 1.0 1.0 0.8749999999999929 0.3249999999999922 0.0 
0.0 0.0 0.0 0.010624999999996438 0.024374999999991754 0.5368749999999989 1.0 1.0 1.0 1.0 1.0 1.0 1.0 1.0 0.5368749999999911 0.024999999999991473 0.024999999999991473 0.021874999999992362 0.008124999999997034 0.0 
