0.0 0.0 0.025000000000000067 0.09500000000000106 0.684999999999998 1.0 1.0 1.0 1.0 1.0 1.0 1.0 1.0 1.0 1.0 0.6850000000000024 0.09500000000000164 0.02500000000000071 0.0 0.0 
0.0 0.16499999999999976 0.47499999999999887 0.964999999999998 1.0 1.0 1.0 1.0 1.0 1.0 1.0 1.0 1.0 1.0 1.0 1.0 0.9650000000000021 0.47500000000000336 0.16500000000000084 0.0 
0.0 0.549999999999997 1.0 1.0 1.0 1.0 0.9750000000000014 0.6250000000000007 0.4999999999999991 0.4999999999999991 0.4999999999999991 0.4999999999999991 0.6249999999999976 0.9749999999999996 1.0 1.0 1.0 1.0 0.7750000000000008 0.4250000000000015 
0.5949999999999984 0.8649999999999993 1.0 1.0 1.0 0.7550000000000016 0.28500000000000025 0.07500000000000065 0.0 0.0 0.0 0.0 0.07499999999999878 0.2849999999999992 0.7549999999999988 1.0 1.0 1.0 1.0 0.8500000000000014 
0.849999999999997 1.0 1.0 1.0 1.0 0.6500000000000026 0.0 0.0 0.0 0.0 0.0 0.0 0.0 0.0 0.6499999999999986 1.0 1.0 1.0 1.0 0.8500000000000014 
0.849999999999997 1.0 1.0 1.0 1.0 0.6500000000000026 0.0 0.0 0.0 0.0 0.0 0.0 0.0 0.0 0.0 0.3149999999999982 0.9000000000000004 0.9000000000000004 0.49500000000000083 0.0 
0.849999999999997 1.0 1.0 1.0 1.0 0.6500000000000026 0.0 0.0 0.0 0.0 0.0 0.0 0.0 0.0 0.0 0.0 0.0 0.0 0.0 0.0 
0.849999999999997 1.0 1.0 1.0 1.0 0.6500000000000026 0.0 0.0 0.0 0.0 0.0 0.0 0.0 0.0 0.0 0.0 0.0 0.0 0.0 0.0 
0.849999999999997 1.0 1.0 1.0 1.0 0.6500000000000026 0.0 0.0 0.0 0.10499999999999828 0.5949999999999979 0.6999999999999993 0.6999999999999993 0.6999999999999993 0.6999999999999993 0.6999999999999993 0.6999999999999993 0.6999999999999993 0.3850000000000001 0.0 
0.849999999999997 1.0 1.0 1.0 1.0 0.6500000000000026 0.0 0.0 0.0 0.1499999999999977 0.8499999999999979 1.0 1.0 1.0 1.0 1.0 1.0 1.0 0.9549999999999994 0.7650000000000001 
0.849999999999997 1.0 1.0 1.0 1.0 0.6500000000000026 0.0 0.0 0.0 0.13499999999999823 0.7649999999999999 0.9000000000000021 0.9000000000000021 0.9000000000000021 0.9650000000000006 1.0 1.0 1.0 1.0 0.8500000000000014 
0.849999999999997 1.0 1.0 1.0 1.0 0.6500000000000026 0.0 0.0 0.0 0.0 0.0 0.0 0.0 0.0 0.4549999999999997 0.805 1.0 1.0 1.0 0.8500000000000014 
0.849999999999997 1.0 1.0 1.0 1.0 0.6500000000000026 0.0 0.0 0.0 0.0 0.0 0.0 0.0 0.0 0.0 0.34999999999999787 1.0 1.0 1.0 0.8500000000000014 
0.849999999999997 1.0 1.0 1.0 1.0 0.6500000000000026 0.0 0.0 0.0 0.0 0.0 0.0 0.0 0.0 0.0 0.34999999999999787 1.0 1.0 1.0 0.8500000000000014 
0.849999999999997 1.0 1.0 1.0 1.0 0.6500000000000026 0.0 0.0 0.0 0.0 0.0 0.0 0.0 0.0 0.0 0.34999999999999787 1.0 1.0 1.0 0.8500000000000014 
0.7649999999999991 0.9550000000000006 1.0 1.0 1.0 0.6850000000000016 0.09499999999999825 0.024999999999999734 0.0 0.0 0.0 0.0 0.024999999999999113 0.0949999999999979 0.6849999999999979 1.0 1.0 1.0 1.0 0.8500000000000014 
0.0 0.549999999999997 1.0 1.0 1.0 1.0 0.9650000000000019 0.47499999999999976 0.16499999999999918 0.0 0.0 0.16499999999999784 0.47499999999999537 0.9649999999999994 1.0 1.0 1.0 1.0 0.8650000000000015 0.5950000000000034 
0.0 0.27500000000000047 0.6250000000000012 0.9749999999999988 1.0 1.0 1.0 1.0 0.7749999999999997 0.49999999999999645 0.49999999999999645 0.7749999999999975 1.0 1.0 1.0 1.0 1.0 1.0 0.5500000000000007 0.0 
0.0 0.0 0.0750000000000002 0.2850000000000032 0.7549999999999996 1.0 1.0 1.0 1.0 1.0 1.0 1.0 1.0 1.0 1.0 1.0 0.9650000000000022 0.4750000000000057 0.16500000000000256 0.0 
0.0 0.0 0.0 0.0 0.06500000000000296 0.10000000000000497 0.14500000000000218 0.7749999999999988 1.0 1.0 1.0 1.0 1.0 1.0 0.41500000000000453 0.10000000000000497 0.09500000000000501 0.025000000000001597 0.0 0.0 
