0.8249999999999984 1.0 1.0 1.0 1.0 1.0 1.0 1.0 1.0 1.0 1.0 1.0 1.0 1.0 1.0 1.0 1.0 1.0 1.0 0.8249999999999957 
0.5775000000000003 0.8425000000000005 1.0 1.0 1.0 1.0 1.0 1.0 1.0 1.0 1.0 1.0 1.0 1.0 1.0 1.0 1.0 1.0 1.0 0.8249999999999957 
0.0 0.47499999999999865 1.0 1.0 1.0 0.9625000000000002 0.6375000000000012 0.5000000000000013 0.5000000000000013 0.5000000000000013 0.5000000000000013 0.5000000000000013 0.5000000000000013 0.5000000000000013 0.5000000000000013 0.5000000000000013 0.5000000000000013 0.5000000000000013 0.5000000000000013 0.412499999999999 
0.0 0.47499999999999865 1.0 1.0 1.0 0.9250000000000003 0.27500000000000036 0.0 0.0 0.0 0.0 0.0 0.0 0.0 0.0 0.0 0.0 0.0 0.0 0.0 
0.0 0.47499999999999865 1.0 1.0 1.0 0.9250000000000003 0.27500000000000036 0.0 0.0 0.0 0.0 0.0 0.0 0.0 0.0 0.0 0.0 0.0 0.0 0.0 
0.0 0.47499999999999865 1.0 1.0 1.0 0.9250000000000003 0.27500000000000036 0.0 0.0 0.0 0.0 0.0 0.0 0.0 0.0 0.0 0.0 0.0 0.0 0.0 
0.0 0.47499999999999865 1.0 1.0 1.0 0.9250000000000003 0.27500000000000036 0.0 0.0 0.0 0.0 0.0 0.0 0.0 0.0 0.0 0.0 0.0 0.0 0.0 
0.0 0.47499999999999865 1.0 1.0 1.0 0.9250000000000003 0.27500000000000036 0.0 0.0 0.0 0.0 0.0 0.0 0.0 0.0 0.0 0.0 0.0 0.0 0.0 
0.0 0.47499999999999865 1.0 1.0 1.0 0.9775000000000001 0.7825000000000009 0.7000000000000011 0.6825000000000008 0.22749999999999984 0.0 0.0 0.0 0.0 0.0 0.0 0.0 0.0 0.0 0.0 
0.0 0.47499999999999865 1.0 1.0 1.0 1.0 1.0 1.0 0.9975 0.9325000000000013 0.9000000000000021 0.9000000000000021 0.9000000000000021 0.9000000000000021 0.9000000000000021 0.38249999999999834 0.0 0.0 0.0 0.0 
0.0 0.47499999999999865 1.0 1.0 1.0 0.9924999999999999 0.927499999999999 0.8999999999999986 0.8999999999999986 0.8999999999999986 0.8999999999999986 0.8999999999999986 0.8999999999999986 0.8999999999999986 0.8999999999999986 0.38249999999999684 0.0 0.0 0.0 0.0 
0.0 0.47499999999999865 1.0 1.0 1.0 0.9250000000000003 0.27500000000000036 0.0 0.0 0.0 0.0 0.0 0.0 0.0 0.0 0.0 0.0 0.0 0.0 0.0 
0.0 0.47499999999999865 1.0 1.0 1.0 0.9250000000000003 0.27500000000000036 0.0 0.0 0.0 0.0 0.0 0.0 0.0 0.0 0.0 0.0 0.0 0.0 0.0 
0.5775000000000012 0.8425000000000011 1.0 1.0 1.0 0.9250000000000003 0.27500000000000036 0.0 0.0 0.0 0.0 0.0 0.0 0.0 0.0 0.0 0.0 0.0 0.0 0.0 
0.8249999999999984 1.0 1.0 1.0 1.0 0.9250000000000003 0.27500000000000036 0.0 0.0 0.0 0.0 0.0 0.0 0.0 0.0 0.0 0.0 0.0 0.0 0.0 
0.8249999999999984 1.0 1.0 1.0 1.0 0.9250000000000003 0.27500000000000036 0.0 0.0 0.0 0.0 0.0 0.0 0.0 0.0 0.0 0.0 0.0 0.0 0.0 
0.8249999999999984 1.0 1.0 1.0 1.0 0.9250000000000003 0.27500000000000036 0.0 0.0 0.0 0.0 0.0 0.0 0.0 0.0 0.0 0.0 0.0 0.0 0.0 
0.8249999999999984 1.0 1.0 1.0 1.0 0.9625000000000004 0.6375000000000027 0.5000000000000036 0.5000000000000036 0.5000000000000036 0.5000000000000036 0.5000000000000036 0.5000000000000036 0.5000000000000036 0.5000000000000036 0.5000000000000036 0.5000000000000036 0.5000000000000036 0.23750000000000063 0.0 
0.8249999999999984 1.0 1.0 1.0 1.0 1.0 1.0 1.0 1.0 1.0 1.0 1.0 1.0 1.0 1.0 1.0 1.0 1.0 0.47499999999999787 0.0 
0.08249999999999515 0.5274999999999959 1.0 1.0 0.6174999999999982 0.1674999999999945 0.7524999999999982 1.0 1.0 1.0 1.0 1.0 1.0 1.0 1.0 1.0 1.0 1.0 0.47499999999999787 0.0 
