0.0 0.0 0.0 0.0 0.0 0.0 0.05250000000000076 0.07500000000000107 0.3525000000000014 0.9074999999999996 0.16749999999999982 0.07500000000000107 0.07500000000000107 0.05250000000000069 0.0 0.0 0.0 0.0 0.0 0.0 
0.0 0.0 0.0 0.06750000000000018 0.22500000000000075 0.22500000000000075 0.7675000000000004 1.0 1.0 1.0 1.0 1.0 1.0 0.7674999999999996 0.22500000000000075 0.22500000000000075 0.06749999999999959 0.0 0.0 0.0 
0.0 0.0 0.18750000000000014 0.5625000000000002 1.0 1.0 0.7374999999999996 0.6249999999999996 0.6249999999999996 0.6249999999999996 0.6249999999999996 0.887500000000001 1.0 1.0 1.0 1.0 0.29999999999999716 0.0 0.0 0.0 
0.0 0.36750000000000005 0.7625000000000001 1.0 0.9474999999999999 0.5274999999999995 0.14249999999999982 0.0 0.0 0.0 0.0 0.33250000000000113 0.47499999999999964 0.6325000000000001 1.0 1.0 0.6674999999999989 0.2624999999999983 0.0 0.0 
0.0 0.6999999999999996 1.0 1.0 0.8999999999999999 0.09999999999999964 0.0 0.0 0.0 0.0 0.0 0.0 0.0 0.3000000000000007 1.0 1.0 1.0 0.49999999999999645 0.0 0.0 
0.7424999999999989 0.9474999999999997 1.0 0.7525000000000004 0.1575000000000006 0.01750000000000001 0.0 0.0 0.0 0.0 0.0 0.0 0.0 0.3000000000000007 1.0 1.0 1.0 0.912499999999999 0.5774999999999989 0.0 
0.8999999999999995 1.0 1.0 0.7000000000000002 0.0 0.0 0.0 0.0 0.0 0.0 0.0 0.0 0.0 0.3000000000000007 1.0 1.0 1.0 1.0 0.6999999999999993 0.0 
0.0 0.6999999999999996 1.0 1.0 0.8999999999999999 0.09999999999999964 0.0 0.0 0.0 0.0 0.0 0.0 0.0 0.0 0.10000000000000142 0.9000000000000021 1.0 1.0 0.6999999999999993 0.0 
0.0 0.6999999999999996 1.0 1.0 0.8999999999999999 0.09999999999999964 0.0 0.0 0.0 0.0 0.0 0.0 0.0 0.0 0.10000000000000142 0.9000000000000021 1.0 1.0 0.6999999999999993 0.0 
0.0 0.6999999999999996 1.0 1.0 0.8999999999999999 0.09999999999999964 0.0 0.0 0.0 0.0 0.0 0.0 0.0 0.0 0.10000000000000142 0.9000000000000021 1.0 1.0 0.6999999999999993 0.0 
0.0 0.6999999999999996 1.0 1.0 0.8999999999999999 0.09999999999999964 0.0 0.0 0.0 0.0 0.0 0.0 0.0 0.0 0.10000000000000142 0.9000000000000021 1.0 1.0 0.8724999999999989 0.517499999999997 
0.0 0.6999999999999997 1.0 1.0 0.8999999999999999 0.09999999999999964 0.0 0.0 0.0 0.0 0.0 0.0 0.0 0.0 0.10000000000000142 0.9000000000000021 1.0 1.0 0.7825000000000001 0.24750000000000152 
0.0 0.0875000000000012 0.5625000000000007 1.0 0.8999999999999999 0.09999999999999964 0.0 0.0 0.0 0.0 0.0 0.0 0.0 0.0 0.10000000000000142 0.9000000000000021 1.0 1.0 0.6999999999999993 0.0 
0.0 0.0 0.4999999999999998 1.0 0.8999999999999999 0.09999999999999964 0.0 0.0 0.0 0.0 0.0 0.0 0.0 0.0 0.10000000000000142 0.9000000000000021 1.0 1.0 1.0 0.8999999999999986 
0.0 0.0 0.4999999999999998 1.0 0.8999999999999999 0.09999999999999964 0.0 0.0 0.0 0.0 0.0 0.0 0.0 0.0 0.10000000000000142 0.9000000000000021 1.0 1.0 1.0 0.8999999999999986 
0.0 0.0 0.4999999999999998 1.0 0.8999999999999999 0.09999999999999964 0.0 0.0 0.0 0.0 0.0 0.0 0.0 0.0 0.10000000000000142 0.9000000000000021 1.0 1.0 1.0 0.8999999999999986 
0.0 0.0 0.26250000000000273 0.6675000000000039 0.8999999999999999 0.09999999999999964 0.0 0.0 0.0 0.0 0.0 0.0 0.0 0.14249999999999863 0.5274999999999956 0.9475000000000006 1.0 1.0 0.8575000000000014 0.47250000000000436 
0.0 0.0 0.0 0.2999999999999998 0.9624999999999992 0.6624999999999934 0.6249999999999929 0.6249999999999929 0.43749999999999456 0.062499999999999625 0.5624999999999943 0.6249999999999929 0.6249999999999929 0.7374999999999953 1.0 1.0 1.0 1.0 0.6999999999999993 0.0 
0.0 0.0 0.0 0.2999999999999998 1.0 1.0 1.0 1.0 0.9324999999999994 0.7974999999999989 0.9775000000000001 1.0 1.0 1.0 1.0 1.0 1.0 0.6124999999999979 0.15750000000000083 0.0 
0.0 0.0 0.0 0.02250000000000084 0.16750000000000265 0.9075000000000006 1.0 1.0 1.0 1.0 1.0 1.0 1.0 1.0 0.907499999999999 0.1675000000000006 0.07500000000000284 0.03750000000000116 0.0 0.0 
