0.0 0.0 0.04687500000000122 0.12500000000000355 0.12500000000000355 0.12500000000000355 0.12500000000000355 0.23437500000000466 0.890625000000002 1.0 1.0 1.0 1.0 0.4531249999999991 0.07812500000000155 0.0 0.0 0.0 0.0 0.0 
0.0 0.2343750000000013 0.6093750000000012 1.0 1.0 1.0 1.0 1.0 1.0 1.0 1.0 1.0 1.0 1.0 0.7656249999999978 0.3281250000000005 0.04687499999999836 0.0 0.0 0.0 
0.0 0.6249999999999987 1.0 1.0 1.0 1.0 1.0 0.9218749999999986 0.45312499999999695 0.3749999999999978 0.3749999999999978 0.3749999999999978 0.3749999999999978 0.7656250000000013 1.0 0.9531249999999982 0.671875 0.2343749999999975 0.0 0.0 
0.0 0.6249999999999987 1.0 1.0 1.0 0.4531249999999985 0.12499999999999822 0.10937499999999822 0.015624999999999556 0.0 0.0 0.0 0.0 0.07812499999999933 0.45312500000000355 1.0 1.0 0.9218750000000004 0.5468749999999964 0.0 
0.8749999999999982 1.0 1.0 1.0 1.0 0.37499999999999956 0.0 0.0 0.0 0.0 0.0 0.0 0.0 0.0 0.0 0.12500000000000533 0.8750000000000053 1.0 1.0 0.8749999999999929 
0.8749999999999982 1.0 1.0 0.9531250000000002 0.671875 0.23437499999999972 0.0 0.0 0.0 0.0 0.0 0.0 0.0 0.0 0.0 0.07812500000000333 0.5468750000000033 0.859375000000002 1.0 0.8749999999999929 
0.8749999999999982 1.0 1.0 0.8750000000000004 0.125 0.0 0.0 0.0 0.0 0.0 0.0 0.0 0.0 0.0 0.0 0.0 0.0 0.6250000000000053 1.0 0.8749999999999929 
0.10937500000000133 0.12500000000000178 0.45312500000000033 0.9843749999999998 0.8906249999999984 0.32812499999999895 0.0 0.0 0.0 0.0 0.0 0.0 0.0 0.0 0.0 0.10937500000000444 0.7656250000000031 0.953125 1.0 0.8749999999999929 
0.0 0.0 0.3281249999999999 0.8906250000000016 0.9843750000000002 1.0 0.6718749999999986 0.12499999999999822 0.12499999999999822 0.12499999999999822 0.12499999999999822 0.12499999999999822 0.12499999999999822 0.12499999999999822 0.45312500000000355 1.0 1.0 0.9218750000000004 0.5468749999999964 0.0 
0.0 0.0 0.0 0.07812499999999994 0.5468750000000016 0.8593750000000009 1.0 1.0 1.0 1.0 1.0 1.0 1.0 1.0 1.0 0.9531249999999982 0.6718749999999996 0.23437499999999734 0.0 0.0 
0.0 0.0 0.2343749999999981 0.6249999999999964 0.6249999999999964 0.8593749999999989 1.0 1.0 1.0 1.0 1.0 1.0 1.0 0.609375 0.37500000000000355 0.3281250000000011 0.046874999999998446 0.0 0.0 0.0 
0.0 0.5468749999999967 0.9218749999999977 1.0 1.0 0.45312500000000183 0.12500000000000355 0.12500000000000355 0.12500000000000355 0.12500000000000355 0.12500000000000355 0.12500000000000355 0.12500000000000355 0.04687500000000089 0.0 0.0 0.0 0.0 0.0 0.0 
0.0 0.6249999999999987 1.0 0.8750000000000004 0.125 0.0 0.0 0.0 0.0 0.0 0.0 0.0 0.0 0.0 0.0 0.0 0.0 0.0 0.37500000000000533 0.8749999999999929 
0.0 0.6249999999999987 1.0 0.8750000000000004 0.125 0.0 0.0 0.0 0.0 0.0 0.0 0.0 0.0 0.0 0.0 0.0 0.0 0.0 0.37500000000000533 0.8749999999999929 
0.0 0.6249999999999987 1.0 0.8750000000000004 0.125 0.0 0.0 0.0 0.0 0.0 0.0 0.0 0.0 0.0 0.0 0.0 0.0 0.0 0.14062500000000466 0.32812500000000355 
0.0 0.6249999999999987 1.0 0.9843749999999991 0.8906249999999938 0.32812499999999695 0.0 0.0 0.0 0.0 0.0 0.0 0.0 0.0 0.0 0.0 0.0 0.0 0.0 0.0 
0.0 0.0 0.3749999999999991 1.0 1.0 0.45312499999999517 0.1249999999999929 0.10937499999999356 0.01562499999999889 0.0 0.0 0.0 0.0 0.0 0.0 0.015624999999999778 0.10937499999999445 0.04687499999999667 0.0 0.0 
0.0 0.0 0.2343750000000021 0.671875000000006 0.9531250000000009 1.0 1.0 0.921874999999998 0.4531249999999927 0.3749999999999929 0.3749999999999929 0.3749999999999929 0.3749999999999929 0.3749999999999929 0.3749999999999929 0.4531249999999971 0.9218750000000024 0.6093749999999922 0.23437499999999356 0.0 
0.0 0.0 0.0 0.04687500000000072 0.3281250000000062 0.7656250000000029 1.0 1.0 1.0 1.0 1.0 1.0 1.0 1.0 1.0 1.0 1.0 0.6093750000000011 0.23437500000000244 0.0 
0.0 0.0 0.0 0.0 0.0 0.07812500000000672 0.45312500000000744 0.8906249999999998 0.23437500000000777 0.6718750000000056 1.0 1.0 1.0 1.0 1.0 0.8906249999999967 0.23437500000000466 0.04687500000000333 0.0 0.0 
