0.0 0.0 0.0 0.0 0.1999999999999984 0.7999999999999985 1.0 1.0 1.0 1.0 1.0 0.6999999999999996 0.24999999999999778 0.09999999999999912 0.0 0.0 0.0 0.0 0.0 0.0 
0.0 0.2999999999999973 0.7499999999999951 0.7499999999999962 0.7999999999999966 0.9499999999999988 1.0 1.0 1.0 1.0 1.0 1.0 1.0 0.8499999999999983 0.5999999999999975 0.15000000000000005 0.0 0.0 0.0 0.0 
0.19999999999999643 0.5499999999999965 0.9999999999999988 1.0 1.0 1.0 1.0 1.0 1.0 1.0 1.0 1.0 1.0 1.0 0.8499999999999998 0.3999999999999976 0.14999999999999797 4.440892098500555e-16 0.0 0.0 
0.7999999999999985 1.0 1.0 1.0 0.8500000000000021 0.4000000000000047 0.25000000000000444 0.25000000000000444 0.25000000000000444 0.25000000000000444 0.25000000000000444 0.5500000000000016 0.9999999999999987 1.0 1.0 1.0 0.8999999999999986 0.749999999999996 0.2999999999999998 0.0 
0.7999999999999985 1.0 1.0 1.0 0.8000000000000016 0.2000000000000015 0.0 0.0 0.0 0.0 0.0 0.0 0.0 0.45000000000000107 0.8000000000000034 0.9500000000000006 1.0 1.0 0.40000000000000213 0.0 
0.7999999999999985 1.0 1.0 1.0 0.8000000000000016 0.2000000000000015 0.0 0.0 0.0 0.0 0.0 0.0 0.0 0.0 0.05000000000000071 0.2000000000000033 0.25000000000000444 0.25000000000000444 0.10000000000000231 0.0 
0.7999999999999985 1.0 1.0 1.0 0.8000000000000016 0.2000000000000015 0.0 0.0 0.0 0.0 0.0 0.0 0.0 0.0 0.0 0.0 0.0 0.0 0.0 0.0 
0.2000000000000039 0.550000000000002 0.9999999999999989 1.0 0.9499999999999993 0.7999999999999962 0.4499999999999982 9.992007221626338e-16 0.0 0.0 0.0 0.0 0.0 0.0 0.0 0.0 0.0 0.0 0.0 0.0 
0.0 0.300000000000001 0.7500000000000041 0.9000000000000017 1.0 1.0 1.0 1.0 0.5499999999999984 0.19999999999999635 0.0499999999999992 0.0 0.0 0.0 0.0 0.0 0.0 0.0 0.0 0.0 
0.0 0.0 0.0 0.15000000000000277 0.4000000000000031 0.85 1.0 1.0 1.0 0.9499999999999995 0.799999999999996 0.44999999999999785 1.3322676295501784e-15 0.0 0.0 0.0 0.0 0.0 0.0 0.0 
0.0 0.0 0.0 0.0 0.0 0.0 0.3000000000000007 0.7500000000000043 0.7500000000000053 0.8000000000000036 0.9500000000000008 1.0 1.0 0.5499999999999984 0.1999999999999959 0.0499999999999992 0.0 0.0 0.0 0.0 
0.0 0.0 0.0 0.0 0.0 0.0 0.0 0.0 0.0 0.0500000000000008 0.20000000000000542 0.5500000000000032 0.9999999999999987 1.0 0.9499999999999987 0.7999999999999946 0.4499999999999968 1.3322676295501752e-15 0.0 0.0 
0.0 0.0 0.0 0.0 0.0 0.0 0.0 0.0 0.0 0.0 0.0 0.0 0.0 0.5999999999999979 1.0 1.0 0.6999999999999982 0.24999999999999423 0.09999999999999769 0.0 
0.0 0.0 0.0 0.0 0.0 0.0 0.0 0.0 0.0 0.0 0.0 0.0 0.0 0.15000000000000374 0.40000000000000513 0.8500000000000006 1.0 1.0 0.40000000000000213 0.0 
0.0 0.0 0.0 0.0 0.0 0.0 0.0 0.0 0.0 0.0 0.0 0.0 0.0 0.0 0.1999999999999993 0.7999999999999989 1.0 1.0 1.0 0.8000000000000007 
0.5999999999999932 0.7499999999999929 0.7499999999999929 0.7499999999999929 0.5999999999999955 0.14999999999999972 0.0 0.0 0.0 0.0 0.0 0.0 0.0 0.0 0.1999999999999993 0.7999999999999989 1.0 1.0 1.0 0.8000000000000007 
0.0 0.39999999999999847 0.9999999999999984 1.0 0.8499999999999998 0.39999999999999547 0.1499999999999962 3.330669073875375e-16 0.0 0.0 0.0 0.0 0.0 0.1499999999999952 0.3999999999999938 0.8499999999999978 1.0 1.0 0.8500000000000048 0.6000000000000062 
0.0 0.10000000000000246 0.2500000000000067 0.7000000000000015 1.0 1.0 0.8999999999999977 0.7499999999999932 0.7499999999999929 0.7499999999999929 0.7499999999999929 0.7499999999999929 0.7499999999999929 0.8999999999999966 1.0 1.0 1.0 1.0 0.40000000000000213 0.0 
0.0 0.0 0.0 0.0 0.15000000000000022 0.6000000000000045 0.8500000000000038 0.9999999999999997 1.0 1.0 1.0 1.0 1.0 1.0 0.9500000000000016 0.8000000000000059 0.45000000000000534 1.3322676295502005e-15 0.0 0.0 
0.0 0.0 0.0 0.0 0.0 0.0 0.10000000000000238 0.2500000000000068 0.2500000000000071 0.4000000000000038 0.8500000000000006 0.700000000000004 0.25000000000000844 0.2500000000000071 0.20000000000000587 0.05000000000000169 0.0 0.0 0.0 0.0 
