0.0 0.13062499999999994 0.36562500000000053 0.8368750000000016 0.6918749999999974 0.2749999999999986 0.2749999999999986 0.2749999999999986 0.2749999999999986 0.2749999999999986 0.2749999999999986 0.2749999999999986 0.2749999999999986 0.19937499999999742 0.02062499999999872 0.0 0.0 0.0 0.0 0.0 
0.6806250000000007 0.9081249999999997 1.0 1.0 1.0 1.0 1.0 1.0 1.0 1.0 1.0 1.0 1.0 0.9518749999999987 0.8381249999999982 0.8249999999999988 0.639374999999995 0.103124999999994 0.0 0.0 
0.825000000000002 1.0 1.0 1.0 1.0 1.0 1.0 1.0 1.0 1.0 1.0 1.0 1.0 1.0 1.0 1.0 1.0 1.0 0.4749999999999943 0.0 
0.825000000000002 1.0 1.0 1.0 1.0 1.0 1.0 0.6531249999999971 0.09812500000000465 0.6993750000000043 1.0 1.0 1.0 1.0 1.0 1.0 1.0 1.0 0.4749999999999943 0.0 
0.825000000000002 1.0 1.0 1.0 0.5749999999999971 0.0 0.0 0.0 0.0 0.0 0.0 0.0 0.0 0.0 0.0 0.0 0.0 0.0 0.0 0.0 
0.825000000000002 1.0 1.0 1.0 0.5749999999999971 0.0 0.0 0.0 0.0 0.0 0.0 0.0 0.0 0.0 0.0 0.0 0.0 0.0 0.0 0.0 
0.825000000000002 1.0 1.0 1.0 0.8193749999999984 0.5318749999999974 0.15812499999999796 0.0 0.0 0.0 0.0 0.0 0.0 0.0 0.0 0.0 0.0 0.0 0.0 0.0 
0.825000000000002 1.0 1.0 1.0 1.0 1.0 1.0 0.6718749999999969 0.125 0.125 0.125 0.125 0.125 0.09062499999999929 0.009374999999999467 0.0 0.0 0.0 0.0 0.0 
0.825000000000002 1.0 1.0 1.0 1.0 1.0 1.0 1.0 1.0 1.0 1.0 1.0 1.0 0.9106249999999984 0.6993749999999993 0.6750000000000007 0.5231249999999972 0.08437499999999529 0.0 0.0 
0.0 0.4750000000000022 1.0 1.0 0.9043749999999987 0.7168749999999962 0.21312499999999712 0.0 0.0 0.0 0.2518750000000031 0.7556250000000024 0.7749999999999986 0.8368750000000003 0.9831250000000009 1.0 0.8256249999999965 0.32187499999999575 0.1068749999999994 0.0 
0.0 0.10687499999999948 0.22499999999999787 0.22499999999999787 0.1293749999999981 0.0 0.0 0.0 0.0 0.0 0.0 0.0 0.0 0.06187500000000069 0.20812499999999898 0.670625000000004 1.0 1.0 0.8818749999999999 0.6393749999999957 
0.0 0.0 0.0 0.0 0.0 0.0 0.0 0.0 0.0 0.0 0.0 0.0 0.0 0.0 0.0 0.5750000000000064 1.0 1.0 1.0 0.8249999999999922 
0.0 0.0 0.0 0.0 0.0 0.0 0.0 0.0 0.0 0.0 0.0 0.0 0.0 0.0 0.0 0.5750000000000064 1.0 1.0 1.0 0.8249999999999922 
0.0 0.0 0.0 0.0 0.0 0.0 0.0 0.0 0.0 0.0 0.0 0.0 0.0 0.0 0.0 0.5750000000000064 1.0 1.0 1.0 0.8249999999999922 
0.0 0.0 0.0 0.0 0.0 0.0 0.0 0.0 0.0 0.0 0.0 0.0 0.0 0.0 0.0 0.5750000000000064 1.0 1.0 1.0 0.8249999999999922 
0.825000000000002 1.0 0.9406249999999992 0.6318750000000004 0.30187499999999967 0.0 0.0 0.0 0.0 0.0 0.0 0.0 0.0 0.0 0.0 0.5750000000000064 1.0 1.0 1.0 0.8249999999999922 
0.0 0.4750000000000022 1.0 1.0 0.6068749999999985 0.06937500000000238 0.020625000000000542 0.0 0.0 0.0 0.0 0.0 0.0 0.0 0.0 0.5750000000000064 1.0 1.0 1.0 0.8249999999999922 
0.0 0.17812499999999915 0.45312499999999845 0.8593750000000009 1.0 0.971874999999999 0.7281250000000014 0.390625 0.0 0.0 0.0 0.0 0.0 0.17187500000000452 0.578125000000006 0.840625000000004 1.0 1.0 0.6718749999999946 0.3093749999999941 
0.0 0.0 0.0 0.0 0.42500000000000293 1.0 1.0 1.0 1.0 1.0 1.0 1.0 1.0 1.0 1.0 1.0 0.9606249999999982 0.846874999999995 0.3918749999999933 0.0 
0.0 0.0 0.0 0.0 0.11687499999999869 0.274999999999995 0.274999999999995 0.5468749999999994 1.0 1.0 1.0 1.0 1.0 0.8006249999999945 0.3293749999999923 0.274999999999995 0.2131249999999948 0.03437499999999742 0.0 0.0 
