0.0 0.0 0.021874999999999544 0.13562500000000002 0.1750000000000007 0.23687499999999861 0.7731249999999981 1.0 1.0 1.0 1.0 1.0 0.4843750000000019 0.1750000000000007 0.1750000000000007 0.07437500000000043 0.0 0.0 0.0 0.0 
0.0 0.2493749999999988 0.5843749999999994 0.8931249999999988 1.0 1.0 1.0 1.0 1.0 1.0 1.0 1.0 1.0 1.0 1.0 0.7268750000000009 0.40687500000000193 0.06562500000000013 0.0 0.0 
0.7218749999999982 0.9343750000000003 1.0 1.0 1.0 1.0 1.0 1.0 1.0 1.0 1.0 1.0 1.0 1.0 1.0 1.0 0.9718750000000006 0.8906250000000011 0.41562500000000185 0.0 
0.8249999999999966 1.0 1.0 1.0 0.904375 0.7168750000000006 0.21312500000000162 0.0 0.0 0.0 0.0 0.0 0.4843749999999977 0.8368749999999987 0.9831249999999992 1.0 1.0 1.0 0.4750000000000014 0.0 
0.8249999999999966 1.0 1.0 1.0 0.5750000000000028 0.0 0.0 0.0 0.0 0.0 0.0 0.0 0.0 0.2749999999999986 0.9249999999999972 1.0 1.0 1.0 0.7768750000000016 0.4743750000000012 
0.8249999999999966 1.0 1.0 1.0 0.5750000000000028 0.0 0.0 0.0 0.0 0.0 0.0 0.0 0.0 0.02062499999999921 0.06937499999999748 0.6068749999999983 1.0 1.0 1.0 0.8249999999999993 
0.8249999999999966 1.0 1.0 1.0 0.5750000000000028 0.0 0.0 0.0 0.0 0.0 0.0 0.0 0.0 0.0 0.0 0.5749999999999993 1.0 1.0 1.0 0.8249999999999993 
0.8249999999999966 1.0 1.0 1.0 0.5750000000000028 0.0 0.0 0.0 0.0 0.0 0.0 0.0 0.0 0.0 0.0 0.5749999999999993 1.0 1.0 1.0 0.8249999999999993 
0.8249999999999966 1.0 1.0 1.0 0.5750000000000028 0.0 0.0 0.0 0.0 0.0 0.0 0.0 0.0 0.0 0.0 0.5749999999999993 1.0 1.0 1.0 0.8249999999999993 
0.8249999999999966 1.0 1.0 1.0 0.5750000000000028 0.0 0.0 0.0 0.0 0.0 0.0 0.0 0.0 0.0 0.0 0.5749999999999993 1.0 1.0 1.0 0.8249999999999993 
0.8249999999999966 1.0 1.0 1.0 0.5750000000000028 0.0 0.0 0.0 0.0 0.0 0.0 0.0 0.0 0.0 0.0 0.5749999999999993 1.0 1.0 1.0 0.8249999999999993 
0.8249999999999966 1.0 1.0 1.0 0.5750000000000028 0.0 0.0 0.0 0.0 0.0 0.0 0.0 0.0 0.0 0.0 0.5749999999999993 1.0 1.0 1.0 0.8249999999999993 
0.8249999999999966 1.0 1.0 1.0 0.5750000000000028 0.0 0.0 0.0 0.0 0.0 0.0 0.0 0.0 0.0 0.0 0.5749999999999993 1.0 1.0 1.0 0.8249999999999993 
0.8249999999999966 1.0 1.0 1.0 0.5750000000000028 0.0 0.0 0.0 0.0 0.0 0.0 0.0 0.0 0.0 0.0 0.5749999999999993 1.0 1.0 1.0 0.8249999999999993 
0.8249999999999966 1.0 1.0 1.0 0.5750000000000028 0.0 0.0 0.0 0.0 0.0 0.0 0.0 0.0 0.0 0.0 0.5749999999999993 1.0 1.0 0.5143750000000047 0.061875000000005224 
0.8249999999999966 1.0 1.0 1.0 0.5750000000000028 0.0 0.0 0.0 0.0 0.0 0.0 0.0 0.0 0.0 0.0 0.5749999999999993 1.0 1.0 1.0 0.8249999999999993 
0.18562499999999454 0.5931249999999946 1.0 1.0 0.5750000000000028 0.0 0.0 0.0 0.0 0.0 0.0 0.0 0.0 0.21312500000000045 0.716875000000003 0.9043750000000023 1.0 1.0 0.5931249999999981 0.18562499999999515 
0.0 0.4156249999999938 0.8906249999999933 0.971874999999998 1.0 1.0 1.0 0.671875000000005 0.1250000000000071 0.1250000000000071 0.1250000000000071 0.1250000000000071 0.6718750000000011 1.0 1.0 1.0 0.9718749999999987 0.8906249999999938 0.41562499999999786 0.0 
0.0 0.0 0.06562499999999774 0.4068749999999946 0.7268749999999958 1.0 1.0 1.0 1.0 1.0 1.0 1.0 1.0 1.0 1.0 0.7268749999999975 0.40687499999999727 0.06562499999999938 0.0 0.0 
0.0 0.0 0.0 0.0 0.07437499999999679 0.1749999999999936 0.1749999999999936 0.4843749999999938 1.0 1.0 1.0 1.0 1.0 0.7731249999999994 0.23687499999999642 0.0743749999999974 0.0 0.0 0.0 0.0 
