0.0 0.0 0.0 0.0 0.0743749999999998 0.1750000000000007 0.1750000000000007 0.4843749999999982 1.0 1.0 1.0 1.0 0.4843750000000019 0.1750000000000007 0.1750000000000007 0.07437500000000043 0.0 0.0 0.0 0.0 
0.0 0.0 0.06562499999999849 0.4068749999999992 0.7268749999999993 1.0 1.0 1.0 1.0 1.0 1.0 1.0 1.0 1.0 1.0 0.7268750000000009 0.40687500000000193 0.06562500000000013 0.0 0.0 
0.0 0.4156249999999978 0.8906250000000008 0.9718749999999999 1.0 1.0 1.0 1.0 1.0 1.0 1.0 1.0 1.0 1.0 1.0 1.0 0.9718750000000006 0.8906250000000011 0.41562500000000185 0.0 
0.8249999999999966 1.0 1.0 1.0 1.0 0.9831250000000005 0.8368749999999996 0.48437500000000117 0.0 0.0 0.0 0.0 0.0 0.2131249999999985 0.7168749999999965 0.7749999999999986 0.7749999999999986 0.7749999999999986 0.3681250000000004 0.0 
0.8249999999999966 1.0 1.0 1.0 0.7556250000000009 0.3931249999999992 0.11687500000000056 0.0 0.0 0.0 0.0 0.0 0.0 0.0 0.0 0.0 0.0 0.0 0.0 0.0 
0.8249999999999966 1.0 1.0 1.0 0.5750000000000028 0.0 0.0 0.0 0.0 0.0 0.0 0.0 0.0 0.0 0.0 0.0 0.0 0.0 0.0 0.0 
0.8249999999999966 1.0 1.0 1.0 0.5750000000000028 0.0 0.0 0.0 0.0 0.0 0.0 0.0 0.0 0.0 0.0 0.0 0.0 0.0 0.0 0.0 
0.8249999999999966 1.0 1.0 1.0 0.5750000000000028 0.0 0.0 0.0 0.0 0.0 0.0 0.0 0.0 0.0 0.0 0.0 0.0 0.0 0.0 0.0 
0.8249999999999966 1.0 1.0 1.0 0.9893750000000014 0.9750000000000032 0.9750000000000032 0.9750000000000032 0.9750000000000032 0.9750000000000032 0.9750000000000032 0.9750000000000032 0.3656250000000029 0.0 0.0 0.0 0.0 0.0 0.0 0.0 
0.8249999999999966 1.0 1.0 1.0 1.0 1.0 1.0 1.0 1.0 1.0 1.0 1.0 1.0 1.0 1.0 0.6118750000000022 0.2518750000000029 0.040625000000000355 0.0 0.0 
0.8249999999999966 1.0 1.0 1.0 1.0 1.0 1.0 0.7468750000000002 0.32499999999999574 0.32499999999999574 0.32499999999999574 0.32499999999999574 0.7468749999999972 1.0 1.0 1.0 0.9268750000000017 0.7156250000000037 0.320625000000003 0.0 
0.8249999999999966 1.0 1.0 1.0 0.9893749999999985 0.9018749999999988 0.26812500000000145 0.0 0.0 0.0 0.0 0.0 0.0 0.26812499999999756 0.9018749999999937 0.9893749999999983 1.0 1.0 1.0 0.8249999999999993 
0.8249999999999966 1.0 1.0 1.0 0.5750000000000028 0.0 0.0 0.0 0.0 0.0 0.0 0.0 0.0 0.0 0.0 0.5749999999999993 1.0 1.0 1.0 0.8249999999999993 
0.8249999999999966 1.0 1.0 1.0 0.5750000000000028 0.0 0.0 0.0 0.0 0.0 0.0 0.0 0.0 0.0 0.0 0.5749999999999993 1.0 1.0 1.0 0.8249999999999993 
0.8249999999999966 1.0 1.0 1.0 0.5750000000000028 0.0 0.0 0.0 0.0 0.0 0.0 0.0 0.0 0.0 0.0 0.5318749999999957 0.9418749999999949 0.9906249999999992 1.0 0.8249999999999993 
0.8249999999999966 1.0 1.0 1.0 0.5750000000000028 0.0 0.0 0.0 0.0 0.0 0.0 0.0 0.0 0.0 0.0 0.24437500000000215 0.5543750000000021 0.9281250000000005 1.0 0.8249999999999993 
0.18562499999999454 0.5931249999999946 1.0 1.0 0.5750000000000028 0.0 0.0 0.0 0.0 0.0 0.0 0.0 0.0 0.0 0.0 0.5749999999999993 1.0 1.0 1.0 0.8249999999999993 
0.0 0.4156249999999938 0.8906249999999933 0.971874999999998 1.0 0.9343750000000027 0.3656250000000074 0.1250000000000071 0.1250000000000071 0.1250000000000071 0.1250000000000071 0.1250000000000071 0.1250000000000071 0.3656250000000039 0.9343749999999981 1.0 1.0 1.0 0.9343749999999964 0.7218749999999935 
0.0 0.0 0.12499999999999689 0.774999999999997 1.0 1.0 1.0 1.0 1.0 1.0 1.0 1.0 1.0 1.0 1.0 1.0 0.893125 0.5843749999999956 0.24937499999999838 0.0 
0.0 0.0 0.021874999999998656 0.13562499999999453 0.1749999999999936 0.23687499999999204 0.7731249999999961 1.0 1.0 1.0 1.0 1.0 1.0 1.0 1.0 0.5256249999999969 0.13562499999999542 0.0218749999999992 0.0 0.0 
