0.875 0.5000000000000039 0.2000000000000064 0.30000000000000593 0.9000000000000011 1.0 1.0 1.0 1.0 0.5000000000000033 0.2000000000000064 0.2000000000000064 0.2000000000000064 0.2000000000000064 0.2000000000000064 0.17500000000000523 0.025000000000000445 0.0 0.0 0.0 
0.875 1.0 1.0 1.0 1.0 1.0 1.0 1.0 1.0 1.0 1.0 1.0 1.0 1.0 1.0 0.9500000000000001 0.6500000000000046 0.6000000000000061 0.3750000000000027 0.0 
0.875 1.0 1.0 0.9999999999999992 0.9999999999999949 0.3749999999999974 0.0 0.0 0.0 0.0 0.0 0.0 0.0 0.6249999999999981 0.9999999999999964 1.0 1.0 1.0 0.6250000000000004 5.051514762044452e-15 
0.875 1.0 1.0 0.8749999999999996 0.12499999999999956 0.0 0.0 0.0 0.0 0.0 0.0 0.0 0.0 0.0 0.22499999999999892 0.6499999999999957 0.95 1.0 1.0 0.8749999999999982 
0.875 1.0 1.0 0.8749999999999996 0.12499999999999956 0.0 0.0 0.0 0.0 0.0 0.0 0.0 0.0 0.0 0.0 0.12500000000000178 0.8750000000000018 1.0 1.0 0.8749999999999982 
0.875 1.0 1.0 0.8749999999999996 0.12499999999999956 0.0 0.0 0.0 0.0 0.0 0.0 0.0 0.0 0.0 0.0 0.12500000000000178 0.8750000000000018 1.0 1.0 0.8749999999999982 
0.875 1.0 1.0 0.8749999999999996 0.12499999999999956 0.0 0.0 0.0 0.0 0.0 0.0 0.0 0.0 0.0 0.0 0.12500000000000178 0.8750000000000018 1.0 1.0 0.8749999999999982 
0.875 1.0 1.0 0.8749999999999996 0.12499999999999956 0.0 0.0 0.0 0.0 0.0 0.0 0.0 0.0 0.0 0.0 0.12500000000000178 0.8750000000000018 1.0 1.0 0.8749999999999982 
0.875 1.0 1.0 0.8749999999999996 0.12499999999999956 0.0 0.0 0.0 0.0 0.0 0.0 0.0 0.0 0.0 0.1500000000000022 0.4750000000000045 0.9250000000000016 1.0 0.8499999999999979 0.5249999999999955 
0.875 1.0 1.0 0.9750000000000004 0.8250000000000036 0.8000000000000043 0.8000000000000043 0.8000000000000043 0.8000000000000043 0.8000000000000043 0.8000000000000043 0.8000000000000043 0.8000000000000043 0.8000000000000043 0.875000000000003 1.0 1.0 1.0 0.6249999999999982 0.0 
0.875 1.0 1.0 1.0 1.0 0.8749999999999981 0.8749999999999984 0.9749999999999994 0.8249999999999973 0.7999999999999972 0.8749999999999984 0.9749999999999993 0.8249999999999972 0.7999999999999972 0.7999999999999972 0.7999999999999972 0.7999999999999972 0.2999999999999975 0.0 0.0 
0.3499999999999972 0.7749999999999988 1.0 0.9249999999999994 0.4749999999999969 0.14999999999999863 0.14999999999999916 0.34999999999999687 0.049999999999999246 0.0 0.14999999999999916 0.3499999999999965 0.04999999999999889 0.0 0.0 0.0 0.0 0.0 0.0 0.0 
0.8749999999999969 0.9999999999999987 1.0 0.8749999999999996 0.12499999999999956 0.0 0.0 0.0 0.0 0.0 0.0 0.0 0.0 0.0 0.0 0.0 0.0 0.0 0.0 0.0 
0.35000000000000187 0.7750000000000008 1.0 0.8749999999999996 0.12499999999999956 0.0 0.0 0.0 0.0 0.0 0.0 0.0 0.0 0.0 0.0 0.0 0.0 0.0 0.0 0.0 
0.17499999999999938 0.6999999999999998 1.0 0.8749999999999996 0.12499999999999956 0.0 0.0 0.0 0.0 0.0 0.0 0.0 0.0 0.0 0.0 0.0 0.0 0.0 0.0 0.0 
0.1750000000000025 0.7000000000000012 1.0 0.8749999999999996 0.12499999999999956 0.0 0.0 0.0 0.0 0.0 0.0 0.0 0.0 0.0 0.0 0.0 0.0 0.0 0.0 0.0 
0.875 1.0 1.0 0.8749999999999996 0.12499999999999956 0.0 0.0 0.0 0.0 0.0 0.0 0.0 0.0 0.0 0.0 0.0 0.0 0.0 0.0 0.0 
0.875 1.0 1.0 0.8749999999999996 0.12499999999999956 0.0 0.0 0.0 0.0 0.0 0.0 0.0 0.0 0.0 0.0 0.0 0.0 0.0 0.0 0.0 
0.875 1.0 1.0 0.8749999999999996 0.12499999999999956 0.0 0.0 0.0 0.0 0.0 0.0 0.0 0.0 0.0 0.0 0.0 0.0 0.0 0.0 0.0 
0.875 1.0 1.0 0.8749999999999996 0.12499999999999956 0.0 0.0 0.0 0.0 0.0 0.0 0.0 0.0 0.0 0.0 0.0 0.0 0.0 0.0 0.0 
