0.06750000000000092 0.7224999999999999 1.0 1.0 1.0 1.0 1.0 1.0 1.0 1.0 1.0 1.0 1.0 0.7224999999999997 0.07500000000000107 0.07500000000000107 0.022500000000000107 0.0 0.0 0.0 
0.8999999999999995 1.0 1.0 1.0 1.0 1.0 1.0 1.0 1.0 1.0 1.0 1.0 1.0 1.0 1.0 1.0 0.29999999999999716 0.0 0.0 0.0 
0.8999999999999995 1.0 1.0 1.0 1.0 1.0 0.7374999999999996 0.6249999999999996 0.6249999999999996 0.6249999999999996 0.6249999999999996 0.6249999999999996 0.8124999999999998 1.0 1.0 1.0 0.29999999999999716 0.0 0.0 0.0 
0.8999999999999995 1.0 1.0 1.0 0.9474999999999999 0.5274999999999995 0.14249999999999982 0.0 0.0 0.0 0.0 0.0 0.23749999999999982 0.6325000000000001 1.0 1.0 0.6674999999999989 0.5250000000000004 0.5250000000000004 0.4724999999999996 
0.8999999999999995 1.0 1.0 1.0 0.8999999999999999 0.09999999999999964 0.0 0.0 0.0 0.0 0.0 0.0 0.0 0.09750000000000028 0.3925000000000011 0.9325000000000014 1.0 1.0 1.0 0.8999999999999986 
0.8999999999999995 1.0 1.0 1.0 0.8999999999999999 0.09999999999999964 0.0 0.0 0.0 0.0 0.0 0.0 0.0 0.0 0.10000000000000142 0.9000000000000021 1.0 1.0 0.7524999999999996 0.1575000000000004 
0.8999999999999995 1.0 1.0 1.0 0.8999999999999999 0.09999999999999964 0.0 0.0 0.0 0.0 0.0 0.0 0.0 0.0 0.10000000000000142 0.9000000000000021 1.0 1.0 0.6999999999999993 0.0 
0.7875000000000011 0.9625000000000005 1.0 1.0 0.8999999999999999 0.09999999999999964 0.0 0.0 0.0 0.0 0.0 0.0 0.0 0.037499999999999555 0.21249999999999963 0.9125000000000016 1.0 1.0 0.9625000000000005 0.7875000000000003 
0.0 0.6999999999999996 1.0 1.0 0.9274999999999998 0.3474999999999985 0.2749999999999986 0.2749999999999986 0.2749999999999986 0.2749999999999986 0.2749999999999986 0.2749999999999986 0.2749999999999986 0.4924999999999995 1.0 1.0 1.0 1.0 0.6999999999999993 0.0 
0.0 0.6999999999999996 1.0 1.0 1.0 1.0 1.0 1.0 1.0 1.0 1.0 1.0 1.0 1.0 1.0 1.0 1.0 0.787499999999999 0.40250000000000036 0.0 
0.0 0.6999999999999996 1.0 1.0 1.0 1.0 1.0 1.0 1.0 1.0 1.0 1.0 1.0 1.0 1.0 1.0 0.5975000000000001 0.21249999999999974 0.0 0.0 
0.0 0.1925000000000014 0.6375000000000008 1.0 1.0 1.0 0.4925000000000014 0.27500000000000213 0.27500000000000213 0.27500000000000213 0.27500000000000213 0.27500000000000213 0.27500000000000213 0.27500000000000213 0.27500000000000213 0.27500000000000213 0.08249999999999985 0.0 0.0 0.0 
0.0 0.0 0.4999999999999998 1.0 0.9125000000000001 0.2125000000000013 0.03750000000000051 0.0 0.0 0.0 0.0 0.0 0.0 0.0 0.0 0.0 0.0 0.0 0.0 0.0 
0.0 0.0 0.4999999999999998 1.0 0.8999999999999999 0.09999999999999964 0.0 0.0 0.0 0.0 0.0 0.0 0.0 0.0 0.0 0.0 0.0 0.0 0.0 0.0 
0.0 0.0 0.4999999999999998 0.9475000000000009 0.7425000000000025 0.08249999999999999 0.0 0.0 0.0 0.0 0.0 0.0 0.0 0.0 0.0 0.0 0.0 0.0 0.0 0.0 
0.0 0.0 0.4999999999999998 0.7974999999999988 0.29249999999999615 0.03249999999999946 0.0 0.0 0.0 0.0 0.0 0.0 0.0 0.0 0.0 0.0 0.0 0.0 0.0 0.0 
0.0 0.0 0.4999999999999998 1.0 0.8999999999999999 0.09999999999999964 0.0 0.0 0.0 0.0 0.0 0.0 0.0 0.0 0.0 0.0 0.0 0.0 0.0 0.0 
0.0 0.0 0.4999999999999998 1.0 0.8999999999999999 0.09999999999999964 0.0 0.0 0.0 0.0 0.0 0.0 0.0 0.0 0.0 0.0 0.0 0.0 0.0 0.0 
0.0 0.0 0.4999999999999998 1.0 0.8999999999999999 0.09999999999999964 0.0 0.0 0.0 0.0 0.0 0.0 0.0 0.0 0.0 0.0 0.0 0.0 0.0 0.0 
0.0 0.0 0.4999999999999998 0.722500000000001 0.06750000000000256 0.007500000000000257 0.0 0.0 0.0 0.0 0.0 0.0 0.0 0.0 0.0 0.0 0.0 0.0 0.0 0.0 
