0.0 0.0 0.0 0.0 0.12999999999999953 0.47999999999999887 1.0 1.0 1.0 1.0 1.0 1.0 0.8000000000000027 0.24000000000000274 0.07000000000000074 0.0 0.0 0.0 0.0 0.0 
0.0 0.0 0.0 0.0 0.6499999999999999 1.0 1.0 1.0 1.0 1.0 1.0 1.0 1.0 1.0 0.350000000000005 0.0 0.0 0.0 0.0 0.0 
0.0 0.0 0.0 0.0 0.6499999999999999 1.0 1.0 1.0 1.0 1.0 1.0 1.0 1.0 1.0 0.350000000000005 0.0 0.0 0.0 0.0 0.0 
0.0 0.0 0.0 0.0 0.6499999999999999 1.0 1.0 1.0 1.0 1.0 1.0 1.0 1.0 1.0 0.350000000000005 0.0 0.0 0.0 0.0 0.0 
0.0 0.0 0.20000000000000084 0.7600000000000003 0.9299999999999999 1.0 1.0 1.0 1.0 1.0 1.0 1.0 1.0 1.0 0.8700000000000009 0.5200000000000045 0.0 0.0 0.0 0.0 
0.0 0.0 0.2500000000000011 0.9500000000000006 1.0 1.0 1.0 1.0 1.0 1.0 1.0 1.0 1.0 1.0 1.0 0.6500000000000057 0.0 0.0 0.0 0.0 
0.0 0.0 0.2500000000000011 0.9500000000000006 1.0 1.0 1.0 1.0 1.0 1.0 1.0 1.0 1.0 1.0 1.0 0.6500000000000057 0.0 0.0 0.0 0.0 
0.0 0.0 0.2500000000000011 0.9500000000000006 1.0 1.0 1.0 1.0 1.0 1.0 1.0 1.0 1.0 1.0 1.0 0.6500000000000057 0.0 0.0 0.0 0.0 
0.0 0.0 0.2500000000000011 0.9500000000000006 1.0 1.0 1.0 1.0 0.5500000000000025 0.08999999999999803 0.5099999999999973 0.819999999999998 1.0 1.0 1.0 0.6500000000000057 0.0 0.0 0.0 0.0 
0.0 0.0 0.2500000000000011 0.9500000000000006 1.0 1.0 0.9600000000000009 0.4000000000000009 0.11000000000000011 0.0 0.0 0.5499999999999954 1.0 1.0 1.0 0.9300000000000014 0.7600000000000058 0.20000000000000587 0.0 0.0 
0.0 0.11000000000000093 0.4000000000000017 0.9600000000000005 1.0 1.0 0.9500000000000011 0.2500000000000018 0.0 0.0 0.0 0.5499999999999954 1.0 1.0 1.0 1.0 0.9500000000000064 0.2500000000000071 0.0 0.0 
0.0 0.5500000000000017 1.0 1.0 1.0 1.0 0.9500000000000011 0.2500000000000018 0.0 0.0 0.0 0.5499999999999954 1.0 1.0 1.0 1.0 0.9500000000000064 0.2500000000000071 0.0 0.0 
0.0 0.5500000000000017 1.0 1.0 1.0 1.0 0.9500000000000011 0.2500000000000018 0.0 0.0 0.0 0.5499999999999954 1.0 1.0 1.0 1.0 0.9500000000000064 0.2500000000000071 0.0 0.0 
0.0 0.5500000000000017 1.0 1.0 1.0 1.0 0.9500000000000011 0.2500000000000018 0.0 0.0 0.0 0.21999999999999933 0.5499999999999995 0.9699999999999975 1.0 1.0 0.970000000000004 0.5500000000000058 0.2200000000000043 0.0 
0.6800000000000025 0.9100000000000007 1.0 1.0 1.0 1.0 0.9900000000000002 0.8500000000000009 0.8000000000000007 0.8000000000000007 0.8000000000000007 0.9099999999999994 1.0 1.0 1.0 1.0 1.0 1.0 0.5500000000000078 0.0 
0.8500000000000023 1.0 1.0 1.0 1.0 1.0 1.0 1.0 1.0 1.0 1.0 1.0 1.0 1.0 1.0 1.0 1.0 1.0 0.5500000000000078 0.0 
0.8500000000000023 1.0 1.0 1.0 1.0 1.0 1.0 1.0 1.0 1.0 1.0 1.0 1.0 1.0 1.0 1.0 1.0 1.0 0.5500000000000078 0.0 
0.8500000000000023 1.0 1.0 1.0 1.0 0.6500000000000008 0.0 0.0 0.0 0.0 0.0 0.0 0.24999999999999645 0.9499999999999957 1.0 1.0 1.0 1.0 0.5500000000000078 0.0 
0.8500000000000023 1.0 1.0 1.0 0.7399999999999987 0.38999999999999907 0.0 0.0 0.0 0.0 0.0 0.0 0.0 0.0 0.649999999999995 1.0 1.0 1.0 1.0 0.8500000000000085 
0.8500000000000023 1.0 1.0 1.0 0.3500000000000001 0.0 0.0 0.0 0.0 0.0 0.0 0.0 0.0 0.0 0.649999999999995 1.0 1.0 1.0 1.0 0.8500000000000085 
