0.875 1.0 1.0 1.0 1.0 0.37499999999999956 0.0 0.0 0.0 0.0 0.0 0.025000000000001153 0.17500000000000596 0.7000000000000038 1.0 1.0 1.0 1.0 0.9249999999999973 0.699999999999993 
0.875 1.0 1.0 1.0 1.0 0.37499999999999956 0.0 0.0 0.0 0.0 0.0 0.12500000000000178 0.8750000000000018 1.0 1.0 1.0 1.0 1.0 0.6249999999999982 0.0 
0.875 1.0 1.0 1.0 1.0 0.37499999999999956 0.0 0.0 0.0 3.6082248300317635e-15 0.3750000000000045 1.0 1.0 1.0 1.0 0.9999999999999992 0.9999999999999949 0.37499999999999606 0.0 0.0 
0.875 1.0 1.0 1.0 1.0 0.37499999999999956 0.0 0.0 0.0 0.6250000000000009 1.0 1.0 1.0 1.0 1.0 0.8749999999999982 0.12499999999999822 0.0 0.0 0.0 
0.875 1.0 1.0 1.0 1.0 0.37499999999999956 0.0 0.10000000000000135 0.7000000000000052 0.9250000000000022 1.0 1.0 1.0 1.0 0.6999999999999966 0.17499999999999513 0.024999999999999002 0.0 0.0 0.0 
0.875 1.0 1.0 1.0 1.0 1.0 1.0 1.0 1.0 1.0 1.0 1.0 1.0 0.3749999999999982 0.0 0.0 0.0 0.0 0.0 0.0 
0.875 1.0 1.0 1.0 1.0 1.0 1.0 1.0 1.0 1.0 1.0 0.9249999999999983 0.4749999999999946 0.1499999999999974 0.0 0.0 0.0 0.0 0.0 0.0 
0.875 1.0 1.0 1.0 1.0 1.0 1.0 1.0 1.0 1.0 0.6249999999999991 0.0 0.0 0.0 0.0 0.0 0.0 0.0 0.0 0.0 
0.875 1.0 1.0 1.0 1.0 1.0 1.0 1.0 1.0 0.7499999999999972 0.374999999999997 0.0 0.0 0.0 0.0 0.0 0.0 0.0 0.0 0.0 
0.875 1.0 1.0 1.0 1.0 1.0 1.0 1.0 1.0 0.3749999999999991 0.0 0.0 0.0 0.0 0.0 0.0 0.0 0.0 0.0 0.0 
0.875 1.0 1.0 1.0 1.0 1.0 1.0 1.0 1.0 1.0 0.6249999999999991 0.0 0.0 0.0 0.0 0.0 0.0 0.0 0.0 0.0 
0.875 1.0 1.0 1.0 1.0 1.0 1.0 1.0 1.0 1.0 0.8500000000000009 0.5250000000000017 0.07499999999999933 0.0 0.0 0.0 0.0 0.0 0.0 0.0 
0.875 1.0 1.0 1.0 1.0 1.0 1.0 1.0 1.0 1.0 1.0 1.0 1.0 0.3749999999999982 0.0 0.0 0.0 0.0 0.0 0.0 
0.875 1.0 1.0 1.0 1.0 0.7499999999999984 0.5999999999999979 0.6499999999999985 0.9500000000000001 1.0 1.0 1.0 1.0 0.6250000000000002 0.2500000000000006 0.0 0.0 0.0 0.0 0.0 
0.875 1.0 1.0 1.0 1.0 0.37499999999999956 0.0 0.025000000000000088 0.17499999999999954 0.7000000000000004 1.0 1.0 1.0 1.0 0.6249999999999982 0.0 0.0 0.0 0.0 0.0 
0.1750000000000025 0.7000000000000012 1.0 1.0 1.0 0.37499999999999956 0.0 0.0 0.0 0.49999999999999895 0.8749999999999984 1.0 1.0 1.0 1.0 0.8749999999999982 0.12499999999999822 0.0 0.0 0.0 
0.875 1.0 1.0 1.0 1.0 0.37499999999999956 0.0 0.0 0.0 0.0 0.3750000000000009 1.0 1.0 1.0 1.0 0.9499999999999995 0.6500000000000006 0.22499999999999948 0.0 0.0 
0.875 1.0 1.0 1.0 1.0 0.37499999999999956 0.0 0.0 0.0 0.0 0.0 0.12500000000000178 0.8750000000000018 1.0 1.0 1.0 1.0 0.3749999999999982 0.0 0.0 
0.875 1.0 1.0 1.0 1.0 0.37499999999999956 0.0 0.0 0.0 0.0 0.0 0.0 0.0 0.6250000000000018 1.0 1.0 1.0 1.0 0.6249999999999982 0.0 
0.17499999999999938 0.1999999999999993 0.1999999999999993 0.1999999999999993 0.1999999999999993 0.07499999999999965 0.0 0.0 0.0 0.0 0.0 0.0 0.0 0.12499999999999992 0.1999999999999993 0.3000000000000008 0.9000000000000014 0.4999999999999981 0.1249999999999992 0.0 
