0.0 0.0 0.0 0.0 0.0 0.12500000000000408 0.2000000000000064 0.3000000000000063 0.9000000000000015 1.0 1.0 1.0 1.0 0.5000000000000026 0.2000000000000064 0.17500000000000523 0.025000000000000445 0.0 0.0 0.0 
0.0 0.0 0.0 0.07500000000000102 0.5250000000000056 0.8500000000000024 1.0 1.0 1.0 1.0 1.0 1.0 1.0 1.0 1.0 0.9500000000000001 0.6500000000000046 0.22500000000000123 0.0 0.0 
0.0 3.6082248300317595e-15 0.37500000000000383 1.0 1.0 1.0 1.0 1.0 1.0 0.9999999999999963 0.9999999999999942 0.999999999999995 0.9999999999999993 1.0 1.0 1.0 1.0 1.0 0.6249999999999982 0.0 
0.0 0.6250000000000001 1.0 1.0 1.0 1.0 0.8499999999999975 0.5999999999999943 0.5999999999999943 0.22499999999999734 0.0 0.07500000000000036 0.5249999999999961 0.5999999999999943 0.7499999999999971 1.0 1.0 1.0 0.775000000000001 0.35000000000000425 
0.0 0.6250000000000001 1.0 1.0 1.0 1.0 0.6249999999999991 0.0 0.0 0.0 0.0 0.0 0.0 0.0 0.3750000000000018 1.0 1.0 1.0 1.0 0.8749999999999982 
0.875 1.0 1.0 1.0 1.0 0.37499999999999956 0.0 0.0 0.0 0.0 0.0 0.0 0.0 0.0 0.3750000000000018 1.0 1.0 1.0 1.0 0.8749999999999982 
0.875 1.0 1.0 1.0 1.0 0.37499999999999956 0.0 0.0 0.0 0.0 0.0 0.0 0.0 0.0 0.3750000000000018 1.0 1.0 1.0 1.0 0.8749999999999982 
0.875 1.0 1.0 1.0 1.0 0.37499999999999956 0.0 0.0 0.0 0.0 0.0 0.0 0.0 0.0 0.3750000000000018 1.0 1.0 1.0 1.0 0.8749999999999982 
0.875 1.0 1.0 1.0 1.0 0.37499999999999956 0.0 0.0 0.0 0.0 0.0 0.0 0.0 0.0 0.3750000000000018 1.0 1.0 1.0 1.0 0.8749999999999982 
0.875 1.0 1.0 1.0 1.0 0.37499999999999956 0.0 0.0 0.0 0.0 0.0 0.0 0.0 0.0 0.3750000000000018 1.0 1.0 1.0 1.0 0.8749999999999982 
0.875 1.0 1.0 1.0 1.0 0.37499999999999956 0.0 0.0 0.0 0.0 0.0 0.0 0.0 0.0 0.3750000000000018 1.0 1.0 1.0 1.0 0.8749999999999982 
0.875 1.0 1.0 1.0 1.0 0.37499999999999956 0.0 0.0 0.0 0.0 0.0 0.0 0.0 0.0 0.3750000000000018 1.0 1.0 1.0 1.0 0.8749999999999982 
0.875 1.0 1.0 1.0 1.0 0.37499999999999956 0.0 0.0 0.0 0.0 0.0 0.0 0.0 0.0 0.3750000000000018 1.0 1.0 1.0 1.0 0.8749999999999982 
0.875 1.0 1.0 1.0 1.0 0.37499999999999956 0.0 0.0 0.0 0.0 0.0 0.0 0.0 0.0 0.3750000000000018 1.0 1.0 1.0 1.0 0.8749999999999982 
0.875 1.0 1.0 1.0 1.0 0.37499999999999956 0.0 0.0 0.0 0.0 0.0 0.0 0.0 0.0 0.3750000000000018 1.0 1.0 1.0 1.0 0.8749999999999982 
0.0 0.6250000000000001 1.0 1.0 1.0 0.5000000000000014 0.1250000000000016 0.0 0.0 0.0 0.0 0.0 0.0 0.0 0.3750000000000018 1.0 1.0 1.0 1.0 0.8749999999999982 
0.0 0.6250000000000001 1.0 1.0 1.0 1.0 0.8500000000000002 0.5250000000000007 0.07499999999999965 0.0 0.0 0.0 0.0 0.37500000000000194 0.7500000000000016 1.0 1.0 1.0 0.7749999999999984 0.34999999999999803 
0.0 0.0 0.3750000000000002 1.0 1.0 1.0 1.0 1.0 1.0 1.0 1.0 1.0 1.0 1.0 1.0 1.0 1.0 1.0 0.6249999999999982 0.0 
0.0 0.0 0.22499999999999934 0.5999999999999979 0.5999999999999979 0.8499999999999994 1.0 1.0 1.0 1.0 1.0 1.0 1.0 1.0 1.0 0.9499999999999991 0.6499999999999975 0.22499999999999815 0.0 0.0 
0.0 0.0 0.0 0.0 0.0 0.12499999999999964 0.1999999999999993 0.3000000000000001 0.9000000000000006 1.0 1.0 1.0 1.0 0.4999999999999981 0.1999999999999993 0.17499999999999902 0.024999999999999557 0.0 0.0 0.0 
