0.0 0.0 0.0 0.0 0.020000000000000392 0.1800000000000028 0.20000000000000284 0.6000000000000029 1.0 1.0 1.0 1.0 1.0 0.7599999999999975 0.18000000000000158 0.019999999999999147 0.0 0.0 0.0 0.0 
0.0 0.0 0.0 0.18000000000000071 0.6400000000000027 0.9600000000000009 1.0 1.0 1.0 1.0 1.0 1.0 1.0 1.0 0.9599999999999983 0.6400000000000002 0.179999999999997 0.0 0.0 0.0 
0.0 1.8651746813702603e-15 0.5000000000000009 1.0 1.0 1.0 1.0 1.0 0.9999999999999992 0.9999999999999973 0.9999999999999973 0.9999999999999992 1.0 1.0 1.0 1.0 1.0 0.4999999999999942 1.865174681370242e-15 0.0 
0.0 0.6999999999999991 1.0 1.0 1.0 1.0 1.0 0.7999999999999983 0.41999999999999704 0.0 0.0 0.42000000000000126 0.5999999999999979 0.7200000000000002 1.0 1.0 1.0 1.0 0.6999999999999922 0.0 
0.0 0.6999999999999991 1.0 1.0 1.0 1.0 0.4399999999999974 0.0999999999999984 0.0 0.0 0.0 0.0 0.0 0.06000000000000011 0.28000000000000175 0.9200000000000043 1.0 1.0 0.6999999999999922 0.0 
0.0 0.6999999999999991 1.0 1.0 1.0 1.0 0.29999999999999893 0.0 0.0 0.0 0.0 0.0 0.0 0.0 0.10000000000000497 0.9000000000000057 1.0 1.0 0.7599999999999946 0.18000000000000085 
0.0 0.6999999999999991 1.0 1.0 0.9399999999999995 0.45999999999999797 0.11999999999999915 0.0 0.0 0.0 0.0 0.0 0.0 0.0 0.10000000000000497 0.9000000000000057 1.0 1.0 0.819999999999995 0.3599999999999953 
0.0 0.6999999999999991 1.0 1.0 0.8999999999999995 0.09999999999999876 0.0 0.0 0.0 0.0 0.0 0.0 0.0 0.0 0.10000000000000497 0.9000000000000057 1.0 1.0 0.6999999999999927 1.5987211554602103e-15 
0.0 0.6999999999999991 1.0 1.0 0.8999999999999995 0.09999999999999876 0.0 0.0 0.0 0.0 0.0 0.0 0.0 0.0 0.10000000000000497 0.9000000000000057 1.0 1.0 0.8799999999999962 0.5399999999999929 
0.0 0.6999999999999991 1.0 1.0 0.8999999999999995 0.09999999999999876 0.0 0.0 0.0 0.0 0.0 0.0 0.0 0.0 0.10000000000000497 0.9000000000000057 1.0 1.0 0.6999999999999922 0.0 
0.0 0.6999999999999991 1.0 1.0 0.8999999999999995 0.09999999999999876 0.0 0.0 0.0 0.0 0.0 0.0 0.0 0.0 0.10000000000000497 0.9000000000000057 1.0 1.0 0.6999999999999922 0.0 
0.0 0.6999999999999991 1.0 1.0 0.8999999999999995 0.09999999999999876 0.0 0.0 0.0 0.0 0.0 0.0 0.0 0.0 0.10000000000000497 0.9000000000000057 1.0 1.0 0.6999999999999922 0.0 
0.8999999999999986 1.0 1.0 1.0 0.8999999999999995 0.09999999999999876 0.0 0.0 0.0 0.0 0.0 0.0 0.0 0.30000000000000426 1.0 1.0 1.0 1.0 0.6999999999999922 0.0 
0.8999999999999986 1.0 1.0 1.0 0.8999999999999995 0.09999999999999876 0.0 0.0 0.0 0.0 0.0 0.0 0.0 0.30000000000000426 1.0 1.0 1.0 1.0 0.6999999999999922 0.0 
0.17999999999999908 0.759999999999999 1.0 1.0 0.8999999999999995 0.09999999999999876 0.0 0.0 0.0 0.0 0.0 0.0 0.0 0.30000000000000426 1.0 1.0 1.0 1.0 0.6999999999999922 0.0 
0.0 0.6999999999999991 1.0 1.0 0.9199999999999998 0.2800000000000016 0.060000000000000636 0.0 0.0 0.0 0.0 0.0 0.0 0.060000000000001705 0.2800000000000065 0.9200000000000048 1.0 1.0 0.6999999999999922 0.0 
0.0 0.6999999999999991 1.0 1.0 1.0 1.0 0.7200000000000005 0.29999999999999966 0.0 0.0 0.0 0.0 0.3000000000000028 0.7200000000000026 1.0 1.0 1.0 1.0 0.6999999999999922 0.0 
0.0 0.0 0.49999999999999956 1.0 1.0 1.0 1.0 1.0 1.0 1.0 1.0 1.0 1.0 1.0 1.0 1.0 1.0 0.4999999999999929 0.0 0.0 
0.0 0.0 0.0 0.17999999999999924 0.6399999999999983 0.9600000000000003 1.0 1.0 1.0 1.0 1.0 1.0 1.0 1.0 0.9599999999999977 0.6399999999999958 0.17999999999999552 0.0 0.0 0.0 
0.0 0.0 0.0 0.0 0.020000000000000035 0.1799999999999996 0.1999999999999993 0.6000000000000011 1.0 1.0 1.0 1.0 0.5999999999999968 0.1999999999999993 0.17999999999999836 0.019999999999998793 0.0 0.0 0.0 0.0 
