0.0 0.0 0.0 0.0 0.0 0.12500000000000408 0.2000000000000064 0.2000000000000064 0.2000000000000064 0.7000000000000031 0.7000000000000017 0.2000000000000064 0.2000000000000064 0.2000000000000064 0.12500000000000364 0.0 0.0 0.0 0.0 0.0 
0.0 0.0 0.22500000000000242 0.6000000000000061 0.6000000000000061 0.8500000000000024 1.0 1.0 1.0 1.0 1.0 1.0 1.0 1.0 0.8500000000000015 0.5250000000000042 0.07499999999999969 0.0 0.0 0.0 
0.0 0.6250000000000001 1.0 1.0 1.0 1.0 1.0 1.0 1.0 0.9999999999999963 0.9999999999999964 1.0 1.0 1.0 1.0 1.0 1.0 0.37500000000000183 3.6082248300317485e-15 0.0 
0.0 0.6250000000000001 1.0 1.0 1.0 1.0 0.8499999999999975 0.5999999999999943 0.5999999999999943 0.22499999999999734 0.2249999999999984 0.5999999999999943 0.5999999999999943 0.8499999999999985 1.0 1.0 1.0 1.0 0.6249999999999982 0.0 
0.7000000000000045 0.9250000000000019 1.0 1.0 1.0 0.49999999999999645 0.1249999999999966 0.0 0.0 0.0 0.0 0.0 0.0 0.12499999999999714 0.4999999999999982 1.0 1.0 1.0 0.9250000000000016 0.7000000000000031 
0.875 1.0 1.0 1.0 1.0 0.37499999999999956 0.0 0.0 0.0 0.0 0.0 0.0 0.0 0.0 0.3750000000000018 1.0 1.0 1.0 1.0 0.8749999999999982 
0.875 1.0 1.0 1.0 1.0 0.37499999999999956 0.0 0.0 0.0 0.0 0.0 0.0 0.0 0.0 0.3750000000000018 1.0 1.0 1.0 1.0 0.8749999999999982 
0.875 1.0 1.0 0.875 0.12500000000000266 1.3322676295501863e-15 0.0 0.0 0.0 0.0 0.0 0.0 0.0 0.0 0.3750000000000018 1.0 1.0 1.0 1.0 0.8749999999999982 
0.875 1.0 1.0 1.0 1.0 0.37499999999999956 0.0 0.0 0.0 0.0 0.0 0.0 0.0 0.0 0.3750000000000018 1.0 1.0 1.0 1.0 0.8749999999999982 
0.875 1.0 1.0 1.0 1.0 0.37499999999999956 0.0 0.0 0.0 0.0 0.0 0.0 0.0 0.0 0.3750000000000018 1.0 1.0 1.0 1.0 0.8749999999999982 
0.875 1.0 1.0 1.0 1.0 0.37499999999999956 0.0 0.0 0.0 0.0 0.0 0.0 0.0 0.0 0.3750000000000018 1.0 1.0 1.0 0.6249999999999982 0.0 
0.875 1.0 1.0 0.9249999999999994 0.4749999999999969 0.14999999999999863 0.0 0.0 0.0 0.0 0.0 0.0 0.0 0.0 0.3750000000000018 1.0 1.0 1.0 0.6249999999999982 0.0 
0.875 1.0 1.0 0.8749999999999996 0.12499999999999956 0.0 0.0 0.0 0.0 0.0 0.0 0.0 0.0 0.0 0.3750000000000018 1.0 1.0 1.0 0.6249999999999982 0.0 
0.875 1.0 1.0 0.8749999999999996 0.12499999999999956 0.0 0.0 0.0 0.0 0.0 0.0 0.0 0.0 0.0 0.3750000000000018 1.0 1.0 1.0 0.6249999999999982 0.0 
0.875 1.0 1.0 0.8749999999999996 0.12499999999999956 0.0 0.0 0.0 0.0 0.0 0.0 0.0 0.0 0.0 0.3750000000000018 1.0 1.0 1.0 0.6249999999999982 0.0 
0.875 1.0 1.0 0.9 0.30000000000000215 0.07500000000000098 0.0 0.0 0.0 0.0 0.0 0.0 0.0 0.12500000000000214 0.5000000000000032 1.0 1.0 1.0 0.6249999999999982 0.0 
0.875 1.0 1.0 1.0 1.0 0.37499999999999956 0.0 0.0 0.0 0.0 0.0 0.07500000000000125 0.5250000000000024 0.8500000000000012 1.0 1.0 1.0 1.0 0.6249999999999982 0.0 
0.0 0.6250000000000001 1.0 1.0 1.0 1.0 1.0 1.0 1.0 1.0 1.0 1.0 1.0 1.0 1.0 1.0 1.0 0.3749999999999982 0.0 0.0 
0.0 0.3749999999999987 0.7499999999999988 1.0 1.0 1.0 1.0 1.0 1.0 1.0 1.0 1.0 1.0 1.0 1.0 0.8749999999999982 0.12499999999999822 0.0 0.0 0.0 
0.0 0.0 0.07499999999999978 0.1999999999999993 0.1999999999999993 0.7000000000000001 1.0 1.0 1.0 1.0 1.0 1.0 1.0 0.4999999999999981 0.1999999999999993 0.17499999999999902 0.024999999999999557 0.0 0.0 0.0 
