0.0 0.0 0.0 0.0 0.0 0.0437499999999995 0.12499999999999822 0.12499999999999822 0.5187500000000007 1.0 1.0 1.0 0.7812499999999964 0.16874999999999582 0.12499999999999822 0.08124999999999845 0.0 0.0 0.0 0.0 
0.0 0.0 0.09374999999999964 0.35624999999999857 0.3749999999999982 0.5937499999999994 0.9812499999999995 0.7187500000000007 0.6250000000000018 0.6250000000000018 0.6250000000000018 0.8312500000000017 1.0 1.0 1.0 0.7812499999999973 0.35624999999999674 0.09374999999999756 0.0 0.0 
0.0 0.343749999999999 0.7187499999999988 0.9812500000000002 1.0 0.78125 0.35625000000000107 0.09374999999999978 0.0 0.0 0.0 0.2062500000000019 0.3750000000000018 0.3750000000000018 0.7812500000000031 1.0 0.9812499999999983 0.7187499999999967 0.3437499999999961 0.0 
0.0 0.5499999999999999 1.0 1.0 0.43125000000000047 0.08125000000000103 0.0 0.0 0.0 0.0 0.0 0.0 0.0 0.0 0.08125000000000164 0.43125000000000396 1.0 1.0 0.5499999999999954 0.0 
0.8499999999999996 1.0 0.7499999999999998 0.04999999999999938 0.0 0.0 0.0 0.0 0.0 0.0 0.0 0.0 0.0 0.0 0.0 0.3500000000000032 1.0 1.0 0.5499999999999954 0.0 
0.8499999999999996 1.0 0.7499999999999998 0.04999999999999938 0.0 0.0 0.0 0.0 0.0 0.0 0.0 0.0 0.0 0.0 0.0 0.3500000000000032 1.0 1.0 0.5499999999999954 0.0 
0.8499999999999996 1.0 0.9062499999999994 0.643749999999998 0.2187499999999989 0.0 0.0 0.0 0.0 0.0 0.0 0.0 0.0 0.0 0.0 0.3500000000000032 1.0 1.0 0.5499999999999954 0.0 
0.10625000000000147 0.6062500000000007 1.0 1.0 0.3499999999999992 0.0 0.0 0.0 0.0 0.0 0.0 0.0 0.0 0.0 0.0 0.3500000000000032 1.0 1.0 0.5499999999999954 0.0 
0.0 0.4812500000000009 0.9062500000000013 0.9937500000000001 1.0 0.6937499999999985 0.12499999999999822 0.12499999999999822 0.12499999999999822 0.12499999999999822 0.12499999999999822 0.12499999999999822 0.12499999999999822 0.12499999999999822 0.6937500000000028 0.9562500000000003 0.8312499999999979 0.21874999999999578 0.0 0.0 
0.0 0.0 0.15625000000000058 0.5937500000000021 0.8687500000000009 1.0 1.0 1.0 1.0 1.0 1.0 1.0 1.0 1.0 1.0 0.6499999999999968 0.0 0.0 0.0 0.0 
0.0 0.0 0.0 0.0 0.6500000000000008 1.0 0.9687499999999991 0.5312500000000002 0.3750000000000018 0.3750000000000018 0.3750000000000018 0.7187500000000023 1.0 1.0 1.0 0.8687499999999981 0.5937499999999957 0.15624999999999623 0.0 0.0 
0.0 0.0 0.21874999999999975 0.8312499999999988 0.38749999999999996 0.12500000000000178 0.1187500000000015 0.03125000000000022 0.0 0.0 0.0 0.06875000000000128 0.12500000000000178 0.12500000000000178 0.12500000000000178 0.43125000000000396 0.9937499999999994 0.906249999999998 0.48124999999999496 0.0 
0.10624999999999844 0.6062499999999991 0.9687500000000004 0.8812500000000016 0.3062499999999999 0.0 0.0 0.0 0.0 0.0 0.0 0.0 0.0 0.0 0.0 0.3062500000000034 0.8812500000000022 0.9687500000000011 1.0 0.8499999999999943 
0.8499999999999996 1.0 0.7499999999999998 0.04999999999999938 0.0 0.0 0.0 0.0 0.0 0.0 0.0 0.0 0.0 0.0 0.0 0.0 0.05000000000000426 0.7500000000000053 1.0 0.8499999999999943 
0.8499999999999996 1.0 0.7499999999999998 0.04999999999999938 0.0 0.0 0.0 0.0 0.0 0.0 0.0 0.0 0.0 0.0 0.0 0.0 0.05000000000000426 0.7500000000000053 1.0 0.8499999999999943 
0.8499999999999996 1.0 0.7499999999999998 0.04999999999999938 0.0 0.0 0.0 0.0 0.0 0.0 0.0 0.0 0.0 0.0 0.0 0.0 0.05000000000000426 0.7500000000000053 1.0 0.8499999999999943 
0.8499999999999996 1.0 0.7812499999999998 0.16874999999999946 0.0437499999999999 0.0 0.0 0.0 0.0 0.0 0.0 0.0 0.0 0.0 0.0 0.0437500000000004 0.16875000000000373 0.7812500000000047 0.9437499999999994 0.743749999999995 
0.5312499999999998 0.83125 1.0 1.0 0.5937499999999996 0.375 0.3562499999999994 0.09374999999999933 0.0 0.0 0.0 0.0 0.0 0.0 0.24375000000000147 0.593750000000002 0.9812499999999984 0.718749999999998 0.3437499999999971 0.0 
0.0 0.20625 0.5312500000000001 0.9687500000000004 1.0 1.0 0.9812499999999994 0.7187499999999993 0.625 0.625 0.625 0.625 0.625 0.625 0.8687500000000015 0.781249999999998 0.3562499999999984 0.093749999999998 0.0 0.0 
0.0 0.0 0.03125000000000003 0.11875000000000008 0.6937500000000008 1.0 1.0 1.0 1.0 1.0 1.0 1.0 0.7812499999999969 0.1687499999999975 0.125 0.0812499999999996 0.0 0.0 0.0 0.0 
