0.0 0.0 0.0 0.0 0.0 0.07812500000000228 0.12500000000000355 0.23437500000000466 0.890625000000002 1.0 1.0 1.0 1.0 1.0 0.6718749999999967 0.12500000000000355 0.12500000000000355 0.046875000000000666 0.0 0.0 
0.0 0.0 0.14062500000000075 0.3750000000000029 0.3750000000000029 0.7656250000000013 0.8593749999999986 0.6249999999999971 0.6249999999999971 0.6249999999999971 0.6249999999999971 0.6249999999999971 0.6249999999999971 0.8593750000000002 1.0 1.0 1.0 0.6093749999999984 0.2343749999999998 0.0 
0.0 0.39062500000000056 0.7656250000000011 1.0 1.0 0.6093749999999983 0.23437499999999828 0.0 0.0 0.0 0.0 0.0 0.0 0.23437499999999994 0.609375000000002 1.0 1.0 1.0 0.6249999999999947 0.0 
0.0 0.6249999999999987 1.0 0.8906250000000002 0.23437499999999845 0.04687499999999928 0.0 0.0 0.0 0.0 0.0 0.0 0.0 0.0 0.046875 0.2343750000000031 0.8906250000000044 1.0 0.953125 0.7656249999999953 
0.10937500000000056 0.6718749999999992 1.0 0.8750000000000004 0.125 0.0 0.0 0.0 0.0 0.0 0.0 0.0 0.0 0.0 0.0 0.0 0.0 0.5468750000000041 0.5468749999999948 0.0 
0.8749999999999982 1.0 1.0 0.8750000000000004 0.125 0.0 0.0 0.0 0.0 0.0 0.0 0.0 0.0 0.0 0.0 0.0 0.0 0.0 0.0 0.0 
0.32812499999999933 0.7656249999999991 1.0 0.8750000000000004 0.125 0.0 0.0 0.0 0.0 0.0 0.0 0.0 0.0 0.0 0.0 0.0 0.0 0.0 0.0 0.0 
0.0 0.6249999999999987 1.0 0.8750000000000004 0.125 0.0 0.0 0.0 0.0 0.0 0.0 0.0 0.0 0.0 0.0 0.0 0.0 0.0 0.0 0.0 
0.0 0.6249999999999987 1.0 0.8906250000000002 0.23437499999999845 0.04687499999999928 0.0 0.015625 0.10937499999999867 0.12499999999999822 0.12499999999999822 0.12499999999999822 0.12499999999999822 0.12499999999999822 0.12499999999999822 0.10937499999999778 0.015624999999999112 0.0 0.0 0.0 
0.0 0.6249999999999987 1.0 1.0 1.0 0.6093749999999987 0.3749999999999982 0.45312499999999956 0.9218750000000009 1.0 1.0 1.0 1.0 1.0 1.0 0.9218749999999964 0.4531249999999951 0.14062499999999734 0.0 0.0 
0.0 0.6249999999999987 1.0 1.0 1.0 1.0 0.7656250000000008 0.37500000000000355 0.37500000000000355 0.37500000000000355 0.37500000000000355 0.37500000000000355 0.37500000000000355 0.37500000000000355 0.6093750000000056 1.0 1.0 0.7656249999999958 0.39062499999999445 0.0 
0.0 0.6249999999999987 1.0 1.0 1.0 0.45312500000000183 0.07812500000000211 0.0 0.0 0.0 0.0 0.0 0.0 0.0 0.046875000000002 0.23437500000000777 0.8906250000000051 1.0 0.953124999999998 0.7656249999999907 
0.0 0.6249999999999987 1.0 0.8750000000000004 0.125 0.0 0.0 0.0 0.0 0.0 0.0 0.0 0.0 0.0 0.0 0.10937500000000511 0.7656250000000078 0.953125000000002 1.0 0.8749999999999929 
0.0 0.6249999999999987 1.0 0.8750000000000004 0.125 0.0 0.0 0.0 0.0 0.0 0.0 0.0 0.0 0.0 0.0 0.0 0.0 0.6250000000000053 1.0 0.8749999999999929 
0.0 0.6249999999999987 1.0 0.8750000000000004 0.125 0.0 0.0 0.0 0.0 0.0 0.0 0.0 0.0 0.0 0.0 0.0 0.0 0.6250000000000053 1.0 0.8749999999999929 
0.0 0.6249999999999987 1.0 0.8750000000000004 0.125 0.0 0.0 0.0 0.0 0.0 0.0 0.0 0.0 0.0 0.0 0.0 0.0 0.6250000000000053 1.0 0.8749999999999929 
0.0 0.5468750000000032 0.9218750000000043 0.8906249999999996 0.23437499999999378 0.04687499999999728 0.0 0.0 0.0 0.0 0.0 0.0 0.0 0.0 0.0 0.12500000000000533 0.8750000000000053 1.0 0.6249999999999947 0.0 
0.0 0.0 0.3749999999999991 1.0 1.0 0.6093749999999953 0.3749999999999929 0.3281249999999931 0.046874999999998446 0.0 0.0 0.0 0.0 0.2343749999999969 0.3749999999999929 0.4531249999999971 0.9218750000000024 0.7656250000000024 0.3906250000000011 0.0 
0.0 0.0 0.14062500000000233 0.45312500000000594 0.9218750000000009 1.0 1.0 0.9531249999999984 0.6718749999999931 0.6249999999999929 0.6249999999999929 0.6249999999999929 0.6249999999999929 0.8593749999999987 1.0 0.9218749999999976 0.4531250000000029 0.14062500000000067 0.0 0.0 
0.0 0.0 0.0 0.015625000000001277 0.10937500000000933 0.12500000000001066 0.45312500000000744 1.0 1.0 1.0 1.0 1.0 1.0 0.45312500000000355 0.12500000000001066 0.10937500000000866 0.015625000000000666 0.0 0.0 0.0 
