0.5500000000000005 0.6500000000000006 0.7500000000000006 0.8500000000000008 0.9500000000000006 1.0 1.0 1.0 1.0 1.0 1.0 1.0 1.0 1.0 1.0 0.9499999999999988 0.8499999999999988 0.7499999999999987 0.6499999999999986 0.5499999999999987 
0.3025000000000009 0.3575000000000011 0.4125000000000012 0.46750000000000136 0.5225000000000014 0.5725000000000015 0.6175000000000014 0.6625000000000012 0.7075000000000011 0.7525000000000011 0.797500000000001 0.8425000000000009 0.8875000000000008 0.9325000000000008 0.9775000000000005 0.9499999999999988 0.8499999999999988 0.7499999999999987 0.6499999999999986 0.5499999999999987 
0.41249999999999987 0.4874999999999999 0.5624999999999998 0.6374999999999997 0.7124999999999996 0.7624999999999993 0.7874999999999994 0.8124999999999996 0.8374999999999997 0.8624999999999997 0.8874999999999998 0.9125 0.9375 0.9625000000000001 0.9875000000000003 0.9499999999999988 0.8499999999999988 0.7499999999999987 0.6499999999999986 0.5499999999999987 
0.0 0.0 0.0 0.0 0.0 0.05000000000000071 0.1500000000000008 0.2500000000000008 0.35000000000000087 0.45000000000000095 0.5500000000000009 0.650000000000001 0.7500000000000011 0.8500000000000012 0.9500000000000011 0.9499999999999988 0.8499999999999988 0.7499999999999987 0.6499999999999986 0.5499999999999987 
0.0 0.0 0.0 0.0 0.0 0.05000000000000071 0.1500000000000008 0.2500000000000008 0.35000000000000087 0.45000000000000095 0.5500000000000009 0.650000000000001 0.7500000000000011 0.8500000000000012 0.9500000000000011 0.9499999999999988 0.8499999999999988 0.7499999999999987 0.6499999999999986 0.5499999999999987 
0.0 0.0 0.0 0.0 0.0 0.05000000000000071 0.1500000000000008 0.2500000000000008 0.35000000000000087 0.45000000000000095 0.5500000000000009 0.650000000000001 0.7500000000000011 0.8500000000000012 0.9500000000000011 0.9499999999999988 0.8499999999999988 0.7499999999999987 0.6499999999999986 0.5499999999999987 
0.0 0.0 0.0 0.0 0.0 0.05000000000000071 0.1500000000000008 0.2500000000000008 0.35000000000000087 0.45000000000000095 0.5500000000000009 0.650000000000001 0.7500000000000011 0.8500000000000012 0.9500000000000011 0.9499999999999988 0.8499999999999988 0.7499999999999987 0.6499999999999986 0.5499999999999987 
0.0 0.0 0.0 0.0 0.0 0.05000000000000071 0.1500000000000008 0.2500000000000008 0.35000000000000087 0.45000000000000095 0.5500000000000009 0.650000000000001 0.7500000000000011 0.8500000000000012 0.9500000000000011 0.9499999999999988 0.8499999999999988 0.7499999999999987 0.6499999999999986 0.5499999999999987 
0.0 0.0 0.0 0.0 0.0 0.05000000000000071 0.1500000000000008 0.2500000000000008 0.35000000000000087 0.45000000000000095 0.5500000000000009 0.650000000000001 0.7500000000000011 0.8500000000000012 0.9500000000000011 0.9499999999999988 0.8499999999999988 0.7499999999999987 0.6499999999999986 0.5499999999999987 
0.0 0.0 0.0 0.0 0.0 0.05000000000000071 0.1500000000000008 0.2500000000000008 0.35000000000000087 0.45000000000000095 0.5500000000000009 0.650000000000001 0.7500000000000011 0.8500000000000012 0.9500000000000011 0.9499999999999988 0.8499999999999988 0.7499999999999987 0.6499999999999986 0.5499999999999987 
0.0 0.0 0.0 0.0 0.0 0.05000000000000071 0.1500000000000008 0.2500000000000008 0.35000000000000087 0.45000000000000095 0.5500000000000009 0.650000000000001 0.7500000000000011 0.8500000000000012 0.9500000000000011 0.9499999999999988 0.8499999999999988 0.7499999999999987 0.6499999999999986 0.5499999999999987 
0.0 0.0 0.0 0.0 0.0 0.05000000000000071 0.1500000000000008 0.2500000000000008 0.35000000000000087 0.45000000000000095 0.5500000000000009 0.650000000000001 0.7500000000000011 0.8500000000000012 0.9500000000000011 0.9499999999999988 0.8499999999999988 0.7499999999999987 0.6499999999999986 0.5499999999999987 
0.0 0.0 0.0 0.0 0.0 0.05000000000000071 0.1500000000000008 0.2500000000000008 0.35000000000000087 0.45000000000000095 0.5500000000000009 0.650000000000001 0.7500000000000011 0.8500000000000012 0.9500000000000011 0.9499999999999988 0.8499999999999988 0.7499999999999987 0.6499999999999986 0.5499999999999987 
0.0 0.0 0.0 0.0 0.0 0.05000000000000071 0.1500000000000008 0.2500000000000008 0.35000000000000087 0.45000000000000095 0.5500000000000009 0.650000000000001 0.7500000000000011 0.8500000000000012 0.9500000000000011 0.9499999999999988 0.8499999999999988 0.7499999999999987 0.6499999999999986 0.5499999999999987 
0.0 0.0 0.0 0.0 0.0 0.05000000000000071 0.1500000000000008 0.2500000000000008 0.35000000000000087 0.45000000000000095 0.5500000000000009 0.650000000000001 0.7500000000000011 0.8500000000000012 0.9500000000000011 0.9499999999999988 0.8499999999999988 0.7499999999999987 0.6499999999999986 0.5499999999999987 
0.0 0.0 0.0 0.0 0.0 0.05000000000000071 0.1500000000000008 0.2500000000000008 0.35000000000000087 0.45000000000000095 0.5500000000000009 0.650000000000001 0.7500000000000011 0.8500000000000012 0.9500000000000011 0.9499999999999988 0.8499999999999988 0.7499999999999987 0.6499999999999986 0.5499999999999987 
0.0 0.0 0.0 0.0 0.0 0.05000000000000071 0.1500000000000008 0.2500000000000008 0.35000000000000087 0.45000000000000095 0.5500000000000009 0.650000000000001 0.7500000000000011 0.8500000000000012 0.9500000000000011 0.9499999999999988 0.8499999999999988 0.7499999999999987 0.6499999999999986 0.5499999999999987 
0.0 0.0 0.0 0.0 0.0 0.05000000000000071 0.1500000000000008 0.2500000000000008 0.35000000000000087 0.45000000000000095 0.5500000000000009 0.650000000000001 0.7500000000000011 0.8500000000000012 0.9500000000000011 0.9499999999999988 0.8499999999999988 0.7499999999999987 0.6499999999999986 0.5499999999999987 
0.0 0.0 0.0 0.0 0.0 0.05000000000000071 0.1500000000000008 0.2500000000000008 0.35000000000000087 0.45000000000000095 0.5500000000000009 0.650000000000001 0.7500000000000011 0.8500000000000012 0.9500000000000011 0.9499999999999988 0.8499999999999988 0.7499999999999987 0.6499999999999986 0.5499999999999987 
0.0 0.0 0.0 0.0 0.0 0.05000000000000071 0.1500000000000008 0.2500000000000008 0.35000000000000087 0.45000000000000095 0.5500000000000009 0.650000000000001 0.7500000000000011 0.8500000000000012 0.9500000000000011 0.9499999999999988 0.8499999999999988 0.7499999999999987 0.6499999999999986 0.5499999999999987 
