0.0 0.0 0.0 0.0 0.0 0.09374999999999944 0.09374999999999871 0.018750000000000357 0.13124999999999928 0.6812500000000025 0.6812499999999957 0.14999999999999858 0.14999999999999858 0.05624999999999867 0.0 0.0 0.0 0.0 0.0 0.0 
0.0 0.0 0.0 0.05625000000000045 0.39374999999999977 0.7937500000000008 0.7937499999999982 0.5187500000000009 0.9312500000000018 1.0 1.0 1.0 1.0 0.6562499999999963 0.44999999999999885 0.39374999999999577 0.05624999999999666 0.0 0.0 0.0 
0.0 0.0 0.28125000000000033 0.7812499999999996 0.9687500000000003 1.0 1.0 1.0 1.0 1.0 1.0 1.0 1.0 1.0 1.0 0.9687499999999981 0.7812499999999974 0.28124999999999434 0.0 0.0 
0.0 0.6250000000000004 1.0 1.0 1.0 1.0 1.0 1.0 1.0 1.0 1.0 1.0 1.0 1.0 1.0 1.0 1.0 1.0 0.6249999999999929 0.0 
0.0 0.6250000000000004 1.0 1.0 1.0 1.0 1.0 0.9562499999999988 0.6937499999999991 0.6500000000000004 0.6500000000000004 0.6937500000000022 0.9562500000000019 1.0 1.0 1.0 1.0 1.0 0.7562499999999952 0.3062499999999966 
0.5687500000000003 0.8687500000000004 1.0 1.0 1.0 1.0 1.0 0.8749999999999964 0.12499999999999645 0.0 0.0 0.12500000000000533 0.8750000000000053 1.0 1.0 1.0 1.0 1.0 1.0 0.8749999999999911 
0.043749999999999845 0.04999999999999982 0.04999999999999982 0.16875000000000112 0.8812500000000016 0.4062499999999978 0.04999999999999982 0.043749999999999664 0.0062499999999998 0.0 0.0 0.12500000000000533 0.8750000000000053 1.0 1.0 1.0 1.0 1.0 1.0 0.8749999999999911 
0.0 0.0 0.0 0.0 0.0 0.0 0.0 0.0 0.0 0.0 0.09375000000000111 0.343750000000004 0.906250000000004 1.0 1.0 1.0 1.0 1.0 0.9062499999999982 0.6562499999999933 
0.0 0.0 0.0 0.0 0.0 0.0 0.0 0.0 0.0 0.0 0.37500000000000444 1.0 1.0 1.0 1.0 1.0 1.0 1.0 0.6249999999999929 0.0 
0.0 0.0 0.0 0.0 0.0 0.0 0.0 0.0 0.0 0.5312500000000039 0.9062500000000016 1.0 1.0 1.0 1.0 1.0 1.0 0.46874999999999306 0.09374999999999804 0.0 
0.0 0.0 0.0 0.0 0.0 0.0 0.0 0.12500000000000355 0.8750000000000036 1.0 1.0 1.0 1.0 1.0 1.0 0.8749999999999929 0.1249999999999929 0.0 0.0 0.0 
0.0 0.0 0.0 0.0 0.0 0.0 0.1687500000000016 0.5187500000000029 0.9312500000000021 1.0 1.0 1.0 1.0 1.0 0.8312499999999964 0.4812499999999952 0.06874999999999595 0.0 0.0 0.0 
0.0 0.0 0.0 0.0 0.0 0.4687500000000028 0.8437500000000018 1.0 1.0 1.0 1.0 1.0 1.0 0.5312499999999949 0.1562499999999971 0.0 0.0 0.0 0.0 0.0 
0.0 0.0 0.0 0.006250000000000156 0.04375000000000071 0.6437500000000024 1.0 1.0 1.0 1.0 1.0 0.9937499999999997 0.9562499999999992 0.3562499999999947 0.0 0.0 0.0 0.0 0.0 0.0 
0.0 0.0 0.13125000000000084 0.43125000000000213 0.9187500000000013 1.0 1.0 1.0 1.0 1.0 0.8687499999999979 0.5687499999999953 0.08124999999999635 0.0 0.0 0.0 0.0 0.0 0.0 0.0 
0.0 0.0 0.3750000000000009 1.0 1.0 1.0 1.0 1.0 1.0 1.0 0.8687499999999992 0.5687499999999984 0.0812499999999968 0.0 0.0 0.0 0.0 0.0 0.0 0.0 
0.0 0.5937500000000022 0.9687500000000018 1.0 1.0 1.0 1.0 1.0 1.0 1.0 1.0 0.9937500000000001 0.9562500000000023 0.9500000000000028 0.9500000000000028 0.9500000000000028 0.9500000000000028 0.9500000000000028 0.593749999999995 0.0 
0.0 0.6250000000000004 1.0 1.0 1.0 1.0 1.0 1.0 1.0 1.0 1.0 1.0 1.0 1.0 1.0 1.0 1.0 1.0 1.0 0.8749999999999911 
0.0 0.6250000000000004 1.0 1.0 1.0 1.0 1.0 1.0 1.0 1.0 1.0 1.0 1.0 1.0 1.0 1.0 1.0 1.0 1.0 0.8749999999999911 
0.0 0.09374999999999696 0.14999999999999503 0.25624999999999676 0.8937500000000009 1.0 1.0 1.0 1.0 1.0 1.0 1.0 1.0 1.0 1.0 1.0 1.0 1.0 0.6812499999999921 0.13124999999999432 
