0.0 0.0 0.0 0.0 0.0 0.0 0.006250000000000111 0.09374999999999889 0.5187500000000007 0.8687499999999979 0.2562499999999965 0.12499999999999822 0.09374999999999822 0.006249999999999556 0.0 0.0 0.0 0.0 0.0 0.0 
0.0 0.0 0.0 0.0 0.24374999999999913 0.3749999999999982 0.40624999999999933 0.8437500000000007 1.0 1.0 1.0 1.0 0.8437499999999973 0.40624999999999656 0.3749999999999982 0.24374999999999764 0.0 0.0 0.0 0.0 
0.0 0.343749999999999 0.6249999999999982 0.6249999999999982 0.8687499999999997 1.0 1.0 1.0 1.0 1.0 1.0 1.0 1.0 1.0 1.0 0.8687499999999981 0.5937499999999957 0.15624999999999623 0.0 0.0 
0.0 0.5499999999999999 1.0 1.0 1.0 1.0 1.0 1.0 1.0 1.0 1.0 1.0 1.0 1.0 1.0 1.0 0.9937499999999994 0.906249999999998 0.48124999999999496 0.0 
0.8499999999999996 1.0 1.0 1.0 1.0 1.0 0.9937499999999999 0.9062500000000011 0.4812499999999993 0.0 0.0 0.4812500000000032 0.9062500000000018 0.9937500000000005 1.0 1.0 1.0 1.0 0.6062499999999952 0.10624999999999778 
0.8499999999999996 1.0 1.0 1.0 1.0 1.0 0.9499999999999984 0.24999999999999822 0.0 0.0 0.0 0.0 0.25000000000000355 0.9500000000000028 1.0 1.0 1.0 1.0 1.0 0.8499999999999943 
0.8499999999999996 1.0 1.0 1.0 1.0 0.78125 0.35625000000000107 0.09374999999999978 0.0 0.0 0.0 0.0 0.25000000000000355 0.9500000000000028 1.0 1.0 1.0 1.0 1.0 0.8499999999999943 
0.8499999999999996 1.0 1.0 1.0 1.0 0.649999999999999 0.0 0.0 0.0 0.0 0.0 0.0 0.25000000000000355 0.9500000000000028 1.0 1.0 1.0 1.0 1.0 0.8499999999999943 
0.8499999999999996 1.0 1.0 1.0 1.0 0.6937499999999985 0.11874999999999811 0.031249999999999334 0.0 0.0 0.0 0.0 0.25000000000000355 0.9500000000000028 1.0 1.0 1.0 1.0 0.6062499999999952 0.10624999999999778 
0.8499999999999996 1.0 1.0 1.0 1.0 0.8687500000000002 0.5937500000000007 0.15624999999999933 0.0 0.0 0.0 0.0 0.25000000000000355 0.9500000000000028 1.0 1.0 1.0 1.0 1.0 0.8499999999999943 
0.8499999999999996 1.0 1.0 1.0 1.0 0.868749999999999 0.5937499999999973 0.15624999999999845 0.0 0.0 0.0 0.0 0.25000000000000355 0.9500000000000028 1.0 1.0 1.0 1.0 1.0 0.8499999999999943 
0.8499999999999996 1.0 1.0 1.0 1.0 0.6937499999999998 0.1187500000000015 0.03125000000000022 0.0 0.0 0.0 0.0 0.25000000000000355 0.9500000000000028 1.0 1.0 1.0 1.0 1.0 0.8499999999999943 
0.8499999999999996 1.0 1.0 1.0 1.0 0.6937499999999985 0.11874999999999811 0.031249999999999334 0.0 0.0 0.0 0.0 0.25000000000000355 0.9500000000000028 1.0 1.0 1.0 1.0 1.0 0.8499999999999943 
0.8499999999999996 1.0 1.0 1.0 1.0 1.0 0.9499999999999984 0.24999999999999822 0.0 0.0 0.0 0.0 0.25000000000000355 0.9500000000000028 1.0 1.0 1.0 1.0 1.0 0.8499999999999943 
0.8499999999999996 1.0 1.0 1.0 1.0 1.0 0.9499999999999984 0.24999999999999822 0.0 0.0 0.0 0.0 0.25000000000000355 0.9500000000000028 1.0 1.0 1.0 1.0 1.0 0.8499999999999943 
0.10624999999999996 0.60625 1.0 1.0 1.0 1.0 0.9937499999999998 0.9062499999999998 0.4812499999999983 0.0 0.0 0.0 0.25000000000000355 0.9500000000000028 1.0 1.0 1.0 1.0 1.0 0.8499999999999943 
0.0 0.5499999999999999 1.0 1.0 1.0 1.0 1.0 1.0 0.6062499999999983 0.125 0.125 0.125 0.3437500000000031 0.9562500000000025 1.0 1.0 1.0 1.0 0.9437499999999994 0.743749999999995 
0.0 0.34374999999999994 0.7187500000000001 0.9812500000000002 1.0 1.0 1.0 1.0 1.0 1.0 1.0 1.0 1.0 1.0 1.0 1.0 1.0 1.0 0.5499999999999954 0.0 
0.0 0.0 0.09375000000000008 0.35625000000000023 0.7812500000000004 1.0 1.0 1.0 1.0 1.0 1.0 1.0 1.0 1.0 1.0 1.0 0.9687499999999973 0.5312499999999967 0.20624999999999827 0.0 
0.0 0.0 0.0 0.0 0.0812500000000001 0.125 0.1687500000000014 0.7812500000000016 1.0 1.0 1.0 1.0 1.0 1.0 1.0 0.6937499999999972 0.11874999999999947 0.031249999999999334 0.0 0.0 
