0.3349999999999947 1.0 0.8250000000000015 0.29999999999999716 0.29999999999999716 0.29999999999999716 0.29999999999999716 0.29999999999999716 0.29999999999999716 0.29999999999999716 0.29999999999999716 0.29999999999999716 0.29999999999999716 0.19499999999999773 0.0 0.0 0.0 0.0 0.0 0.0 
1.0 1.0 1.0 1.0 1.0 1.0 1.0 1.0 1.0 1.0 1.0 1.0 1.0 0.964999999999999 0.8999999999999975 0.4049999999999982 0.0 0.0 0.0 0.0 
1.0 1.0 1.0 1.0 1.0 1.0 1.0 1.0 1.0 1.0 1.0 1.0 1.0 1.0 1.0 1.0 0.6749999999999975 0.12499999999999767 0.0 0.0 
1.0 1.0 1.0 1.0 1.0 0.45000000000000195 0.0 0.0 0.0 0.0 0.04500000000000075 0.9000000000000021 0.9250000000000016 1.0 1.0 1.0 1.0 0.3249999999999952 0.014999999999999538 0.0 
1.0 1.0 1.0 1.0 1.0 0.45000000000000195 0.0 0.0 0.0 0.0 0.0 0.0 0.25 1.0 1.0 1.0 1.0 1.0 0.14999999999999858 0.0 
0.04999999999999627 1.0 1.0 1.0 1.0 0.45000000000000195 0.0 0.0 0.0 0.0 0.0 0.0 0.25 1.0 1.0 1.0 1.0 1.0 0.14999999999999858 0.0 
0.04999999999999627 1.0 1.0 1.0 1.0 0.45000000000000195 0.0 0.0 0.0 0.0 0.0 0.0 0.25 1.0 1.0 1.0 1.0 0.32499999999999785 0.01500000000000007 0.0 
0.04999999999999627 1.0 1.0 1.0 1.0 0.45000000000000195 0.0 0.0 0.0 0.0 0.0 0.07499999999999929 0.625 1.0 1.0 1.0 1.0 0.24999999999999645 0.0 0.0 
0.04999999999999627 1.0 1.0 1.0 1.0 1.0 0.41500000000000187 0.09999999999999964 0.09999999999999964 0.09999999999999964 0.1450000000000003 1.0 1.0 1.0 1.0 0.9450000000000002 0.3149999999999982 0.0 0.0 0.0 
0.04999999999999627 1.0 1.0 1.0 1.0 1.0 1.0 1.0 1.0 1.0 1.0 1.0 1.0 1.0 1.0 0.4499999999999993 0.0 0.0 0.0 0.0 
0.04999999999999627 1.0 1.0 1.0 1.0 0.8350000000000002 0.6999999999999993 0.6999999999999993 0.6999999999999993 0.6999999999999993 0.6999999999999993 0.744999999999999 1.0 1.0 1.0 1.0 0.5449999999999989 0.07499999999999911 0.0 0.0 
0.04999999999999627 1.0 1.0 1.0 1.0 0.45000000000000195 0.0 0.0 0.0 0.0 0.0 0.014999999999999538 0.09999999999999787 0.41499999999999987 1.0 1.0 1.0 0.9250000000000013 0.13499999999999904 0.0 
0.04999999999999627 1.0 1.0 1.0 1.0 0.45000000000000195 0.0 0.0 0.0 0.0 0.0 0.0 0.0 0.0 0.4499999999999993 1.0 1.0 1.0 1.0 0.04999999999999716 
0.04999999999999627 1.0 1.0 1.0 1.0 0.45000000000000195 0.0 0.0 0.0 0.0 0.0 0.0 0.0 0.0 0.4049999999999987 0.9549999999999994 1.0 1.0 1.0 1.0 
0.04999999999999627 1.0 1.0 1.0 1.0 0.45000000000000195 0.0 0.0 0.0 0.0 0.0 0.0 0.0 0.0 0.3150000000000008 0.8650000000000015 1.0 1.0 1.0 1.0 
0.04999999999999627 1.0 1.0 1.0 1.0 0.45000000000000195 0.0 0.0 0.0 0.0 0.0 0.0 0.0 0.0 0.4499999999999993 1.0 1.0 1.0 1.0 1.0 
0.04999999999999627 1.0 1.0 1.0 1.0 0.45000000000000195 0.0 0.0 0.0 0.0 0.0 0.0 0.0 0.315000000000002 0.9450000000000011 1.0 1.0 1.0 1.0 0.1449999999999954 
0.04999999999999627 1.0 1.0 1.0 1.0 1.0 0.6750000000000035 0.5000000000000036 0.5000000000000036 0.5000000000000036 0.5000000000000036 0.5000000000000036 0.6250000000000027 1.0 1.0 1.0 1.0 1.0 1.0 0.04999999999999716 
0.0 0.14999999999999658 1.0 1.0 1.0 1.0 1.0 1.0 1.0 1.0 1.0 1.0 1.0 1.0 1.0 1.0 0.9349999999999988 0.8999999999999986 0.1349999999999985 0.0 
0.0 0.14999999999999658 1.0 1.0 1.0 1.0 1.0 1.0 1.0 1.0 1.0 1.0 1.0 1.0 1.0 0.614999999999998 0.10499999999999837 0.0 0.0 0.0 
