0.7387499999999975 1.0 1.0 1.0 0.5500000000000007 0.0 0.0 0.0 0.0 0.0 0.0 0.0 0.0 0.0 0.0 0.15125000000000136 0.7462500000000023 1.0 1.0 0.31124999999999997 
0.049999999999998046 1.0 1.0 1.0 0.9212500000000012 0.37125000000000125 0.0 0.0 0.0 0.0 0.0 0.0 0.0 0.0 0.0 0.5500000000000007 1.0 1.0 1.0 1.0 
0.049999999999998046 1.0 1.0 1.0 1.0 0.6562500000000016 0.13125000000000114 0.0 0.0 0.0 0.0 0.0 0.0 0.0 0.45000000000000284 1.0 1.0 1.0 1.0 1.0 
0.049999999999998046 1.0 1.0 1.0 1.0 1.0 0.35000000000000053 0.0 0.0 0.0 0.0 0.0 0.0 0.0 0.45000000000000284 1.0 1.0 1.0 1.0 1.0 
0.049999999999998046 1.0 1.0 1.0 1.0 1.0 1.0 0.25 0.0 0.0 0.0 0.0 0.0 0.3500000000000014 1.0 1.0 1.0 1.0 1.0 1.0 
0.049999999999998046 1.0 1.0 1.0 1.0 1.0 1.0 1.0 0.14999999999999858 0.0 0.0 0.0 0.25 1.0 1.0 1.0 1.0 1.0 1.0 1.0 
0.049999999999998046 1.0 1.0 1.0 1.0 0.6837499999999985 0.7987499999999987 1.0 0.6387500000000018 0.02875000000000055 0.0 0.08625000000000166 0.6812500000000021 1.0 0.7412499999999971 0.7412499999999991 1.0 1.0 1.0 1.0 
0.049999999999998046 1.0 1.0 1.0 1.0 0.4500000000000002 0.0 0.75 1.0 0.168750000000004 0.0 0.15000000000000213 1.0 0.9562499999999986 0.48124999999999557 0.0 0.6500000000000021 1.0 1.0 1.0 
0.049999999999998046 1.0 1.0 1.0 1.0 0.4500000000000002 0.0 0.75 1.0 1.0 0.6750000000000043 0.7237500000000043 1.0 0.6499999999999986 0.0 0.0 0.6500000000000021 1.0 1.0 1.0 
0.2637500000000032 1.0 1.0 1.0 1.0 0.4500000000000002 0.0 0.0 0.8500000000000014 1.0 1.0 1.0 0.9437499999999988 0.5037499999999957 0.0 0.0 0.6500000000000021 1.0 1.0 1.0 
1.0 1.0 1.0 1.0 1.0 0.4500000000000002 0.0 0.0 0.8500000000000014 1.0 1.0 1.0 0.75 0.0 0.0 0.0 0.6500000000000021 1.0 1.0 1.0 
0.6912499999999933 1.0 1.0 1.0 1.0 0.4500000000000002 0.0 0.0 0.0 0.9499999999999993 1.0 0.9512499999999984 0.5062499999999952 0.0 0.0 0.0 0.6500000000000021 1.0 1.0 1.0 
0.049999999999998046 1.0 1.0 1.0 1.0 0.4500000000000002 0.0 0.0 0.0 0.9499999999999993 1.0 0.8499999999999979 0.0 0.0 0.0 0.0 0.6500000000000021 1.0 1.0 1.0 
0.028749999999998662 0.6387499999999957 1.0 1.0 1.0 0.4500000000000002 0.0 0.0 0.0 0.0 0.5749999999999957 0.48874999999999513 0.0 0.0 0.0 0.0 0.6500000000000021 1.0 1.0 1.0 
0.0 0.14999999999999836 1.0 1.0 1.0 0.4500000000000002 0.0 0.0 0.0 0.0 0.0 0.0 0.0 0.0 0.0 0.0 0.6500000000000021 1.0 1.0 1.0 
0.0 0.14999999999999836 1.0 1.0 1.0 0.4500000000000002 0.0 0.0 0.0 0.0 0.0 0.0 0.0 0.0 0.0 0.0 0.6500000000000021 1.0 1.0 1.0 
0.0 0.14999999999999836 1.0 1.0 1.0 0.4500000000000002 0.0 0.0 0.0 0.0 0.0 0.0 0.0 0.0 0.0 0.0 0.6500000000000021 1.0 1.0 1.0 
0.0 0.14999999999999836 1.0 1.0 1.0 0.4500000000000002 0.0 0.0 0.0 0.0 0.0 0.0 0.0 0.0 0.0 0.0 0.6500000000000021 1.0 1.0 1.0 
0.0 0.14999999999999836 1.0 1.0 1.0 0.4500000000000002 0.0 0.0 0.0 0.0 0.0 0.0 0.0 0.0 0.0 0.0 0.6500000000000021 1.0 1.0 1.0 
0.0 0.14999999999999836 1.0 1.0 1.0 0.4500000000000002 0.0 0.0 0.0 0.0 0.0 0.0 0.0 0.0 0.0 0.0 0.6500000000000021 1.0 1.0 1.0 
