0.0 0.0 0.0 7.993605777301335e-16 0.3000000000000097 1.0 1.0 1.0 1.0 1.0 1.0 1.0 1.0 1.0 0.9999999999999962 0.3000000000000078 0.3000000000000057 0.0 0.0 0.0 
0.0 1.7985612998927685e-15 0.9000000000000075 0.9000000000000077 1.0 1.0 1.0 1.0 1.0 1.0 1.0 1.0 1.0 1.0 1.0 1.0 0.9999999999999993 0.900000000000001 0.0 0.0 
8.881784197001379e-16 0.5000000000000081 1.0 1.0 1.0 1.0 1.0 1.0 0.9999999999999982 0.4999999999999929 0.49999999999999467 1.0 1.0 1.0 1.0 1.0 1.0 1.0 0.9999999999999929 0.0 
0.10000000000000835 1.0 1.0 1.0 1.0 0.9999999999999998 0.89999999999999 0.0 0.0 0.0 0.0 0.0 4.79616346638064e-15 0.8999999999999938 1.0 1.0 1.0 1.0 1.0 0.9999999999999929 
1.0 1.0 1.0 1.0 0.9999999999999981 0.29999999999999283 0.0 0.0 0.0 0.0 0.0 0.0 0.0 5.329070518200751e-15 1.0 1.0 1.0 1.0 1.0 0.9999999999999929 
1.0 1.0 1.0 1.0 0.9999999999999973 0.0 0.0 0.0 0.0 0.0 0.0 0.0 0.0 5.329070518200751e-15 1.0 1.0 1.0 1.0 1.0 0.9999999999999929 
1.0 1.0 1.0 1.0 0.9999999999999973 0.0 0.0 0.0 0.0 0.0 0.0 0.0 0.0 5.329070518200751e-15 1.0 1.0 1.0 1.0 1.0 0.9999999999999929 
1.0 1.0 1.0 1.0 0.9999999999999987 0.500000000000004 0.0 0.0 0.0 0.0 0.0 0.0 0.0 5.329070518200751e-15 1.0 1.0 1.0 1.0 1.0 0.9999999999999929 
1.0 1.0 1.0 1.0 1.0 0.9999999999999976 0.10000000000000461 0.0 0.0 0.0 0.0 0.0 0.0 5.329070518200751e-15 1.0 1.0 1.0 1.0 0.9999999999999993 0.8999999999999886 
0.2999999999999966 1.0 1.0 1.0 1.0 1.0 0.9999999999999989 0.7000000000000046 0.7000000000000046 0.7000000000000046 0.7000000000000022 0.0 3.7303493627405506e-15 0.7000000000000062 1.0 1.0 1.0 1.0 0.9999999999999929 0.0 
1.2434497875801678e-15 0.6999999999999963 1.0 1.0 1.0 1.0 1.0 1.0 1.0 0.9999999999999964 0.0 1.0658141036401654e-15 0.300000000000008 1.0 1.0 1.0 1.0 1.0 0.9999999999999929 0.0 
0.0 1.9984014443252392e-16 0.09999999999999987 1.0 1.0 1.0 1.0 1.0 0.9999999999999968 0.09999999999999751 0.0 3.552713678800501e-15 1.0 1.0 1.0 1.0 1.0 0.9999999999999936 0.09999999999999716 0.0 
0.0 0.0 0.0 0.0 0.0 0.0 0.0 0.0 0.0 1.776356839400263e-15 0.5000000000000053 1.0 1.0 1.0 1.0 1.0 0.9999999999999929 0.0 0.0 0.0 
0.0 0.0 0.0 0.0 0.0 0.0 0.0 0.0 3.552713678800501e-15 1.0 1.0 1.0 1.0 1.0 0.9999999999999994 0.8999999999999903 0.0 0.0 0.0 0.0 
0.0 0.0 0.0 0.0 0.0 0.0 0.0 2.4868995751603607e-15 0.700000000000004 1.0 1.0 1.0 1.0 0.9999999999999962 0.29999999999999555 0.0 0.0 0.0 0.0 0.0 
0.0 0.0 0.0 0.0 0.0 7.993605777301146e-16 0.3000000000000032 1.0 1.0 1.0 1.0 1.0 0.9999999999999984 0.6999999999999955 0.0 0.0 0.0 0.0 0.0 0.0 
0.0 0.0 0.0 0.0 0.0 2.6645352591003757e-15 1.0 1.0 1.0 1.0 1.0 0.9999999999999968 0.09999999999999734 0.0 0.0 0.0 0.0 0.0 0.0 0.0 
0.0 0.0 0.0 1.3322676295501973e-15 0.5000000000000049 1.0 1.0 1.0 1.0 1.0 0.9999999999999982 0.49999999999999467 0.0 0.0 0.0 0.0 0.0 0.0 0.0 0.0 
0.0 0.0 2.220446049250313e-15 1.0 1.0 1.0 1.0 1.0 0.9999999999999997 0.8999999999999954 0.0 0.0 0.0 0.0 0.0 0.0 0.0 0.0 0.0 0.0 
0.0 0.0 6.661338147750955e-16 0.3000000000000007 0.3000000000000026 1.0 0.9999999999999976 0.3000000000000032 0.9999999999999964 0.0 0.0 0.0 0.0 0.0 0.0 0.0 0.0 0.0 0.0 0.0 
