0.0 0.0 0.0 0.0 0.0 0.0 0.0 0.0 0.0 0.0 0.5250000000000092 1.0 1.0 1.0 1.0 1.0 0.17499999999999005 0.0 0.0 0.0 
0.0 0.0 0.0 0.0 0.0 0.0 0.0 0.0 0.0 0.4750000000000085 1.0 1.0 1.0 1.0 1.0 0.22499999999999076 0.0 0.0 0.0 0.0 
0.0 0.0 0.0 0.0 0.0 0.0 0.0 0.0 0.053125000000007014 0.5406250000000149 1.0 1.0 1.0 1.0 0.2749999999999915 0.0 0.0 0.0 0.0 0.0 
0.0 0.0 0.0 0.0 0.0 0.0 0.0 0.0 0.4250000000000078 1.0 1.0 1.0 1.0 1.0 0.2749999999999915 0.0 0.0 0.0 0.0 0.0 
0.0 0.0 0.0 0.0 0.0 0.0 0.0 0.3750000000000071 1.0 1.0 1.0 1.0 1.0 0.3249999999999904 0.0 0.0 0.0 0.0 0.0 0.0 
0.0 0.0 0.0 0.0 0.0 0.0 0.3250000000000073 1.0 1.0 1.0 1.0 1.0 0.3749999999999911 0.0 0.0 0.0 0.0 0.0 0.0 0.0 
0.0 0.0 0.0 0.0 0.0 0.14437500000000694 0.6793750000000109 1.0 1.0 1.0 1.0 0.42499999999999183 0.0 0.0 0.0 0.0 0.0 0.0 0.0 0.0 
0.0 0.0 0.0 0.0 0.08437500000000493 0.5468750000000124 1.0 1.0 1.0 1.0 0.47499999999999076 0.0 0.0 0.0 0.0 0.0 0.0 0.0 0.0 0.0 
0.0 0.0 0.0 0.03937500000000326 0.39937500000001325 1.0 1.0 1.0 1.0 0.8931249999999932 0.36812499999998793 0.0 0.0 0.0 0.0 0.0 0.0 0.0 0.0 0.0 
0.0 0.0 0.0 0.17500000000000648 1.0 1.0 1.0 1.0 0.9681249999999952 0.4856249999999869 0.0 0.0 0.0 0.050625000000007435 0.020625000000002097 0.0 0.0 0.0 0.0 0.0 
0.0 0.0 0.11562500000000672 0.938125000000007 1.0 1.0 1.0 1.0 0.5749999999999922 0.0 0.0 0.0 0.0 0.6750000000000096 0.945625000000005 0.9250000000000078 0.9250000000000078 0.9250000000000078 0.06937499999999007 0.0 
0.0 0.058125000000005304 0.8031250000000095 1.0 1.0 1.0 1.0 0.6249999999999929 0.0 0.0 0.0 0.0 0.0 0.6750000000000096 1.0 1.0 1.0 1.0 0.07499999999998863 0.0 
0.01562500000000373 0.6531250000000088 1.0 1.0 1.0 1.0 0.7968749999999931 0.2343749999999929 0.0 0.0 0.0 0.0 0.0 0.6750000000000096 1.0 1.0 1.0 1.0 0.07499999999998863 0.0 
0.025000000000005684 1.0 1.0 1.0 1.0 1.0 0.6749999999999927 0.0 0.0 0.0 0.0 0.0 0.0 0.6750000000000096 1.0 1.0 1.0 1.0 0.07499999999998863 0.0 
1.0 1.0 1.0 1.0 1.0 1.0 1.0 1.0 1.0 1.0 1.0 1.0 1.0 1.0 1.0 1.0 1.0 1.0 1.0 1.0 
1.0 1.0 1.0 1.0 1.0 1.0 1.0 1.0 1.0 1.0 1.0 1.0 1.0 1.0 1.0 1.0 1.0 1.0 1.0 1.0 
0.9749999999999943 0.9749999999999943 0.9749999999999943 0.9749999999999943 0.9749999999999943 0.9749999999999943 0.9749999999999943 0.9749999999999943 0.9749999999999943 0.9749999999999943 0.9749999999999943 0.9749999999999943 0.9906249999999981 1.0 1.0 1.0 1.0 1.0 1.0 0.9756249999999942 
0.0 0.0 0.0 0.0 0.0 0.0 0.0 0.0 0.0 0.0 0.0 0.0 0.6250000000000089 1.0 1.0 1.0 1.0 0.23437499999998757 0.12499999999999645 0.003124999999998401 
0.0 0.0 0.0 0.0 0.0 0.0 0.0 0.0 0.0 0.0 0.0 0.0 0.6250000000000089 1.0 1.0 1.0 1.0 0.12499999999998934 0.0 0.0 
0.0 0.0 0.0 0.0 0.0 0.0 0.0 0.0 0.0 0.0 0.0 0.0 0.265625000000002 0.8131250000000045 1.0 1.0 1.0 0.12499999999998934 0.0 0.0 
