0.0 0.0 0.25000000000000666 1.0 1.0 1.0 1.0 1.0 1.0 1.0 1.0 1.0 1.0 1.0 1.0 0.6287499999999876 0.32499999999999574 0.08124999999999316 0.0 0.0 
0.0 0.1462500000000051 0.9812499999999968 1.0 1.0 1.0 1.0 1.0 1.0 1.0 1.0 1.0 1.0 1.0 1.0 1.0 1.0 0.9812499999999963 0.14624999999998065 0.0 
0.0 0.1500000000000059 1.0 1.0 1.0 1.0 0.5937499999999966 0.09374999999999711 0.0 0.3562500000000093 0.0 0.0 0.0 0.13125000000000742 0.37500000000000444 0.7187500000000113 1.0 1.0 1.0 0.04999999999998295 
0.0 0.1500000000000059 1.0 1.0 1.0 0.4499999999999913 0.0 0.0 0.0 0.0 0.0 0.0 0.0 0.0 0.0 0.5500000000000149 1.0 1.0 1.0 1.0 
0.0 0.1500000000000059 1.0 1.0 1.0 0.4499999999999913 0.0 0.0 0.0 0.0 0.0 0.0 0.0 0.0 0.0 0.04125000000000366 0.6762500000000168 1.0 1.0 1.0 
0.0 0.1500000000000059 1.0 1.0 1.0 0.4499999999999913 0.0 0.0 0.0 0.0 0.0 0.0 0.0 0.0 0.0 0.31625000000000625 0.8512500000000054 1.0 1.0 0.04999999999998295 
0.0 0.1500000000000059 1.0 1.0 1.0 0.4499999999999913 0.0 0.0 0.0 0.0 0.0 0.0 0.0 0.0 0.0 0.5500000000000149 1.0 1.0 1.0 0.04999999999998295 
0.0 0.1500000000000059 1.0 1.0 1.0 0.4499999999999913 0.0 0.0 0.0 0.0 0.0 0.0 0.0 0.0 0.0 0.5500000000000149 1.0 1.0 1.0 0.04999999999998295 
0.0 0.1500000000000059 1.0 1.0 1.0 0.4499999999999913 0.0 0.0 0.0 0.0 0.0 0.0 0.13125000000000622 0.524999999999995 0.7387500000000053 1.0 1.0 0.6062499999999944 0.07124999999999164 0.0 
0.05000000000000515 1.0 1.0 1.0 1.0 1.0 1.0 1.0 1.0 1.0 1.0 1.0 1.0 1.0 1.0 1.0 1.0 0.24999999999998224 0.0 0.0 
0.05000000000000515 1.0 1.0 1.0 1.0 1.0 1.0 1.0 1.0 1.0 1.0 1.0 1.0 1.0 1.0 1.0 1.0 0.24999999999998224 0.0 0.0 
0.05000000000000515 1.0 1.0 1.0 0.7862499999999987 0.236249999999998 0.0 0.0 0.0 0.0 0.0 0.0 0.1312500000000089 0.5250000000000057 0.7387500000000112 1.0 1.0 1.0 0.14999999999998082 0.0 
0.05000000000000515 1.0 1.0 1.0 0.5499999999999918 0.0 0.0 0.0 0.0 0.0 0.0 0.0 0.0 0.0 0.45000000000001705 1.0 1.0 1.0 0.14999999999998082 0.0 
0.05000000000000515 1.0 1.0 1.0 0.5499999999999918 0.0 0.0 0.0 0.0 0.0 0.0 0.0 0.0 0.0 0.45000000000001705 1.0 1.0 1.0 0.14999999999998082 0.0 
0.05000000000000515 1.0 1.0 0.851249999999999 0.3162499999999988 0.0 0.0 0.0 0.0 0.0 0.0 0.0 0.0 0.0 0.45000000000001705 1.0 1.0 1.0 0.14999999999998082 0.0 
1.0 1.0 1.0 0.6499999999999924 0.0 0.0 0.0 0.0 0.0 0.0 0.0 0.0 0.0 0.0 0.45000000000001705 1.0 1.0 1.0 0.14999999999998082 0.0 
1.0 1.0 1.0 0.6499999999999924 0.0 0.0 0.0 0.0 0.0 0.0 0.0 0.0 0.0 0.25375000000000936 0.8487500000000016 1.0 1.0 0.4562499999999914 0.041249999999995575 0.0 
1.0 1.0 1.0 0.7812499999999927 0.20624999999999302 0.0 0.0 0.0 0.0 0.0 0.0 0.05625000000000373 0.3749999999999929 0.5937500000000051 1.0 1.0 0.7562499999999985 0.15624999999999067 0.0 0.0 
1.0 1.0 1.0 1.0 1.0 1.0 1.0 1.0 1.0 1.0 1.0 1.0 1.0 1.0 0.9887500000000018 0.4387499999999877 0.0 0.0 0.0 0.0 
1.0 1.0 1.0 1.0 1.0 1.0 1.0 1.0 1.0 1.0 1.0 1.0 0.831249999999992 0.3250000000000064 0.17874999999999797 0.0 0.0 0.0 0.0 0.0 
