0.0 0.0 0.0 0.0 0.15187499999999673 0.7643749999999969 1.0 0.7468750000000035 0.32500000000000284 0.32500000000000284 0.6793750000000004 1.0 0.7968749999999988 0.2193749999999998 0.0 0.0 0.0 0.0 0.0 0.0 
0.0 0.0 0.0 0.0 0.0 0.2749999999999968 1.0 1.0 1.0 1.0 1.0 1.0 0.3750000000000018 0.0 0.0 0.0 0.0 0.0 0.0 0.0 
0.0 0.0 0.07812499999999745 0.6250000000000018 0.7093749999999999 1.0 1.0 1.0 1.0 1.0 1.0 1.0 1.0 1.0 0.7281250000000021 0.14062500000000128 0.0 0.0 0.0 0.0 
0.006874999999998663 0.32937499999999775 1.0 1.0 1.0 0.9243750000000005 0.7249999999999988 0.7249999999999988 0.7249999999999988 0.7249999999999988 0.7249999999999988 0.7249999999999988 0.896874999999999 1.0 1.0 1.0 1.0 0.125 0.0 0.0 
0.024999999999995026 1.0 1.0 1.0 0.7918750000000034 0.05437499999999972 0.0 0.0 0.0 0.0 0.0 0.0 0.046874999999999424 0.07499999999999929 0.7456249999999979 1.0 1.0 0.9343750000000006 0.0693749999999994 0.0 
1.0 1.0 1.0 0.8993750000000025 0.3293750000000022 0.0 0.0 0.0 0.0 0.0 0.0 0.0 0.0 0.0 0.3081249999999996 0.8706249999999993 1.0 1.0 0.606874999999999 0.014374999999999164 
1.0 1.0 1.0 0.8250000000000042 0.0 0.0 0.0 0.0 0.0 0.0 0.0 0.0 0.0 0.0 0.0 0.6006249999999992 0.7750000000000004 0.09687500000000004 0.7168750000000009 0.019374999999998907 
1.0 1.0 1.0 0.8250000000000042 0.0 0.0 0.0 0.0 0.0 0.0 0.0 0.0 0.0 0.0 0.0 0.0 0.0 0.0 0.0 0.0 
0.024999999999995026 1.0 1.0 1.0 0.8931250000000015 0.38062500000000066 0.0 0.0 0.0 0.0 0.0 0.0 0.0 0.0 0.0 0.0 0.0 0.0 0.0 0.0 
0.0 0.06187499999999633 0.8468750000000017 1.0 1.0 1.0 0.7318750000000018 0.17499999999999716 0.17499999999999716 0.17499999999999716 0.0831249999999989 0.0 0.0 0.0 0.0 0.0 0.0 0.0 0.0 0.0 
0.0 0.0 0.021874999999999756 0.3193750000000001 1.0 1.0 1.0 1.0 1.0 1.0 0.9081249999999981 0.8249999999999957 0.8249999999999957 0.2681249999999995 0.0 0.0 0.0 0.0 0.0 0.0 
0.0 0.0 0.0 0.0 0.0 0.14437499999999892 0.5250000000000021 0.5250000000000021 0.5250000000000021 0.7506250000000001 1.0 1.0 1.0 1.0 1.0 1.0 0.5668749999999986 0.059374999999999734 0.0 0.0 
0.0 0.0 0.0 0.0 0.0 0.0 0.0 0.0 0.0 0.0 0.0 0.0 0.5468750000000007 0.8750000000000036 0.9656250000000007 1.0 1.0 1.0 0.1906249999999961 0.0031249999999997335 
0.0 0.0 0.0 0.0 0.0 0.0 0.0 0.0 0.0 0.0 0.0 0.0 0.0 0.0 0.16312500000000313 0.825625 1.0 1.0 1.0 0.02499999999999858 
0.0 0.0 0.0 0.0 0.0 0.0 0.0 0.0 0.0 0.0 0.0 0.0 0.0 0.0 0.0 0.4456250000000014 0.9256250000000001 1.0 1.0 0.4393749999999964 
0.024999999999995026 1.0 1.0 1.0 0.7750000000000039 0.0 0.0 0.0 0.0 0.0 0.0 0.0 0.0 0.0 0.0 0.05812499999999659 0.8381249999999986 1.0 1.0 0.926875000000004 
0.024999999999995026 1.0 1.0 1.0 0.9381249999999998 0.5256249999999982 0.0 0.0 0.0 0.0 0.0 0.0 0.0 0.0 0.0 0.7749999999999986 1.0 1.0 1.0 0.02499999999999858 
0.0 0.04687499999999759 0.6718750000000046 1.0 1.0 1.0 0.7968749999999998 0.3749999999999929 0.21562499999999699 0.0 0.0 0.0 0.0 0.2531249999999948 0.8281249999999967 1.0 1.0 1.0 0.6531250000000063 0.015624999999999289 
0.0 0.0 0.0 0.17062499999999742 0.9806250000000065 1.0 1.0 1.0 1.0 1.0 1.0 1.0 1.0 1.0 1.0 1.0 0.9793750000000071 0.12187500000000107 0.0 0.0 
0.0 0.0 0.0 0.0 0.07312500000000016 0.3250000000000064 0.544375000000002 1.0 1.0 1.0 1.0 1.0 1.0 1.0 0.5106250000000061 0.3250000000000064 0.05687500000000135 0.0 0.0 0.0 
