0.0 0.0 0.0 0.0 0.024374999999999182 0.13812499999999647 0.25187499999999363 0.40937499999999255 0.6456249999999953 0.8818749999999982 1.0 1.0 1.0 1.0 1.0 1.0 0.8143749999999987 0.5781249999999963 0.3418749999999926 0.21937499999999496 
0.0 0.0 0.0 0.0 0.07499999999999929 0.4249999999999994 0.774999999999999 1.0 1.0 1.0 1.0 1.0 1.0 1.0 1.0 1.0 1.0 1.0 1.0 0.6750000000000007 
0.0 0.024999999999999356 0.37499999999999933 0.7249999999999992 1.0 1.0 1.0 1.0 1.0 1.0 1.0 1.0 1.0 1.0 1.0 1.0 1.0 1.0 1.0 0.6750000000000007 
0.4893750000000035 0.7318750000000055 0.8281250000000034 0.9243750000000014 1.0 1.0 1.0 1.0 1.0 1.0 1.0 1.0 1.0 1.0 1.0 1.0 1.0 1.0 1.0 0.6750000000000007 
0.0 0.0018750000000000893 0.028125000000002016 0.054375000000003934 0.14437500000000442 0.46812500000000257 0.7918750000000003 1.0 1.0 1.0 1.0 1.0 1.0 1.0 1.0 1.0 1.0 1.0 1.0 0.6750000000000007 
0.0 0.0 0.0 0.0 0.0 0.0 0.0 0.07187499999999895 0.2731249999999975 0.47437499999999605 0.6493749999999963 0.7981249999999975 0.9468749999999989 1.0 1.0 1.0 1.0 1.0 1.0 0.6750000000000007 
0.0 0.0 0.0 0.0 0.0 0.0 0.0 0.12499999999999911 0.4749999999999992 0.8249999999999993 1.0 1.0 1.0 1.0 1.0 1.0 1.0 1.0 1.0 0.6750000000000007 
0.0 0.0 0.0 0.0 0.0 0.0 0.0 0.12499999999999911 0.4749999999999992 0.8249999999999993 1.0 1.0 1.0 1.0 1.0 1.0 1.0 1.0 1.0 0.6750000000000007 
0.0 0.0 0.0 0.0 0.0 0.0 0.0 0.12499999999999911 0.4749999999999992 0.8249999999999993 1.0 1.0 1.0 1.0 1.0 1.0 1.0 1.0 1.0 0.6750000000000007 
0.0 0.0 0.0 0.0 0.0 0.0 0.0 0.12499999999999911 0.4749999999999992 0.8249999999999993 1.0 1.0 1.0 1.0 1.0 1.0 1.0 1.0 1.0 0.6750000000000007 
0.0 0.0 0.0 0.0 0.0 0.0 0.0 0.12499999999999911 0.4749999999999992 0.8249999999999993 1.0 1.0 1.0 1.0 1.0 1.0 1.0 1.0 1.0 0.6750000000000007 
0.0 0.0 0.0 0.0 0.0 0.0 0.0 0.12499999999999911 0.4749999999999992 0.8249999999999993 1.0 1.0 1.0 1.0 1.0 1.0 1.0 1.0 1.0 0.6750000000000007 
0.0 0.0 0.0 0.0 0.0 0.0 0.0 0.12499999999999911 0.4749999999999992 0.8249999999999993 1.0 1.0 1.0 1.0 1.0 1.0 1.0 1.0 1.0 0.6750000000000007 
0.0 0.0 0.0 0.0 0.0 0.0 0.0 0.12499999999999911 0.4749999999999992 0.8249999999999993 1.0 1.0 1.0 1.0 1.0 1.0 0.7868750000000015 0.5156250000000022 0.24437500000000167 0.15187500000000112 
0.0 0.0 0.0 0.0 0.0 0.0 0.0 0.12499999999999911 0.4749999999999992 0.8249999999999993 1.0 1.0 1.0 1.0 1.0 1.0 0.841875000000001 0.6406250000000014 0.4393750000000009 0.28687500000000077 
0.0 0.0 0.0 0.0 0.0 0.0 0.0 0.12499999999999911 0.4749999999999992 0.8249999999999993 1.0 1.0 1.0 1.0 1.0 1.0 1.0 1.0 1.0 0.6750000000000007 
0.0 0.0 0.0 0.0 0.0 0.0 0.0 0.12499999999999911 0.4749999999999992 0.8249999999999993 1.0 1.0 1.0 1.0 1.0 1.0 0.8006250000000006 0.5468750000000004 0.29312499999999886 0.18562499999999924 
0.0 0.0 0.0 0.0 0.028125 0.15937500000000127 0.2906250000000024 0.45312500000000255 0.6718750000000013 0.8906250000000002 1.0 1.0 1.0 1.0 1.0 1.0 1.0 1.0 1.0 0.6750000000000007 
0.0 0.0 0.0 0.0 0.07499999999999929 0.4249999999999994 0.774999999999999 1.0 1.0 1.0 1.0 1.0 1.0 1.0 1.0 1.0 1.0 1.0 1.0 0.6750000000000007 
0.0 0.0 0.0 0.0 0.02437499999999945 0.138124999999998 0.25187499999999635 0.40937499999999566 0.6456249999999972 0.8818749999999987 1.0 1.0 1.0 1.0 1.0 1.0 1.0 1.0 1.0 0.6750000000000007 
