0.0 0.7000000000000066 1.0 1.0 1.0 1.0 1.0 1.0 1.0 1.0 1.0 1.0 1.0 0.782499999999995 0.27500000000000213 0.27500000000000213 0.08249999999999888 0.0 0.0 0.0 
0.0 0.7000000000000066 1.0 1.0 1.0 1.0 1.0 1.0 1.0 1.0 1.0 1.0 1.0 1.0 1.0 1.0 0.8775000000000003 0.4124999999999951 0.0 0.0 
0.0 0.7000000000000066 1.0 1.0 0.8999999999999932 0.09999999999999343 0.0 0.0 0.0 0.0 0.0 0.0 0.31250000000000355 0.6249999999999982 0.6625000000000016 0.9625000000000019 1.0 1.0 0.6999999999999922 0.0 
0.0 0.7000000000000066 1.0 1.0 0.8999999999999932 0.09999999999999343 0.0 0.0 0.0 0.0 0.0 0.0 0.0 0.0 0.007500000000000479 0.06749999999999899 0.7225000000000055 1.0 0.9774999999999999 0.8324999999999936 
0.0 0.7000000000000066 1.0 1.0 0.8999999999999932 0.09999999999999343 0.0 0.0 0.0 0.0 0.0 0.0 0.0 0.0 0.0 0.0 0.7000000000000064 1.0 1.0 0.8999999999999915 
0.0 0.7000000000000066 1.0 0.9924999999999992 0.8774999999999915 0.09749999999999338 0.0 0.0 0.0 0.0 0.0 0.0 0.0 0.0 0.0 0.0 0.7000000000000064 1.0 1.0 0.8999999999999915 
0.0 0.7000000000000066 1.0 0.6999999999999931 0.0 0.0 0.0 0.0 0.0 0.0 0.0 0.0 0.0 0.0 0.0 0.0 0.7000000000000064 1.0 1.0 0.8999999999999915 
0.0 0.7000000000000066 1.0 1.0 0.8999999999999932 0.09999999999999343 0.0 0.0 0.0 0.0 0.0 0.0 0.0 0.0 0.012500000000001066 0.11250000000000071 0.7375000000000056 1.0 1.0 0.8999999999999915 
0.0 0.7000000000000066 1.0 1.0 0.9674999999999978 0.7074999999999985 0.6750000000000007 0.6750000000000007 0.4724999999999958 0.0 0.0 0.0 0.0 0.20250000000000548 0.7075000000000035 0.9675000000000019 1.0 1.0 0.7974999999999945 0.2924999999999966 
0.0 0.7000000000000066 1.0 1.0 1.0 1.0 1.0 1.0 1.0 1.0 1.0 1.0 1.0 1.0 1.0 1.0 0.8424999999999976 0.3874999999999938 0.0 0.0 
0.0 0.7000000000000066 1.0 1.0 0.9224999999999948 0.3024999999999946 0.22499999999999964 0.22499999999999964 0.22499999999999964 0.30250000000000493 0.9225000000000051 1.0 1.0 1.0 0.9224999999999933 0.3024999999999953 0.06749999999999845 0.0 0.0 0.0 
0.0 0.7000000000000066 1.0 0.6999999999999931 0.0 0.0 0.0 0.0 0.0 0.0 0.0 0.7000000000000064 1.0 1.0 0.8999999999999915 0.09999999999999432 0.0 0.0 0.0 0.0 
0.0 0.7000000000000066 1.0 0.6999999999999931 0.0 0.0 0.0 0.0 0.0 0.0 0.0 0.0875000000000008 0.5625000000000062 1.0 0.8999999999999915 0.09999999999999432 0.0 0.0 0.0 0.0 
0.38250000000000345 0.827500000000004 1.0 0.6999999999999931 0.0 0.0 0.0 0.0 0.0 0.0 0.0 0.0 0.5000000000000071 1.0 1.0 1.0 0.2999999999999936 0.0 0.0 0.0 
0.9000000000000066 1.0 1.0 0.6999999999999931 0.0 0.0 0.0 0.0 0.0 0.0 0.0 0.0 0.012500000000001243 0.3175000000000091 1.0 1.0 0.2999999999999936 0.0 0.0 0.0 
0.9000000000000066 1.0 1.0 0.6999999999999931 0.0 0.0 0.0 0.0 0.0 0.0 0.0 0.0 0.0 0.3000000000000078 1.0 1.0 1.0 0.4999999999999929 0.0 0.0 
0.9000000000000066 1.0 1.0 0.6999999999999931 0.0 0.0 0.0 0.0 0.0 0.0 0.0 0.0 0.0 0.27750000000000746 0.9325000000000013 0.9925000000000005 1.0 0.5374999999999931 0.052499999999998916 0.0 
0.9000000000000066 1.0 1.0 0.6999999999999931 0.0 0.0 0.0 0.0 0.0 0.0 0.0 0.0 0.0 0.0 0.10000000000000853 0.9000000000000057 1.0 1.0 0.6999999999999922 0.0 
0.0 0.577500000000005 0.9125000000000008 0.6999999999999931 0.0 0.0 0.0 0.0 0.0 0.0 0.0 0.0 0.0 0.0 0.10000000000000853 0.9000000000000057 1.0 1.0 0.7524999999999937 0.15749999999999914 
0.0 0.0 0.1375000000000029 0.1924999999999996 0.0 0.0 0.0 0.0 0.0 0.0 0.0 0.0 0.0 0.0 0.027500000000002557 0.2475000000000035 0.27500000000000213 0.27500000000000213 0.49250000000000715 0.8999999999999915 
