0.0 0.0 0.0 0.0 0.09562500000000623 0.4250000000000149 0.6118750000000143 1.0 1.0 1.0 1.0 1.0 1.0 1.0 0.5831250000000059 0.4250000000000149 0.07437499999999839 0.0 0.0 0.0 
0.0 0.0 0.03437500000000353 0.40187500000001675 1.0 1.0 1.0 1.0 1.0 1.0 1.0 1.0 1.0 1.0 1.0 1.0 1.0 0.36562500000000503 0.020624999999997964 0.0 
0.0031250000000010657 0.19062500000001836 1.0 1.0 1.0 1.0 0.9593749999999944 0.8749999999999858 0.503124999999985 0.0 0.45937500000000064 0.8749999999999858 0.8749999999999858 0.9593749999999965 1.0 1.0 1.0 1.0 1.0 0.02499999999998792 
0.025000000000005684 1.0 1.0 1.0 1.0 0.7318749999999892 0.016874999999991064 0.0 0.0 0.0 0.0 0.0 0.0 0.016874999999991487 0.7318750000000047 1.0 1.0 1.0 1.0 0.02499999999998792 
0.8293750000000133 1.0 1.0 1.0 0.8143749999999916 0.12687499999998955 0.0 0.0 0.0 0.0 0.0 0.0 0.0 0.0 0.12687499999999236 0.8143750000000047 1.0 1.0 1.0 1.0 
0.32499999999998863 0.32499999999998863 0.32499999999998863 0.32499999999998863 0.25187499999998897 0.0 0.0 0.0 0.0 0.0 0.0 0.0 0.0 0.0 0.0 0.7750000000000092 1.0 1.0 1.0 1.0 
0.0 0.0 0.0 0.0 0.0 0.0 0.0 0.0 0.0 0.0 0.0 0.0 0.0 0.0 0.7250000000000085 1.0 1.0 1.0 1.0 0.48812499999998293 
0.0 0.0 0.0 0.0 0.0 0.0 0.0 0.0 0.0 0.0 0.0 0.0 0.0 0.2531250000000108 0.8281250000000082 1.0 1.0 1.0 1.0 0.02499999999998792 
0.0 0.0 0.0 0.0 0.0 0.0 0.0 0.0 0.0 0.0 0.0 0.12937500000000776 0.7093750000000107 1.0 1.0 1.0 1.0 0.8031249999999885 0.058124999999990414 0.0 
0.0 0.0 0.0 0.0 0.0 0.0 0.0 0.0 0.0 0.03562500000000537 0.5606250000000133 1.0 1.0 1.0 1.0 1.0 0.938124999999991 0.1156249999999889 0.0 0.0 
0.0 0.0 0.0 0.0 0.0 0.0 0.0 0.3468750000000095 0.9250000000000078 0.9606250000000047 1.0 1.0 1.0 1.0 1.0 0.2831249999999854 0.013124999999997887 0.0 0.0 0.0 
0.0 0.0 0.0 0.0 0.0 0.21312500000000834 0.8481250000000079 1.0 1.0 1.0 1.0 1.0 0.5156249999999873 0.07312499999999483 0.0 0.0 0.0 0.0 0.0 0.0 
0.0 0.0 0.0 0.0 0.22500000000000675 1.0 1.0 1.0 1.0 1.0 0.6718749999999905 0.1593749999999939 0.0 0.0 0.0 0.0 0.0 0.0 0.0 0.0 
0.0 0.0 0.05937500000000402 0.5668750000000105 1.0 1.0 1.0 1.0 0.7981249999999926 0.27562499999999107 0.0 0.0 0.0 0.0 0.0 0.0 0.0 0.0 0.0 0.0 
0.0 0.024375000000002412 0.4093750000000098 1.0 1.0 1.0 1.0 0.6249999999999929 0.0 0.0 0.0 0.0 0.0 0.0 0.0 0.0 0.0 0.0 0.0 0.0 
0.0 0.07500000000000595 1.0 1.0 1.0 1.0 0.6749999999999927 0.0 0.0 0.0 0.0 0.0 0.0 0.0 0.0 0.0 0.0 0.0 0.0 0.0 
0.025000000000005684 1.0 1.0 1.0 1.0 1.0 0.6831249999999948 0.015625000000003376 0.0 0.0 0.0 0.0 0.0 0.0 0.0 0.0 0.0 0.0 0.0 0.0 
0.025000000000005684 1.0 1.0 1.0 1.0 1.0 1.0 0.9531250000000004 0.8750000000000036 0.8750000000000036 0.8750000000000036 0.8750000000000036 0.8750000000000036 0.8750000000000036 0.8750000000000036 0.8750000000000036 0.8750000000000036 0.8750000000000036 0.8750000000000036 0.8750000000000036 
0.025000000000005684 1.0 1.0 1.0 1.0 1.0 1.0 1.0 1.0 1.0 1.0 1.0 1.0 1.0 1.0 1.0 1.0 1.0 1.0 1.0 
0.025000000000005684 1.0 1.0 1.0 1.0 1.0 1.0 1.0 0.7556249999999942 0.42499999999999716 0.42499999999999716 0.42499999999999716 0.42499999999999716 0.42499999999999716 0.42499999999999716 0.42499999999999716 0.42499999999999716 0.42499999999999716 0.42499999999999716 0.42499999999999716 
