0.4749999999999992 1.0 1.0 1.0 0.0 0.0 0.0 0.0 0.0 0.0 0.0 0.0 0.049999999999998844 0.6249999999999992 1.0 1.0 1.0 1.0 0.37500000000000355 0.0 
0.8249999999999971 1.0 1.0 1.0 0.0 0.0 0.0 0.0 0.0 0.0 0.0 0.0 1.0 1.0 1.0 1.0 0.9750000000000004 0.5000000000000013 0.0 0.0 
0.12499999999999556 1.0 1.0 1.0 0.8750000000000044 0.0 0.0 0.0 0.0 0.0 1.6653345369377253e-15 0.8749999999999968 1.0 1.0 1.0 1.0 0.8750000000000012 0.0 0.0 0.0 
0.12499999999999556 1.0 1.0 1.0 0.8750000000000044 0.0 0.0 0.0 0.0 0.0 0.6249999999999964 1.0 1.0 1.0 1.0 0.30000000000000066 0.0 0.0 0.0 0.0 
0.12499999999999556 1.0 1.0 1.0 0.8750000000000044 0.0 0.0 0.0 0.07499999999999826 0.7500000000000006 1.0 1.0 1.0 0.7750000000000009 0.15000000000000022 0.0 0.0 0.0 0.0 0.0 
0.12499999999999556 1.0 1.0 1.0 0.8750000000000044 0.0 0.0 0.0 1.0 1.0 1.0 1.0 0.950000000000001 0.37499999999999967 0.0 0.0 0.0 0.0 0.0 0.0 
0.12499999999999556 1.0 1.0 1.0 0.9000000000000039 0.20000000000000284 0.20000000000000284 0.8999999999999975 1.0 1.0 1.0 0.8249999999999982 0.0 0.0 0.0 0.0 0.0 0.0 0.0 0.0 
0.12499999999999556 1.0 1.0 1.0 1.0 1.0 1.0 1.0 1.0 1.0 0.9999999999999978 0.1250000000000031 0.0 0.0 0.0 0.0 0.0 0.0 0.0 0.0 
0.02499999999999858 0.4999999999999938 1.0 1.0 1.0 1.0 1.0 1.0 1.0 1.0 0.37500000000000355 0.0 0.0 0.0 0.0 0.0 0.0 0.0 0.0 0.0 
0.0 0.37499999999999556 1.0 1.0 1.0 1.0 1.0 1.0 1.0 1.0 0.7500000000000046 0.07500000000000276 0.0 0.0 0.0 0.0 0.0 0.0 0.0 0.0 
0.0 0.37499999999999556 1.0 1.0 1.0 1.0 1.0 1.0 1.0 1.0 1.0 1.0 0.0 0.0 0.0 0.0 0.0 0.0 0.0 0.0 
0.0 0.37499999999999556 1.0 1.0 1.0 0.9249999999999985 0.30000000000000115 0.0 0.8249999999999937 1.0 1.0 1.0 0.8750000000000036 0.0 0.0 0.0 0.0 0.0 0.0 0.0 
0.0 0.37499999999999556 1.0 1.0 1.0 0.6250000000000044 0.0 0.0 0.0 0.37499999999999645 1.0 1.0 1.0 0.6250000000000049 1.3322676295502005e-15 0.0 0.0 0.0 0.0 0.0 
0.0 0.37499999999999556 1.0 1.0 1.0 0.6250000000000044 0.0 0.0 0.0 0.0749999999999977 0.6999999999999955 1.0 1.0 1.0 0.37500000000000355 0.0 0.0 0.0 0.0 0.0 
0.0 0.37499999999999556 1.0 1.0 1.0 0.6250000000000044 0.0 0.0 0.0 0.0 0.0 0.8749999999999964 1.0 1.0 1.0 0.6500000000000058 0.0 0.0 0.0 0.0 
0.0 0.37499999999999556 1.0 1.0 1.0 0.6250000000000044 0.0 0.0 0.0 0.0 0.0 0.0 0.6499999999999936 1.0 1.0 1.0 0.3500000000000064 0.0 0.0 0.0 
0.0 0.0 0.6249999999999956 1.0 1.0 0.6250000000000044 0.0 0.0 0.0 0.0 0.0 0.0 0.09999999999999636 0.8749999999999953 1.0 1.0 1.0 0.6250000000000036 0.0 0.0 
0.0 0.0 0.6249999999999956 1.0 1.0 1.0 0.37500000000000444 0.0 0.0 0.0 0.0 0.0 0.0 0.3749999999999938 0.9999999999999973 1.0 1.0 1.0 0.375000000000008 8.881784197001505e-16 
0.0 0.0 0.6249999999999956 1.0 1.0 1.0 0.37500000000000444 0.0 0.0 0.0 0.0 0.0 0.0 0.0 0.12499999999999219 0.8999999999999957 1.0 1.0 1.0 0.12500000000000355 
0.0 0.0 0.6249999999999956 1.0 1.0 0.7749999999999995 0.14999999999999858 0.0 0.0 0.0 0.0 0.0 0.0 0.0 0.0 0.3499999999999911 1.0 1.0 1.0 1.0 
