0.0 0.0 0.06562499999999921 0.17499999999999716 0.17499999999999716 0.690625 1.0 1.0 1.0 1.0 1.0 1.0 1.0 1.0 0.6906249999999989 0.1531249999999975 0.021874999999999645 0.0 0.0 0.0 
0.0 0.32812499999999956 0.7031249999999994 1.0 1.0 0.6718750000000007 0.4750000000000021 0.4750000000000021 0.4750000000000021 0.4750000000000021 0.4750000000000021 0.4750000000000021 0.4750000000000021 0.8031250000000008 1.0 0.9406249999999997 0.5843749999999982 0.19687499999999922 0.0 0.0 
0.7656250000000003 0.9531249999999997 1.0 0.890624999999999 0.234375 0.04687500000000033 0.0 0.0 0.0 0.0 0.0 0.0 0.0 0.07812500000000083 0.45312500000000083 1.0 1.0 0.9218749999999991 0.5468749999999991 0.0 
0.8750000000000018 1.0 0.6249999999999984 0.0 0.0 0.0 0.0 0.0 0.0 0.0 0.0 0.0 0.0 0.0 0.0 0.125 0.875 1.0 0.7093749999999999 0.1968749999999997 
0.8750000000000018 1.0 0.6249999999999984 0.0 0.0 0.0 0.0 0.0 0.0 0.0 0.0 0.0 0.0 0.0 0.0 0.125 0.875 1.0 1.0 0.875 
0.8750000000000018 1.0 0.6249999999999984 0.0 0.0 0.0 0.0 0.0 0.0 0.0 0.0 0.0 0.0 0.0 0.0 0.125 0.875 1.0 1.0 0.875 
0.8750000000000018 1.0 0.6249999999999984 0.0 0.0 0.0 0.0 0.0 0.0 0.0 0.0 0.0 0.0 0.0 0.0 0.125 0.875 1.0 1.0 0.875 
0.8750000000000018 1.0 0.6249999999999984 0.0 0.0 0.0 0.0 0.0 0.0 0.0 0.0 0.0 0.0 0.0 0.0 0.125 0.875 1.0 1.0 0.875 
0.8750000000000018 1.0 0.6249999999999984 0.0 0.0 0.0 0.0 0.0 0.0 0.0 0.0 0.0 0.0 0.0 0.0 0.125 0.875 1.0 1.0 0.875 
0.8750000000000018 1.0 0.6249999999999984 0.0 0.0 0.0 0.0 0.0 0.0 0.0 0.0 0.0 0.0 0.0 0.0 0.125 0.875 1.0 1.0 0.875 
0.8750000000000018 1.0 0.6249999999999984 0.0 0.0 0.0 0.0 0.0 0.0 0.0 0.0 0.0 0.0 0.0 0.0 0.125 0.875 1.0 1.0 0.875 
0.8750000000000018 1.0 0.6249999999999984 0.0 0.0 0.0 0.0 0.0 0.0 0.0 0.0 0.0 0.0 0.0 0.0 0.125 0.875 1.0 1.0 0.875 
0.8750000000000018 1.0 0.6249999999999984 0.0 0.0 0.0 0.0 0.0 0.0 0.0 0.0 0.0 0.0 0.0 0.0 0.125 0.875 1.0 1.0 0.875 
0.8750000000000018 1.0 0.6249999999999984 0.0 0.0 0.0 0.0 0.0 0.0 0.0 0.0 0.0 0.0 0.0 0.0 0.125 0.875 1.0 1.0 0.875 
0.8750000000000018 1.0 0.6249999999999984 0.0 0.0 0.0 0.0 0.0 0.0 0.0 0.0 0.0 0.0 0.0 0.0 0.125 0.875 1.0 0.9718749999999976 0.8093749999999944 
0.8750000000000018 1.0 0.6249999999999984 0.0 0.0 0.0 0.0 0.0 0.0 0.0 0.0 0.0 0.0 0.0 0.0 0.125 0.875 1.0 0.625 0.0 
0.8750000000000018 1.0 0.9156250000000031 0.6781250000000071 0.09687500000000013 0.0 0.0 0.0 0.0 0.0 0.0 0.0 0.0 0.0 0.0 0.125 0.875 1.0 0.625 0.0 
0.0 0.5468749999999948 0.9218749999999936 0.8906250000000002 0.23437500000000816 0.12500000000001066 0.07812500000000655 0.0 0.0 0.0 0.0 0.015625000000001332 0.10937500000000933 0.12500000000001066 0.45312500000000666 0.9843749999999987 0.8906249999999907 0.328124999999996 0.0 0.0 
0.0 0.0 0.19687499999999628 0.5843749999999901 0.9406249999999992 1.0 0.8031250000000041 0.4750000000000121 0.4750000000000121 0.4750000000000121 0.4750000000000121 0.5406250000000106 0.9343750000000015 1.0 0.8218749999999955 0.45937499999998943 0.06562499999999849 0.0 0.0 0.0 
0.0 0.0 0.0 0.02187499999999899 0.15312499999999152 0.17499999999999005 0.17499999999999005 0.278124999999992 0.8968749999999995 1.0 0.6906249999999955 0.17499999999999005 0.17499999999999005 0.17499999999999005 0.10937499999999378 0.0 0.0 0.0 0.0 0.0 
