0.0 0.0 0.0 0.0 0.0 0.0 0.1250000000000031 0.37500000000000355 0.625000000000004 0.8750000000000044 1.0 1.0 1.0 1.0 1.0 1.0 1.0 1.0 0.8749999999999911 0.6249999999999911 
0.0 0.0 0.05625000000000084 0.16875000000000154 0.2812500000000022 0.39375000000000293 0.5187500000000034 0.6562500000000031 0.793750000000003 0.9312500000000027 1.0 1.0 1.0 1.0 1.0 1.0 1.0 1.0 0.8749999999999911 0.6249999999999911 
0.46875000000000144 0.6562500000000022 0.7812500000000019 0.8437500000000016 0.9062500000000012 0.9687500000000009 1.0 1.0 1.0 1.0 1.0 1.0 1.0 1.0 1.0 1.0 1.0 1.0 0.8749999999999911 0.6249999999999911 
0.5937499999999994 0.8312499999999995 0.9499999999999984 0.9499999999999984 0.9499999999999984 0.9499999999999984 0.9562499999999987 0.9687499999999992 0.9812499999999996 0.99375 1.0 1.0 1.0 1.0 1.0 1.0 1.0 1.0 0.8749999999999911 0.6249999999999911 
0.0 0.0 0.0 0.0 0.0 0.0 0.1250000000000031 0.37500000000000355 0.625000000000004 0.8750000000000044 1.0 1.0 1.0 1.0 1.0 1.0 1.0 1.0 0.8749999999999911 0.6249999999999911 
0.0 0.0 0.0 0.0 0.0 0.0 0.1250000000000031 0.37500000000000355 0.625000000000004 0.8750000000000044 1.0 1.0 1.0 1.0 1.0 1.0 1.0 1.0 0.8749999999999911 0.6249999999999911 
0.0 0.0 0.0 0.0 0.0 0.0 0.1250000000000031 0.37500000000000355 0.625000000000004 0.8750000000000044 1.0 1.0 1.0 1.0 1.0 1.0 1.0 1.0 0.8749999999999911 0.6249999999999911 
0.0 0.0 0.0 0.0 0.0 0.0 0.1250000000000031 0.37500000000000355 0.625000000000004 0.8750000000000044 1.0 1.0 1.0 1.0 1.0 1.0 1.0 1.0 0.8749999999999911 0.6249999999999911 
0.0 0.0 0.0 0.0 0.0 0.0 0.1250000000000031 0.37500000000000355 0.625000000000004 0.8750000000000044 1.0 1.0 1.0 1.0 1.0 1.0 1.0 1.0 0.8749999999999911 0.6249999999999911 
0.0 0.0 0.0 0.0 0.0 0.0 0.1250000000000031 0.37500000000000355 0.625000000000004 0.8750000000000044 1.0 1.0 1.0 1.0 1.0 1.0 1.0 1.0 0.8749999999999911 0.6249999999999911 
0.0 0.0 0.0 0.0 0.0 0.0 0.1250000000000031 0.37500000000000355 0.625000000000004 0.8750000000000044 1.0 1.0 1.0 1.0 1.0 1.0 1.0 1.0 0.8749999999999911 0.6249999999999911 
0.0 0.0 0.0 0.0 0.0 0.0 0.1250000000000031 0.37500000000000355 0.625000000000004 0.8750000000000044 1.0 1.0 1.0 1.0 1.0 1.0 1.0 1.0 0.8749999999999911 0.6249999999999911 
0.0 0.0 0.0 0.0 0.0 0.0 0.1250000000000031 0.37500000000000355 0.625000000000004 0.8750000000000044 1.0 1.0 1.0 1.0 1.0 1.0 1.0 1.0 0.8749999999999911 0.6249999999999911 
0.0 0.0 0.0 0.0 0.0 0.0 0.1250000000000031 0.37500000000000355 0.625000000000004 0.8750000000000044 1.0 1.0 1.0 1.0 1.0 1.0 1.0 1.0 0.8749999999999911 0.6249999999999911 
0.0 0.0 0.0 0.0 0.0 0.0 0.1250000000000031 0.37500000000000355 0.625000000000004 0.8750000000000044 1.0 1.0 1.0 1.0 1.0 1.0 1.0 1.0 0.8749999999999911 0.6249999999999911 
0.0 0.0 0.0 0.0 0.0 0.0 0.1250000000000031 0.37500000000000355 0.625000000000004 0.8750000000000044 1.0 1.0 1.0 1.0 1.0 1.0 1.0 1.0 0.8749999999999911 0.6249999999999911 
0.0 0.0 0.0 0.0 0.0 0.0 0.1250000000000031 0.37500000000000355 0.625000000000004 0.8750000000000044 1.0 1.0 1.0 1.0 1.0 1.0 1.0 1.0 0.8749999999999911 0.6249999999999911 
0.0 0.0 0.0 0.0 0.0 0.0 0.1250000000000031 0.37500000000000355 0.625000000000004 0.8750000000000044 1.0 1.0 1.0 1.0 1.0 1.0 1.0 1.0 0.8749999999999911 0.6249999999999911 
0.0 0.0 0.0 0.0 0.0 0.0 0.1250000000000031 0.37500000000000355 0.625000000000004 0.8750000000000044 1.0 1.0 1.0 1.0 1.0 1.0 1.0 1.0 0.8749999999999911 0.6249999999999911 
0.0 0.0 0.0 0.0 0.0 0.0 0.1250000000000031 0.37500000000000355 0.625000000000004 0.8750000000000044 1.0 1.0 1.0 1.0 1.0 1.0 1.0 1.0 0.8749999999999911 0.6249999999999911 
