0.025000000000005684 1.0 1.0 1.0 1.0 1.0 1.0 1.0 1.0 1.0 1.0 1.0 1.0 1.0 1.0 0.5543750000000063 0.4250000000000149 0.053124999999997334 0.0 0.0 
0.025000000000005684 1.0 1.0 1.0 1.0 1.0 1.0 1.0 1.0 1.0 1.0 1.0 1.0 1.0 1.0 1.0 1.0 1.0 0.32937500000000525 0.006874999999997042 
0.025000000000005684 1.0 1.0 1.0 0.9718749999999959 0.6343749999999831 0.0 0.0 0.0 0.0 0.0 0.0 0.0 0.5906249999999988 0.8749999999999858 0.9718749999999979 1.0 1.0 1.0 1.0 
0.025000000000005684 1.0 1.0 1.0 0.7749999999999932 0.0 0.0 0.0 0.0 0.0 0.0 0.0 0.0 0.0 0.0 0.7750000000000092 1.0 1.0 1.0 1.0 
0.025000000000005684 1.0 1.0 1.0 0.7749999999999932 0.0 0.0 0.0 0.0 0.0 0.0 0.0 0.0 0.0 0.0 0.0 0.82500000000001 1.0 1.0 1.0 
1.0 1.0 1.0 1.0 0.7749999999999932 0.0 0.0 0.0 0.0 0.0 0.0 0.0 0.0 0.0 0.0 0.0 0.82500000000001 1.0 1.0 1.0 
1.0 1.0 1.0 1.0 0.7749999999999932 0.0 0.0 0.0 0.0 0.0 0.0 0.0 0.0 0.0 0.0 0.0 0.82500000000001 1.0 1.0 1.0 
1.0 1.0 1.0 1.0 0.7749999999999932 0.0 0.0 0.0 0.0 0.0 0.0 0.0 0.0 0.0 0.0 0.7750000000000092 1.0 1.0 1.0 1.0 
1.0 1.0 1.0 1.0 0.8256249999999971 0.2250000000000103 0.2250000000000103 0.14062500000000483 0.0 0.0 0.11812500000000749 0.2250000000000103 0.2250000000000103 0.2250000000000103 0.7868750000000094 1.0 1.0 1.0 1.0 0.02499999999998792 
1.0 1.0 1.0 1.0 1.0 1.0 1.0 1.0 1.0 1.0 1.0 1.0 1.0 1.0 1.0 1.0 1.0 1.0 0.07499999999998863 0.0 
1.0 1.0 1.0 1.0 1.0 1.0 1.0 1.0 1.0 1.0 1.0 1.0 1.0 1.0 1.0 1.0 1.0 1.0 0.07499999999998863 0.0 
1.0 1.0 1.0 0.8643749999999933 0.17437499999999131 0.0 0.0 0.0 0.0 0.0 0.0 0.0 0.14062499999999623 0.22499999999999076 0.7868750000000041 1.0 1.0 1.0 1.0 0.02499999999998792 
1.0 1.0 1.0 0.8249999999999935 0.0 0.0 0.0 0.0 0.0 0.0 0.0 0.0 0.0 0.0 0.0 0.7750000000000092 1.0 1.0 1.0 0.02499999999998792 
1.0 1.0 1.0 0.8249999999999935 0.0 0.0 0.0 0.0 0.0 0.0 0.0 0.0 0.0 0.0 0.0 0.7750000000000092 1.0 1.0 1.0 0.02499999999998792 
1.0 1.0 1.0 0.8249999999999935 0.0 0.0 0.0 0.0 0.0 0.0 0.0 0.0 0.0 0.0 0.0 0.7750000000000092 1.0 1.0 1.0 0.02499999999998792 
1.0 1.0 1.0 0.8249999999999935 0.0 0.0 0.0 0.0 0.0 0.0 0.0 0.0 0.0 0.0 0.0 0.7750000000000092 1.0 1.0 1.0 0.02499999999998792 
1.0 1.0 1.0 0.8249999999999935 0.0 0.0 0.0 0.0 0.0 0.0 0.0 0.0 0.0 0.0 0.018125000000004336 0.7806250000000103 1.0 1.0 1.0 0.02499999999998792 
1.0 1.0 1.0 0.9781249999999998 0.6781249999999969 0.0 0.0 0.0 0.0 0.0 0.0 0.0 0.0 0.5906250000000108 0.9656250000000021 1.0 1.0 1.0 0.19062499999998678 0.003124999999998401 
1.0 1.0 1.0 1.0 1.0 1.0 1.0 1.0 1.0 1.0 1.0 1.0 1.0 1.0 1.0 1.0 1.0 0.3656249999999848 0.020624999999996233 0.0 
1.0 1.0 1.0 1.0 1.0 1.0 1.0 1.0 1.0 1.0 1.0 1.0 1.0 0.6118749999999926 0.42499999999999716 0.09562499999999544 0.0 0.0 0.0 0.0 
