0.0 0.0 0.0 0.0 0.0 0.2337499999999973 0.7987499999999954 1.0 1.0 1.0 1.0 1.0 1.0 0.7987500000000076 0.4250000000000007 0.19125000000000456 0.0 0.0 0.0 0.0 
0.0 0.0 0.0687499999999985 0.5287499999999954 1.0 1.0 1.0 1.0 1.0 1.0 1.0 1.0 1.0 1.0 1.0 1.0 0.5287500000000116 0.068750000000004 0.0 0.0 
0.0 0.01874999999999935 0.34374999999999495 1.0 1.0 1.0 0.9187500000000011 0.875 0.13125000000000808 0.0 0.0 0.0 0.21874999999998912 0.9187499999999984 1.0 1.0 1.0 1.0 0.2562500000000112 0.006250000000002309 
0.048749999999995526 0.9787500000000003 1.0 1.0 1.0 0.4637500000000068 0.008750000000000027 0.0 0.0 0.0 0.0 0.0 0.0 0.008749999999999494 0.4637499999999869 1.0 1.0 1.0 1.0 0.050000000000018474 
0.04999999999999538 1.0 1.0 1.0 0.6287500000000057 0.0787500000000012 0.0 0.0 0.0 0.0 0.0 0.0 0.0 0.0 0.0 0.54999999999999 1.0 1.0 1.0 0.8337500000000034 
0.04999999999999538 1.0 1.0 1.0 0.5500000000000069 0.0 0.0 0.0 0.0 0.0 0.0 0.0 0.0 0.0 0.0 0.54999999999999 1.0 1.0 1.0 0.050000000000018474 
0.04999999999999538 1.0 1.0 1.0 0.5500000000000069 0.0 0.0 0.0 0.0 0.0 0.0 0.0 0.0 0.0 0.0 0.54999999999999 1.0 1.0 1.0 0.050000000000018474 
0.04999999999999538 1.0 1.0 1.0 0.5500000000000069 0.0 0.0 0.0 0.0 0.0 0.0 0.0 0.0 0.0 0.0 0.54999999999999 1.0 1.0 1.0 0.050000000000018474 
1.0 1.0 1.0 1.0 0.5500000000000069 0.0 0.0 0.0 0.0 0.0 0.0 0.0 0.0 0.0 0.0 0.54999999999999 1.0 1.0 1.0 0.050000000000018474 
1.0 1.0 1.0 1.0 0.5500000000000069 0.0 0.0 0.0 0.0 0.0 0.0 0.0 0.0 0.0 0.0 0.54999999999999 1.0 1.0 1.0 0.050000000000018474 
1.0 1.0 1.0 1.0 0.5500000000000069 0.0 0.0 0.0 0.0 0.0 0.0 0.0 0.0 0.0 0.4162499999999882 0.9662499999999996 1.0 1.0 1.0 0.050000000000018474 
1.0 1.0 1.0 0.7287500000000056 0.12375000000000234 0.0 0.0 0.0 0.0 0.0 0.0 0.0 0.0 0.0 0.44999999999998685 1.0 1.0 1.0 1.0 0.050000000000018474 
1.0 1.0 1.0 0.6500000000000066 0.0 0.0 0.0 0.0 0.0 0.0 0.0 0.0 0.0 0.0 0.44999999999998685 1.0 1.0 1.0 1.0 0.050000000000018474 
1.0 1.0 1.0 0.6500000000000066 0.0 0.0 0.0 0.0 0.0 0.0 0.0 0.0 0.0 0.0 0.44999999999998685 1.0 1.0 1.0 1.0 0.050000000000018474 
1.0 1.0 1.0 0.6500000000000066 0.0 0.0 0.0 0.0 0.0 0.0 0.0 0.0 0.0 0.0 0.44999999999998685 1.0 1.0 1.0 0.7237500000000048 0.033750000000012506 
1.0 1.0 1.0 0.6500000000000066 0.0 0.0 0.0 0.0 0.0 0.0 0.0 0.0 0.0 0.0 0.44999999999998685 1.0 1.0 1.0 0.1500000000000128 0.0 
0.9762500000000013 1.0 1.0 1.0 0.5612500000000061 0.011249999999999543 0.0 0.0 0.0 0.0 0.0 0.0 0.006249999999999334 0.3662499999999866 1.0 1.0 1.0 0.9812500000000014 0.14625000000001268 0.0 
0.04999999999999538 1.0 1.0 1.0 1.0 0.9312500000000009 0.30625000000000746 0.0 0.0 0.0 0.0 0.13124999999999098 0.9062499999999984 1.0 1.0 1.0 1.0 0.2500000000000142 0.0 0.0 
0.0 0.041249999999999426 0.45625000000000004 1.0 1.0 1.0 1.0 1.0 1.0 1.0 1.0 1.0 1.0 1.0 1.0 0.6012500000000103 0.09625000000000629 0.0 0.0 0.0 
0.0 0.0 0.10624999999999683 0.42499999999999716 0.6837499999999945 1.0 1.0 1.0 1.0 1.0 1.0 1.0 0.8562500000000064 0.42499999999999716 0.233750000000004 0.0 0.0 0.0 0.0 0.0 
