0.0 0.9999999999999973 1.0 1.0 1.0 1.0 1.0 1.0 1.0 1.0 1.0 1.0 1.0 1.0 1.0 1.0 0.3750000000000058 0.37500000000000355 1.3322676295502005e-15 0.0 
0.0 0.9999999999999973 1.0 1.0 1.0 0.8749999999999972 0.8749999999999969 0.8749999999999969 0.8749999999999969 0.8749999999999969 0.8749999999999969 0.8749999999999969 0.8749999999999969 0.8749999999999969 0.8749999999999969 0.9999999999999996 1.0 1.0 1.0 0.12500000000000622 
0.0 0.9999999999999973 1.0 1.0 1.0 2.6645352591003757e-15 0.0 0.0 0.0 0.0 0.0 0.0 0.0 0.0 0.0 0.12499999999999689 0.9999999999999969 1.0 1.0 1.0 
0.0 0.9999999999999973 1.0 1.0 1.0 2.6645352591003757e-15 0.0 0.0 0.0 0.0 0.0 0.0 0.0 0.0 0.0 0.0 0.9999999999999964 1.0 1.0 1.0 
0.0 0.9999999999999973 1.0 1.0 0.6249999999999992 1.66533453693773e-15 0.0 0.0 0.0 0.0 0.0 0.0 0.0 0.0 0.0 0.0 0.9999999999999964 1.0 1.0 1.0 
0.0 0.9999999999999973 1.0 1.0 2.6645352591003757e-15 0.0 0.0 0.0 0.0 0.0 0.0 0.0 0.0 0.0 0.0 0.0 0.9999999999999964 1.0 1.0 1.0 
0.0 0.9999999999999973 1.0 1.0 2.6645352591003757e-15 0.0 0.0 0.0 0.0 0.0 0.0 0.0 0.0 0.0 0.0 0.0 0.9999999999999964 1.0 1.0 1.0 
0.0 0.9999999999999973 1.0 1.0 2.6645352591003757e-15 0.0 0.0 0.0 0.0 0.0 0.0 0.0 0.0 0.0 0.0 0.0 0.9999999999999964 1.0 1.0 1.0 
0.0 0.9999999999999973 1.0 1.0 0.37500000000000167 0.375 9.992007221626409e-16 0.0 0.0 0.0 0.0 0.0 0.37499999999999867 0.375 0.375 0.9999999999999978 1.0 1.0 1.0 3.552713678800501e-15 
0.0 0.9999999999999973 1.0 1.0 1.0 1.0 1.0 1.0 1.0 1.0 1.0 1.0 1.0 1.0 1.0 1.0 1.0 1.0 3.552713678800501e-15 0.0 
0.0 0.9999999999999973 1.0 1.0 1.0 1.0 1.0 1.0 1.0 1.0 1.0 0.1250000000000031 0.9999999999999969 1.0 1.0 1.0 1.0 1.0 0.8750000000000004 3.1086244689504383e-15 
0.0 0.9999999999999973 1.0 1.0 2.6645352591003757e-15 0.0 0.0 0.0 0.0 0.0 0.0 0.0 0.0 0.0 0.0 0.37499999999999867 0.9999999999999978 1.0 1.0 0.6250000000000013 
0.0 0.9999999999999973 1.0 1.0 2.6645352591003757e-15 0.0 0.0 0.0 0.0 0.0 0.0 0.0 0.0 0.0 0.0 0.0 0.9999999999999964 1.0 1.0 1.0 
0.9999999999999973 1.0 1.0 1.0 2.6645352591003757e-15 0.0 0.0 0.0 0.0 0.0 0.0 0.0 0.0 0.0 0.0 0.0 0.9999999999999964 1.0 1.0 1.0 
0.9999999999999973 1.0 1.0 1.0 2.6645352591003757e-15 0.0 0.0 0.0 0.0 0.0 0.0 0.0 0.0 0.0 0.0 0.0 0.9999999999999964 1.0 1.0 1.0 
0.9999999999999973 1.0 1.0 1.0 2.6645352591003757e-15 0.0 0.0 0.0 0.0 0.0 0.0 0.0 0.0 0.0 0.0 0.0 0.9999999999999964 1.0 1.0 1.0 
0.9999999999999973 1.0 1.0 1.0 2.6645352591003757e-15 0.0 0.0 0.0 0.0 0.0 0.0 0.0 0.0 0.0 0.0 0.3749999999999951 0.9999999999999978 1.0 1.0 0.6250000000000049 
0.9999999999999973 1.0 1.0 1.0 0.12499999999999878 3.330669073875375e-16 0.0 0.0 0.0 0.0 0.0 0.0 0.124999999999996 0.12499999999999645 0.9999999999999969 1.0 1.0 1.0 0.875000000000004 3.108624468950451e-15 
0.9999999999999973 1.0 1.0 1.0 1.0 0.8749999999999968 0.8749999999999964 0.8749999999999964 0.8749999999999964 0.8749999999999964 0.8749999999999964 0.8749999999999964 0.9999999999999996 1.0 1.0 1.0 1.0 1.0 3.552713678800501e-15 0.0 
0.9999999999999973 1.0 1.0 1.0 1.0 1.0 1.0 1.0 1.0 1.0 1.0 1.0 1.0 0.3750000000000022 0.375 0.375 1.3322676295501878e-15 0.0 0.0 0.0 
