0.0 0.0 0.3750000000000029 1.0 1.0 1.0 1.0 1.0 1.0 0.3749999999999991 0.0 0.0 0.0 0.0 0.0 0.0 0.0 0.0 0.0 0.0 
0.0 0.0 0.3750000000000029 1.0 1.0 1.0 1.0 1.0 1.0 0.3749999999999991 0.0 0.0 0.0 0.0 0.0 0.0 0.0 0.0 0.0 0.0 
0.0 0.0 0.3750000000000029 1.0 1.0 1.0 1.0 0.8749999999999991 0.12499999999999911 0.0 0.0 0.0 0.0 0.0 0.0 0.0 0.0 0.0 0.0 0.0 
0.0 0.0 0.3750000000000029 1.0 1.0 1.0 1.0 0.8749999999999991 0.12499999999999911 0.0 0.0 0.0 0.0 0.0 0.0 0.0 0.0 0.0 0.0 0.0 
0.0 0.15625000000000247 0.5312500000000038 1.0 1.0 1.0 1.0 0.8749999999999991 0.12499999999999911 0.0 0.0 0.0 0.0 0.0 0.0 0.0 0.0 0.0 0.0 0.0 
0.0 0.6250000000000032 1.0 1.0 1.0 1.0 1.0 0.8749999999999991 0.12499999999999911 0.0 0.0 0.0 0.0 0.0 0.0 0.0 0.0 0.0 0.0 0.0 
0.0 0.6250000000000032 1.0 1.0 1.0 1.0 1.0 0.8749999999999991 0.12499999999999911 0.0 0.0 0.0 0.0 0.0 0.0 0.0 0.0 0.0 0.0 0.0 
0.0 0.6250000000000032 1.0 1.0 1.0 1.0 1.0 0.8749999999999991 0.12499999999999911 0.0 0.0 0.0 0.0 0.0 0.0 0.0 0.0 0.0 0.0 0.0 
0.0 0.6250000000000032 1.0 1.0 1.0 1.0 0.9062499999999976 0.6562499999999947 0.09374999999999867 0.0 0.0 0.0 0.0 0.0 0.0 0.0 0.0 0.0 0.0 0.0 
0.0 0.6250000000000032 1.0 1.0 1.0 1.0 0.6249999999999982 0.0 0.0 0.0 0.0 0.0 0.0 0.0 0.0 0.0 0.0 0.0 0.0 0.0 
0.0 0.6250000000000032 1.0 1.0 1.0 1.0 0.6249999999999982 0.0 0.0 0.0 0.0 0.0 0.0 0.0 0.0 0.0 0.0 0.0 0.0 0.0 
0.0 0.6250000000000032 1.0 1.0 1.0 1.0 0.6249999999999982 0.0 0.0 0.0 0.0 0.0 0.0 0.0 0.0 0.0 0.0 0.0 0.0 0.0 
0.0 0.6250000000000032 1.0 1.0 1.0 1.0 0.6249999999999982 0.0 0.0 0.0 0.0 0.0 0.0 0.0 0.0 0.0 0.0 0.0 0.0 0.0 
0.0 0.6250000000000032 1.0 1.0 1.0 1.0 0.6249999999999982 0.0 0.0 0.0 0.0 0.0 0.0 0.0 0.0 0.0 0.0 0.0 0.0 0.0 
0.8750000000000036 1.0 1.0 1.0 1.0 1.0 0.6249999999999982 0.0 0.0 0.0 0.0 0.0 0.0 0.0 0.0 0.0 0.0 0.0 0.0 0.0 
0.8750000000000036 1.0 1.0 1.0 1.0 1.0 0.6249999999999982 0.0 0.0 0.0 0.0 0.0 0.0 0.0 0.0 0.0 0.0 0.0 0.0 0.0 
0.8750000000000036 1.0 1.0 1.0 1.0 1.0 0.7187500000000027 0.25000000000001066 0.25000000000001066 0.25000000000001066 0.25000000000001066 0.25000000000001066 0.25000000000001066 0.25000000000001066 0.25000000000001066 0.25000000000001066 0.25000000000001066 0.25000000000001066 0.1562500000000071 0.0 
0.8750000000000036 1.0 1.0 1.0 1.0 1.0 1.0 1.0 1.0 1.0 1.0 1.0 1.0 1.0 1.0 1.0 1.0 1.0 0.9062500000000044 0.656250000000012 
0.8750000000000036 1.0 1.0 1.0 1.0 1.0 1.0 1.0 1.0 1.0 1.0 1.0 1.0 1.0 1.0 1.0 1.0 1.0 1.0 0.8750000000000036 
0.8750000000000036 0.5312499999999887 0.2499999999999858 0.2499999999999858 0.2499999999999858 0.2499999999999858 0.2499999999999858 0.2499999999999858 0.2499999999999858 0.2499999999999858 0.2499999999999858 0.2499999999999858 0.2499999999999858 0.2499999999999858 0.2499999999999858 0.2499999999999858 0.2499999999999858 0.2499999999999858 0.2499999999999858 0.21874999999998845 
