0.0 0.0 0.0 0.05250000000000016 0.30000000000000426 0.30000000000000426 0.30000000000000426 0.1875000000000024 0.0 0.0 0.0 0.0 0.0 0.0 0.21750000000000458 0.30000000000000426 0.30000000000000426 0.9125000000000055 1.0 0.3174999999999982 
0.0 0.06749999999999731 0.7875000000000064 0.17499999999999805 1.0 1.0 1.0 0.6249999999999991 0.0 0.0 0.0 0.0 0.0 0.6075000000000069 0.9725000000000017 1.0 1.0 1.0 1.0 0.12249999999998787 
0.0 0.037499999999997945 0.5624999999999944 1.0 1.0 1.0 0.8375000000000015 0.3125000000000026 0.0 0.0 0.0 0.0 0.31250000000000483 0.8375000000000037 1.0 1.0 1.0 0.1249999999999929 0.0 0.0 
0.0 0.0 0.12499999999999734 1.0 1.0 1.0 0.6749999999999998 0.0 0.0 0.0 0.05250000000000282 0.6175000000000047 1.0 1.0 1.0 0.9224999999999955 0.15749999999999337 0.0 0.0 0.0 
0.0 0.0 0.12499999999999734 1.0 1.0 1.0 0.6749999999999998 0.0 0.0 0.3325000000000036 0.8575000000000033 1.0 1.0 1.0 0.4924999999999925 0.06749999999999706 0.0 0.0 0.0 0.0 
0.0 0.0 0.12499999999999734 1.0 1.0 1.0 0.6749999999999998 0.0 0.4250000000000007 1.0 1.0 1.0 1.0 0.7974999999999947 0.19249999999999487 0.0 0.0 0.0 0.0 0.0 
0.0 0.0 0.12499999999999734 1.0 1.0 1.0 0.9675000000000018 0.9000000000000057 0.9425000000000033 1.0 1.0 1.0 0.4374999999999932 0.032499999999997725 0.0 0.0 0.0 0.0 0.0 0.0 
0.0 0.07499999999999662 1.0 1.0 1.0 1.0 1.0 1.0 1.0 1.0 0.7374999999999952 0.21249999999999555 0.0 0.0 0.0 0.0 0.0 0.0 0.0 0.0 
0.0 0.07499999999999662 1.0 1.0 1.0 1.0 1.0 1.0 1.0 0.5249999999999986 0.0 0.0 0.0 0.0 0.0 0.0 0.0 0.0 0.0 0.0 
0.0 0.07499999999999662 1.0 1.0 1.0 1.0 1.0 1.0 0.7024999999999968 0.15749999999999623 0.0 0.0 0.0 0.0 0.0 0.0 0.0 0.0 0.0 0.0 
0.0 0.07499999999999662 1.0 1.0 1.0 1.0 1.0 1.0 1.0 0.5249999999999986 0.0 0.0 0.0 0.0 0.0 0.0 0.0 0.0 0.0 0.0 
0.0 0.07499999999999662 1.0 1.0 1.0 1.0 1.0 1.0 1.0 0.9525000000000042 0.4275000000000025 0.0 0.0 0.0 0.0 0.0 0.0 0.0 0.0 0.0 
0.0 0.07499999999999662 1.0 1.0 1.0 1.0 1.0 1.0 1.0 1.0 0.7375000000000027 0.2125000000000016 0.0 0.0 0.0 0.0 0.0 0.0 0.0 0.0 
0.024999999999995914 1.0 1.0 1.0 0.9774999999999983 0.8999999999999915 0.9324999999999942 1.0 1.0 1.0 1.0 1.0 0.37499999999999645 0.0 0.0 0.0 0.0 0.0 0.0 0.0 
0.024999999999995914 1.0 1.0 1.0 0.7750000000000012 0.0 0.09749999999999683 0.5624999999999944 1.0 1.0 1.0 1.0 0.8125000000000051 0.22750000000000026 0.0 0.0 0.0 0.0 0.0 0.0 
0.024999999999995914 1.0 1.0 1.0 0.7750000000000012 0.0 0.0 0.2624999999999977 0.8274999999999957 1.0 1.0 1.0 1.0 1.0 0.274999999999995 0.0 0.0 0.0 0.0 0.0 
0.024999999999995914 1.0 1.0 1.0 0.7750000000000012 0.0 0.0 0.0 0.042499999999996145 0.5274999999999964 1.0 1.0 1.0 1.0 0.9275000000000062 0.20249999999999696 0.0 0.0 0.0 0.0 
0.024999999999995914 1.0 1.0 1.0 0.7750000000000012 0.0 0.0 0.0 0.0 0.0 0.5250000000000021 1.0 1.0 1.0 1.0 1.0 0.1749999999999936 0.0 0.0 0.0 
0.12250000000000463 1.0 1.0 1.0 0.7750000000000012 0.0 0.0 0.0 0.0 0.0 0.0 0.5750000000000028 1.0 1.0 1.0 0.9224999999999928 0.15749999999999276 0.0 0.0 0.0 
0.29999999999999005 0.35249999999998843 0.9125000000000006 0.29999999999999005 0.23249999999999266 0.0 0.0 0.0 0.0 0.0 0.0 0.17249999999999513 0.29999999999999005 0.29999999999999005 0.29999999999999005 0.06749999999999606 0.0 0.0 0.0 0.0 
