0.0 0.0 0.24062500000000211 0.8731250000000012 1.0 1.0 1.0 1.0 1.0 1.0 1.0 1.0 1.0 1.0 1.0 1.0 1.0 1.0 1.0 0.9749999999999943 
0.0 0.0 0.8750000000000009 1.0 1.0 1.0 1.0 1.0 1.0 1.0 1.0 1.0 1.0 1.0 1.0 1.0 1.0 1.0 1.0 0.9749999999999943 
0.0 0.0 0.8750000000000009 1.0 1.0 1.0 0.7468749999999985 0.6249999999999987 0.6249999999999987 0.6249999999999987 0.6249999999999987 0.6249999999999987 0.6249999999999987 0.6249999999999987 0.6249999999999987 0.6249999999999987 0.6249999999999987 0.6249999999999987 0.578124999999997 0.0 
0.0 0.0 0.8750000000000009 1.0 1.0 1.0 0.3249999999999984 0.0 0.0 0.0 0.0 0.0 0.0 0.0 0.0 0.0 0.0 0.0 0.0 0.0 
0.0 0.0 0.8750000000000009 1.0 1.0 1.0 0.3249999999999984 0.0 0.0 0.0 0.0 0.0 0.0 0.0 0.0 0.0 0.0 0.0 0.0 0.0 
0.0 0.0 0.8750000000000009 1.0 1.0 1.0 0.3249999999999984 0.0 0.0 0.0 0.0 0.0 0.0 0.0 0.0 0.0 0.0 0.0 0.0 0.0 
0.0 0.5318749999999998 0.9468750000000004 1.0 1.0 1.0 0.7131249999999989 0.5749999999999993 0.5749999999999993 0.5749999999999993 0.5749999999999993 0.5749999999999993 0.5749999999999993 0.5749999999999993 0.5749999999999993 0.4456249999999966 0.0 0.0 0.0 0.0 
0.0 0.9250000000000007 1.0 1.0 1.0 1.0 1.0 1.0 1.0 1.0 1.0 1.0 1.0 1.0 1.0 1.0 0.8468749999999963 0.10937499999999956 0.0 0.0 
0.0 0.9250000000000007 1.0 1.0 1.0 1.0 1.0 1.0 0.6118749999999993 0.32500000000000107 0.32500000000000107 0.6118750000000035 1.0 1.0 1.0 1.0 1.0 0.9593749999999988 0.6243749999999971 0.0 
0.0 0.9250000000000007 1.0 1.0 1.0 0.8368750000000013 0.25187499999999946 0.0 0.0 0.0 0.0 0.0 0.0 0.2518750000000029 0.836875000000002 1.0 1.0 1.0 0.9249999999999972 0.0 
0.0 0.20812500000000148 0.22500000000000142 0.22500000000000142 0.22500000000000142 0.06187500000000007 0.0 0.0 0.0 0.0 0.0 0.0 0.0 0.0 0.27500000000000213 1.0 1.0 1.0 0.9249999999999972 0.0 
0.0 0.0 0.0 0.0 0.0 0.0 0.0 0.0 0.0 0.0 0.0 0.0 0.0 0.0 0.27500000000000213 1.0 1.0 1.0 0.9249999999999972 0.0 
0.0 0.0 0.0 0.0 0.0 0.0 0.0 0.0 0.0 0.0 0.0 0.0 0.0 0.0 0.27500000000000213 1.0 1.0 1.0 0.9249999999999972 0.0 
0.0 0.0 0.0 0.0 0.0 0.0 0.0 0.0 0.0 0.0 0.0 0.0 0.0 0.0 0.27500000000000213 1.0 1.0 1.0 0.9249999999999972 0.0 
0.9506249999999984 0.9749999999999979 0.9749999999999979 0.9749999999999979 0.21937499999999832 0.0 0.0 0.0 0.0 0.0 0.0 0.0 0.0 0.0 0.27500000000000213 1.0 1.0 1.0 0.9249999999999972 0.0 
0.9750000000000005 1.0 1.0 1.0 0.22499999999999876 0.0 0.0 0.0 0.0 0.0 0.0 0.0 0.0 0.32500000000000284 1.0 1.0 1.0 0.9343749999999987 0.43937500000000324 0.0 
0.9018750000000046 0.9943750000000003 1.0 1.0 1.0 0.3293749999999956 0.024374999999998495 0.0 0.0 0.0 0.0 0.0 0.37500000000000355 1.0 1.0 1.0 0.9868750000000004 0.8093750000000004 0.0 0.0 
0.0 0.9250000000000007 1.0 1.0 1.0 1.0 0.746874999999997 0.6249999999999964 0.6249999999999964 0.6249999999999964 0.6249999999999964 0.6249999999999964 0.7656249999999991 1.0 1.0 1.0 0.8249999999999957 0.0 0.0 0.0 
0.0 0.7631250000000065 0.978125000000001 1.0 1.0 1.0 1.0 1.0 1.0 1.0 1.0 1.0 1.0 0.9431250000000015 0.8250000000000064 0.6393750000000008 0.0 0.0 0.0 0.0 
0.0 0.0 0.24062500000000522 0.2750000000000057 0.8368750000000021 1.0 1.0 1.0 1.0 1.0 1.0 0.6918749999999994 0.2750000000000057 0.18562500000000307 0.0 0.0 0.0 0.0 0.0 0.0 
