0.0 0.0 0.0 0.0 0.0 0.0 0.0 0.0 0.0 0.03125000000000133 0.093750000000004 0.12500000000000533 0.12500000000000533 0.34375000000000555 0.7812500000000029 1.0 1.0 0.7812499999999998 0.34375000000000244 0.09375000000000377 
0.0 0.0 0.0 0.0 0.0 0.0 0.0 0.0 0.0 0.25 0.75 1.0 1.0 1.0 1.0 1.0 1.0 1.0 1.0 0.7499999999999982 
0.0 0.0 0.0 0.0 0.0 0.0 0.0 0.1562500000000014 0.4687500000000036 0.7187500000000033 0.9062500000000011 1.0 1.0 1.0 1.0 1.0 1.0 1.0 1.0 0.7499999999999982 
0.0 0.0 0.0 0.0 0.0 0.2187500000000006 0.656250000000003 0.9062500000000031 0.9687500000000011 1.0 1.0 1.0 1.0 1.0 1.0 1.0 1.0 0.7812499999999974 0.34374999999999545 0.09374999999999678 
0.0937500000000025 0.34375000000000167 0.7812500000000001 1.0 1.0 1.0 1.0 1.0 1.0 1.0 1.0 1.0 1.0 1.0 1.0 1.0 1.0 0.7499999999999982 0.24999999999999822 0.0 
0.7499999999999987 1.0 1.0 1.0 1.0 1.0 1.0 1.0 1.0 1.0 1.0 1.0 1.0 1.0 1.0 1.0 1.0 0.7499999999999982 0.24999999999999822 0.0 
0.7499999999999987 1.0 1.0 1.0 1.0 1.0 1.0 1.0 1.0 1.0 1.0 1.0 1.0 1.0 1.0 1.0 1.0 0.7499999999999982 0.24999999999999822 0.0 
0.0937499999999985 0.12499999999999822 0.12499999999999822 0.12499999999999822 0.12499999999999822 0.3437499999999983 0.7812499999999996 1.0 1.0 1.0 1.0 1.0 1.0 1.0 1.0 1.0 1.0 0.7499999999999982 0.24999999999999822 0.0 
0.0 0.0 0.0 0.0 0.0 0.24999999999999956 0.75 1.0 1.0 1.0 1.0 1.0 1.0 1.0 1.0 0.9687499999999993 0.9062499999999984 0.6562499999999971 0.218749999999998 0.0 
0.0 0.0 0.0 0.0 0.0 0.24999999999999956 0.75 1.0 1.0 1.0 1.0 1.0 1.0 0.9062499999999989 0.718749999999998 0.46874999999999756 0.15624999999999845 0.0 0.0 0.0 
0.0 0.0 0.0 0.0 0.0 0.24999999999999956 0.75 1.0 1.0 1.0 1.0 1.0 1.0 0.7499999999999982 0.24999999999999822 0.0 0.0 0.0 0.0 0.0 
0.0 0.0 0.0 0.0 0.0 0.24999999999999956 0.75 1.0 1.0 1.0 1.0 1.0 1.0 0.7499999999999982 0.24999999999999822 0.0 0.0 0.0 0.0 0.0 
0.0 0.0 0.0 0.0 0.0 0.24999999999999956 0.75 1.0 1.0 1.0 1.0 1.0 1.0 0.7499999999999982 0.24999999999999822 0.0 0.0 0.0 0.0 0.0 
0.0 0.0 0.0 0.0 0.0 0.24999999999999956 0.75 1.0 1.0 1.0 1.0 1.0 1.0 0.7499999999999982 0.24999999999999822 0.0 0.0 0.0 0.0 0.0 
0.0 0.0 0.0 0.0 0.0 0.24999999999999956 0.75 1.0 1.0 1.0 1.0 1.0 1.0 0.7499999999999982 0.24999999999999822 0.0 0.0 0.0 0.0 0.0 
0.0 0.0 0.0 0.21874999999999942 0.6562499999999996 0.90625 0.96875 1.0 1.0 1.0 1.0 1.0 1.0 0.7499999999999982 0.24999999999999822 0.0 0.0 0.21875000000000155 0.6562500000000016 0.6562499999999984 
0.0 0.0 0.0 0.24999999999999933 0.7499999999999996 1.0 1.0 1.0 1.0 1.0 1.0 0.9687499999999998 0.9062499999999998 0.6562499999999984 0.21874999999999845 0.0 0.0 0.2500000000000018 0.7500000000000018 0.7499999999999982 
0.0 0.0 0.0 0.24999999999999933 0.7499999999999996 1.0 1.0 1.0 1.0 1.0 1.0 0.7499999999999982 0.24999999999999822 0.0 0.0 0.09375000000000067 0.28125000000000067 0.5312500000000011 0.8437500000000011 0.7499999999999982 
0.0 0.0 0.0 0.24999999999999933 0.7499999999999996 1.0 1.0 1.0 1.0 1.0 1.0 0.9062499999999993 0.7187499999999993 0.4687499999999989 0.1562499999999989 0.2500000000000018 0.7500000000000018 1.0 1.0 0.7499999999999982 
0.0 0.0 0.0 0.24999999999999933 0.7499999999999996 1.0 1.0 1.0 1.0 1.0 1.0 0.7812499999999984 0.34374999999999845 0.09374999999999978 0.031249999999999778 0.2500000000000018 0.7500000000000018 1.0 1.0 0.7499999999999982 
