0.02500000000000302 1.0 1.0 1.0 1.0 1.0 0.7156249999999983 0.07812499999999978 0.0 0.0 0.0 0.0 0.078125 0.7156250000000006 1.0 1.0 1.0 1.0 1.0 0.8781250000000003 
0.02500000000000302 1.0 1.0 1.0 1.0 1.0 0.8781249999999993 0.3906249999999989 0.0 0.0 0.0 0.21562499999999973 0.765625 1.0 1.0 1.0 1.0 1.0 0.6531249999999997 0.015625000000001332 
0.02500000000000302 1.0 1.0 1.0 1.0 1.0 0.674999999999998 0.0 0.0 0.0 0.32812500000000133 0.8406249999999997 1.0 1.0 1.0 1.0 1.0 0.453125 0.028124999999999734 0.0 
0.02500000000000302 1.0 1.0 1.0 1.0 1.0 0.674999999999998 0.0 0.0 0.41562500000000124 0.9406250000000003 1.0 1.0 1.0 1.0 1.0 0.2781250000000006 0.015625 0.0 0.0 
0.02500000000000302 1.0 1.0 1.0 1.0 0.7249999999999979 0.0 0.04687500000000022 0.4968750000000006 1.0 1.0 1.0 1.0 1.0 0.9093749999999998 0.19687500000000124 0.0 0.0 0.0 0.0 
0.02500000000000302 1.0 1.0 1.0 1.0 0.8281249999999987 0.375 0.6093750000000011 1.0 1.0 1.0 1.0 1.0 0.7468749999999997 0.1718749999999991 0.0 0.0 0.0 0.0 0.0 
0.02500000000000302 1.0 1.0 1.0 1.0 1.0 1.0 1.0 1.0 1.0 1.0 1.0 0.609375 0.12187499999999973 0.0 0.0 0.0 0.0 0.0 0.0 
0.02500000000000302 1.0 1.0 1.0 1.0 1.0 1.0 1.0 1.0 1.0 1.0 0.4968750000000006 0.046875 0.0 0.0 0.0 0.0 0.0 0.0 0.0 
0.02500000000000302 1.0 1.0 1.0 1.0 1.0 1.0 1.0 1.0 1.0 0.47499999999999787 0.0 0.0 0.0 0.0 0.0 0.0 0.0 0.0 0.0 
0.02500000000000302 1.0 1.0 1.0 1.0 1.0 1.0 1.0 1.0 1.0 0.6718749999999987 0.15937500000000027 0.0 0.0 0.0 0.0 0.0 0.0 0.0 0.0 
0.6343750000000011 1.0 1.0 1.0 1.0 1.0 1.0 1.0 1.0 1.0 1.0 0.4250000000000007 0.0 0.0 0.0 0.0 0.0 0.0 0.0 0.0 
0.14687500000000264 1.0 1.0 1.0 1.0 1.0 1.0 1.0 1.0 1.0 1.0 0.9281250000000001 0.328125 0.0 0.0 0.0 0.0 0.0 0.0 0.0 
0.02500000000000302 1.0 1.0 1.0 0.9718749999999997 0.6343749999999981 0.0 0.3750000000000018 1.0 1.0 1.0 1.0 0.453125 0.04062499999999991 0.0 0.0 0.0 0.0 0.0 0.0 
0.3906250000000019 1.0 1.0 1.0 0.7749999999999977 0.0 0.0 0.2343750000000011 0.7843750000000003 1.0 1.0 1.0 1.0 0.3249999999999993 0.0 0.0 0.0 0.0 0.0 0.0 
1.0 1.0 1.0 1.0 0.7749999999999977 0.0 0.0 0.0 0.15937500000000027 0.6718750000000009 1.0 1.0 1.0 0.3249999999999993 0.0 0.0 0.0 0.0 0.0 0.0 
1.0 1.0 1.0 1.0 0.7749999999999977 0.0 0.0 0.0 0.0 0.4750000000000014 1.0 1.0 1.0 0.9156249999999999 0.24062499999999876 0.0 0.0 0.0 0.0 0.0 
1.0 1.0 1.0 1.0 0.7749999999999977 0.0 0.0 0.0 0.0 0.41562500000000124 0.9406250000000003 1.0 1.0 1.0 1.0 0.22500000000000142 0.0 0.0 0.0 0.0 
1.0 1.0 1.0 1.0 0.7749999999999977 0.0 0.0 0.0 0.0 0.0 0.32812500000000133 0.8406249999999997 1.0 1.0 1.0 0.5156250000000009 0.06562500000000027 0.0 0.0 0.0 
1.0 1.0 1.0 1.0 0.7749999999999977 0.0 0.0 0.0 0.0 0.0 0.0 0.5749999999999993 1.0 1.0 1.0 1.0 0.1750000000000007 0.0 0.0 0.0 
1.0 1.0 1.0 0.8468749999999978 0.09687499999999971 0.0 0.0 0.0 0.0 0.0 0.0 0.07187499999999991 0.671875 0.4093749999999994 0.7593750000000012 1.0 0.1750000000000007 0.0 0.0 0.0 
