0.0 0.0 0.0 0.47499999999999964 1.0 1.0 1.0 1.0 1.0 1.0 1.0 1.0 1.0 1.0 1.0 1.0 1.0 1.0 1.0 0.9250000000000078 
0.0 0.0 0.0 0.47499999999999964 1.0 1.0 1.0 1.0 1.0 1.0 1.0 1.0 1.0 1.0 1.0 1.0 1.0 1.0 1.0 0.9250000000000078 
0.0 0.0 0.0 0.47499999999999964 1.0 1.0 0.984375000000001 0.45312500000000383 0.3750000000000031 0.3750000000000031 0.3750000000000031 0.3750000000000031 0.3750000000000031 0.3750000000000031 0.3750000000000031 0.3750000000000031 0.3750000000000031 0.3750000000000031 0.2906250000000045 0.0 
0.0 0.0 0.17187499999999856 0.6193749999999985 1.0 0.9518750000000007 0.7068750000000033 0.09062500000000158 0.0 0.0 0.0 0.0 0.0 0.0 0.0 0.0 0.0 0.0 0.0 0.0 
0.0 0.0 0.625 1.0 1.0 0.8250000000000011 0.0 0.0 0.0 0.0 0.0 0.0 0.0 0.0 0.0 0.0 0.0 0.0 0.0 0.0 
0.0 0.0 0.625 1.0 1.0 0.8250000000000011 0.0 0.0 0.0 0.0 0.0 0.0 0.0 0.0 0.0 0.0 0.0 0.0 0.0 0.0 
0.0 0.0 0.625 1.0 1.0 0.8643750000000008 0.22499999999999964 0.22499999999999964 0.22499999999999964 0.6706249999999979 1.0 0.7868750000000024 0.22499999999999964 0.22499999999999964 0.22499999999999964 0.07312500000000093 0.0 0.0 0.0 0.0 
0.0 0.0 0.625 1.0 1.0 1.0 1.0 1.0 1.0 1.0 1.0 1.0 1.0 1.0 1.0 0.9156250000000006 0.41562500000000435 0.0 0.0 0.0 
0.0 0.4068750000000005 0.8218750000000001 1.0 1.0 1.0 0.9868750000000007 0.5406250000000006 0.1306250000000009 0.0 0.2018749999999985 0.47499999999999964 0.5406249999999978 0.986874999999998 1.0 1.0 0.7506250000000025 0.328125000000003 0.0 0.0 
0.0 0.6393749999999997 0.8249999999999993 0.8249999999999993 0.5568750000000001 0.0 0.0 0.0 0.0 0.0 0.0 0.0 0.0 0.0 0.8249999999999957 1.0 1.0 0.6250000000000053 0.0 0.0 
0.0 0.0 0.0 0.0 0.0 0.0 0.0 0.0 0.0 0.0 0.0 0.0 0.0 0.0 0.8249999999999957 1.0 1.0 0.6250000000000053 0.0 0.0 
0.0 0.0 0.0 0.0 0.0 0.0 0.0 0.0 0.0 0.0 0.0 0.0 0.0 0.0 0.8249999999999957 1.0 1.0 0.6250000000000053 0.0 0.0 
0.0 0.0 0.0 0.0 0.0 0.0 0.0 0.0 0.0 0.0 0.0 0.0 0.0 0.0 0.8249999999999957 1.0 1.0 0.6250000000000053 0.0 0.0 
0.0 0.0 0.0 0.0 0.0 0.0 0.0 0.0 0.0 0.0 0.0 0.0 0.0 0.0 0.8249999999999957 1.0 1.0 0.6250000000000053 0.0 0.0 
0.3931250000000042 0.42500000000000426 0.42500000000000426 0.22312500000000238 0.0 0.0 0.0 0.0 0.0 0.0 0.0 0.0 0.05312499999999902 0.4143750000000025 0.8993749999999983 1.0 0.475000000000005 0.0 0.0 0.0 
0.9250000000000007 1.0 1.0 0.5250000000000004 0.0 0.0 0.0 0.0 0.0 0.0 0.0 0.0 0.12499999999999645 0.9749999999999961 1.0 1.0 0.475000000000005 0.0 0.0 0.0 
0.9250000000000007 1.0 1.0 0.5250000000000004 0.0 0.0 0.0 0.0 0.0 0.0 0.0 0.0 0.12499999999999645 0.9749999999999961 1.0 0.510625 0.130624999999999 0.0 0.0 0.0 
0.9250000000000007 1.0 1.0 1.0 0.7968750000000028 0.3093750000000063 0.0 0.0 0.27187500000000436 0.3750000000000071 0.3750000000000071 0.5468750000000031 1.0 1.0 0.6906249999999957 0.20312500000000058 0.0 0.0 0.0 0.0 
0.0 0.755624999999996 0.9906249999999979 1.0 1.0 1.0 1.0 1.0 1.0 1.0 1.0 0.9931249999999985 0.8531249999999985 0.024375000000003668 0.0 0.0 0.0 0.0 0.0 0.0 
0.0 0.0 0.20312499999999512 0.3249999999999922 0.5443749999999943 1.0 1.0 1.0 1.0 0.6118749999999972 0.3249999999999922 0.23562499999999537 0.0 0.0 0.0 0.0 0.0 0.0 0.0 0.0 
