0.0 0.0 0.0 0.0 0.7750000000000012 1.0 1.0 1.0 0.42499999999999805 0.0 0.0 0.0 0.0 0.0 0.0 0.22500000000000497 1.0 1.0 0.979374999999999 0.7068749999999938 
0.0 0.0 0.0 0.6806250000000023 0.9606250000000006 1.0 1.0 1.0 0.42499999999999805 0.0 0.0 0.0 0.0 0.0 0.22687500000000224 0.8643750000000022 1.0 1.0 0.9249999999999972 0.0 
0.0 0.0 0.0 0.8250000000000011 1.0 1.0 1.0 1.0 0.42499999999999805 0.0 0.0 0.0 0.0 0.1218750000000015 0.5468750000000023 1.0 1.0 1.0 0.9249999999999972 0.0 
0.0 0.0 0.0 0.8250000000000011 1.0 1.0 1.0 1.0 0.42499999999999805 0.0 0.0 0.0 0.0 0.32500000000000284 1.0 1.0 1.0 1.0 0.9249999999999972 0.0 
0.0 0.0 0.0 0.8250000000000011 1.0 1.0 1.0 1.0 1.0 0.47499999999999787 0.0 0.0 0.37500000000000355 1.0 1.0 1.0 1.0 1.0 0.9249999999999972 0.0 
0.0 0.0 0.0 0.8250000000000011 1.0 1.0 1.0 1.0 1.0 0.47499999999999787 0.0 0.42500000000000426 1.0 1.0 1.0 1.0 1.0 0.8749999999999964 0.0 0.0 
0.0 0.0 0.5031249999999999 0.9256250000000004 1.0 1.0 1.0 1.0 1.0 0.7768749999999988 0.5749999999999993 0.7556250000000014 1.0 1.0 1.0 1.0 1.0 0.8749999999999964 0.0 0.0 
0.0 0.0 0.8750000000000009 1.0 1.0 0.9093749999999998 0.875 0.9531250000000002 1.0 1.0 1.0 1.0 0.9531249999999996 0.5906249999999975 0.27500000000000213 1.0 1.0 0.8749999999999964 0.0 0.0 
0.0 0.0 0.8750000000000009 1.0 1.0 0.2749999999999986 0.0 0.6250000000000018 1.0 1.0 1.0 1.0 0.6249999999999964 0.0 0.27500000000000213 1.0 1.0 0.8749999999999964 0.0 0.0 
0.0 0.0 0.8750000000000009 1.0 1.0 0.2749999999999986 0.0 0.6250000000000018 1.0 1.0 1.0 0.5749999999999957 0.0 0.0 0.27500000000000213 1.0 0.9606249999999994 0.6781249999999991 0.0 0.0 
0.0 0.0 0.8750000000000009 1.0 0.39937500000000015 0.06187500000000007 0.0 0.14062500000000128 0.6706250000000021 1.0 0.6318749999999995 0.12937499999999985 0.0 0.0 0.27500000000000213 1.0 0.8249999999999957 0.0 0.0 0.0 
0.0 0.3006249999999996 0.9156250000000005 1.0 0.22499999999999876 0.0 0.0 0.0 0.0 0.0 0.0 0.0 0.0 0.10562500000000069 0.5106250000000009 1.0 0.8249999999999957 0.0 0.0 0.0 
0.0 0.9250000000000007 1.0 1.0 0.22499999999999876 0.0 0.0 0.0 0.0 0.0 0.0 0.0 0.0 0.32500000000000284 1.0 1.0 0.8249999999999957 0.0 0.0 0.0 
0.0 0.9250000000000007 1.0 1.0 0.22499999999999876 0.0 0.0 0.0 0.0 0.0 0.0 0.0 0.0 0.32500000000000284 1.0 1.0 0.8249999999999957 0.0 0.0 0.0 
0.0 0.9250000000000007 1.0 1.0 0.22499999999999876 0.0 0.0 0.0 0.0 0.0 0.0 0.0 0.0 0.32500000000000284 1.0 0.7806249999999957 0.020625000000001652 0.0 0.0 0.0 
0.0 0.9250000000000007 1.0 0.17499999999999893 0.0 0.0 0.0 0.0 0.0 0.0 0.0 0.0 0.0 0.32500000000000284 1.0 0.774999999999995 0.0 0.0 0.0 0.0 
0.07312499999999589 0.9306250000000004 1.0 0.17499999999999893 0.0 0.0 0.0 0.0 0.0 0.0 0.0 0.0 0.02812499999999867 0.37562499999999976 1.0 0.774999999999995 0.0 0.0 0.0 0.0 
0.9750000000000005 1.0 1.0 0.17499999999999893 0.0 0.0 0.0 0.0 0.0 0.0 0.0 0.0 0.37500000000000355 1.0 1.0 0.774999999999995 0.0 0.0 0.0 0.0 
0.9750000000000005 1.0 1.0 0.17499999999999893 0.0 0.0 0.0 0.0 0.0 0.0 0.0 0.0 0.37500000000000355 1.0 1.0 0.774999999999995 0.0 0.0 0.0 0.0 
0.9750000000000005 1.0 0.3656250000000043 0.0481250000000007 0.0 0.0 0.0 0.0 0.0 0.0 0.0 0.0 0.37500000000000355 1.0 0.800625 0.21312500000000303 0.0 0.0 0.0 0.0 
