0.0 0.0 0.0 0.07437500000000537 0.4250000000000149 0.4250000000000149 0.6118750000000143 1.0 1.0 1.0 1.0 0.6693750000000038 0.4250000000000149 0.13812500000000077 0.0 0.0 0.0 0.0 0.0 0.0 
0.0 0.020625000000002728 0.36562500000001724 1.0 1.0 1.0 1.0 1.0 1.0 1.0 1.0 1.0 1.0 1.0 1.0 0.4381250000000046 0.048124999999999814 0.0 0.0 0.0 
0.025000000000005684 1.0 1.0 1.0 1.0 1.0 0.9593749999999944 0.8749999999999858 0.503124999999985 0.0 0.45937500000000064 0.8749999999999858 0.9531249999999958 1.0 1.0 1.0 1.0 0.12499999999998934 0.0 0.0 
0.025000000000005684 1.0 1.0 1.0 1.0 0.7318749999999892 0.016874999999991064 0.0 0.0 0.0 0.0 0.0 0.015624999999992117 0.6831250000000051 1.0 1.0 1.0 0.9781250000000111 0.07312499999998989 0.0 
1.0 1.0 1.0 1.0 0.7749999999999932 0.0 0.0 0.0 0.0 0.0 0.0 0.0 0.0 0.0 0.7250000000000085 1.0 1.0 1.0 0.8381250000000097 0.02062499999999035 
1.0 1.0 1.0 1.0 0.7749999999999932 0.0 0.0 0.0 0.0 0.0 0.0 0.0 0.0 0.0 0.7250000000000085 1.0 1.0 1.0 1.0 0.02499999999998792 
1.0 1.0 1.0 1.0 0.7749999999999932 0.0 0.0 0.0 0.0 0.0 0.0 0.0 0.0 0.0 0.34437499999999605 0.8818750000000024 1.0 1.0 1.0 0.02499999999998792 
0.6343749999999917 1.0 1.0 1.0 0.7749999999999932 0.0 0.0 0.0 0.0 0.0 0.0 0.0 0.0 0.0 0.0 0.7750000000000092 1.0 1.0 1.0 0.02499999999998792 
0.025000000000005684 1.0 1.0 1.0 0.7749999999999932 0.0 0.0 0.0 0.0 0.0 0.0 0.0 0.0 0.0 0.0 0.7750000000000092 1.0 1.0 1.0 0.02499999999998792 
0.025000000000005684 1.0 1.0 1.0 0.7749999999999932 0.0 0.0 0.0 0.0 0.0 0.0 0.0 0.0 0.0 0.0 0.7750000000000092 1.0 1.0 1.0 0.02499999999998792 
0.025000000000005684 1.0 1.0 1.0 0.9831250000000012 0.6706249999999988 0.0 0.0 0.0 0.0 0.0 0.0 0.0 0.0 0.0 0.7750000000000092 1.0 1.0 1.0 0.9268750000000067 
0.025000000000005684 1.0 1.0 1.0 1.0 0.7249999999999925 0.0 0.0 0.0 0.0 0.0 0.0 0.0 0.0 0.0 0.7750000000000092 1.0 1.0 1.0 1.0 
0.025000000000005684 1.0 1.0 1.0 1.0 0.7249999999999925 0.0 0.0 0.0 0.0 0.0 0.0 0.0 0.0 0.0 0.7750000000000092 1.0 1.0 1.0 1.0 
0.025000000000005684 1.0 1.0 1.0 1.0 0.7249999999999925 0.0 0.0 0.0 0.0 0.0 0.0 0.0 0.0 0.0 0.7750000000000092 1.0 1.0 1.0 1.0 
0.01687500000000368 0.699374999999996 1.0 1.0 1.0 0.7249999999999925 0.0 0.0 0.0 0.0 0.0 0.0 0.0 0.0 0.0 0.0 0.82500000000001 1.0 1.0 1.0 
0.0 0.07500000000000595 1.0 1.0 1.0 0.773124999999996 0.118125000000004 0.0 0.0 0.0 0.0 0.0 0.0 0.0 0.0 0.7750000000000092 1.0 1.0 1.0 1.0 
0.0 0.07312500000000538 0.9781249999999951 1.0 1.0 1.0 0.6831249999999948 0.015625000000003376 0.0 0.0 0.0 0.0 0.0 0.0 0.018125000000004336 0.7806250000000103 1.0 1.0 1.0 1.0 
0.0 0.0 0.015625000000000333 0.27812500000000273 1.0 1.0 1.0 0.9531250000000004 0.8750000000000036 0.8750000000000036 0.4156249999999936 0.0 0.54687500000001 0.8750000000000036 0.9656250000000021 1.0 1.0 1.0 1.0 0.14687499999998596 
0.0 0.0 0.0 0.04812500000000029 0.2749999999999915 0.4743749999999992 1.0 1.0 1.0 1.0 1.0 1.0 1.0 1.0 1.0 1.0 1.0 0.3656249999999848 0.020624999999996233 0.0 
0.0 0.0 0.0 0.0 0.0 0.0 0.13812500000000216 0.42499999999999716 0.42499999999999716 0.6981250000000034 1.0 1.0 1.0 0.6118749999999926 0.42499999999999716 0.42499999999999716 0.07437499999999528 0.0 0.0 0.0 
