0.0 0.0 0.0 0.0 0.09562500000000623 0.4250000000000149 0.4250000000000149 0.6406250000000134 1.0 0.7268750000000022 0.4250000000000149 0.4250000000000149 0.15937500000000182 0.0 0.0 0.0 0.0 0.0 0.0 0.0 
0.0 0.020625000000002728 0.36562500000001724 1.0 1.0 1.0 1.0 1.0 1.0 1.0 1.0 1.0 1.0 1.0 0.4743750000000044 0.061875000000000735 0.0 0.0 0.0 0.0 
0.025000000000005684 1.0 1.0 1.0 1.0 1.0 0.9593749999999944 0.8749999999999858 0.8749999999999858 0.8749999999999858 0.8749999999999858 0.946874999999995 1.0 1.0 1.0 1.0 0.278125000000003 0.015625000000000444 0.0 0.0 
0.9756250000000127 1.0 1.0 1.0 1.0 0.7318749999999892 0.016874999999991064 0.0 0.0 0.0 0.0 0.014374999999992748 0.6343750000000038 1.0 1.0 1.0 1.0 0.12499999999998934 0.0 0.0 
1.0 1.0 1.0 1.0 0.7749999999999932 0.0 0.0 0.0 0.0 0.0 0.0 0.0 0.0 0.6750000000000096 1.0 1.0 1.0 1.0 0.07499999999998863 0.0 
1.0 1.0 1.0 1.0 0.7749999999999932 0.0 0.0 0.0 0.0 0.0 0.0 0.0 0.0 0.21937499999999543 0.8143750000000026 1.0 1.0 1.0 0.07499999999998863 0.0 
1.0 1.0 1.0 1.0 0.7749999999999932 0.0 0.0 0.0 0.0 0.0 0.0 0.0 0.0 0.3543750000000125 0.8693750000000071 1.0 1.0 1.0 0.07499999999998863 0.0 
0.025000000000005684 1.0 1.0 1.0 1.0 0.7249999999999925 0.0 0.0 0.0 0.0 0.0 0.0 0.0 0.6750000000000096 1.0 1.0 1.0 1.0 0.07499999999998863 0.0 
0.0 0.05812500000000384 0.8031249999999924 1.0 1.0 1.0 1.0 0.7093749999999983 0.2250000000000103 0.2250000000000103 0.2250000000000103 0.6706250000000107 1.0 1.0 1.0 1.0 0.8143749999999893 0.09687499999999045 0.0 0.0 
0.0 0.0 0.0 0.17500000000000648 1.0 1.0 1.0 1.0 1.0 1.0 1.0 1.0 1.0 1.0 1.0 0.22499999999999076 0.0 0.0 0.0 0.0 
0.0 0.0 0.0 0.17500000000000648 1.0 1.0 1.0 1.0 1.0 1.0 1.0 1.0 1.0 1.0 1.0 0.9418750000000053 0.16187499999999216 0.0 0.0 0.0 
0.0 0.07500000000000595 1.0 1.0 1.0 1.0 0.7481249999999914 0.22499999999999076 0.12937499999999294 0.0 0.0 0.0 0.14062499999999623 0.7481250000000045 1.0 1.0 1.0 1.0 0.07499999999998863 0.0 
0.025000000000005684 1.0 1.0 1.0 1.0 0.7249999999999925 0.0 0.0 0.0 0.0 0.0 0.0 0.0 0.0 0.7250000000000085 1.0 1.0 1.0 1.0 0.02499999999998792 
0.025000000000005684 1.0 1.0 1.0 0.7749999999999932 0.0 0.0 0.0 0.0 0.0 0.0 0.0 0.0 0.0 0.0 0.7750000000000092 1.0 1.0 1.0 0.488125000000002 
0.025000000000005684 1.0 1.0 1.0 1.0 0.7249999999999925 0.0 0.0 0.0 0.0 0.0 0.0 0.0 0.0 0.0 0.7750000000000092 1.0 1.0 1.0 1.0 
0.025000000000005684 1.0 1.0 1.0 1.0 0.7249999999999925 0.0 0.0 0.0 0.0 0.0 0.0 0.0 0.0 0.0 0.7750000000000092 1.0 1.0 1.0 1.0 
0.0 0.07500000000000595 1.0 1.0 1.0 1.0 0.6749999999999927 0.0 0.0 0.0 0.0 0.0 0.0 0.0 0.7250000000000085 1.0 1.0 1.0 1.0 0.9756249999999942 
0.0 0.009375000000000477 0.23437500000000233 1.0 1.0 1.0 0.9593750000000002 0.8750000000000036 0.5031249999999952 0.0 0.0 0.0 0.54687500000001 0.8750000000000036 0.9656250000000021 1.0 1.0 1.0 1.0 0.02499999999998792 
0.0 0.0 0.0 0.04812500000000029 0.4381249999999983 1.0 1.0 1.0 1.0 1.0 1.0 1.0 1.0 1.0 1.0 1.0 1.0 0.3656249999999848 0.020624999999996233 0.0 
0.0 0.0 0.0 0.0 0.0 0.1168750000000024 0.42499999999999716 0.6406250000000023 1.0 1.0 1.0 1.0 1.0 1.0 0.583124999999993 0.42499999999999716 0.07437499999999528 0.0 0.0 0.0 
