1.0 1.0 1.0 0.8993749999999989 0.3293750000000087 0.0 0.0 0.0 0.0 0.0 0.0 0.0 0.0 0.0 0.0 0.7750000000000092 1.0 1.0 1.0 1.0 
1.0 1.0 1.0 1.0 0.7749999999999932 0.0 0.0 0.0 0.0 0.0 0.0 0.0 0.0 0.0 0.0 0.7750000000000092 1.0 1.0 1.0 1.0 
1.0 1.0 1.0 1.0 0.7749999999999932 0.0 0.0 0.0 0.0 0.0 0.0 0.0 0.0 0.0 0.0 0.7750000000000092 1.0 1.0 1.0 1.0 
1.0 1.0 1.0 1.0 0.7749999999999932 0.0 0.0 0.0 0.0 0.0 0.0 0.0 0.0 0.0 0.0 0.7750000000000092 1.0 1.0 1.0 1.0 
1.0 1.0 1.0 1.0 0.7749999999999932 0.0 0.0 0.0 0.0 0.0 0.0 0.0 0.0 0.0 0.0 0.7750000000000092 1.0 1.0 1.0 1.0 
1.0 1.0 1.0 1.0 0.7749999999999932 0.0 0.0 0.0 0.0 0.0 0.0 0.0 0.0 0.0 0.0 0.7750000000000092 1.0 1.0 1.0 1.0 
1.0 1.0 1.0 1.0 0.7749999999999932 0.0 0.0 0.0 0.0 0.0 0.0 0.0 0.0 0.0 0.0 0.7750000000000092 1.0 1.0 1.0 1.0 
1.0 1.0 1.0 1.0 0.7749999999999932 0.0 0.0 0.0 0.0 0.0 0.0 0.0 0.0 0.0 0.0 0.7750000000000092 1.0 1.0 1.0 1.0 
1.0 1.0 1.0 1.0 0.7749999999999932 0.0 0.0 0.0 0.0 0.0 0.0 0.0 0.0 0.0 0.0 0.7750000000000092 1.0 1.0 1.0 1.0 
1.0 1.0 1.0 1.0 0.7749999999999932 0.0 0.0 0.0 0.0 0.0 0.0 0.0 0.0 0.0 0.0 0.7750000000000092 1.0 1.0 1.0 1.0 
1.0 1.0 1.0 1.0 0.7749999999999932 0.0 0.0 0.0 0.0 0.0 0.0 0.0 0.0 0.0 0.0 0.7750000000000092 1.0 1.0 1.0 1.0 
0.025000000000005684 1.0 1.0 1.0 0.7749999999999932 0.0 0.0 0.0 0.0 0.0 0.0 0.0 0.0 0.0 0.0 0.7750000000000092 1.0 1.0 1.0 1.0 
0.025000000000005684 1.0 1.0 1.0 0.7749999999999932 0.0 0.0 0.0 0.0 0.0 0.0 0.0 0.0 0.0 0.0 0.7750000000000092 1.0 1.0 1.0 1.0 
0.025000000000005684 1.0 1.0 1.0 0.8818749999999984 0.34437500000000265 0.0 0.0 0.0 0.0 0.0 0.0 0.0 0.0 0.0 0.40687499999999827 0.9168750000000032 1.0 1.0 1.0 
0.025000000000005684 1.0 1.0 1.0 1.0 0.7249999999999925 0.0 0.0 0.0 0.0 0.0 0.0 0.0 0.0 0.0 0.0 0.82500000000001 1.0 1.0 1.0 
0.025000000000005684 1.0 1.0 1.0 1.0 0.7249999999999925 0.0 0.0 0.0 0.0 0.0 0.0 0.0 0.0 0.0 0.7750000000000092 1.0 1.0 1.0 1.0 
0.0 0.07500000000000595 1.0 1.0 1.0 0.7318749999999943 0.025000000000005684 0.015625000000003376 0.0 0.0 0.0 0.0 0.0 0.0 0.018125000000004336 0.7806250000000103 1.0 1.0 1.0 1.0 
0.0 0.009375000000000477 0.23437500000000233 1.0 1.0 1.0 1.0 0.9531250000000004 0.8750000000000036 0.4593749999999944 0.0 0.5031250000000091 0.8750000000000036 0.8750000000000036 0.9656250000000021 1.0 1.0 1.0 1.0 0.14687499999998596 
0.0 0.0 0.0 0.04812500000000029 0.4381249999999983 1.0 1.0 1.0 1.0 1.0 1.0 1.0 1.0 1.0 1.0 1.0 1.0 0.3656249999999848 0.020624999999996233 0.0 
0.0 0.0 0.0 0.0 0.0 0.1168750000000024 0.42499999999999716 0.42499999999999716 0.6693750000000028 1.0 1.0 1.0 1.0 0.6118749999999926 0.42499999999999716 0.42499999999999716 0.07437499999999528 0.0 0.0 0.0 
