0.6437499999999905 1.0 1.0 1.0 0.5500000000000078 0.0 0.0 0.0 0.0 0.0 0.0 0.0 0.0 0.34999999999999076 1.0 1.0 1.0 1.0 0.15000000000000924 0.0 
0.04999999999999272 1.0 1.0 1.0 0.9437499999999978 0.39375000000000393 0.0 0.0 0.0 0.0 0.0 0.0 0.0 0.34999999999999076 1.0 1.0 1.0 1.0 0.15000000000000924 0.0 
0.04999999999999272 1.0 1.0 1.0 0.9437500000000042 0.39375000000001037 0.0 0.0 0.0 0.0 0.0 0.0 0.0 0.34999999999999076 1.0 1.0 1.0 1.0 0.15000000000000924 0.0 
0.04999999999999272 1.0 1.0 1.0 0.8312500000000062 0.2812500000000083 0.0 0.0 0.0 0.0 0.0 0.0 0.0 0.34999999999999076 1.0 1.0 1.0 1.0 0.15000000000000924 0.0 
0.04999999999999272 1.0 1.0 1.0 1.0 0.45000000000000817 0.0 0.0 0.0 0.0 0.0 0.0 0.0 0.0 0.4499999999999922 1.0 1.0 1.0 0.15000000000000924 0.0 
0.04374999999999327 0.893749999999993 1.0 1.0 1.0 0.45000000000000817 0.0 0.0 0.0 0.0 0.0 0.0 0.0 0.0 0.4499999999999922 1.0 1.0 1.0 0.15000000000000924 0.0 
0.0 0.14999999999999258 1.0 1.0 1.0 0.45000000000000817 0.0 0.0 0.0 0.0 0.0 0.0 0.0 0.0 0.4499999999999922 1.0 1.0 1.0 0.15000000000000924 0.0 
0.0 0.14999999999999258 1.0 1.0 1.0 0.45000000000000817 0.0 0.0 0.0 0.0 0.0 0.0 0.0 0.0 0.4499999999999922 1.0 1.0 1.0 0.6812500000000095 0.03125000000000524 
0.0 0.14999999999999258 1.0 1.0 1.0 0.45000000000000817 0.0 0.0 0.0 0.0 0.0 0.0 0.0 0.0 0.4499999999999922 1.0 1.0 1.0 1.0 0.050000000000007816 
0.0 0.14999999999999258 1.0 1.0 1.0 1.0 0.35000000000000764 0.0 0.0 0.0 0.0 0.0 0.0 0.0 0.39374999999998994 0.9437499999999955 1.0 1.0 1.0 0.050000000000007816 
0.0 0.14999999999999258 1.0 1.0 1.0 1.0 0.35000000000000764 0.0 0.0 0.0 0.0 0.0 0.0 0.0 0.0 0.54999999999999 1.0 1.0 1.0 0.050000000000007816 
0.0 0.0 0.24999999999999245 1.0 1.0 1.0 0.35000000000000764 0.0 0.0 0.0 0.0 0.0 0.0 0.0 0.0 0.54999999999999 1.0 1.0 1.0 0.050000000000007816 
0.0 0.0 0.24999999999999245 1.0 1.0 1.0 0.35000000000000764 0.0 0.0 0.0 0.0 0.0 0.0 0.0 0.0 0.54999999999999 1.0 1.0 1.0 0.40625000000001166 
0.0 0.0 0.24999999999999245 1.0 1.0 1.0 1.0 0.250000000000008 0.0 0.0 0.0 0.0 0.0 0.0 0.0 0.54999999999999 1.0 1.0 1.0 1.0 
0.0 0.0 0.24999999999999245 1.0 1.0 1.0 0.4312500000000021 0.031249999999999223 0.0 0.0 0.0 0.0 0.0 0.0 0.0 0.54999999999999 1.0 1.0 1.0 1.0 
0.0 0.0 0.09374999999999539 0.5937499999999907 1.0 1.0 1.0 0.250000000000008 0.0 0.0 0.0 0.0 0.0 0.0 0.0 0.54999999999999 1.0 1.0 1.0 1.0 
0.0 0.0 0.0 0.21874999999999284 0.7937499999999932 1.0 1.0 0.5312500000000103 0.05625000000000453 0.0 0.0 0.0 0.0 0.0 0.16875000000000026 0.718749999999997 1.0 1.0 1.0 0.6437499999999962 
0.0 0.0 0.0 0.0 0.39374999999998994 0.9437499999999958 1.0 1.0 1.0 1.0 0.1250000000000071 0.1250000000000071 0.1250000000000071 0.4312499999999965 1.0 1.0 1.0 1.0 1.0 0.050000000000007816 
0.0 0.0 0.0 0.0 0.0 0.06874999999999507 0.6937499999999909 1.0 1.0 1.0 1.0 1.0 1.0 1.0 1.0 1.0 1.0 1.0 0.25625000000000203 0.006250000000000621 
0.0 0.0 0.0 0.0 0.0 0.0 0.0 0.2812499999999917 0.3749999999999929 0.3749999999999929 1.0 1.0 1.0 1.0 0.7187500000000017 0.3749999999999929 0.1312500000000007 0.0 0.0 0.0 
