0.8500000000000023 1.0 1.0 1.0 1.0 1.0 1.0 1.0 1.0 1.0 1.0 0.5600000000000034 0.1999999999999993 0.1999999999999993 0.1999999999999993 0.1999999999999993 0.1999999999999993 0.1999999999999993 0.1999999999999993 0.1700000000000011 
0.8500000000000023 1.0 1.0 1.0 1.0 1.0 1.0 1.0 1.0 1.0 1.0 1.0 1.0 1.0 1.0 1.0 1.0 1.0 1.0 0.8500000000000085 
0.8500000000000023 1.0 1.0 1.0 1.0 1.0 1.0 1.0 1.0 1.0 1.0 1.0 1.0 1.0 1.0 1.0 1.0 1.0 1.0 0.8500000000000085 
0.0 0.0 0.0 0.0 0.0 0.0 0.0 0.0 0.0 0.0 0.0 0.0 0.24999999999999645 0.9499999999999957 1.0 1.0 1.0 1.0 0.5500000000000078 0.0 
0.0 0.0 0.0 0.0 0.0 0.0 0.0 0.0 0.0 0.0 0.0 0.0 0.24999999999999645 0.9499999999999957 1.0 1.0 0.9600000000000051 0.4000000000000058 0.11000000000000167 0.0 
0.0 0.0 0.0 0.0 0.0 0.0 0.0 0.0 0.0 0.0 0.0 0.5499999999999954 1.0 1.0 1.0 1.0 0.9500000000000064 0.2500000000000071 0.0 0.0 
0.0 0.0 0.0 0.0 0.0 0.0 0.0 0.0 0.0 0.08999999999999803 0.5099999999999973 0.819999999999998 1.0 1.0 1.0 0.7900000000000036 0.3800000000000029 0.10000000000000293 0.0 0.0 
0.0 0.0 0.0 0.0 0.0 0.0 0.0 0.0 0.0 0.1499999999999968 0.8499999999999961 1.0 1.0 1.0 1.0 0.6500000000000057 0.0 0.0 0.0 0.0 
0.0 0.0 0.0 0.0 0.0 0.0 0.0 0.0 0.4499999999999975 1.0 1.0 1.0 1.0 1.0 0.350000000000005 0.0 0.0 0.0 0.0 0.0 
0.0 0.0 0.0 0.0 0.0 0.0 0.03999999999999918 0.5999999999999991 0.8899999999999999 1.0 1.0 1.0 0.8000000000000027 0.24000000000000274 0.07000000000000074 0.0 0.0 0.0 0.0 0.0 
0.0 0.0 0.0 0.0 0.0 0.07000000000000021 0.24000000000000016 0.7999999999999988 1.0 1.0 1.0 0.8900000000000003 0.6000000000000021 0.04000000000000336 0.0 0.0 0.0 0.0 0.0 0.0 
0.0 0.0 0.0 0.0 0.0 0.3499999999999992 1.0 1.0 1.0 1.0 1.0 0.4500000000000046 0.0 0.0 0.0 0.0 0.0 0.0 0.0 0.0 
0.0 0.0 0.0 0.0 0.6499999999999999 1.0 1.0 1.0 1.0 0.8500000000000032 0.1500000000000039 0.0 0.0 0.0 0.0 0.0 0.0 0.0 0.0 0.0 
0.0 0.0 0.0 0.0 0.6499999999999999 1.0 1.0 1.0 0.8200000000000001 0.5100000000000001 0.09000000000000202 0.0 0.0 0.0 0.0 0.0 0.0 0.0 0.0 0.0 
0.0 0.0 0.20000000000000107 0.7600000000000011 0.9300000000000003 1.0 1.0 1.0 0.5500000000000025 0.0 0.0 0.0 0.0 0.0 0.0 0.0 0.0 0.0 0.0 0.0 
0.0 0.5500000000000017 1.0 1.0 1.0 1.0 0.9500000000000011 0.2500000000000018 0.0 0.0 0.0 0.0 0.0 0.0 0.0 0.0 0.0 0.0 0.0 0.0 
0.5100000000000026 0.8200000000000013 1.0 1.0 1.0 0.79 0.37999999999999906 0.10000000000000035 0.0 0.0 0.0 0.0 0.0 0.0 0.0 0.0 0.0 0.0 0.0 0.0 
0.8500000000000023 1.0 1.0 1.0 1.0 0.6500000000000008 0.0 0.0 0.0 0.0 0.0 0.0 0.0 0.0 0.0 0.0 0.0 0.0 0.0 0.0 
0.8500000000000023 1.0 1.0 1.0 1.0 1.0 1.0 1.0 1.0 1.0 1.0 1.0 0.8500000000000026 0.4300000000000046 0.40000000000000213 0.40000000000000213 0.40000000000000213 0.40000000000000213 0.40000000000000213 0.34000000000000524 
0.8500000000000023 1.0 1.0 1.0 1.0 1.0 1.0 1.0 1.0 1.0 1.0 1.0 1.0 1.0 1.0 1.0 1.0 1.0 1.0 0.8500000000000085 
