0.9000000000000004 1.0 1.0 1.0 1.0 1.0 1.0 1.0 1.0 1.0 1.0 1.0 1.0 0.7675000000000002 0.22499999999999787 0.22499999999999787 0.06749999999999952 0.0 0.0 0.0 
0.9000000000000004 1.0 1.0 1.0 1.0 1.0 1.0 1.0 1.0 1.0 1.0 1.0 1.0 1.0 1.0 1.0 0.7724999999999991 0.33749999999999913 0.0 0.0 
0.9000000000000004 1.0 1.0 1.0 0.9875000000000002 0.8875000000000012 0.8750000000000013 0.8750000000000013 0.8750000000000013 0.8750000000000013 0.8750000000000013 0.8750000000000013 0.8750000000000013 0.9125000000000008 1.0 1.0 1.0 1.0 0.7000000000000011 0.0 
0.9000000000000004 1.0 1.0 0.8275000000000001 0.3825000000000006 0.04250000000000011 0.0 0.0 0.0 0.0 0.0 0.0 0.0 0.12749999999999975 0.48250000000000043 0.9424999999999992 1.0 1.0 0.8725000000000003 0.5174999999999995 
0.9000000000000004 1.0 1.0 0.6999999999999997 0.0 0.0 0.0 0.0 0.0 0.0 0.0 0.0 0.0 0.0 0.09999999999999964 0.8999999999999986 1.0 1.0 1.0 0.9000000000000004 
0.9000000000000004 1.0 1.0 0.6999999999999997 0.0 0.0 0.0 0.0 0.0 0.0 0.0 0.0 0.0 0.0 0.09999999999999964 0.8999999999999986 1.0 1.0 1.0 0.9000000000000004 
0.9000000000000004 1.0 1.0 0.6999999999999997 0.0 0.0 0.0 0.0 0.0 0.0 0.0 0.0 0.0 0.0 0.09999999999999964 0.8999999999999986 1.0 1.0 1.0 0.9000000000000004 
0.9000000000000004 1.0 1.0 0.8124999999999998 0.33749999999999997 0.03750000000000003 0.0 0.0 0.0 0.0 0.0 0.0 0.0 0.0 0.09999999999999964 0.8999999999999986 1.0 1.0 0.8875000000000004 0.5625000000000002 
0.9000000000000004 1.0 1.0 1.0 0.8999999999999999 0.10000000000000009 0.0 0.0 0.0 0.0 0.0 0.0 0.0 0.24749999999999944 0.8425000000000009 0.9824999999999998 1.0 1.0 0.7000000000000011 0.0 
0.9000000000000004 1.0 1.0 1.0 1.0 1.0 1.0 1.0 1.0 1.0 1.0 1.0 1.0 1.0 1.0 1.0 1.0 0.5 0.0 0.0 
0.9000000000000004 1.0 1.0 1.0 1.0 1.0 1.0 1.0 1.0 1.0 1.0 1.0 1.0 1.0 1.0 1.0 1.0 0.5 0.0 0.0 
0.9000000000000004 1.0 1.0 0.6999999999999997 0.0 0.0 0.0 0.0 0.0 0.0 0.0 0.0 0.0 0.24749999999999783 0.8424999999999961 0.9824999999999993 1.0 1.0 0.7000000000000011 0.0 
0.9000000000000004 1.0 1.0 0.6999999999999997 0.0 0.0 0.0 0.0 0.0 0.0 0.0 0.0 0.0 0.0 0.09999999999999964 0.8999999999999986 1.0 1.0 0.8875000000000015 0.5625000000000034 
0.9000000000000004 1.0 1.0 0.6999999999999997 0.0 0.0 0.0 0.0 0.0 0.0 0.0 0.0 0.0 0.0 0.09999999999999964 0.8999999999999986 1.0 1.0 1.0 0.9000000000000004 
0.9000000000000004 1.0 1.0 0.6999999999999997 0.0 0.0 0.0 0.0 0.0 0.0 0.0 0.0 0.0 0.0 0.09999999999999964 0.8999999999999986 1.0 1.0 1.0 0.9000000000000004 
0.9000000000000004 1.0 1.0 0.6999999999999997 0.0 0.0 0.0 0.0 0.0 0.0 0.0 0.0 0.0 0.0 0.09999999999999964 0.8999999999999986 1.0 1.0 1.0 0.9000000000000004 
0.9000000000000004 1.0 1.0 0.6999999999999997 0.0 0.0 0.0 0.0 0.0 0.0 0.0 0.0 0.0 0.0 0.09999999999999964 0.8999999999999986 1.0 1.0 0.8724999999999992 0.5174999999999964 
0.9000000000000004 1.0 1.0 0.962500000000001 0.7875000000000031 0.08750000000000044 0.0 0.0 0.0 0.0 0.0 0.0 0.0 0.2625000000000001 0.8875000000000032 0.9875000000000002 1.0 1.0 0.7000000000000011 0.0 
0.9000000000000004 1.0 1.0 1.0 1.0 1.0 1.0 1.0 1.0 1.0 1.0 1.0 1.0 1.0 1.0 1.0 0.7724999999999957 0.3374999999999968 0.0 0.0 
0.9000000000000004 1.0 1.0 1.0 1.0 1.0 1.0 1.0 1.0 1.0 1.0 1.0 1.0 0.7674999999999991 0.22499999999999432 0.22499999999999432 0.06749999999999845 0.0 0.0 0.0 
