0.0 0.0 0.28124999999999933 0.44999999999999574 0.5187499999999983 1.0 1.0 0.5187499999999953 0.44999999999999574 0.28124999999999656 0.0 0.0 0.0 0.0 0.0 0.0 0.0 0.0 0.0 0.0 
0.04375000000000138 0.5937500000000007 1.0 1.0 1.0 1.0 1.0 1.0 1.0 1.0 1.0 0.4312499999999966 0.3062499999999966 0.0 0.0 0.0 0.0 0.0 0.0 0.0 
0.3437500000000009 1.0 1.0 1.0 1.0 1.0 0.8437500000000016 0.7500000000000036 1.0 1.0 1.0 1.0 1.0 0.7187499999999987 0.09374999999999867 0.0 0.0 0.0 0.0 0.0 
1.0 1.0 1.0 1.0 0.9812499999999998 0.531249999999999 0.0 0.0 0.0 0.3187500000000027 0.9437500000000014 1.0 1.0 1.0 1.0 0.125 0.0 0.0 0.0 0.0 
1.0 1.0 1.0 1.0 0.8312499999999992 0.0 0.0 0.0 0.0 0.0 0.0 0.8312500000000025 1.0 1.0 1.0 0.1687499999999975 0.0 0.0 0.0 0.0 
0.16875000000000723 1.0 1.0 1.0 0.0 0.0 0.0 0.0 0.0 0.0 0.0 0.0 1.0 1.0 1.0 1.0 0.0 0.0 0.0 0.0 
0.12500000000000533 1.0 1.0 1.0 0.8937499999999973 0.0937500000000008 0.0 0.0 0.0 0.0 0.0 0.0 1.0 1.0 1.0 1.0 0.7437499999999981 0.0 0.0 0.0 
0.0 0.3750000000000049 1.0 1.0 0.9687499999999989 0.4687499999999962 0.0 0.0 0.0 0.0 0.0 0.0 1.0 1.0 1.0 1.0 0.875 0.0 0.0 0.0 
0.0 0.0 0.21875000000000244 0.9187500000000027 1.0 1.0 1.0 0.6937499999999981 0.6499999999999986 0.6499999999999986 0.6499999999999986 0.9562499999999998 1.0 1.0 1.0 1.0 0.0 0.0 0.0 0.0 
0.0 0.0 0.0 0.39375000000000426 0.5187500000000045 1.0 1.0 1.0 1.0 1.0 1.0 1.0 1.0 1.0 0.6562500000000018 0.45000000000000284 0.0 0.0 0.0 0.0 
0.0 0.0 0.0 0.0 0.5187500000000014 1.0 1.0 1.0 1.0 1.0 1.0 1.0 1.0 1.0 0.6562499999999996 0.4499999999999993 0.0 0.0 0.0 0.0 
0.0 0.0 0.0 0.875000000000004 1.0 1.0 1.0 1.0 0.5687499999999976 0.0 0.0 0.5687499999999988 0.6937499999999988 1.0 1.0 1.0 0.9187500000000002 0.2187500000000009 0.0 0.0 
0.0 0.0 0.6250000000000044 1.0 1.0 1.0 1.0 0.7812499999999996 0.0 0.0 0.0 0.0 0.0 0.0 0.625 1.0 1.0 1.0 0.53125 0.03125 
0.0 0.0 0.0 0.875000000000004 1.0 1.0 1.0 0.12499999999999822 0.0 0.0 0.0 0.0 0.0 0.0 0.0 0.875 1.0 1.0 1.0 0.125 
0.0 0.0 0.0 0.875000000000004 1.0 1.0 1.0 1.0 0.0 0.0 0.0 0.0 0.0 0.0 0.0 0.8312499999999994 1.0 1.0 1.0 1.0 
0.8312499999999974 0.0 0.0 0.875000000000004 1.0 1.0 1.0 1.0 0.8312500000000008 0.0 0.0 0.0 0.0 0.0 0.5937500000000018 0.11875000000000036 1.0 1.0 1.0 1.0 
0.8749999999999947 0.0 0.0 0.0 1.0 1.0 1.0 1.0 0.8749999999999982 0.0 0.0 0.0 0.0 0.05624999999999947 0.05624999999999947 0.7437500000000012 1.0 1.0 1.0 1.0 
0.8749999999999947 0.0 0.0 0.0 0.03125000000000089 0.5312500000000027 1.0 1.0 1.0 0.9062499999999996 0.75 0.09375 0.09375 0.75 0.90625 1.0 1.0 1.0 1.0 1.0 
0.8749999999999947 0.0 0.0 0.0 0.0 0.13125000000000178 0.7562500000000023 1.0 1.0 1.0 1.0 1.0 1.0 1.0 1.0 1.0 1.0 1.0 1.0 0.43125000000000124 
0.3937499999999939 0.0 0.0 0.0 0.0 0.0 0.0 0.39374999999999705 0.44999999999999574 0.6562499999999983 1.0 1.0 1.0 1.0 1.0 1.0 0.9312499999999995 0.44999999999999574 0.1687499999999984 0.0 
