1.0 1.0 1.0 0.25000000000000355 0.0 0.0 0.0 0.0 0.0 0.33750000000000213 1.0 1.0 1.0 1.0 0.8874999999999961 0.13749999999999538 0.0 0.0 0.0 0.0 
1.0 1.0 1.0 1.0 0.0 0.0 0.0 0.0 0.08750000000000069 0.8375000000000007 1.0 1.0 1.0 1.0 0.0 0.0 0.0 0.0 0.0 0.0 
0.8124999999999967 1.0 1.0 1.0 0.18750000000000266 0.0 0.0 0.0 0.437500000000002 1.0 1.0 1.0 1.0 0.25 0.0 0.0 0.0 0.0 0.0 0.0 
0.24999999999999467 1.0 1.0 1.0 0.7500000000000027 0.0 0.0 0.1125000000000016 1.0 1.0 1.0 1.0 0.75 0.0 0.0 0.0 0.0 0.0 0.0 0.0 
0.24999999999999467 1.0 1.0 1.0 0.7625000000000032 0.05000000000000249 0.012500000000000533 0.7625000000000006 1.0 1.0 1.0 1.0 0.0 0.0 0.0 0.0 0.0 0.0 0.0 0.0 
0.012499999999999022 0.7624999999999948 1.0 1.0 1.0 0.28749999999999953 0.24999999999999822 1.0 1.0 1.0 1.0 0.28749999999999787 0.0 0.0 0.0 0.0 0.0 0.0 0.0 0.0 
0.0 0.7499999999999953 1.0 1.0 0.9625000000000008 0.8500000000000014 1.0 1.0 1.0 1.0 0.7874999999999981 0.037499999999999645 0.0 0.0 0.0 0.0 0.0 0.0 0.0 0.0 
0.0 0.1874999999999975 1.0 1.0 1.0 1.0 1.0 1.0 1.0 1.0 0.18749999999999822 0.0 0.0 0.0 0.0 0.0 0.0 0.0 0.0 0.0 
0.0 0.0 1.0 1.0 1.0 1.0 1.0 1.0 1.0 0.5124999999999984 0.0 0.0 0.0 0.0 0.0 0.0 0.0 0.0 0.0 0.0 
0.0 0.0 1.0 1.0 1.0 1.0 1.0 1.0 0.75 0.0 0.0 0.0 0.0 0.0 0.0 0.0 0.0 0.0 0.0 0.0 
0.0 0.0 0.249999999999996 1.0 1.0 1.0 1.0 1.0 1.0 0.25 0.0 0.0 0.0 0.0 0.0 0.0 0.0 0.0 0.0 0.0 
0.0 0.0 0.249999999999996 1.0 1.0 1.0 1.0 1.0 1.0 1.0 0.3500000000000014 0.08750000000000036 0.0 0.0 0.0 0.0 0.0 0.0 0.0 0.0 
0.0 0.0 0.249999999999996 1.0 1.0 1.0 1.0 1.0 1.0 1.0 1.0 1.0 0.1875 0.0 0.0 0.0 0.0 0.0 0.0 0.0 
0.0 0.0 0.0 0.7499999999999964 1.0 1.0 1.0 0.8874999999999984 1.0 1.0 1.0 1.0 0.7875000000000005 0.15000000000000213 0.0 0.0 0.0 0.0 0.0 0.0 
0.0 0.0 0.0 0.7499999999999964 1.0 1.0 1.0 0.25 0.23749999999999982 0.9874999999999998 1.0 1.0 1.0 1.0 0.03750000000000018 0.0 0.0 0.0 0.0 0.0 
0.0 0.0 0.0 0.7499999999999964 1.0 1.0 1.0 0.9625000000000021 0.0 0.03749999999999787 1.0 1.0 1.0 1.0 0.9875000000000004 0.23749999999999397 0.0 0.0 0.0 0.0 
0.0 0.0 0.0 0.1124999999999984 1.0 1.0 1.0 1.0 0.0 0.0 0.03749999999999991 0.7874999999999996 1.0 1.0 1.0 1.0 0.7499999999999929 0.0 0.0 0.0 
0.0 0.0 0.0 0.0 1.0 1.0 1.0 1.0 0.0 0.0 0.0 0.0 0.4375 1.0 1.0 1.0 1.0 1.0 0.5624999999999947 0.0 
0.0 0.0 0.0 0.0 1.0 1.0 1.0 1.0 0.75 0.0 0.0 0.0 0.0 0.26250000000000107 1.0 1.0 1.0 1.0 0.9124999999999972 0.6499999999999986 
0.0 0.0 0.0 0.0 0.24999999999999734 1.0 1.0 1.0 0.75 0.0 0.0 0.0 0.0 0.0 0.44999999999999574 0.8625000000000028 1.0 1.0 1.0 1.0 
