0.0 0.11250000000000007 0.3750000000000071 0.8124999999999989 1.0 1.0 1.0 0.6875000000000058 0.3750000000000071 0.3750000000000071 0.0 0.0 0.0 0.0 0.0 0.0 0.0 0.0 0.0 0.0 
0.0125 0.3875000000000002 1.0 1.0 1.0 1.0 1.0 1.0 1.0 1.0 1.0 0.7375000000000046 0.062500000000004 0.0 0.0 0.0 0.0 0.0 0.0 0.0 
0.09999999999999432 1.0 1.0 1.0 1.0 1.0 1.0 0.5624999999999993 0.737499999999994 1.0 1.0 1.0 0.9375000000000042 0.262500000000006 0.0 0.0 0.0 0.0 0.0 0.0 
0.6625000000000051 1.0 1.0 1.0 1.0 0.0 0.0 0.0 0.0 0.0 1.0 1.0 1.0 1.0 0.6625000000000077 0.0 0.0 0.0 0.0 0.0 
0.09999999999999432 1.0 1.0 1.0 0.10000000000000497 0.0 0.0 0.0 0.0 0.0 0.06249999999999676 0.7374999999999934 1.0 1.0 1.0 0.0 0.0 0.0 0.0 0.0 
0.09999999999999432 1.0 1.0 1.0 0.21250000000001235 0.0 0.0 0.0 0.0 0.0 0.0 0.0 0.0 0.61249999999999 0.8749999999999911 0.0 0.0 0.0 0.0 0.0 
0.012499999999998401 0.38749999999998896 1.0 1.0 1.0 0.0 0.0 0.0 0.0 0.0 0.0 0.0 0.0 0.0 0.0 0.0 0.0 0.0 0.0 0.0 
0.0 0.2999999999999945 1.0 1.0 1.0 0.0 0.0 0.0 0.0 0.0 0.0 0.0 0.0 0.0 0.0 0.0 0.0 0.0 0.0 0.0 
0.0 0.1874999999999939 0.8124999999999936 1.0 1.0 0.9000000000000048 0.0 0.0 0.0 0.0 0.33750000000000946 0.0 0.0 0.0 0.0 0.0 0.0 0.0 0.0 0.0 
0.0 0.0 0.49999999999999467 1.0 1.0 0.9000000000000048 0.0 0.0 0.0 0.7874999999999892 1.0 1.0 1.0 1.0 1.0 1.0 1.0 0.5000000000000036 0.0 0.0 
0.0 0.0 0.062499999999994005 0.7374999999999923 1.0 0.9875000000000017 0.6125000000000115 0.0 0.0 0.0 1.0 1.0 1.0 1.0 1.0 1.0 1.0 0.5000000000000036 0.0 0.0 
0.0 0.0 0.0 0.6999999999999948 1.0 1.0 0.7000000000000046 0.0 0.0 0.0 0.0 0.0 0.18749999999999334 0.37499999999998934 0.937499999999998 1.0 1.0 1.0 0.30000000000000426 0.0 
0.0 0.0 0.0 0.43749999999998934 0.962499999999997 1.0 1.0 0.5000000000000036 0.0 0.0 0.0 0.0 0.0 0.0 0.0 1.0 1.0 1.0 0.5625000000000101 0.0375000000000016 
0.0 0.0 0.0 0.0 0.899999999999995 1.0 1.0 0.5625000000000084 0.03750000000000373 0.0 0.0 0.0 0.0 0.0 0.0 1.0 1.0 1.0 1.0 0.10000000000000142 
0.0 0.0 0.0 0.0 0.11249999999998979 1.0 1.0 1.0 0.912500000000008 0.08750000000000542 0.0 0.0 0.0 0.0 0.0 0.21249999999998853 1.0 1.0 1.0 0.8875000000000097 
0.0 0.0 0.0 0.0 0.0 1.0 1.0 1.0 1.0 0.10000000000000497 0.0 0.0 0.0 0.0 0.0 0.09999999999999787 1.0 1.0 1.0 1.0 
0.0 0.0 0.0 0.0 0.0 0.0999999999999952 1.0 1.0 1.0 1.0 0.0 0.0 0.0 0.0 0.0 0.09999999999999787 1.0 1.0 1.0 1.0 
1.0 1.0 0.56250000000001 0.03750000000000384 0.0 0.0 0.26249999999999274 0.9374999999999942 1.0 1.0 1.0 0.7375000000000057 0.12500000000001066 0.12500000000001066 0.9124999999999999 1.0 1.0 1.0 1.0 1.0 
1.0 1.0 1.0 0.30000000000000515 0.0 0.0 0.0 0.06249999999999423 0.737499999999993 1.0 1.0 1.0 1.0 1.0 1.0 1.0 1.0 1.0 1.0 0.21249999999999164 
0.3749999999999858 0.3749999999999858 0.3749999999999858 0.11249999999999767 0.0 0.0 0.0 0.0 0.0 0.0 0.3749999999999858 0.5624999999999882 1.0 1.0 1.0 1.0 0.8124999999999976 0.3749999999999858 0.11249999999999734 0.0 
