0.0 0.14999999999999902 0.7749999999999981 1.0 1.0 1.0 1.0 1.0 0.9250000000000024 0.40000000000000213 0.40000000000000213 0.05000000000000169 0.0 0.0 0.0 0.0 0.0 0.0 0.0 0.0 
0.12499999999999556 1.0 1.0 1.0 1.0 1.0 1.0 1.0 1.0 1.0 1.0 1.0 0.17500000000000282 0.0 0.0 0.0 0.0 0.0 0.0 0.0 
0.12499999999999556 1.0 1.0 1.0 1.0 0.999999999999999 0.9999999999999973 0.9999999999999973 0.9999999999999973 0.9999999999999983 1.0 1.0 1.0 0.6250000000000046 9.992007221626504e-16 0.0 0.0 0.0 0.0 0.0 
0.8250000000000013 1.0 1.0 1.0 1.0 0.6250000000000044 0.0 0.0 0.0 0.07499999999999836 0.6999999999999962 1.0 1.0 1.0 0.37500000000000355 0.0 0.0 0.0 0.0 0.0 
0.47499999999999454 1.0 1.0 1.0 0.8750000000000044 0.0 0.0 0.0 0.0 0.0 0.0 0.8749999999999964 1.0 1.0 1.0 0.12500000000000355 0.0 0.0 0.0 0.0 
0.12499999999999556 1.0 1.0 1.0 1.0 0.6250000000000044 0.0 0.0 0.0 0.0 0.0 0.0 1.0 1.0 1.0 1.0 0.0 0.0 0.0 0.0 
0.0 0.37499999999999556 1.0 1.0 1.0 0.9249999999999998 0.4250000000000034 0.025000000000001067 0.0 0.0 0.0 0.0 1.0 1.0 1.0 1.0 0.0 0.0 0.0 0.0 
0.0 0.0 0.6249999999999933 0.9999999999999996 1.0 1.0 0.37500000000000666 4.440892098500752e-16 0.9999999999999964 0.6250000000000013 2.2204460492503005e-15 0.8749999999999969 1.0 1.0 1.0 1.0 0.0 0.0 0.0 0.0 
0.0 0.0 0.0 0.8749999999999956 1.0 1.0 1.0 0.8250000000000044 0.8000000000000043 0.8000000000000043 0.9250000000000009 1.0 1.0 1.0 1.0 1.0 0.0 0.0 0.0 0.0 
0.0 0.0 0.0 0.0 0.0499999999999976 0.6249999999999942 1.0 1.0 1.0 1.0 1.0 1.0 1.0 1.0 0.624999999999999 0.0500000000000008 0.0 0.0 0.0 0.0 
0.0 0.0 0.0 0.0 0.4750000000000023 1.0 1.0 1.0 1.0 1.0 1.0 1.0 1.0 1.0 1.0 0.4750000000000071 0.3500000000000064 0.0 0.0 0.0 
0.0 0.0 0.0 0.8749999999999956 1.0 1.0 1.0 1.0 0.9749999999999999 0.49999999999999883 0.0 0.0 0.09999999999999636 0.8749999999999953 1.0 1.0 1.0 0.7000000000000053 0.0750000000000031 0.0 
0.0 0.0 0.0 0.8749999999999956 1.0 1.0 1.0 1.0 0.0 0.0 0.0 0.0 0.0 0.0 0.6249999999999942 0.9999999999999996 1.0 1.0 0.3750000000000058 4.440892098500752e-16 
0.0 0.0 0.0 0.8749999999999956 1.0 1.0 1.0 1.0 0.0 0.0 0.0 0.0 0.0 0.0 0.0 0.8749999999999964 1.0 1.0 1.0 0.12500000000000355 
0.0 0.0 0.0 0.0 1.0 1.0 1.0 1.0 0.8750000000000036 0.0 0.0 0.0 0.0 0.0 0.0 0.8749999999999964 1.0 1.0 1.0 1.0 
0.0 0.0 0.0 0.0 0.6499999999999932 1.0 1.0 1.0 0.9250000000000028 0.250000000000005 0.0 0.0 0.0 0.0 0.0 0.8749999999999964 1.0 1.0 1.0 1.0 
0.0 0.0 0.0 0.0 0.09999999999999565 0.8749999999999951 1.0 1.0 0.9000000000000037 0.4249999999999995 0.7999999999999936 0.10000000000000205 0.0 0.0 0.0 0.8749999999999964 1.0 1.0 1.0 1.0 
0.0 0.0 0.0 0.0 0.0 0.0 0.6249999999999956 1.0 1.0 1.0 1.0 0.12500000000000977 7.105427357601002e-15 0.3750000000000009 1.0 1.0 1.0 1.0 1.0 1.0 
0.0 0.0 0.0 0.0 0.0 0.0 0.124999999999992 0.19999999999998863 1.0 1.0 1.0 1.0 1.0 1.0 1.0 1.0 1.0 1.0 1.0 0.2999999999999929 
0.0 0.0 0.0 0.0 0.0 0.0 0.0 0.0 0.04999999999999751 0.3999999999999915 0.7749999999999947 1.0 1.0 1.0 1.0 1.0 0.925000000000001 0.3999999999999915 0.14999999999999822 0.0 
