0.0 0.0 0.0 0.0 0.0 0.0 0.0 0.0 0.0 0.5250000000000075 1.0 1.0 1.0 1.0 0.7249999999999908 0.0 0.0 0.0 0.0 0.0 
0.0 0.0 0.0 0.0 0.0 0.0 0.0 0.0 0.0 0.5250000000000075 1.0 1.0 1.0 1.0 0.7249999999999908 0.0 0.0 0.0 0.0 0.0 
0.0 0.0 0.0 0.0 0.0 0.0 0.0 0.0 0.5750000000000064 1.0 1.0 1.0 1.0 1.0 1.0 0.7749999999999915 0.0 0.0 0.0 0.0 
0.0 0.0 0.0 0.0 0.0 0.0 0.0 0.17187500000000305 0.6918750000000056 1.0 1.0 1.0 1.0 1.0 1.0 0.7749999999999915 0.0 0.0 0.0 0.0 
0.0 0.0 0.0 0.0 0.0 0.0 0.0 0.6250000000000062 1.0 1.0 1.0 1.0 1.0 1.0 1.0 0.7749999999999915 0.0 0.0 0.0 0.0 
0.0 0.0 0.0 0.0 0.0 0.0 0.0 0.6250000000000062 1.0 1.0 1.0 1.0 1.0 1.0 1.0 0.7749999999999915 0.0 0.0 0.0 0.0 
0.0 0.0 0.0 0.0 0.0 0.0 0.675000000000006 1.0 1.0 1.0 0.8931249999999978 0.7749999999999986 0.8593750000000011 1.0 1.0 1.0 0.8249999999999904 0.0 0.0 0.0 
0.0 0.0 0.0 0.0 0.0 0.0 0.675000000000006 1.0 1.0 1.0 0.5249999999999932 0.0 0.3750000000000089 1.0 1.0 1.0 0.8249999999999904 0.0 0.0 0.0 
0.0 0.0 0.0 0.0 0.0 0.38062500000000415 0.8456250000000036 1.0 1.0 0.47499999999999254 0.0 0.0 0.3750000000000089 1.0 1.0 1.0 0.8249999999999904 0.0 0.0 0.0 
0.0 0.0 0.0 0.0 0.0 0.725000000000005 1.0 1.0 0.8993749999999975 0.39187499999999265 0.0 0.0 0.3093750000000064 0.8818749999999997 1.0 1.0 0.8249999999999904 0.0 0.0 0.0 
0.0 0.0 0.0 0.0 0.6393750000000061 0.9518750000000017 1.0 1.0 0.4249999999999936 0.0 0.0 0.0 0.0 0.32500000000000817 1.0 1.0 0.9693749999999988 0.7218749999999966 0.0 0.0 
0.0 0.0 0.0 0.0 0.7750000000000048 1.0 1.0 0.7031249999999962 0.22312499999999605 0.0 0.0 0.0 0.0 0.32500000000000817 1.0 1.0 1.0 0.8749999999999929 0.0 0.0 
0.0 0.0 0.0 0.8250000000000046 1.0 1.0 1.0 0.3749999999999938 0.0 0.0 0.0 0.0 0.0 0.28437500000000715 0.9093750000000012 1.0 1.0 0.8749999999999929 0.0 0.0 
0.0 0.0 0.0 0.8250000000000046 1.0 1.0 1.0 0.3749999999999938 0.0 0.0 0.0 0.0 0.0 0.0 0.27500000000000924 1.0 1.0 0.8749999999999929 0.0 0.0 
0.0 0.0 0.37187500000000234 0.8993750000000027 1.0 1.0 0.32499999999999396 0.0 0.0 0.0 0.0 0.0 0.0 0.0 0.27500000000000924 1.0 1.0 1.0 0.92499999999999 0.0 
0.0 0.0 0.875000000000004 1.0 1.0 1.0 1.0 0.421874999999996 0.07500000000000284 0.07500000000000284 0.07500000000000284 0.07500000000000284 0.42187500000001 1.0 1.0 1.0 1.0 1.0 0.92499999999999 0.0 
0.0 0.6706250000000039 0.9656250000000013 1.0 1.0 1.0 1.0 1.0 1.0 1.0 1.0 1.0 1.0 1.0 1.0 1.0 1.0 1.0 0.92499999999999 0.0 
0.0 0.9250000000000036 1.0 1.0 1.0 0.7281249999999981 0.625 0.625 0.625 0.625 0.625 0.625 0.625 0.625 0.625 0.7093750000000032 1.0 1.0 0.9531249999999938 0.3656249999999952 
0.02437500000000216 0.9268750000000037 1.0 1.0 0.2249999999999952 0.0 0.0 0.0 0.0 0.0 0.0 0.0 0.0 0.0 0.0 0.22500000000000853 1.0 1.0 1.0 0.9749999999999872 
0.9750000000000032 1.0 1.0 1.0 0.2249999999999952 0.0 0.0 0.0 0.0 0.0 0.0 0.0 0.0 0.0 0.0 0.22500000000000853 0.8818749999999934 0.3249999999999993 0.37562500000000604 0.9749999999999872 
