1.0 1.0 1.0 1.0 1.0 1.0 1.0 1.0 1.0 1.0 1.0 1.0 1.0 1.0 1.0 1.0 1.0 1.0 0.07499999999999929 0.0 
1.0 1.0 1.0 1.0 1.0 1.0 1.0 1.0 1.0 1.0 1.0 1.0 1.0 1.0 1.0 1.0 1.0 1.0 0.07499999999999929 0.0 
0.12499999999999956 0.12499999999999956 0.12499999999999956 0.12499999999999956 0.12499999999999956 0.12499999999999956 0.12499999999999956 0.12499999999999956 0.12499999999999956 0.12499999999999956 0.12499999999999956 0.12499999999999956 0.12499999999999956 0.7156250000000005 1.0 1.0 1.0 1.0 0.07499999999999929 0.0 
0.0 0.0 0.0 0.0 0.0 0.0 0.0 0.0 0.0 0.0 0.0 0.0 0.39062500000000056 0.8781250000000005 1.0 1.0 1.0 0.4531249999999992 0.028124999999999668 0.0 
0.0 0.0 0.0 0.0 0.0 0.0 0.0 0.0 0.0 0.0 0.0 0.21562500000000023 0.7656250000000003 1.0 1.0 1.0 0.6906249999999995 0.07812499999999989 0.0 0.0 
0.0 0.0 0.0 0.0 0.0 0.0 0.0 0.0 0.0 0.0 0.06562500000000097 0.6281250000000002 1.0 1.0 1.0 0.9031249999999988 0.15312500000000032 0.0 0.0 0.0 
0.0 0.0 0.0 0.0 0.0 0.0 0.0 0.0 0.0 0.0 0.5250000000000004 1.0 1.0 1.0 1.0 0.22500000000000142 0.0 0.0 0.0 0.0 
0.0 0.0 0.0 0.0 0.0 0.0 0.0 0.0 0.0 0.4750000000000014 1.0 1.0 1.0 1.0 0.27500000000000036 0.0 0.0 0.0 0.0 0.0 
0.0 0.0 0.0 0.0 0.0 0.0 0.0 0.0 0.4250000000000007 1.0 1.0 1.0 1.0 0.3249999999999993 0.0 0.0 0.0 0.0 0.0 0.0 
0.0 0.0 0.0 0.0 0.0 0.0 0.0 0.3750000000000009 1.0 1.0 1.0 1.0 0.375 0.0 0.0 0.0 0.0 0.0 0.0 0.0 
0.0 0.0 0.0 0.0 0.0 0.0 0.2843750000000021 0.9218750000000023 1.0 1.0 1.0 0.49687499999999857 0.04687499999999867 0.0 0.0 0.0 0.0 0.0 0.0 0.0 
0.0 0.0 0.0 0.0 0.0 0.17187500000000175 0.7468750000000028 1.0 1.0 1.0 0.6718749999999979 0.15937499999999877 0.0 0.0 0.0 0.0 0.0 0.0 0.0 0.0 
0.0 0.0 0.0 0.0 0.08437500000000134 0.5468750000000033 1.0 1.0 1.0 0.8218749999999978 0.2968749999999981 0.0 0.0 0.0 0.0 0.0 0.0 0.0 0.0 0.0 
0.0 0.0 0.0 0.02187500000000082 0.321875000000004 1.0 1.0 1.0 0.9468749999999984 0.45937499999999687 0.0 0.0 0.0 0.0 0.0 0.0 0.0 0.0 0.0 0.0 
0.0 0.0 0.0 0.1750000000000016 1.0 1.0 1.0 1.0 0.5749999999999993 0.0 0.0 0.0 0.0 0.0 0.0 0.0 0.0 0.0 0.0 0.0 
0.0 0.0 0.12500000000000178 1.0 1.0 1.0 0.7968749999999982 0.23437499999999745 0.0 0.0 0.0 0.0 0.0 0.0 0.0 0.0 0.0 0.0 0.0 0.0 
0.0 0.07500000000000195 1.0 1.0 1.0 1.0 0.6749999999999989 0.0 0.0 0.0 0.0 0.0 0.0 0.0 0.0 0.0 0.0 0.0 0.0 0.0 
0.02500000000000213 1.0 1.0 1.0 1.0 1.0 0.7156250000000002 0.12500000000000355 0.12500000000000355 0.12500000000000355 0.12500000000000355 0.12500000000000355 0.12500000000000355 0.12500000000000355 0.12500000000000355 0.12500000000000355 0.12500000000000355 0.12500000000000355 0.12500000000000355 0.12500000000000355 
0.02500000000000213 1.0 1.0 1.0 1.0 1.0 1.0 1.0 1.0 1.0 1.0 1.0 1.0 1.0 1.0 1.0 1.0 1.0 1.0 1.0 
0.02500000000000213 1.0 1.0 1.0 1.0 1.0 1.0 1.0 1.0 1.0 1.0 1.0 1.0 1.0 1.0 1.0 1.0 1.0 1.0 1.0 
