0.2406249999999954 0.7281249999999975 1.0 1.0 1.0 1.0 1.0 1.0 1.0 0.5468749999999982 0.274999999999995 0.274999999999995 0.274999999999995 0.274999999999995 0.17187499999999786 0.0 0.0 0.0 0.0 0.0 
0.8749999999999991 1.0 1.0 1.0 1.0 1.0 1.0 1.0 1.0 1.0 1.0 1.0 1.0 1.0 0.9343749999999991 0.7218749999999992 0.1031250000000024 0.0 0.0 0.0 
0.32812499999999656 0.765624999999998 1.0 1.0 1.0 0.7656250000000027 0.6250000000000036 0.6250000000000036 0.6250000000000036 0.6250000000000036 0.6250000000000036 0.6718750000000018 0.9531249999999991 1.0 1.0 1.0 1.0 0.609375 0.2343749999999991 0.0 
0.8749999999999991 1.0 1.0 1.0 1.0 0.37500000000000133 0.0 0.0 0.0 0.0 0.0 0.009375000000000088 0.06562500000000222 0.07500000000000284 0.4218749999999985 1.0 1.0 1.0 0.6250000000000036 0.0 
0.8749999999999991 1.0 1.0 1.0 1.0 0.37500000000000133 0.0 0.0 0.0 0.0 0.0 0.0 0.0 0.0 0.19687499999999894 0.5843750000000002 0.9406249999999986 1.0 1.0 0.8750000000000036 
0.8749999999999991 1.0 1.0 1.0 1.0 0.37500000000000133 0.0 0.0 0.0 0.0 0.0 0.0 0.0 0.0 0.0 0.12499999999999645 0.8749999999999964 1.0 1.0 0.8750000000000036 
0.8749999999999991 1.0 1.0 1.0 1.0 0.37500000000000133 0.0 0.0 0.0 0.0 0.0 0.0 0.0 0.0 0.0 0.12499999999999645 0.8749999999999964 1.0 1.0 0.8750000000000036 
0.0 0.624999999999999 1.0 1.0 1.0 0.37500000000000133 0.0 0.0 0.0 0.0 0.0 0.0 0.0 0.0 0.37499999999999645 1.0 1.0 1.0 0.9531250000000004 0.7656250000000031 
0.0 0.624999999999999 1.0 1.0 1.0 0.37500000000000133 0.0 0.0 0.0 0.0 0.0 0.08437499999999769 0.5906249999999982 0.6750000000000007 0.7968749999999993 1.0 1.0 1.0 0.6250000000000036 0.0 
0.0 0.624999999999999 1.0 1.0 1.0 1.0 1.0 1.0 1.0 1.0 1.0 1.0 1.0 1.0 1.0 0.9718750000000006 0.8031249999999995 0.29062500000000224 0.0 0.0 
0.6781250000000012 0.9156250000000006 1.0 1.0 1.0 1.0 1.0 1.0 1.0 1.0 1.0 1.0 1.0 1.0 1.0 0.8750000000000036 0.12500000000000355 0.0 0.0 0.0 
0.8749999999999991 1.0 1.0 0.9593750000000001 0.715624999999998 0.2531249999999998 0.0 0.0 0.0 0.0 0.2531249999999977 0.6749999999999972 0.6749999999999972 0.6749999999999972 0.7968749999999971 1.0 1.0 0.37500000000000355 0.0 0.0 
0.8749999999999991 1.0 1.0 0.8750000000000013 0.12500000000000133 0.0 0.0 0.0 0.0 0.0 0.0 0.0 0.0 0.0 0.37499999999999645 1.0 1.0 0.9218750000000027 0.5468750000000053 0.0 
0.8749999999999991 1.0 1.0 0.8750000000000013 0.12500000000000133 0.0 0.0 0.0 0.0 0.0 0.0 0.0 0.0 0.0 0.0 0.12499999999999645 0.8749999999999964 1.0 0.7843750000000036 0.37187500000000523 
0.8749999999999991 1.0 1.0 0.8750000000000013 0.12500000000000133 0.0 0.0 0.0 0.0 0.0 0.0 0.0 0.0 0.0 0.0 0.12499999999999645 0.8749999999999964 1.0 1.0 0.8750000000000036 
0.8749999999999991 1.0 1.0 0.8750000000000013 0.12500000000000133 0.0 0.0 0.0 0.0 0.0 0.0 0.0 0.0 0.0 0.0 0.12499999999999645 0.8749999999999964 1.0 1.0 0.8750000000000036 
0.8749999999999991 1.0 1.0 0.8750000000000013 0.12500000000000133 0.0 0.0 0.0 0.0 0.0 0.0 0.0 0.0 0.04687500000000373 0.4218750000000007 1.0 1.0 1.0 0.9718749999999978 0.8093749999999977 
0.8749999999999991 1.0 1.0 0.9531250000000013 0.6718750000000067 0.2343750000000035 0.0 0.0 0.0 0.0 0.0 0.07812499999999867 0.546875000000004 0.8593750000000013 1.0 1.0 1.0 0.6093749999999978 0.2343749999999969 0.0 
0.8749999999999991 1.0 1.0 1.0 1.0 1.0 1.0 1.0 1.0 1.0 1.0 1.0 1.0 1.0 0.9343749999999977 0.721874999999996 0.10312500000000195 0.0 0.0 0.0 
0.2406249999999923 0.7281249999999961 1.0 1.0 1.0 1.0 1.0 1.0 1.0 1.0 1.0 0.9093750000000015 0.3656249999999951 0.2749999999999915 0.17187499999999564 0.0 0.0 0.0 0.0 0.0 
