0.0 0.774999999999998 1.0 1.0 1.0 1.0 1.0 1.0 1.0 1.0 1.0 1.0 1.0 1.0 1.0 1.0 1.0 1.0 1.0 0.9250000000000043 
0.0 0.774999999999998 1.0 1.0 1.0 1.0 1.0 1.0 1.0 1.0 1.0 1.0 1.0 1.0 1.0 1.0 1.0 1.0 1.0 0.9250000000000043 
0.0 0.774999999999998 1.0 1.0 1.0 0.9124999999999999 0.49999999999999334 0.49999999999999334 0.49999999999999334 0.49999999999999334 0.49999999999999334 0.49999999999999334 0.49999999999999334 0.49999999999999334 0.49999999999999334 0.49999999999999334 0.49999999999999334 0.49999999999999334 0.3874999999999959 0.0 
0.0 0.774999999999998 1.0 1.0 1.0 0.825000000000002 0.0 0.0 0.0 0.0 0.0 0.0 0.0 0.0 0.0 0.0 0.0 0.0 0.0 0.0 
0.0 0.774999999999998 1.0 1.0 1.0 0.825000000000002 0.0 0.0 0.0 0.0 0.0 0.0 0.0 0.0 0.0 0.0 0.0 0.0 0.0 0.0 
0.0 0.774999999999998 1.0 1.0 1.0 0.825000000000002 0.0 0.0 0.0 0.0 0.0 0.0 0.0 0.0 0.0 0.0 0.0 0.0 0.0 0.0 
0.0 0.774999999999998 1.0 1.0 1.0 0.9825000000000008 0.9000000000000039 0.9000000000000039 0.9000000000000039 0.9000000000000039 0.9000000000000039 0.9000000000000039 0.9000000000000039 0.9000000000000039 0.9000000000000039 0.2925000000000038 0.0 0.0 0.0 0.0 
0.0 0.774999999999998 1.0 1.0 1.0 1.0 1.0 1.0 1.0 1.0 1.0 1.0 1.0 1.0 1.0 1.0 0.7375000000000026 0.312500000000004 0.0 0.0 
0.0 0.774999999999998 1.0 1.0 1.0 1.0 0.9975000000000002 0.9124999999999974 0.24750000000000105 0.0 0.0 0.0 0.11249999999999641 0.877499999999995 0.9824999999999994 1.0 1.0 1.0 0.7975000000000027 0.09250000000000339 
0.0 0.7749999999999981 1.0 1.0 0.7725000000000005 0.29999999999999716 0.29249999999999793 0.03750000000000018 0.0 0.0 0.0 0.0 0.0 0.0 0.24749999999999744 0.7724999999999971 1.0 1.0 1.0 0.9250000000000043 
0.0 0.0 0.0 0.0 0.0 0.0 0.0 0.0 0.0 0.0 0.0 0.0 0.0 0.0 0.0 0.6749999999999972 1.0 1.0 1.0 0.9250000000000043 
0.0 0.0 0.0 0.0 0.0 0.0 0.0 0.0 0.0 0.0 0.0 0.0 0.0 0.0 0.0 0.06749999999999828 0.5724999999999978 1.0 1.0 0.9250000000000043 
0.0 0.0 0.0 0.0 0.0 0.0 0.0 0.0 0.0 0.0 0.0 0.0 0.0 0.0 0.0 0.0 0.5249999999999986 1.0 1.0 0.9250000000000043 
0.0 0.0775000000000009 0.10000000000000142 0.05250000000000096 0.0 0.0 0.0 0.0 0.0 0.0 0.0 0.0 0.0 0.0 0.0 0.0 0.5249999999999986 1.0 1.0 0.9250000000000043 
0.647499999999998 0.9324999999999992 1.0 0.8575000000000003 0.472500000000001 0.0 0.0 0.0 0.0 0.0 0.0 0.0 0.0 0.0 0.0 0.0 0.5249999999999986 1.0 1.0 0.9250000000000043 
0.647499999999998 0.9324999999999992 1.0 1.0 0.7725000000000017 0.24750000000000116 0.0 0.0 0.0 0.0 0.0 0.0 0.0 0.0 0.0 0.6749999999999972 1.0 1.0 1.0 0.9250000000000043 
0.0 0.774999999999998 1.0 1.0 1.0 0.825000000000002 0.0 0.0 0.0 0.0 0.0 0.0 0.0 0.0 0.0 0.6749999999999972 1.0 1.0 1.0 0.9250000000000043 
0.0 0.3875000000000018 0.8125000000000003 1.0 1.0 1.0 0.987500000000001 0.5624999999999978 0.49999999999999645 0.49999999999999645 0.49999999999999645 0.49999999999999645 0.49999999999999645 0.49999999999999645 0.912499999999999 1.0 1.0 1.0 0.7750000000000021 0.0 
0.0 0.0 0.0 0.4274999999999991 0.9000000000000021 0.9175000000000015 1.0 1.0 1.0 1.0 1.0 1.0 1.0 1.0 1.0 0.9325000000000018 0.9000000000000021 0.5625000000000046 0.0 0.0 
0.0 0.0 0.0 0.0 0.0 0.05250000000000016 0.30000000000000426 0.30000000000000426 0.8074999999999997 1.0 1.0 1.0 1.0 1.0 0.422500000000004 0.09750000000000224 0.0 0.0 0.0 0.0 
