0.3499999999999943 0.3499999999999943 0.3499999999999943 0.3499999999999943 0.3499999999999943 0.3499999999999943 0.3499999999999943 0.3499999999999943 0.3499999999999943 0.3499999999999943 0.3499999999999943 0.3499999999999943 0.3499999999999943 0.3499999999999943 0.3499999999999943 0.3499999999999943 0.8862500000000101 0.43124999999998115 0.02624999999999311 0.0 
1.0 1.0 1.0 1.0 1.0 1.0 1.0 1.0 1.0 1.0 1.0 1.0 1.0 1.0 1.0 1.0 1.0 1.0 0.07499999999998153 0.0 
0.2500000000000049 0.2500000000000049 0.2500000000000049 0.2500000000000049 0.2500000000000049 0.2500000000000049 0.2500000000000049 0.2500000000000049 0.2500000000000049 0.2500000000000049 0.2500000000000049 0.2500000000000049 0.2500000000000049 0.7562500000000141 1.0 1.0 1.0 1.0 0.07499999999998153 0.0 
0.0 0.0 0.0 0.0 0.0 0.0 0.0 0.0 0.0 0.0 0.0 0.0 0.28125000000000455 0.8212500000000078 1.0 1.0 1.0 0.12499999999997868 0.0 0.0 
0.0 0.0 0.0 0.0 0.0 0.0 0.0 0.0 0.0 0.0 0.0 0.08624999999999967 0.681250000000012 1.0 1.0 1.0 0.17499999999998295 0.0 0.0 0.0 
0.0 0.0 0.0 0.0 0.0 0.0 0.0 0.0 0.0 0.0 0.0 0.5750000000000135 1.0 1.0 1.0 0.3412499999999876 0.026249999999998126 0.0 0.0 0.0 
0.0 0.0 0.0 0.0 0.0 0.0 0.0 0.0 0.0 0.0 0.5250000000000128 1.0 1.0 1.0 0.6012499999999925 0.10124999999999248 0.0 0.0 0.0 0.0 
0.0 0.0 0.0 0.0 0.0 0.0 0.0 0.0 0.0 0.4750000000000121 1.0 1.0 1.0 1.0 0.2749999999999826 0.0 0.0 0.0 0.0 0.0 
0.0 0.0 0.0 0.0 0.0 0.0 0.0 0.0 0.40375000000000977 0.9737499999999993 1.0 1.0 1.0 0.3587499999999858 0.013749999999999813 0.0 0.0 0.0 0.0 0.0 
0.0 0.0 0.0 0.0 0.0 0.0 0.0 0.2437500000000064 0.7987500000000032 1.0 1.0 1.0 0.374999999999984 0.0 0.0 0.0 0.0 0.0 0.0 0.0 
0.0 0.0 0.0 0.0 0.0 0.0 0.1137500000000028 0.5937500000000056 1.0 1.0 1.0 0.4249999999999865 0.0 0.0 0.0 0.0 0.0 0.0 0.0 0.0 
0.0 0.0 0.0 0.0 0.0 0.013749999999999636 0.3587500000000075 1.0 1.0 1.0 0.4749999999999872 0.0 0.0 0.0 0.0 0.0 0.0 0.0 0.0 0.0 
0.0 0.0 0.0 0.0 0.0 0.27500000000000835 1.0 1.0 1.0 0.6437499999999909 0.1187499999999968 0.0 0.0 0.0 0.0 0.0 0.0 0.0 0.0 0.0 
0.0 0.0 0.0 0.0 0.22500000000000764 1.0 1.0 1.0 0.8087499999999952 0.28874999999999373 0.0 0.0 0.0 0.0 0.0 0.0 0.0 0.0 0.0 0.0 
0.0 0.0 0.0 0.17500000000000693 1.0 1.0 1.0 0.943749999999999 0.48874999999999114 0.0 0.0 0.0 0.0 0.0 0.0 0.0 0.0 0.0 0.0 0.0 
0.0 0.0 0.10625000000000509 0.8762500000000022 1.0 1.0 1.0 0.6249999999999893 0.0 0.0 0.0 0.0 0.0 0.0 0.0 0.0 0.0 0.0 0.0 0.0 
0.0 0.07500000000000484 1.0 1.0 1.0 1.0 0.67499999999999 0.0 0.0 0.0 0.0 0.0 0.0 0.0 0.0 0.0 0.0 0.0 0.0 0.0 
0.006250000000000977 0.30625000000000363 1.0 1.0 1.0 1.0 0.67499999999999 0.0 0.0 0.0 0.0 0.0 0.0 0.0 0.0 0.0 0.0 0.0 0.0 0.0 
0.025000000000003908 1.0 1.0 1.0 1.0 1.0 0.9837500000000005 0.9500000000000028 0.9500000000000028 0.9500000000000028 0.9500000000000028 0.9500000000000028 0.9500000000000028 0.9500000000000028 0.9500000000000028 0.9500000000000028 0.9500000000000028 0.9500000000000028 0.9500000000000028 0.9500000000000028 
0.025000000000003908 1.0 1.0 1.0 1.0 1.0 1.0 1.0 1.0 1.0 1.0 1.0 1.0 1.0 1.0 1.0 1.0 1.0 1.0 0.3662499999999866 
