0.6750000000000005 0.9749999999999994 0.6249999999999994 0.27499999999999947 0.0 0.0 0.0 0.0 0.0 0.0 0.0 0.0 0.0 0.0 0.0 0.0 0.0 0.0 0.0 0.0 
0.6750000000000005 0.9749999999999994 0.6249999999999994 0.27499999999999947 0.0 0.0 0.0 0.0 0.0 0.0 0.0 0.0 0.0 0.0 0.0 0.0 0.0 0.0 0.0 0.0 
0.6750000000000005 0.9749999999999994 0.6249999999999994 0.27499999999999947 0.0 0.0 0.0 0.0 0.0 0.0 0.0 0.0 0.0 0.0 0.0 0.0 0.0 0.0 0.0 0.0 
0.6750000000000005 0.9749999999999994 0.6249999999999994 0.27499999999999947 0.0 0.0 0.0 0.0 0.0 0.0 0.0 0.0 0.0 0.0 0.0 0.0 0.0 0.0 0.0 0.0 
0.6750000000000005 0.9749999999999994 0.6249999999999994 0.27499999999999947 0.0 0.0 0.0 0.0 0.0 0.0 0.0 0.0 0.0 0.0 0.0 0.0 0.0 0.0 0.0 0.0 
0.6750000000000005 0.9749999999999994 0.6249999999999994 0.27499999999999947 0.0 0.0 0.0 0.0 0.0 0.0 0.0 0.0 0.0 0.0 0.0 0.0 0.0 0.0 0.0 0.0 
0.6750000000000005 0.9881249999999997 0.8218750000000006 0.6556250000000012 0.48562500000000164 0.30187500000000084 0.11812500000000017 0.0 0.0 0.0 0.0 0.0 0.0 0.0 0.0 0.0 0.0 0.0 0.0 0.0 
0.6750000000000005 1.0 1.0 1.0 0.9249999999999994 0.5749999999999993 0.22499999999999942 0.0 0.0 0.0 0.0 0.0 0.0 0.0 0.0 0.0 0.0 0.0 0.0 0.0 
0.6750000000000005 1.0 1.0 1.0 0.9249999999999994 0.5749999999999993 0.22499999999999942 0.0 0.0 0.0 0.0 0.0 0.0 0.0 0.0 0.0 0.0 0.0 0.0 0.0 
0.6750000000000005 1.0 1.0 1.0 0.9249999999999994 0.5749999999999993 0.22499999999999942 0.0 0.0 0.0 0.0 0.0 0.0 0.0 0.0 0.0 0.0 0.0 0.0 0.0 
0.6750000000000005 1.0 1.0 1.0 0.9249999999999994 0.5749999999999993 0.22499999999999942 0.0 0.0 0.0 0.0 0.0 0.0 0.0 0.0 0.0 0.0 0.0 0.0 0.0 
0.6750000000000005 1.0 1.0 1.0 0.9249999999999994 0.5749999999999993 0.22499999999999942 0.0 0.0 0.0 0.0 0.0 0.0 0.0 0.0 0.0 0.0 0.0 0.0 0.0 
0.6750000000000005 1.0 1.0 1.0 0.9249999999999994 0.5749999999999993 0.22499999999999942 0.0 0.0 0.0 0.0 0.0 0.0 0.0 0.0 0.0 0.0 0.0 0.0 0.0 
0.6750000000000005 1.0 1.0 1.0 0.9249999999999994 0.5749999999999993 0.22499999999999942 0.0 0.0 0.0 0.0 0.0 0.0 0.0 0.0 0.0 0.0 0.0 0.0 0.0 
0.6750000000000005 1.0 1.0 1.0 0.9493749999999997 0.7131250000000007 0.4768750000000018 0.2843750000000022 0.17062500000000133 0.05687500000000015 0.0 0.0 0.0 0.0 0.0 0.0 0.0 0.0 0.0 0.0 
0.6750000000000005 1.0 1.0 1.0 1.0 1.0 1.0 0.8749999999999991 0.5249999999999995 0.17499999999999893 0.0 0.0 0.0 0.0 0.0 0.0 0.0 0.0 0.0 0.0 
0.6750000000000005 1.0 1.0 1.0 1.0 1.0 1.0 0.8749999999999991 0.5249999999999995 0.17499999999999893 0.0 0.0 0.0 0.0 0.0 0.0 0.0 0.0 0.0 0.0 
0.6750000000000005 1.0 1.0 1.0 1.0 1.0 1.0 0.8749999999999991 0.5249999999999995 0.17499999999999893 0.0 0.0 0.0 0.0 0.0 0.0 0.0 0.0 0.0 0.0 
0.6750000000000005 1.0 1.0 1.0 1.0 1.0 1.0 1.0 1.0 1.0 0.8249999999999993 0.47499999999999876 0.12499999999999911 0.0 0.0 0.0 0.0 0.0 0.0 0.0 
0.6750000000000005 1.0 1.0 1.0 1.0 1.0 1.0 1.0 1.0 1.0 1.0 1.0 1.0 0.904375 0.7556250000000012 0.6068750000000019 0.5750000000000028 0.5750000000000028 0.5750000000000028 0.38812500000000133 
