0.0 0.10000000000000003 0.5000000000000003 0.9000000000000006 1.0 1.0 1.0 1.0 1.0 1.0 1.0 1.0 1.0 1.0 1.0 1.0 0.899999999999995 0.49999999999999467 0.09999999999999432 0.0 
0.0 0.10000000000000003 0.5000000000000003 0.9000000000000006 1.0 1.0 1.0 1.0 1.0 1.0 1.0 1.0 1.0 1.0 1.0 1.0 0.899999999999995 0.49999999999999467 0.09999999999999432 0.0 
0.6999999999999997 1.0 1.0 1.0 1.0 1.0 1.0 1.0 1.0 1.0 1.0 1.0 1.0 1.0 1.0 1.0 0.899999999999995 0.49999999999999467 0.09999999999999432 0.0 
0.6999999999999997 1.0 1.0 1.0 1.0 1.0 1.0 1.0 1.0 1.0 1.0 1.0 1.0 1.0 1.0 1.0 0.9574999999999975 0.7874999999999956 0.6174999999999937 0.40249999999999353 
0.6825000000000025 0.9750000000000041 0.9750000000000041 0.9750000000000041 0.9825000000000029 0.9925000000000013 1.0 1.0 1.0 1.0 1.0 1.0 1.0 1.0 1.0 1.0 0.899999999999995 0.49999999999999467 0.09999999999999432 0.0 
0.0 0.0 0.0 0.0 0.30000000000000093 0.7000000000000011 1.0 1.0 1.0 1.0 1.0 1.0 1.0 1.0 1.0 1.0 0.899999999999995 0.49999999999999467 0.09999999999999432 0.0 
0.0 0.0 0.0 0.0 0.30000000000000093 0.7000000000000011 1.0 1.0 1.0 1.0 1.0 1.0 1.0 1.0 0.7224999999999969 0.3524999999999977 0.06750000000000218 0.03750000000000102 0.0074999999999998575 0.0 
0.0 0.0 0.0 0.0 0.30000000000000093 0.7000000000000011 1.0 1.0 1.0 1.0 1.0 1.0 1.0 1.0 0.6999999999999957 0.2999999999999954 0.0 0.0 0.0 0.0 
0.0 0.0 0.0 0.0 0.30000000000000093 0.7000000000000011 1.0 1.0 1.0 1.0 1.0 1.0 1.0 1.0 0.6999999999999957 0.2999999999999954 0.0 0.0 0.0 0.0 
0.0 0.0 0.0 0.0 0.30000000000000093 0.7000000000000011 1.0 1.0 1.0 1.0 1.0 1.0 1.0 1.0 0.6999999999999957 0.2999999999999954 0.0 0.0 0.0 0.0 
0.0 0.0 0.0 0.0 0.30000000000000093 0.7000000000000011 1.0 1.0 1.0 1.0 1.0 1.0 1.0 1.0 0.6999999999999957 0.2999999999999954 0.0 0.0 0.0 0.0 
0.0 0.0 0.0 0.0 0.30000000000000093 0.7000000000000011 1.0 1.0 1.0 1.0 1.0 1.0 1.0 1.0 0.6999999999999957 0.2999999999999954 0.0 0.0 0.0 0.0 
0.0 0.0 0.0 0.0 0.30000000000000093 0.7000000000000011 1.0 1.0 1.0 1.0 1.0 1.0 1.0 1.0 0.6999999999999957 0.2999999999999954 0.0 0.0 0.0 0.0 
0.0 0.0 0.0 0.0 0.30000000000000093 0.7000000000000011 1.0 1.0 1.0 1.0 1.0 1.0 1.0 1.0 0.6999999999999957 0.2999999999999954 0.0 0.0 0.0 0.0 
0.0 0.05249999999999987 0.26249999999999946 0.47249999999999903 0.6674999999999994 0.8575000000000002 1.0 1.0 1.0 1.0 1.0 1.0 1.0 1.0 0.6999999999999957 0.2999999999999954 0.0 0.0 0.0 0.0 
0.0 0.10000000000000003 0.5000000000000003 0.9000000000000006 1.0 1.0 1.0 1.0 1.0 1.0 1.0 1.0 1.0 1.0 0.6999999999999957 0.2999999999999954 0.0 0.0 0.0 0.0 
0.0 0.10000000000000003 0.5000000000000003 0.9000000000000006 1.0 1.0 1.0 1.0 1.0 1.0 1.0 1.0 1.0 1.0 0.6999999999999957 0.2999999999999954 0.0 0.0 0.0 0.0 
0.0 0.10000000000000003 0.5000000000000003 0.9000000000000006 1.0 1.0 1.0 1.0 1.0 1.0 1.0 1.0 1.0 1.0 0.6999999999999957 0.2999999999999954 0.0 0.0 0.0 0.0 
0.0 0.10000000000000003 0.5000000000000003 0.9000000000000006 1.0 1.0 1.0 1.0 1.0 1.0 1.0 1.0 1.0 1.0 0.6999999999999957 0.2999999999999954 0.0 0.0 0.0 0.0 
0.0 0.10000000000000003 0.5000000000000003 0.9000000000000006 1.0 1.0 1.0 1.0 1.0 1.0 1.0 1.0 1.0 1.0 0.6999999999999957 0.2999999999999954 0.0 0.0 0.0 0.0 
