0.0 0.0 0.0 0.0 0.03000000000000041 0.2699999999999981 0.7899999999999998 1.0 1.0 1.0 1.0 1.0 0.6499999999999998 0.29999999999999716 0.2699999999999981 0.03000000000000014 0.0 0.0 0.0 0.0 
0.0 0.0 0.0 0.2700000000000014 0.9099999999999977 0.99 1.0 1.0 1.0 1.0 1.0 1.0 1.0 1.0 0.99 0.9099999999999977 0.8999999999999972 0.45000000000000184 0.0 0.0 
0.0 0.34999999999999987 0.7500000000000002 1.0 1.0 1.0 1.0 0.7500000000000009 0.5000000000000027 0.5000000000000027 0.5000000000000027 0.8500000000000004 1.0 1.0 1.0 1.0 1.0 1.0 0.7000000000000028 0.0 
0.9000000000000039 1.0 1.0 1.0 0.99 0.9100000000000017 0.2699999999999997 0.0 0.0 0.0 0.0 0.0 0.0 0.0 0.09999999999999787 0.8999999999999986 1.0 1.0 1.0 0.9000000000000039 
0.9000000000000039 1.0 1.0 1.0 0.8999999999999977 0.09999999999999787 0.0 0.0 0.0 0.0 0.0 0.0 0.0 0.0 0.02999999999999961 0.2700000000000018 0.7899999999999989 1.0 1.0 0.9000000000000039 
0.9000000000000039 1.0 1.0 1.0 0.8999999999999977 0.09999999999999787 0.0 0.0 0.0 0.0 0.0 0.0 0.0 0.0 0.0 0.0 0.6999999999999975 1.0 1.0 0.9000000000000039 
0.9000000000000039 1.0 1.0 0.7299999999999982 0.09000000000000105 0.009999999999999929 0.0 0.0 0.0 0.0 0.0 0.0 0.0 0.0 0.0 0.0 0.6999999999999975 1.0 1.0 0.9000000000000039 
0.9000000000000039 1.0 1.0 1.0 0.8999999999999977 0.09999999999999787 0.0 0.0 0.0 0.0 0.0 0.0 0.0 0.0 0.049999999999998754 0.4499999999999977 0.8499999999999982 1.0 1.0 0.9000000000000039 
0.8100000000000054 0.970000000000001 1.0 1.0 0.9099999999999977 0.18999999999999617 0.029999999999999253 0.0 0.0 0.0 0.0 0.0 0.0 0.029999999999999253 0.18999999999999617 0.9099999999999985 1.0 1.0 1.0 0.9000000000000039 
0.0 0.2100000000000028 0.6500000000000035 1.0 1.0 1.0 0.7899999999999979 0.6999999999999975 0.6999999999999975 0.6999999999999975 0.6999999999999975 0.6999999999999975 0.6999999999999975 0.7899999999999979 1.0 1.0 1.0 1.0 1.0 0.9000000000000039 
0.0 0.0 0.3500000000000036 0.7000000000000028 0.7300000000000032 0.9700000000000009 1.0 1.0 1.0 1.0 1.0 1.0 1.0 1.0 1.0 1.0 1.0 1.0 1.0 0.9000000000000039 
0.0 0.0 0.0 0.0 0.010000000000000373 0.0900000000000015 0.10000000000000142 0.10000000000000142 0.10000000000000142 0.10000000000000142 0.10000000000000142 0.10000000000000142 0.10000000000000142 0.10000000000000142 0.10000000000000142 0.10000000000000142 0.7299999999999982 1.0 1.0 0.9000000000000039 
0.0 0.0 0.0 0.0 0.0 0.0 0.0 0.0 0.0 0.0 0.0 0.0 0.0 0.0 0.0 0.0 0.6999999999999975 1.0 1.0 0.9000000000000039 
0.0 0.0 0.0 0.0 0.0 0.0 0.0 0.0 0.0 0.0 0.0 0.0 0.0 0.0 0.009999999999999573 0.08999999999999794 0.7299999999999971 1.0 1.0 0.9000000000000039 
0.6300000000000021 0.6999999999999993 0.6999999999999993 0.48999999999999777 0.0 0.0 0.0 0.0 0.0 0.0 0.0 0.0 0.0 0.0 0.09999999999999787 0.8999999999999986 1.0 1.0 1.0 0.9000000000000039 
0.9000000000000039 1.0 1.0 1.0 0.8999999999999977 0.09999999999999787 0.0 0.0 0.0 0.0 0.0 0.0 0.0 0.0 0.09999999999999787 0.8999999999999986 1.0 1.0 1.0 0.9000000000000039 
0.9000000000000039 1.0 1.0 1.0 0.8999999999999977 0.09999999999999787 0.0 0.0 0.0 0.0 0.0 0.0 0.0 0.26999999999999863 0.9099999999999985 0.9899999999999998 1.0 1.0 1.0 0.9000000000000039 
0.0 0.7000000000000035 1.0 1.0 1.0 1.0 0.6499999999999995 0.5 0.5 0.5 0.5 0.5 0.7499999999999991 1.0 1.0 1.0 1.0 1.0 0.7000000000000028 0.0 
0.0 0.0 0.45000000000000384 0.9000000000000021 0.9100000000000021 0.9900000000000004 1.0 1.0 1.0 1.0 1.0 1.0 1.0 1.0 0.9900000000000004 0.910000000000002 0.9000000000000021 0.4500000000000043 0.0 0.0 
0.0 0.0 0.0 0.0 0.030000000000000762 0.2700000000000013 0.3000000000000007 0.3000000000000007 0.510000000000001 0.9299999999999997 0.3700000000000004 0.3000000000000007 0.3000000000000007 0.3000000000000007 0.2700000000000013 0.0300000000000005 0.0 0.0 0.0 0.0 
