0.0 0.0 0.0 0.0 0.08937500000000226 0.2750000000000057 0.2750000000000057 0.2750000000000057 0.8006250000000019 1.0 1.0 0.8006250000000013 0.2750000000000057 0.2750000000000057 0.04812500000000119 0.0 0.0 0.0 0.0 0.0 
0.0 0.0 0.0 0.39187500000000414 0.881875000000004 1.0 1.0 1.0 1.0 1.0 1.0 1.0 1.0 1.0 0.8556250000000046 0.8250000000000055 0.3918750000000038 0.0 0.0 0.0 
0.0 0.29062500000000496 0.7656250000000032 1.0 1.0 1.0 1.0 1.0 0.7281249999999959 0.6249999999999947 0.7843749999999972 1.0 1.0 1.0 1.0 1.0 1.0 0.7656250000000031 0.2906250000000049 0.0 
0.0 0.7750000000000022 1.0 1.0 1.0 0.8381249999999976 0.07499999999999485 0.07499999999999485 0.020624999999998544 0.0 0.03187499999999786 0.07499999999999485 0.1906249999999955 0.9768749999999995 1.0 1.0 1.0 1.0 0.7750000000000021 0.0 
0.9250000000000025 1.0 1.0 1.0 0.8456249999999976 0.43312499999999504 0.0 0.0 0.0 0.0 0.0 0.0 0.0 0.0 0.43312499999999554 0.8456249999999979 1.0 1.0 0.7750000000000021 0.0 
0.0 0.7556249999999978 0.9749999999999943 0.9749999999999943 0.6581249999999947 0.0 0.0 0.0 0.0 0.0 0.0 0.0 0.0 0.0 0.0 0.6749999999999989 1.0 1.0 1.0 0.9250000000000043 
0.0 0.0 0.0 0.0 0.0 0.0 0.0 0.0 0.0 0.0 0.0 0.0 0.0 0.0 0.4743750000000034 0.8618750000000011 1.0 1.0 0.8706250000000002 0.39312499999999756 
0.0 0.0 0.0 0.0 0.0 0.0 0.0 0.0 0.0 0.0 0.0 0.0 0.015625000000000444 0.12187500000000343 0.846875 1.0 1.0 1.0 0.7750000000000021 0.0 
0.0 0.0 0.0 0.0 0.0 0.0 0.0 0.0 0.0 0.0 0.0 0.1856250000000014 0.7156250000000037 0.9918750000000001 1.0 1.0 1.0 0.7468749999999996 0.2518749999999974 0.0 
0.0 0.0 0.0 0.0 0.0 0.0 0.0 0.0 0.0 0.0 0.09562500000000228 0.4381250000000039 1.0 1.0 1.0 0.8481249999999969 0.36812499999999876 0.0 0.0 0.0 
0.0 0.0 0.0 0.0 0.0 0.0 0.0 0.0 0.0 0.4456250000000024 0.8706250000000024 1.0 1.0 1.0 1.0 0.32500000000000107 0.0 0.0 0.0 0.0 
0.0 0.0 0.0 0.0 0.0 0.0 0.0 0.0 0.7250000000000005 1.0 1.0 1.0 0.9593749999999996 0.6831249999999973 0.11812499999999998 0.0 0.0 0.0 0.0 0.0 
0.0 0.0 0.0 0.0 0.0 0.0 0.021875000000001178 0.7656250000000039 0.9656250000000011 1.0 1.0 1.0 0.875 0.025000000000000355 0.0 0.0 0.0 0.0 0.0 0.0 
0.0 0.0 0.0 0.0 0.0 0.1750000000000016 1.0 1.0 1.0 1.0 0.8193749999999979 0.4168749999999967 0.0 0.0 0.0 0.0 0.0 0.0 0.0 0.0 
0.0 0.0 0.0 0.0 0.31687500000000196 0.9793750000000012 1.0 1.0 1.0 0.439374999999999 0.014374999999999164 0.0 0.0 0.0 0.0 0.0 0.0 0.0 0.0 0.0 
0.0 0.0 0.0 0.47500000000000187 1.0 1.0 1.0 1.0 0.6193749999999982 0.201874999999999 0.0 0.0 0.0 0.0 0.0 0.0 0.0 0.0 0.0 0.0 
0.0 0.05812500000000237 0.653125000000003 1.0 1.0 1.0 0.9749999999999988 0.12499999999999911 0.0 0.0 0.0 0.0 0.0 0.0 0.0 0.0 0.0 0.0 0.0 0.0 
0.0 0.7750000000000022 1.0 1.0 1.0 1.0 0.9749999999999988 0.12499999999999911 0.0 0.0 0.0 0.0 0.0 0.0 0.0 0.0 0.0 0.0 0.0 0.0 
0.9250000000000025 1.0 1.0 1.0 1.0 1.0 1.0 1.0 1.0 1.0 1.0 1.0 1.0 1.0 1.0 1.0 1.0 1.0 1.0 0.9250000000000043 
0.9250000000000025 1.0 1.0 1.0 1.0 1.0 1.0 1.0 1.0 1.0 1.0 1.0 1.0 1.0 1.0 1.0 1.0 1.0 1.0 0.9250000000000043 
