0.0 0.0 0.24999999999999967 0.5499999999999994 0.849999999999999 1.0 1.0 1.0 1.0 1.0 1.0 1.0 1.0 1.0 1.0 1.0 1.0 1.0 0.9500000000000055 0.6500000000000066 
0.0 0.0 0.24999999999999967 0.5499999999999994 0.849999999999999 1.0 1.0 1.0 1.0 1.0 1.0 1.0 1.0 1.0 1.0 1.0 1.0 1.0 0.9500000000000055 0.6500000000000066 
0.6500000000000004 0.95 1.0 1.0 1.0 1.0 1.0 1.0 1.0 1.0 1.0 1.0 1.0 1.0 1.0 1.0 1.0 1.0 0.9500000000000055 0.6500000000000066 
0.6500000000000004 0.95 1.0 1.0 1.0 1.0 1.0 1.0 1.0 1.0 1.0 1.0 1.0 1.0 1.0 0.887500000000004 0.6625000000000046 0.43750000000000533 0.23750000000000307 0.1625000000000028 
0.48750000000000143 0.7125000000000017 0.7500000000000018 0.7500000000000018 0.7500000000000018 0.7875000000000012 0.8625000000000006 0.9374999999999999 1.0 1.0 1.0 1.0 1.0 1.0 1.0 0.850000000000005 0.5500000000000052 0.25000000000000533 0.0 0.0 
0.0 0.0 0.0 0.0 0.0 0.14999999999999858 0.4499999999999984 0.7499999999999978 1.0 1.0 1.0 1.0 1.0 1.0 1.0 0.850000000000005 0.5500000000000052 0.25000000000000533 0.0 0.0 
0.0 0.0 0.0 0.0 0.0 0.14999999999999858 0.4499999999999984 0.7499999999999978 1.0 1.0 1.0 1.0 1.0 1.0 1.0 0.850000000000005 0.5500000000000052 0.25000000000000533 0.0 0.0 
0.0 0.0 0.0 0.0 0.0 0.14999999999999858 0.4499999999999984 0.7499999999999978 1.0 1.0 1.0 1.0 1.0 1.0 1.0 0.850000000000005 0.5500000000000052 0.25000000000000533 0.0 0.0 
0.0 0.0 0.0 0.0 0.0 0.14999999999999858 0.4499999999999984 0.7499999999999978 1.0 1.0 1.0 1.0 1.0 1.0 1.0 0.850000000000005 0.5500000000000052 0.25000000000000533 0.0 0.0 
0.0 0.0 0.0 0.0 0.0 0.14999999999999858 0.4499999999999984 0.7499999999999978 1.0 1.0 1.0 1.0 1.0 1.0 1.0 0.850000000000005 0.5500000000000052 0.25000000000000533 0.0 0.0 
0.0 0.0 0.0 0.0 0.0 0.14999999999999858 0.4499999999999984 0.7499999999999978 1.0 1.0 1.0 1.0 1.0 1.0 1.0 0.850000000000005 0.5500000000000052 0.25000000000000533 0.0 0.0 
0.0 0.0 0.0 0.0 0.0 0.14999999999999858 0.4499999999999984 0.7499999999999978 1.0 1.0 1.0 1.0 1.0 1.0 1.0 0.850000000000005 0.5500000000000052 0.25000000000000533 0.0 0.0 
0.0 0.0 0.0 0.0 0.0 0.14999999999999858 0.4499999999999984 0.7499999999999978 1.0 1.0 1.0 1.0 1.0 1.0 1.0 0.850000000000005 0.5500000000000052 0.25000000000000533 0.0 0.0 
0.0 0.0 0.0 0.0 0.0 0.14999999999999858 0.4499999999999984 0.7499999999999978 1.0 1.0 1.0 1.0 1.0 1.0 1.0 0.850000000000005 0.5500000000000052 0.25000000000000533 0.0 0.0 
0.0 0.0 0.0 0.0 0.0 0.14999999999999858 0.4499999999999984 0.7499999999999978 1.0 1.0 1.0 1.0 1.0 1.0 1.0 0.850000000000005 0.5500000000000052 0.25000000000000533 0.0 0.0 
0.0 0.0 0.0 0.0 0.0 0.14999999999999858 0.4499999999999984 0.7499999999999978 1.0 1.0 1.0 1.0 1.0 1.0 1.0 0.850000000000005 0.5500000000000052 0.25000000000000533 0.0 0.0 
0.0 0.0 0.0 0.0 0.0 0.14999999999999858 0.4499999999999984 0.7499999999999978 1.0 1.0 1.0 1.0 1.0 1.0 1.0 0.8875000000000043 0.6625000000000054 0.43750000000000666 0.23750000000000476 0.16250000000000395 
0.0 0.0 0.0 0.0 0.0 0.14999999999999858 0.4499999999999984 0.7499999999999978 1.0 1.0 1.0 1.0 1.0 1.0 1.0 1.0 1.0 1.0 0.9500000000000055 0.6500000000000066 
0.0 0.0 0.0 0.0 0.0 0.14999999999999858 0.4499999999999984 0.7499999999999978 1.0 1.0 1.0 1.0 1.0 1.0 1.0 1.0 1.0 1.0 0.9500000000000055 0.6500000000000066 
0.0 0.0 0.0 0.0 0.0 0.14999999999999858 0.4499999999999984 0.7499999999999978 1.0 1.0 1.0 1.0 1.0 1.0 1.0 0.8875000000000032 0.6625000000000023 0.43750000000000133 0.237499999999998 0.16249999999999934 
