0.0 0.0 0.0 0.0 0.03000000000000041 0.2699999999999981 0.29999999999999716 0.6499999999999992 1.0 1.0 1.0 1.0 0.6499999999999998 0.29999999999999716 0.2699999999999981 0.03000000000000014 0.0 0.0 0.0 0.0 
0.0 0.0 0.4500000000000014 0.8999999999999972 0.9099999999999977 0.99 1.0 1.0 1.0 1.0 1.0 1.0 1.0 1.0 0.99 0.9099999999999977 0.8999999999999972 0.45000000000000184 0.0 0.0 
0.0 0.34999999999999987 0.7500000000000002 1.0 1.0 1.0 0.6500000000000014 0.5000000000000027 0.35000000000000153 0.0 0.0 0.0 0.25000000000000044 0.6500000000000014 1.0 1.0 1.0 0.7500000000000004 0.34999999999999953 0.0 
0.08999999999999847 0.7300000000000025 1.0 1.0 0.99 0.9100000000000017 0.2699999999999997 0.0 0.0 0.0 0.0 0.0 0.0 0.0 0.08999999999999829 0.8100000000000006 0.9700000000000004 1.0 1.0 0.9000000000000039 
0.9000000000000039 1.0 1.0 1.0 0.8999999999999977 0.09999999999999787 0.0 0.0 0.0 0.0 0.0 0.0 0.0 0.0 0.0 0.0 0.6999999999999975 1.0 1.0 0.9000000000000039 
0.0 0.0 0.0 0.0 0.0 0.0 0.0 0.0 0.0 0.0 0.0 0.0 0.0 0.0 0.0 0.0 0.6999999999999975 1.0 1.0 0.9000000000000039 
0.0 0.0 0.0 0.0 0.0 0.0 0.0 0.0 0.0 0.0 0.0 0.0 0.0 0.0 0.0 0.0 0.6999999999999975 1.0 1.0 0.9000000000000039 
0.0 0.0 0.0 0.0 0.0 0.0 0.0 0.0 0.0 0.0 0.0 0.0 0.0 0.0 0.09999999999999787 0.8999999999999986 1.0 1.0 0.850000000000002 0.45000000000000356 
0.0 0.0 0.0 0.0 0.0 0.0 0.0 0.049999999999999024 0.09999999999999787 0.09999999999999787 0.09999999999999787 0.09999999999999787 0.5499999999999974 1.0 1.0 1.0 1.0 0.5000000000000036 0.0 0.0 
0.0 0.0 0.0 0.0 0.0 0.0 0.0 0.5000000000000009 1.0 1.0 1.0 1.0 1.0 1.0 1.0 1.0 0.5100000000000035 0.1500000000000023 0.0 0.0 
0.0 0.0 0.0 0.0 0.0 0.0 0.0 0.35000000000000203 0.7000000000000028 0.7000000000000028 0.7000000000000028 0.7000000000000028 0.8500000000000009 1.0 1.0 1.0 0.5099999999999998 0.14999999999999963 0.0 0.0 
0.0 0.0 0.0 0.0 0.0 0.0 0.0 0.0 0.0 0.0 0.0 0.0 0.05000000000000053 0.10000000000000142 0.18999999999999936 0.9099999999999988 1.0 0.9499999999999996 0.6300000000000016 0.0 
0.0 0.0 0.0 0.0 0.0 0.0 0.0 0.0 0.0 0.0 0.0 0.0 0.0 0.0 0.049999999999998934 0.4499999999999993 0.8499999999999988 1.0 0.8500000000000014 0.45000000000000195 
0.0 0.0 0.0 0.0 0.0 0.0 0.0 0.0 0.0 0.0 0.0 0.0 0.0 0.0 0.0 0.0 0.6999999999999975 1.0 1.0 0.9000000000000039 
0.6300000000000021 0.6999999999999993 0.6999999999999993 0.48999999999999777 0.0 0.0 0.0 0.0 0.0 0.0 0.0 0.0 0.0 0.0 0.0 0.0 0.6999999999999975 1.0 1.0 0.9000000000000039 
0.9000000000000039 1.0 1.0 0.6999999999999975 0.0 0.0 0.0 0.0 0.0 0.0 0.0 0.0 0.0 0.0 0.0 0.0 0.6999999999999975 1.0 1.0 0.9000000000000039 
0.9000000000000039 1.0 1.0 0.6999999999999975 0.0 0.0 0.0 0.0 0.0 0.0 0.0 0.0 0.0 0.0 0.08999999999999794 0.8099999999999974 0.9699999999999993 1.0 1.0 0.9000000000000039 
0.0 0.7000000000000035 1.0 1.0 0.9499999999999988 0.5499999999999989 0.14999999999999947 0.0 0.0 0.0 0.0 0.0 0.0 0.14999999999999947 0.5499999999999989 0.9499999999999993 1.0 1.0 0.7000000000000028 0.0 
0.0 0.0 0.45000000000000384 0.9300000000000017 1.0 1.0 1.0 1.0 1.0 1.0 1.0 1.0 1.0 1.0 1.0 1.0 0.9300000000000017 0.4500000000000043 0.0 0.0 
0.0 0.0 0.0 0.09000000000000095 0.3000000000000007 0.3000000000000007 0.7900000000000009 1.0 1.0 1.0 1.0 1.0 1.0 0.7900000000000009 0.3000000000000007 0.3000000000000007 0.09000000000000095 0.0 0.0 0.0 
