0.0 0.0 0.0 0.0899999999999999 0.29999999999999716 0.29999999999999716 0.7899999999999998 1.0 1.0 1.0 1.0 1.0 1.0 0.7899999999999998 0.2699999999999981 0.03000000000000014 0.0 0.0 0.0 0.0 
0.0 0.0 0.4500000000000014 0.9299999999999983 1.0 1.0 1.0 1.0 1.0 1.0 1.0 1.0 1.0 1.0 0.99 0.9099999999999977 0.8999999999999972 0.45000000000000184 0.0 0.0 
0.0 0.7000000000000035 1.0 1.0 0.9499999999999991 0.5500000000000014 0.5000000000000027 0.2500000000000009 0.0 0.0 0.0 0.0 0.25000000000000044 0.5000000000000027 0.5500000000000014 0.9499999999999995 1.0 1.0 0.7000000000000028 0.0 
0.9000000000000039 1.0 1.0 0.9700000000000004 0.8099999999999998 0.08999999999999829 0.0 0.0 0.0 0.0 0.0 0.0 0.0 0.0 0.08999999999999829 0.8100000000000006 0.9700000000000004 1.0 1.0 0.9000000000000039 
0.9000000000000039 1.0 1.0 0.6999999999999975 0.0 0.0 0.0 0.0 0.0 0.0 0.0 0.0 0.0 0.0 0.0 0.0 0.6999999999999975 1.0 1.0 0.9000000000000039 
0.9000000000000039 1.0 1.0 0.6999999999999975 0.0 0.0 0.0 0.0 0.0 0.0 0.0 0.0 0.0 0.0 0.0 0.0 0.6999999999999975 1.0 1.0 0.9000000000000039 
0.9000000000000039 1.0 1.0 0.6999999999999975 0.0 0.0 0.0 0.0 0.0 0.0 0.0 0.0 0.0 0.0 0.0 0.0 0.6999999999999975 1.0 1.0 0.9000000000000039 
0.9000000000000039 1.0 1.0 0.6999999999999975 0.0 0.0 0.0 0.0 0.0 0.0 0.0 0.0 0.0 0.0 0.0 0.0 0.6999999999999975 1.0 1.0 0.9000000000000039 
0.9000000000000039 1.0 1.0 0.6999999999999975 0.0 0.0 0.0 0.0 0.0 0.0 0.0 0.0 0.0 0.0 0.0 0.0 0.6999999999999975 1.0 1.0 0.9000000000000039 
0.9000000000000039 1.0 1.0 0.6999999999999975 0.0 0.0 0.0 0.0 0.0 0.0 0.0 0.0 0.0 0.0 0.0 0.0 0.6999999999999975 1.0 1.0 0.9000000000000039 
0.9000000000000039 1.0 1.0 0.6999999999999975 0.0 0.0 0.0 0.0 0.0 0.0 0.0 0.0 0.0 0.0 0.0 0.0 0.6999999999999975 1.0 1.0 0.9000000000000039 
0.9000000000000039 1.0 1.0 0.6999999999999975 0.0 0.0 0.0 0.0 0.0 0.0 0.0 0.0 0.0 0.0 0.0 0.0 0.6999999999999975 1.0 1.0 0.9000000000000039 
0.9000000000000039 1.0 1.0 0.6999999999999975 0.0 0.0 0.0 0.0 0.0 0.0 0.0 0.0 0.0 0.0 0.0 0.0 0.6999999999999975 1.0 1.0 0.9000000000000039 
0.9000000000000039 1.0 1.0 0.6999999999999975 0.0 0.0 0.0 0.0 0.0 0.0 0.0 0.0 0.0 0.0 0.0 0.0 0.6999999999999975 1.0 1.0 0.9000000000000039 
0.9000000000000039 1.0 1.0 0.6999999999999975 0.0 0.0 0.0 0.0 0.0 0.0 0.0 0.0 0.0 0.0 0.0 0.0 0.6999999999999975 1.0 1.0 0.9000000000000039 
0.9000000000000039 1.0 1.0 0.6999999999999975 0.0 0.0 0.0 0.0 0.0 0.0 0.0 0.0 0.0 0.0 0.029999999999999076 0.269999999999997 0.7899999999999974 1.0 0.9100000000000017 0.6300000000000053 
0.9000000000000039 1.0 1.0 0.6999999999999975 0.0 0.0 0.0 0.0 0.0 0.0 0.0 0.0 0.0 0.0 0.09999999999999787 0.8999999999999986 1.0 1.0 0.7000000000000028 0.0 
0.0 0.7000000000000035 1.0 1.0 0.9499999999999988 0.5499999999999989 0.14999999999999947 0.0 0.0 0.0 0.0 0.0 0.2499999999999991 0.6499999999999995 1.0 1.0 1.0 0.7500000000000018 0.3500000000000014 0.0 
0.0 0.0 0.45000000000000384 0.9000000000000021 0.9100000000000021 0.9900000000000004 1.0 1.0 1.0 1.0 1.0 1.0 1.0 1.0 0.9900000000000004 0.910000000000002 0.2700000000000029 0.0 0.0 0.0 
0.0 0.0 0.0 0.0 0.030000000000000762 0.2700000000000013 0.3000000000000007 0.650000000000001 1.0 1.0 1.0 0.510000000000001 0.3000000000000007 0.3000000000000007 0.2700000000000013 0.0300000000000005 0.0 0.0 0.0 0.0 
