0.9000000000000012 1.0 1.0 1.0 1.0 1.0 1.0 1.0 1.0 1.0 1.0 1.0 1.0 1.0 1.0 1.0 1.0 1.0 1.0 0.8999999999999986 
0.9000000000000012 1.0 1.0 1.0 1.0 1.0 1.0 1.0 1.0 1.0 1.0 1.0 1.0 1.0 1.0 1.0 1.0 1.0 0.7749999999999996 0.22499999999999984 
0.0 0.0 0.0 0.0 0.0 0.0 0.0 0.0 0.0 0.10000000000000053 0.9000000000000004 1.0 1.0 1.0 1.0 1.0 0.8250000000000005 0.3750000000000002 0.0 0.0 
0.0 0.0 0.0 0.0 0.0 0.0 0.0 0.0 0.0 0.10000000000000053 0.9000000000000004 1.0 1.0 1.0 0.924999999999999 0.32500000000000184 0.07500000000000044 0.0 0.0 0.0 
0.0 0.0 0.0 0.0 0.0 0.0 0.0 0.12499999999999978 0.4749999999999999 1.0 1.0 1.0 0.8750000000000004 0.5250000000000001 0.0 0.0 0.0 0.0 0.0 0.0 
0.0 0.0 0.0 0.0 0.0 0.0 0.5250000000000001 0.8749999999999998 1.0 1.0 1.0 0.47500000000000114 0.12500000000000044 0.0 0.0 0.0 0.0 0.0 0.0 0.0 
0.0 0.0 0.12499999999999939 0.47499999999999964 1.0 1.0 1.0 1.0 1.0 0.8999999999999995 0.09999999999999964 0.0 0.0 0.0 0.0 0.0 0.0 0.0 0.0 0.0 
0.0 0.5249999999999997 0.8749999999999993 1.0 1.0 1.0 1.0 1.0 1.0 0.8999999999999995 0.09999999999999964 0.0 0.0 0.0 0.0 0.0 0.0 0.0 0.0 0.0 
0.0 0.7000000000000012 1.0 1.0 1.0 1.0 1.0 1.0 1.0 1.0 1.0 1.0 1.0 0.7749999999999989 0.22499999999999803 0.02500000000000018 0.0 0.0 0.0 0.0 
0.0 0.7000000000000013 1.0 1.0 1.0 1.0 1.0 1.0 1.0 1.0 1.0 1.0 1.0 1.0 0.9749999999999994 0.7749999999999988 0.7499999999999982 0.3749999999999991 0.0 0.0 
0.0 0.0 0.0 0.0 0.0 0.0 0.0 0.0 0.0 0.0 0.0 0.0 0.0 0.3000000000000007 1.0 1.0 1.0 0.5 0.0 0.0 
0.0 0.0 0.0 0.0 0.0 0.0 0.0 0.0 0.0 0.0 0.0 0.0 0.0 0.07500000000000125 0.3250000000000043 0.9249999999999993 1.0 0.8749999999999982 0.524999999999997 0.0 
0.0 0.0 0.0 0.0 0.0 0.0 0.0 0.0 0.0 0.0 0.0 0.0 0.0 0.0 0.10000000000000142 0.8999999999999986 1.0 1.0 0.6999999999999993 0.0 
0.0 0.0 0.0 0.0 0.0 0.0 0.0 0.0 0.0 0.0 0.0 0.0 0.0 0.0 0.10000000000000142 0.8999999999999986 1.0 1.0 0.6999999999999993 0.0 
0.0 0.0 0.0 0.0 0.0 0.0 0.0 0.0 0.0 0.0 0.0 0.0 0.0 0.0 0.10000000000000142 0.8999999999999986 1.0 1.0 0.6999999999999993 0.0 
0.0 0.5249999999999984 0.3749999999999974 0.0 0.0 0.0 0.0 0.0 0.0 0.0 0.0 0.0 0.0 0.0 0.10000000000000142 0.8999999999999986 1.0 1.0 0.6999999999999993 0.0 
0.6750000000000042 0.9250000000000014 1.0 0.774999999999998 0.22499999999999656 0.024999999999999446 0.0 0.0 0.0 0.0 0.0 0.0 0.0 0.3000000000000007 1.0 1.0 1.0 0.8750000000000018 0.5250000000000019 0.0 
0.0 0.7000000000000012 1.0 1.0 0.899999999999999 0.0999999999999992 0.0 0.0 0.0 0.0 0.0 0.524999999999997 0.7499999999999964 0.8249999999999977 1.0 1.0 1.0 0.5 0.0 0.0 
0.0 0.0 0.3750000000000026 0.8250000000000027 1.0 1.0 1.0 1.0 1.0 1.0 1.0 1.0 1.0 1.0 0.975 0.7750000000000036 0.2250000000000016 0.0 0.0 0.0 
0.0 0.0 0.0 0.07500000000000136 0.25000000000000355 0.25000000000000355 0.7750000000000019 1.0 1.0 1.0 1.0 1.0 1.0 0.7750000000000006 0.22500000000000284 0.02500000000000071 0.0 0.0 0.0 0.0 
