0.0 0.0 0.0 0.0 0.0 0.0 0.0 0.0 0.0 0.0 0.0 0.0 0.0 0.0 0.09000000000000095 0.1999999999999993 0.7200000000000043 1.0 1.0 0.23999999999999422 
0.0 0.0 0.0 0.0 0.0 0.0 0.0 0.0 0.0 0.0 0.0 0.0 0.0 0.21000000000000285 0.7800000000000024 1.0 1.0 1.0 1.0 0.4299999999999965 
0.0 0.0 0.0 0.0 0.0 0.0 0.0 0.0 0.0 0.0 0.0 0.0 0.0 0.350000000000005 1.0 1.0 1.0 1.0 1.0 0.049999999999993605 
0.0 0.0 0.0 0.0 0.0 0.0 0.0 0.0 0.0 0.0 0.0 0.06000000000000091 0.5500000000000024 1.0 1.0 1.0 1.0 1.0 1.0 0.049999999999993605 
0.0 0.0 0.0 0.0 0.0 0.0 0.0 0.0 0.0 0.0 0.04000000000000345 0.8300000000000011 1.0 1.0 1.0 1.0 1.0 1.0 0.31999999999999257 0.009999999999998685 
0.0 0.0 0.0 0.0 0.0 0.0 0.0 0.0 0.0 0.0 1.0 1.0 1.0 0.9299999999999986 0.8900000000000007 1.0 1.0 1.0 0.14999999999999147 0.0 
0.0 0.0 0.0 0.0 0.0 0.0 0.0 0.0 0.0 0.5700000000000031 1.0 1.0 0.8499999999999975 0.25999999999999707 0.4500000000000064 1.0 1.0 1.0 0.14999999999999147 0.0 
0.0 0.0 0.0 0.0 0.0 0.0 0.0 0.0 0.8500000000000014 1.0 0.9999999999999999 0.8499999999999963 0.0 0.0 0.4500000000000064 1.0 1.0 0.9999999999999987 0.1499999999999912 0.0 
0.0 0.0 0.0 0.0 0.0 0.0 0.0 0.3000000000000023 0.9100000000000011 1.0 0.5699999999999954 0.0 0.0 0.0 0.4500000000000064 1.0 1.0 0.2499999999999929 0.0 0.0 
0.0 0.0 0.0 0.0 0.0 0.0 0.5200000000000026 0.950000000000001 1.0 1.0 0.0 0.0 0.0 0.0 0.4500000000000064 1.0 1.0 0.2499999999999929 0.0 0.0 
0.0 0.0 0.0 0.0 0.09000000000000132 0.6400000000000019 1.0 1.0 0.8299999999999973 0.039999999999997586 0.0 0.0 0.0 0.350000000000005 1.0 1.0 1.0 0.2499999999999929 0.0 0.0 
0.0 0.0 0.0 0.2100000000000009 0.7800000000000018 1.0 1.0 0.5499999999999965 0.05999999999999895 0.0 0.0 0.0 0.0 0.350000000000005 1.0 1.0 0.6099999999999945 0.09999999999999636 0.0 0.0 
0.0 0.0 8.881784197001221e-16 0.350000000000002 1.0 0.999999999999998 0.34999999999999754 0.0 0.0 0.0 0.0 0.0 0.0 0.350000000000005 1.0 1.0 0.3499999999999943 0.0 0.0 0.0 
0.0 0.05999999999999975 0.550000000000001 1.0 1.0 0.4499999999999993 0.0 0.0 0.0 0.0 0.0 0.0 0.10000000000000195 0.6100000000000043 1.0 1.0 0.3499999999999943 0.0 0.0 0.0 
0.03999999999999865 0.8300000000000033 1.0 1.0 0.6399999999999979 0.08999999999999794 0.0 0.0 0.0 0.0 0.0 0.0 0.25000000000000355 1.0 1.0 1.0 0.3499999999999943 0.0 0.0 0.0 
1.0 1.0 1.0 1.0 1.0 0.5600000000000029 0.2000000000000064 0.2000000000000064 0.2000000000000064 0.2000000000000064 0.24000000000000948 1.0 1.0 1.0 1.0 1.0 0.4799999999999996 0.050000000000000176 0.0 0.0 
1.0 1.0 1.0 1.0 1.0 1.0 1.0 1.0 1.0 1.0 1.0 1.0 1.0 1.0 1.0 1.0 0.6099999999999933 0.09999999999999591 0.0 0.0 
0.9999999999999964 0.9999999999999964 0.9999999999999964 0.649999999999998 0.0 0.0 0.0 0.0 0.0 0.0 0.0 0.15000000000000213 1.0 1.0 1.0 0.44999999999999574 0.0 0.0 0.0 0.0 
0.0 0.0 0.0 0.0 0.0 0.0 0.0 0.0 0.0 0.0 0.0 0.15000000000000213 1.0 1.0 0.8199999999999948 0.2699999999999949 0.0 0.0 0.0 0.0 
0.0 0.0 0.0 0.0 0.0 0.0 0.0 0.0 0.0 0.0 0.0 0.15000000000000213 1.0 1.0 0.5499999999999936 0.0 0.0 0.0 0.0 0.0 
