0.0 0.0 0.0 0.0 0.0 0.0 0.22499999999999748 0.22499999999999787 0.9999999999999987 1.0 1.0 1.0 1.0 1.0 1.0 1.0 0.22500000000000062 0.22499999999999787 7.993605777301051e-16 0.0 
0.0 0.0 0.0 0.0 0.0 0.674999999999997 0.9999999999999994 1.0 1.0 1.0 1.0 1.0 1.0 1.0 1.0 1.0 1.0 1.0 0.6749999999999994 2.398081733190332e-15 
0.0 0.0 0.0 0.9999999999999987 1.0 1.0 1.0 0.8750000000000016 1.5543122344752215e-15 0.0 0.0 0.0 0.0 0.0 0.0 0.8749999999999982 0.9999999999999996 1.0 1.0 1.0 
0.0 0.0 0.5749999999999986 0.9999999999999994 1.0 1.0 0.4250000000000017 7.549516567451077e-16 0.0 0.0 0.0 0.0 0.0 0.0 0.0 0.0 0.9999999999999964 1.0 1.0 1.0 
0.0 0.024999999999999443 0.9999999999999989 1.0 1.0 1.7763568394002505e-15 0.0 0.0 0.0 0.0 0.0 0.0 0.0 0.0 0.0 0.0 0.0 0.9749999999999971 0.9750000000000005 0.9750000000000005 
0.0 0.9999999999999989 1.0 1.0 1.0 1.7763568394002505e-15 0.0 0.0 0.0 0.0 0.0 0.0 0.0 0.0 0.0 0.0 0.0 0.0 0.0 0.0 
0.0 0.999999999999999 1.0 1.0 1.0 1.7763568394002505e-15 0.0 0.0 0.0 0.0 0.0 0.0 0.0 0.0 0.0 0.0 0.0 0.0 0.0 0.0 
0.0 0.9999999999999989 1.0 1.0 1.0 1.7763568394002505e-15 0.0 0.0 0.0 0.0 0.0 0.0 0.0 0.0 0.0 0.0 0.0 0.0 0.0 0.0 
0.0 0.9999999999999991 1.0 1.0 1.0 1.7763568394002505e-15 0.0 0.0 0.0 0.0 0.0 0.0 0.0 0.0 0.0 0.0 0.0 0.0 0.0 0.0 
0.0 0.9999999999999989 1.0 1.0 0.7249999999999982 1.2878587085651778e-15 0.0 0.0 0.0 0.0 0.27500000000000113 0.9999999999999974 1.0 1.0 1.0 1.0 1.0 1.0 1.0 3.552713678800501e-15 
0.0 0.9999999999999989 1.0 1.0 1.3322676295501878e-15 0.0 0.0 0.0 0.0 0.0 0.2749999999999976 0.9999999999999974 1.0 1.0 1.0 1.0 1.0 1.0 1.0 3.552713678800501e-15 
0.0 0.9999999999999991 1.0 1.0 1.3322676295501878e-15 0.0 0.0 0.0 0.0 0.0 0.0 0.0 0.0 0.0 0.0 0.9999999999999964 1.0 1.0 1.0 3.552713678800501e-15 
0.625000000000003 0.9999999999999996 1.0 1.0 1.3322676295501878e-15 0.0 0.0 0.0 0.0 0.0 0.0 0.0 0.0 0.0 0.0 0.9999999999999964 1.0 1.0 1.0 3.552713678800501e-15 
0.9999999999999991 1.0 1.0 1.0 1.3322676295501878e-15 0.0 0.0 0.0 0.0 0.0 0.0 0.0 0.0 0.0 0.0 0.9999999999999964 1.0 1.0 1.0 3.552713678800501e-15 
0.9999999999999991 1.0 1.0 1.0 1.3322676295501878e-15 0.0 0.0 0.0 0.0 0.0 0.0 0.0 0.0 0.0 0.0 0.9999999999999964 1.0 1.0 1.0 3.552713678800501e-15 
0.9999999999999991 1.0 1.0 1.0 1.3322676295501878e-15 0.0 0.0 0.0 0.0 0.0 0.0 0.0 0.0 0.0 0.0 0.9999999999999964 1.0 1.0 0.02499999999999849 8.881784196999485e-17 
0.9999999999999991 1.0 1.0 1.0 0.42500000000000504 7.54951656745114e-16 0.0 0.0 0.0 0.0 0.0 0.0 0.0 0.42500000000000276 0.999999999999998 1.0 1.0 0.5749999999999973 2.042810365310273e-15 0.0 
0.12499999999999634 0.9999999999999991 1.0 1.0 1.0 0.8750000000000038 1.5543122344752255e-15 0.0 0.0 0.0 0.0 0.0 0.8750000000000004 0.9999999999999996 1.0 1.0 1.0 3.552713678800501e-15 0.0 0.0 
0.0 0.0 0.6749999999999928 0.9999999999999996 1.0 1.0 1.0 1.0 1.0 1.0 1.0 1.0 1.0 1.0 0.6749999999999947 2.3980817331903154e-15 0.0 0.0 0.0 0.0 
0.0 0.0 0.0 0.224999999999994 0.999999999999999 1.0 1.0 1.0 1.0 1.0 1.0 1.0 0.22499999999999706 0.22499999999999432 7.993605777300925e-16 0.0 0.0 0.0 0.0 0.0 
