0.9749999999999943 1.0 1.0 1.0 1.0 1.0 1.0 1.0 1.0 1.0 1.0 1.0 1.0 1.0 1.0 1.0 1.0 1.0 0.9250000000000078 0.0 
0.7800000000000066 0.8000000000000114 0.8000000000000114 0.8000000000000114 0.8000000000000114 0.8000000000000114 0.8000000000000114 0.8000000000000114 0.8000000000000114 0.8000000000000114 0.8000000000000114 0.8000000000000114 0.8750000000000057 1.0 1.0 1.0 1.0 1.0 0.9250000000000078 0.0 
0.0 0.0 0.0 0.0 0.0 0.0 0.0 0.0 0.0 0.0 0.0 0.0 3.8302694349567175e-15 0.32500000000000084 1.0 1.0 1.0 1.0 0.9250000000000078 0.0 
0.0 0.0 0.0 0.0 0.0 0.0 0.0 0.0 0.0 0.0 0.0 0.0 0.0 0.32499999999999396 1.0 1.0 1.0 0.8750000000000071 0.0 0.0 
0.0 0.0 0.0 0.0 0.0 0.0 0.0 0.0 0.0 0.0 0.0 0.0 0.3749999999999929 1.0 1.0 1.0 0.8950000000000053 0.35000000000001014 0.0 0.0 
0.0 0.0 0.0 0.0 0.0 0.0 0.0 0.0 0.0 0.0 0.0 0.4249999999999936 1.0 1.0 1.0 0.9100000000000038 0.49500000000000943 0.0 0.0 0.0 
0.0 0.0 0.0 0.0 0.0 0.0 0.0 0.0 0.0 0.0 0.4749999999999943 1.0 1.0 1.0 0.945000000000003 0.6200000000000092 0.0 0.0 0.0 0.0 
0.0 0.0 0.0 0.0 0.0 0.0 0.0 0.0 0.0 0.5249999999999905 0.9999999999999972 1.0 1.0 1.0 0.7250000000000068 0.0 0.0 0.0 0.0 0.0 
0.0 0.0 0.0 0.0 0.0 0.0 0.0 0.0 0.4599999999999925 0.9049999999999965 1.0 1.0 1.0 0.675000000000006 0.0 0.0 0.0 0.0 0.0 0.0 
0.0 0.0 0.0 0.0 0.0 0.0 0.0 0.37499999999999495 0.8299999999999967 1.0 1.0 1.0 0.6250000000000071 0.0 0.0 0.0 0.0 0.0 0.0 0.0 
0.0 0.0 0.0 0.0 0.0 0.0 0.26999999999999647 0.7749999999999957 1.0 1.0 1.0 0.5750000000000064 0.0 0.0 0.0 0.0 0.0 0.0 0.0 0.0 
0.0 0.0 0.0 0.0 0.0 0.14499999999999835 0.7399999999999947 1.0 1.0 1.0 0.5250000000000057 0.0 0.0 0.0 0.0 0.0 0.0 0.0 0.0 0.0 
0.0 0.0 0.0 0.0 0.0 0.7249999999999943 1.0 1.0 1.0 0.47500000000000675 0.0 0.0 0.0 0.0 0.0 0.0 0.0 0.0 0.0 0.0 
0.0 0.0 0.0 0.0 0.7749999999999941 1.0 1.0 1.0 0.5400000000000045 0.09500000000000101 0.0 0.0 0.0 0.0 0.0 0.0 0.0 0.0 0.0 0.0 
0.0 0.0 0.0 0.824999999999994 1.0 1.0 1.0 0.6250000000000029 0.17000000000000182 0.0 0.0 0.0 0.0 0.0 0.0 0.0 0.0 0.0 0.0 0.0 
0.0 0.0 0.8749999999999942 1.0 1.0 1.0 0.7300000000000011 0.22500000000000292 0.0 0.0 0.0 0.0 0.0 0.0 0.0 0.0 0.0 0.0 0.0 0.0 
0.0 0.9249999999999943 1.0 1.0 1.0 1.0 0.3250000000000064 0.0 0.0 0.0 0.0 0.0 0.0 0.0 0.0 0.0 0.0 0.0 0.0 0.0 
3.4638958368304682e-15 0.9249999999999945 1.0 1.0 1.0 1.0 0.3250000000000064 0.0 0.0 0.0 0.0 0.0 0.0 0.0 0.0 0.0 0.0 0.0 0.0 0.0 
0.9749999999999943 1.0 1.0 1.0 1.0 1.0 0.865000000000009 0.8000000000000114 0.8000000000000114 0.8000000000000114 0.8000000000000114 0.8000000000000114 0.8000000000000114 0.8000000000000114 0.8000000000000114 0.8000000000000114 0.8000000000000114 0.8000000000000114 0.8000000000000114 0.780000000000015 
0.3899999999999894 0.954999999999996 1.0 1.0 1.0 1.0 1.0 1.0 1.0 1.0 1.0 1.0 1.0 1.0 1.0 1.0 1.0 1.0 1.0 0.975000000000005 
