0.0 0.0 0.0 0.0 0.4000000000000057 0.4000000000000057 1.0 1.0 1.0 1.0 1.0 1.0 1.0 1.0 0.4000000000000057 0.0 0.0 0.0 0.0 0.0 
0.0 0.0 0.2000000000000055 1.0 1.0 1.0 1.0 1.0 0.7999999999999945 0.7999999999999945 0.7999999999999945 0.7999999999999945 1.0 1.0 1.0 1.0 1.0 0.2000000000000055 0.0 0.0 
0.0 5.329070518200751e-15 1.0 1.0 1.0 0.9999999999999947 0.0 0.0 0.0 0.0 0.0 0.0 0.0 0.0 0.9999999999999947 1.0 1.0 1.0 5.329070518200751e-15 0.0 
0.0 1.0 1.0 1.0 1.0 0.0 0.0 0.0 0.0 0.0 0.0 0.0 0.0 0.0 0.0 1.0 1.0 1.0 1.0 0.0 
0.600000000000005 1.0 1.0 1.0 0.399999999999995 0.0 0.0 0.0 0.0 0.0 0.0 0.0 0.0 0.0 0.0 0.0 1.0 1.0 1.0 1.0 
1.0 1.0 1.0 1.0 0.0 0.0 0.0 0.0 0.0 0.0 0.0 0.0 0.0 0.0 0.0 0.0 0.0 0.0 0.0 0.0 
0.7999999999999954 1.0 1.0 1.0 0.0 0.0 0.0 0.0 0.0 0.0 0.0 0.0 0.0 0.0 0.0 0.0 0.0 0.0 0.0 0.0 
0.0 1.0 1.0 1.0 0.0 0.0 0.0 0.0 0.0 0.0 0.0 0.0 0.0 0.0 0.0 0.0 0.0 0.0 0.0 0.0 
0.0 1.0 1.0 1.0 0.0 0.0 0.0 0.0 0.0 0.0 0.0 0.0 0.0 0.0 0.0 0.0 0.0 0.0 0.0 0.0 
0.0 1.0 1.0 1.0 1.0 0.0 0.0 0.0 0.0 0.0 0.0 0.600000000000005 0.600000000000005 0.600000000000005 0.600000000000005 0.600000000000005 0.600000000000005 0.600000000000005 0.600000000000005 0.600000000000005 
0.0 1.0 1.0 1.0 1.0 0.0 0.0 0.0 0.0 0.0 0.0 0.5999999999999943 1.0 0.5999999999999943 1.0 1.0 1.0 1.0 1.0 1.0 
0.0 1.0 1.0 1.0 1.0 0.0 0.0 0.0 0.0 0.0 0.0 0.0 0.0 0.0 0.0 0.0 1.0 1.0 1.0 1.0 
0.0 1.0 1.0 1.0 1.0 0.0 0.0 0.0 0.0 0.0 0.0 0.0 0.0 0.0 0.0 0.0 1.0 1.0 1.0 1.0 
0.0 1.0 1.0 1.0 1.0 0.0 0.0 0.0 0.0 0.0 0.0 0.0 0.0 0.0 0.0 0.0 1.0 1.0 1.0 1.0 
0.0 1.0 1.0 1.0 1.0 0.0 0.0 0.0 0.0 0.0 0.0 0.0 0.0 0.0 0.0 0.0 1.0 1.0 1.0 1.0 
0.0 1.0 1.0 1.0 1.0 0.0 0.0 0.0 0.0 0.0 0.0 0.0 0.0 0.0 0.0 0.0 1.0 1.0 1.0 1.0 
0.0 0.7999999999999972 1.0 1.0 1.0 0.20000000000000284 0.0 0.0 0.0 0.0 0.0 0.0 0.0 0.0 0.0 0.0 1.0 1.0 1.0 1.0 
0.0 0.0 0.9999999999999964 1.0 1.0 1.0 3.552713678800501e-15 0.0 0.0 0.0 0.0 0.0 0.0 0.0 3.552713678800501e-15 1.0 1.0 1.0 0.9999999999999964 0.0 
0.0 0.0 0.0 0.19999999999999574 1.0 1.0 1.0 0.8000000000000043 0.8000000000000043 0.8000000000000043 0.0 0.0 0.8000000000000043 0.8000000000000043 1.0 1.0 1.0 1.0 0.0 0.0 
0.0 0.0 0.0 0.0 0.0 0.3999999999999986 0.3999999999999986 1.0 1.0 1.0 1.0 1.0 1.0 1.0 1.0 0.3999999999999986 0.3999999999999986 0.0 0.0 0.0 
