0.0 0.0 0.0 0.0 0.0 0.0 0.0 0.0 0.0 0.0 0.0 0.0 0.2656250000000131 0.8131250000000103 1.0 1.0 1.0 1.0 0.4681250000000073 0.010624999999995239 
0.0 0.0 0.0 0.0 0.0 0.0 0.0 0.0 0.0 0.0 0.0 0.15812500000001062 0.7281250000000119 1.0 1.0 1.0 1.0 1.0 1.0 0.02499999999998792 
0.0 0.0 0.0 0.0 0.0 0.0 0.0 0.0 0.0 0.0 0.06562500000000862 0.6281250000000131 1.0 1.0 1.0 1.0 1.0 1.0 1.0 0.02499999999998792 
0.0 0.0 0.0 0.0 0.0 0.0 0.0 0.0 0.0 0.0 0.5250000000000092 1.0 1.0 1.0 1.0 1.0 1.0 1.0 1.0 0.02499999999998792 
0.0 0.0 0.0 0.0 0.0 0.0 0.0 0.0 0.0 0.4750000000000085 1.0 1.0 1.0 1.0 1.0 1.0 1.0 1.0 0.07499999999998863 0.0 
0.0 0.0 0.0 0.0 0.0 0.0 0.0 0.0 0.4250000000000078 1.0 1.0 1.0 0.5781249999999869 0.32499999999998863 0.8143750000000026 1.0 1.0 1.0 0.07499999999998863 0.0 
0.0 0.0 0.0 0.0 0.0 0.0 0.1706250000000074 0.7031250000000102 1.0 1.0 1.0 0.6981249999999893 0.17812499999999165 0.0 0.7250000000000085 1.0 1.0 1.0 0.07499999999998863 0.0 
0.0 0.0 0.0 0.0 0.0 0.10312500000000573 0.5781250000000118 1.0 1.0 1.0 0.803124999999991 0.26562499999999034 0.0 0.0 0.7250000000000085 1.0 1.0 1.0 0.07499999999998863 0.0 
0.0 0.0 0.0 0.0 0.050625000000003834 0.43812500000001325 1.0 1.0 1.0 0.5249999999999915 0.0 0.0 0.0 0.0 0.7250000000000085 1.0 1.0 1.0 0.07499999999998863 0.0 
0.0 0.0 0.0 0.013125000000002227 0.28312500000001395 1.0 1.0 1.0 0.5749999999999922 0.0 0.0 0.0 0.0 0.0 0.7250000000000085 1.0 1.0 1.0 0.07499999999998863 0.0 
0.0 0.0 0.0 0.17500000000000648 1.0 1.0 1.0 0.6531249999999905 0.04312499999999492 0.0 0.0 0.0 0.0 0.0 0.7250000000000085 1.0 1.0 1.0 0.07499999999998863 0.0 
0.0 0.0 0.12500000000000622 1.0 1.0 1.0 0.7481249999999914 0.14062499999999262 0.0 0.0 0.0 0.0 0.0 0.0 0.7250000000000085 1.0 1.0 1.0 0.07499999999998863 0.0 
0.0 0.07500000000000595 1.0 1.0 1.0 0.8281249999999933 0.2531249999999925 0.0 0.0 0.0 0.0 0.0 0.0 0.0 0.7250000000000085 1.0 1.0 1.0 0.07499999999998863 0.0 
0.025000000000005684 1.0 1.0 1.0 0.8931249999999948 0.3806249999999899 0.0 0.0 0.0 0.0 0.0 0.0 0.0 0.0 0.7250000000000085 1.0 1.0 1.0 0.07499999999998863 0.0 
1.0 1.0 1.0 1.0 0.8481249999999969 0.23562500000000222 0.0 0.0 0.0 0.0 0.0 0.0 0.0 0.21937500000000743 0.8143750000000075 1.0 1.0 1.0 1.0 0.02499999999998792 
1.0 1.0 1.0 1.0 1.0 1.0 1.0 1.0 1.0 1.0 1.0 1.0 1.0 1.0 1.0 1.0 1.0 1.0 1.0 1.0 
0.9749999999999943 0.9749999999999943 0.9749999999999943 0.9749999999999943 0.9749999999999943 0.9749999999999943 0.9749999999999943 0.9749999999999943 0.9749999999999943 0.9749999999999943 0.9749999999999943 0.9749999999999943 0.9749999999999943 0.9749999999999943 0.9931249999999987 1.0 1.0 1.0 1.0 0.9756249999999942 
0.0 0.0 0.0 0.0 0.0 0.0 0.0 0.0 0.0 0.0 0.0 0.0 0.0 0.0 0.7250000000000085 1.0 1.0 1.0 0.19062499999998678 0.003124999999998401 
0.0 0.0 0.0 0.0 0.0 0.0 0.0 0.0 0.0 0.0 0.0 0.0 0.0 0.0 0.7250000000000085 1.0 1.0 1.0 0.07499999999998863 0.0 
0.0 0.0 0.0 0.0 0.0 0.0 0.0 0.0 0.0 0.0 0.0 0.0 0.0 0.0 0.7250000000000085 1.0 1.0 1.0 0.07499999999998863 0.0 
