0.0 0.0 0.0 0.0 0.0 0.13500000000000065 0.30000000000000426 0.30000000000000426 0.30000000000000426 0.3350000000000008 0.964999999999996 1.0 0.4750000000000069 0.30000000000000426 0.30000000000000426 0.1650000000000047 0.0 0.0 0.0 0.0 
0.0 0.0 0.0 0.0 0.49499999999999905 0.945000000000002 1.0 1.0 1.0 1.0 1.0 1.0 1.0 1.0 1.0 0.9550000000000027 0.5850000000000095 0.0 0.0 0.0 
0.0 0.0 0.3750000000000018 0.825 1.0 1.0 1.0 0.8750000000000011 0.49999999999999556 0.49999999999999556 0.49999999999999556 0.49999999999999556 0.49999999999999556 0.49999999999999556 0.7749999999999948 1.0 1.0 0.8750000000000047 0.42500000000000804 0.0 
0.0 0.8499999999999972 1.0 1.0 1.0 0.5500000000000043 0.0 0.0 0.0 0.0 0.0 0.0 0.0 0.0 0.0 0.4499999999999922 1.0 1.0 1.0 0.95000000000001 
0.0 0.8499999999999972 1.0 1.0 0.615 0.16499999999999873 0.0 0.0 0.0 0.0 0.0 0.0 0.0 0.0 0.0 0.4499999999999922 1.0 1.0 1.0 0.95000000000001 
0.0 0.8499999999999972 1.0 1.0 0.45000000000000373 0.0 0.0 0.0 0.0 0.0 0.0 0.0 0.0 0.0 0.0 0.0 0.24499999999999328 0.6999999999999957 0.6999999999999957 0.6650000000000029 
0.8550000000000032 0.9850000000000005 1.0 1.0 0.45000000000000373 0.0 0.0 0.0 0.0 0.0 0.0 0.0 0.0 0.0 0.0 0.0 0.0 0.0 0.0 0.0 
0.9499999999999975 1.0 1.0 1.0 0.45000000000000373 0.0 0.0 0.0 0.0 0.0 0.0 0.0 0.0 0.0 0.0 0.0 0.0 0.0 0.0 0.0 
0.9499999999999975 1.0 1.0 1.0 0.45000000000000373 0.0 0.0 0.0 0.0 0.004999999999999787 0.09500000000000412 0.10000000000000497 0.10000000000000497 0.10000000000000497 0.10000000000000497 0.10000000000000497 0.06500000000000399 0.0 0.0 0.0 
0.9499999999999975 1.0 1.0 1.0 0.45000000000000373 0.0 0.0 0.0 0.0 0.04999999999999538 0.949999999999994 1.0 1.0 1.0 1.0 1.0 0.8950000000000038 0.7000000000000046 0.7000000000000046 0.6650000000000114 
0.9499999999999975 1.0 1.0 1.0 0.45000000000000373 0.0 0.0 0.0 0.0 0.034999999999996555 0.6649999999999917 0.6999999999999957 0.6999999999999957 0.8949999999999965 1.0 1.0 1.0 1.0 1.0 0.95000000000001 
0.9499999999999975 1.0 1.0 1.0 0.45000000000000373 0.0 0.0 0.0 0.0 0.0 0.0 0.0 0.0 0.06499999999999563 0.09999999999999432 0.5049999999999899 1.0 1.0 1.0 0.95000000000001 
0.9499999999999975 1.0 1.0 0.6749999999999969 0.22499999999999867 0.0 0.0 0.0 0.0 0.0 0.0 0.0 0.0 0.0 0.0 0.4499999999999922 1.0 1.0 0.8500000000000085 0.0 
0.9499999999999975 1.0 1.0 0.3500000000000032 0.0 0.0 0.0 0.0 0.0 0.0 0.0 0.0 0.0 0.0 0.5499999999999936 1.0 1.0 1.0 0.8500000000000085 0.0 
0.9499999999999975 1.0 1.0 0.3500000000000032 0.0 0.0 0.0 0.0 0.0 0.0 0.0 0.0 0.0 0.0 0.5499999999999936 1.0 1.0 1.0 0.8500000000000085 0.0 
0.9499999999999975 1.0 1.0 0.545000000000005 0.13500000000000303 0.0 0.0 0.0 0.0 0.0 0.0 0.0 0.0 0.0 0.5499999999999936 1.0 1.0 1.0 0.8500000000000085 0.0 
0.9499999999999975 1.0 1.0 1.0 0.45000000000000373 0.0 0.0 0.0 0.0 0.0 0.0 0.0 0.0 0.5849999999999976 0.955000000000002 1.0 1.0 0.775000000000005 0.08499999999999602 0.0 
0.0 0.8499999999999972 1.0 1.0 1.0 0.7750000000000054 0.5000000000000071 0.5000000000000071 0.5000000000000071 0.5000000000000071 0.5000000000000071 0.5000000000000071 0.8749999999999991 1.0 1.0 1.0 0.8250000000000013 0.3749999999999982 0.0 0.0 
0.0 0.0 0.6749999999999935 0.899999999999995 0.9549999999999974 1.0 1.0 1.0 1.0 1.0 1.0 1.0 1.0 0.9349999999999974 0.899999999999995 0.4950000000000043 0.0 0.0 0.0 0.0 
0.0 0.0 0.0 0.0 0.16499999999999537 0.2999999999999936 0.2999999999999936 0.4749999999999921 0.8950000000000026 0.2999999999999936 0.2999999999999936 0.2999999999999936 0.2999999999999936 0.10499999999999979 0.0 0.0 0.0 0.0 0.0 0.0 
