0.0 0.0 0.0 0.0 0.0 0.0 0.16874999999999712 0.24999999999999645 0.24999999999999645 0.6437499999999973 1.0 1.0 1.0 1.0 0.7937500000000001 0.24999999999999645 0.20624999999999688 0.0 0.0 0.0 
0.0 0.0 0.0 0.0 0.0 0.5437499999999963 0.9187499999999986 1.0 1.0 1.0 1.0 1.0 1.0 1.0 1.0 1.0 0.9562499999999994 0.6562499999999974 0.0 0.0 
0.0 0.0 0.0 0.20624999999999755 0.8312499999999977 1.0 1.0 0.8437500000000018 0.7500000000000022 0.3562500000000021 0.0 0.0 0.0 0.2437500000000002 0.8187500000000012 1.0 1.0 1.0 0.9250000000000007 0.0 
0.0 0.0 0.0 0.8249999999999975 1.0 1.0 0.4937500000000027 0.09375000000000111 0.0 0.0 0.0 0.0 0.0 0.0 0.06875000000000013 0.41875000000000245 1.0 1.0 0.9250000000000007 0.0 
0.0 0.0 0.21874999999999856 0.868749999999998 1.0 1.0 0.32500000000000195 0.0 0.0 0.0 0.0 0.0 0.0 0.0 0.0 0.22500000000000142 1.0 1.0 1.0 0.9749999999999979 
0.0 0.0 0.8749999999999973 1.0 1.0 1.0 0.32500000000000195 0.0 0.0 0.0 0.0 0.0 0.0 0.0 0.0 0.22500000000000142 1.0 1.0 0.9437500000000005 0.24374999999999947 
0.0 0.0 0.8749999999999973 1.0 1.0 0.27500000000000213 0.0 0.0 0.0 0.0 0.0 0.0 0.0 0.0 0.0 0.22500000000000142 1.0 1.0 0.9250000000000007 0.0 
0.0 0.0 0.8749999999999973 1.0 1.0 0.27500000000000213 0.0 0.0 0.0 0.0 0.0 0.0 0.0 0.0 0.0 0.22500000000000142 1.0 1.0 0.9250000000000007 0.0 
0.0 0.0 0.8749999999999973 1.0 1.0 0.27500000000000213 0.0 0.0 0.0 0.0 0.0 0.0 0.0 0.0 0.0 0.22500000000000142 1.0 1.0 0.9250000000000007 0.0 
0.0 0.6937499999999995 0.9687499999999996 1.0 1.0 0.27500000000000213 0.0 0.0 0.0 0.0 0.0 0.0 0.0 0.0 0.20624999999999943 0.8062500000000017 1.0 1.0 0.9250000000000007 0.0 
0.0 0.9249999999999972 1.0 1.0 1.0 0.27500000000000213 0.0 0.0 0.0 0.0 0.0 0.0 0.0 0.0 0.2749999999999986 1.0 1.0 0.9687499999999996 0.6937499999999972 0.0 
0.0 0.9249999999999972 1.0 1.0 0.41874999999999896 0.06874999999999956 0.0 0.0 0.0 0.0 0.0 0.0 0.0 0.0 0.2749999999999986 1.0 1.0 0.875 0.0 0.0 
0.0 0.9249999999999972 1.0 1.0 0.2250000000000023 0.0 0.0 0.0 0.0 0.0 0.0 0.0 0.0 0.0 0.2749999999999986 1.0 1.0 0.875 0.0 0.0 
0.0 0.9249999999999972 1.0 1.0 0.2250000000000023 0.0 0.0 0.0 0.0 0.0 0.0 0.0 0.0 0.0 0.2749999999999986 1.0 1.0 0.875 0.0 0.0 
0.24375000000000618 0.9437499999999984 1.0 1.0 0.2250000000000023 0.0 0.0 0.0 0.0 0.0 0.0 0.0 0.0 0.08125000000000213 0.4562500000000041 1.0 1.0 0.875 0.0 0.0 
0.974999999999997 1.0 1.0 1.0 0.2250000000000023 0.0 0.0 0.0 0.0 0.0 0.0 0.0 0.0 0.3249999999999993 1.0 1.0 1.0 0.875 0.0 0.0 
0.7312499999999909 0.9812499999999987 1.0 1.0 0.4187500000000072 0.06875000000000249 0.0 0.0 0.0 0.0 0.0 0.0 0.09375000000000266 0.49375000000000424 1.0 1.0 0.8249999999999993 0.0 0.0 0.0 
0.0 0.9249999999999972 1.0 1.0 1.0 0.8187500000000056 0.24375000000000377 0.0 0.0 0.0 0.0 0.31875000000000353 0.8437500000000044 1.0 1.0 0.8312499999999974 0.20624999999999397 0.0 0.0 0.0 
0.0 0.0 0.6562499999999918 0.9562499999999982 1.0 1.0 1.0 1.0 1.0 1.0 1.0 1.0 1.0 0.9187499999999978 0.543749999999996 0.0 0.0 0.0 0.0 0.0 
0.0 0.0 0.0 0.20624999999999058 0.8312499999999958 1.0 1.0 1.0 1.0 1.0 1.0 0.6812499999999949 0.24999999999998934 0.168749999999993 0.0 0.0 0.0 0.0 0.0 0.0 
