0.8750000000000044 1.0 1.0 1.0 1.0 1.0 0.6249999999999938 0.0 0.0 0.0 0.0 0.0 0.0 0.0 0.37500000000001066 1.0 1.0 1.0 1.0 0.8749999999999893 
0.8750000000000044 1.0 1.0 1.0 1.0 1.0 0.6249999999999938 0.0 0.0 0.0 0.0 0.0 0.0 0.0937500000000049 0.4687500000000129 1.0 1.0 1.0 1.0 0.8749999999999893 
0.8750000000000044 1.0 1.0 1.0 1.0 1.0 0.7187499999999977 0.21875000000000366 0.031249999999999 0.0 0.0 0.0 0.0 0.6250000000000071 1.0 1.0 1.0 1.0 1.0 0.8749999999999893 
0.8750000000000044 1.0 1.0 1.0 1.0 1.0 1.0 0.8749999999999929 0.1249999999999929 0.0 0.0 0.04375000000000327 0.306250000000008 0.756250000000007 1.0 1.0 1.0 1.0 1.0 0.8749999999999893 
0.8750000000000044 1.0 1.0 1.0 1.0 1.0 1.0 0.9312499999999969 0.5187500000000017 0.1687499999999992 0.0 0.1250000000000071 0.8750000000000071 1.0 1.0 1.0 1.0 1.0 1.0 0.8749999999999893 
0.8750000000000044 1.0 1.0 1.0 1.0 1.0 1.0 1.0 1.0 0.7187500000000006 0.550000000000006 0.6062500000000085 0.943750000000004 1.0 1.0 1.0 1.0 1.0 1.0 0.8749999999999893 
0.8750000000000044 1.0 1.0 1.0 1.0 1.0 1.0 1.0 1.0 1.0 1.0 1.0 1.0 1.0 1.0 1.0 1.0 1.0 1.0 0.8749999999999893 
0.8750000000000044 1.0 1.0 0.9062499999999951 0.34374999999998945 0.718750000000002 1.0 1.0 1.0 1.0 1.0 1.0 1.0 1.0 0.7187499999999893 0.3437500000000018 0.9062500000000071 1.0 1.0 0.8749999999999893 
0.8750000000000044 1.0 1.0 0.8749999999999947 0.12499999999999423 0.09374999999999671 0.46875000000000105 1.0 1.0 1.0 1.0 1.0 1.0 1.0 0.6249999999999893 0.12500000000001066 0.8750000000000107 1.0 1.0 0.8749999999999893 
0.8750000000000044 1.0 1.0 0.8749999999999947 0.12499999999999423 0.0 0.018749999999997914 0.16875000000000115 0.881250000000006 1.0 1.0 1.0 1.0 0.40624999999998923 0.03124999999999547 0.12500000000001066 0.8750000000000107 1.0 1.0 0.8749999999999893 
0.8750000000000044 1.0 1.0 0.8749999999999947 0.12499999999999423 0.0 0.0 0.11875000000000599 0.8312500000000015 0.949999999999994 0.949999999999994 0.949999999999994 0.949999999999994 0.35624999999999096 0.0 0.12500000000001066 0.8750000000000107 1.0 1.0 0.8749999999999893 
0.8750000000000044 1.0 1.0 0.8749999999999947 0.12499999999999423 0.0 0.0 0.0 0.0 0.0 0.0 0.0 0.0 0.0 0.0 0.12500000000001066 0.8750000000000107 1.0 1.0 0.8749999999999893 
0.8750000000000044 1.0 1.0 0.8749999999999947 0.12499999999999423 0.0 0.0 0.0 0.0 0.0 0.0 0.0 0.0 0.0 0.0 0.12500000000001066 0.8750000000000107 1.0 1.0 0.8749999999999893 
0.8750000000000044 1.0 1.0 0.8749999999999947 0.12499999999999423 0.0 0.0 0.0 0.0 0.0 0.0 0.0 0.0 0.0 0.0 0.12500000000001066 0.8750000000000107 1.0 1.0 0.8749999999999893 
0.8750000000000044 1.0 1.0 0.8749999999999947 0.12499999999999423 0.0 0.0 0.0 0.0 0.0 0.0 0.0 0.0 0.0 0.0 0.12500000000001066 0.8750000000000107 1.0 1.0 0.8749999999999893 
0.8750000000000044 1.0 1.0 0.8749999999999947 0.12499999999999423 0.0 0.0 0.0 0.0 0.0 0.0 0.0 0.0 0.0 0.0 0.12500000000001066 0.8750000000000107 1.0 1.0 0.8749999999999893 
0.8750000000000044 1.0 1.0 0.8749999999999947 0.12499999999999423 0.0 0.0 0.0 0.0 0.0 0.0 0.0 0.0 0.0 0.0 0.12500000000001066 0.8750000000000107 1.0 1.0 0.8749999999999893 
0.8750000000000044 1.0 1.0 0.8749999999999947 0.12499999999999423 0.0 0.0 0.0 0.0 0.0 0.0 0.0 0.0 0.0 0.0 0.12500000000001066 0.8750000000000107 1.0 1.0 0.8749999999999893 
0.8750000000000044 1.0 1.0 0.8749999999999947 0.12499999999999423 0.0 0.0 0.0 0.0 0.0 0.0 0.0 0.0 0.0 0.0 0.12500000000001066 0.8750000000000107 1.0 1.0 0.8749999999999893 
0.8750000000000044 1.0 1.0 0.8749999999999947 0.12499999999999423 0.0 0.0 0.0 0.0 0.0 0.0 0.0 0.0 0.0 0.0 0.12500000000001066 0.8750000000000107 1.0 1.0 0.8749999999999893 
