0.0 0.0 0.0 0.0 0.0 0.0 0.0 0.0 0.0 0.0 0.0 0.0 0.0 0.0 0.0 0.0 0.17500000000000782 1.0 1.0 0.9749999999999908 
0.0 0.0 0.0 0.0 0.0 0.0 0.0 0.0 0.0 0.0 0.0 0.0 0.0 0.0 0.0 0.0 0.17500000000000782 1.0 1.0 0.9749999999999908 
0.0 0.0 0.0 0.0 0.0 0.0 0.0 0.0 0.0 0.0 0.0 0.0 0.0 0.0 0.0 0.22500000000000497 1.0 1.0 0.9906249999999989 0.8531249999999937 
0.0 0.0 0.0 0.0 0.0 0.0 0.0 0.0 0.0 0.0 0.0 0.0 0.0 0.0 0.0 0.22500000000000497 1.0 1.0 0.92499999999999 0.0 
0.0 0.0 0.0 0.0 0.0 0.0 0.0 0.0 0.0 0.0 0.0 0.0 0.0 0.0 0.0 0.22500000000000497 1.0 1.0 0.92499999999999 0.0 
0.0 0.0 0.0 0.0 0.0 0.0 0.0 0.0 0.0 0.0 0.0 0.0 0.0 0.0 0.0 0.22500000000000497 1.0 1.0 0.92499999999999 0.0 
0.0 0.0 0.0 0.0 0.0 0.0 0.0 0.0 0.0 0.0 0.0 0.0 0.0 0.0 0.25437500000000496 0.9418749999999996 1.0 1.0 0.92499999999999 0.0 
0.0 0.0 0.0 0.0 0.0 0.0 0.0 0.0 0.0 0.0 0.0 0.0 0.0 0.0 0.2750000000000057 1.0 1.0 0.9531249999999973 0.5781249999999938 0.0 
0.0 0.0 0.0 0.0 0.0 0.0 0.0 0.0 0.0 0.0 0.0 0.0 0.0 0.0 0.2750000000000057 1.0 1.0 0.8749999999999929 0.0 0.0 
0.0 0.0 0.0 0.0 0.0 0.0 0.0 0.0 0.0 0.0 0.0 0.0 0.0 0.0 0.2750000000000057 1.0 1.0 0.8749999999999929 0.0 0.0 
0.0 0.0 0.0 0.0 0.0 0.0 0.0 0.0 0.0 0.0 0.0 0.0 0.0 0.0 0.2750000000000057 1.0 1.0 0.8749999999999929 0.0 0.0 
0.0 0.0 0.0 0.0 0.0 0.0 0.0 0.0 0.0 0.0 0.0 0.0 0.0 0.3250000000000064 1.0 1.0 1.0 0.8749999999999929 0.0 0.0 
0.0 0.0 0.0 0.0 0.0 0.0 0.0 0.0 0.0 0.0 0.0 0.0 0.0 0.3250000000000064 1.0 1.0 0.8906249999999951 0.32812499999999734 0.0 0.0 
0.0 0.0 0.0 0.0 0.0 0.0 0.0 0.0 0.0 0.0 0.0 0.0 0.0 0.3250000000000064 1.0 1.0 0.8249999999999922 0.0 0.0 0.0 
0.0 0.0 0.4593750000000009 0.09187500000000098 0.0 0.0 0.0 0.0 0.0 0.0 0.0 0.0 0.0 0.3250000000000064 1.0 1.0 0.8249999999999922 0.0 0.0 0.0 
0.9506249999999984 0.9750000000000014 0.9968750000000002 0.9793750000000012 0.21937500000000085 0.0 0.0 0.0 0.0 0.0 0.0 0.0 0.365625000000004 0.9831250000000011 1.0 1.0 0.8249999999999922 0.0 0.0 0.0 
0.5606249999999976 0.9681249999999989 1.0 1.0 0.22500000000000053 0.0 0.0 0.0 0.0 0.0 0.0 0.18062500000000212 0.6406250000000024 1.0 1.0 0.774999999999995 0.0 0.0 0.0 0.0 
0.0 0.9249999999999976 1.0 1.0 0.9031250000000001 0.24062499999999953 0.0 0.0 0.0 0.0 0.41562500000000435 0.9281250000000005 1.0 1.0 0.759374999999995 0.09687499999999938 0.0 0.0 0.0 0.0 
0.0 0.624374999999999 0.9593749999999995 1.0 1.0 1.0 1.0 1.0 1.0 1.0 1.0 1.0 0.8781249999999992 0.45562499999999617 0.0 0.0 0.0 0.0 0.0 0.0 
0.0 0.0 0.19687499999999775 0.22499999999999787 0.825624999999999 1.0 1.0 1.0 1.0 1.0 0.6318749999999951 0.22499999999999787 0.14062499999999786 0.0 0.0 0.0 0.0 0.0 0.0 0.0 
