0.0 0.0 0.0 0.0 0.0 0.0 0.0 0.0 0.29749999999999693 0.3499999999999943 0.3499999999999943 0.44749999999999884 1.0 1.0 0.7074999999999934 0.3499999999999943 0.12249999999999601 0.0 0.0 0.0 
0.0 0.0 0.0 0.0 0.0 0.027499999999997672 0.04999999999999538 0.7625000000000031 1.0 1.0 1.0 1.0 1.0 1.0 1.0 1.0 1.0 1.0 0.192499999999988 0.002499999999999272 
0.0 0.0 0.0 0.0 0.337500000000001 0.8874999999999993 1.0 1.0 1.0 0.2875000000000003 0.250000000000004 0.250000000000004 0.250000000000004 0.250000000000004 0.250000000000004 0.662500000000005 1.0 1.0 1.0 0.04999999999999005 
0.0 0.0 0.0 0.15750000000000025 0.6975000000000002 1.0 1.0 0.6625000000000005 0.08249999999999777 0.0 0.0 0.0 0.0 0.0 0.0 0.3025000000000042 0.8425000000000038 1.0 1.0 0.4774999999999913 
0.0 0.0 0.03749999999999989 0.44750000000000123 1.0 1.0 0.902500000000001 0.2124999999999968 0.0 0.0 0.0 0.0 0.0 0.0 0.0 0.0 0.6500000000000057 1.0 1.0 1.0 
0.0 0.0 0.037500000000001 0.15000000000000213 0.15000000000000213 0.15000000000000213 0.05250000000000016 0.0 0.0 0.0 0.0 0.0 0.0 0.0 0.0 0.0 0.6500000000000057 1.0 1.0 0.19249999999999357 
0.0 0.0 0.0 0.0 0.0 0.0 0.0 0.0 0.0 0.0 0.0 0.0 0.0 0.0 0.0 0.5500000000000043 1.0 1.0 1.0 0.04999999999999005 
0.0 0.0 0.0 0.0 0.0 0.0 0.0 0.0 0.0 0.0 0.0 0.0 0.0 0.08750000000000169 0.5875000000000048 1.0 1.0 0.8124999999999982 0.1124999999999936 0.0 
0.0 0.0 0.0 0.0 0.0 0.0 0.0 0.0 0.0 0.0 0.0 0.0 0.23750000000000532 0.967500000000001 1.0 1.0 1.0 0.2499999999999929 0.0 0.0 
0.0 0.0 0.0 0.0 0.0 0.0 0.0 0.0 0.0 0.0 0.03250000000000403 0.7025000000000038 1.0 1.0 1.0 0.6424999999999961 0.12249999999999726 0.0 0.0 0.0 
0.0 0.0 0.0 0.0 0.0 0.0 0.0 0.0 0.0 0.0 1.0 1.0 1.0 0.8774999999999972 0.35749999999999504 0.0 0.0 0.0 0.0 0.0 
0.0 0.0 0.0 0.0 0.0 0.0 0.0 0.0 0.042500000000003875 0.9525000000000046 1.0 0.992499999999999 0.7124999999999917 0.0 0.0 0.0 0.0 0.0 0.0 0.0 
0.0 0.0 0.0 0.0 0.0 0.0 0.0 0.562500000000006 0.9625000000000018 1.0 1.0 0.8499999999999943 0.0 0.0 0.0 0.0 0.0 0.0 0.0 0.0 
0.0 0.0 0.0 0.0 0.0 0.24750000000000544 0.8075000000000043 1.0 1.0 1.0 0.5224999999999906 0.0 0.0 0.0 0.0 0.0 0.0 0.0 0.0 0.0 
0.0 0.0 0.0 0.0 0.45000000000000373 1.0 1.0 1.0 0.8724999999999944 0.04249999999999579 0.0 0.0 0.0 0.0 0.0 0.0 0.0 0.0 0.0 0.0 
0.0 0.0 0.0 0.2975000000000057 0.9175000000000053 1.0 1.0 0.36249999999998983 0.022499999999997976 0.0 0.0 0.0 0.0 0.0 0.0 0.0 0.0 0.0 0.0 0.0 
0.0 0.08250000000000271 0.6625000000000073 1.0 1.0 0.6974999999999933 0.1574999999999955 0.0 0.0 0.0 0.0 0.0 0.0 0.0 0.0 0.0 0.0 0.0 0.0 0.0 
0.28750000000000864 1.0 1.0 1.0 1.0 0.44999999999999574 0.0 0.0 0.0 0.0 0.0 0.0 0.0 0.0 0.0 0.0 0.0 0.0 0.0 0.0 
1.0 1.0 1.0 1.0 1.0 0.9725000000000052 0.95000000000001 0.95000000000001 0.95000000000001 0.95000000000001 0.95000000000001 0.95000000000001 0.95000000000001 0.95000000000001 0.95000000000001 0.95000000000001 0.3324999999999981 0.0 0.0 0.0 
1.0 1.0 1.0 1.0 1.0 1.0 1.0 1.0 1.0 1.0 1.0 1.0 1.0 1.0 1.0 1.0 0.3499999999999943 0.0 0.0 0.0 
