0.0 0.0 0.3749999999999991 1.0 1.0 1.0 1.0 1.0 1.0 1.0 1.0 1.0 1.0 1.0 1.0 1.0 1.0 1.0 1.0 0.42187500000000294 
0.0 0.22499999999999964 1.0 1.0 1.0 1.0 1.0 1.0 1.0 1.0 1.0 1.0 1.0 1.0 1.0 1.0 1.0 1.0 1.0 1.0 
0.0 0.028125000000000556 0.12500000000000266 0.12500000000000266 0.12500000000000266 0.12500000000000266 0.12500000000000266 0.12500000000000266 0.12500000000000266 0.12500000000000266 0.12500000000000266 0.12500000000000266 0.12500000000000266 0.12500000000000266 0.2781249999999966 1.0 1.0 1.0 1.0 0.19062500000001117 
0.0 0.0 0.0 0.0 0.0 0.0 0.0 0.0 0.0 0.0 0.0 0.0 0.0 0.015624999999994626 0.6906249999999962 1.0 1.0 1.0 0.5156250000000089 0.028125000000003862 
0.0 0.0 0.0 0.0 0.0 0.0 0.0 0.0 0.0 0.0 0.0 0.0 0.0 0.39062499999999295 1.0 1.0 1.0 0.37500000000001066 0.0 0.0 
0.0 0.0 0.0 0.0 0.0 0.0 0.0 0.0 0.0 0.0 0.0 0.0 0.8749999999999929 1.0 1.0 0.9593750000000015 0.459375000000009 0.0 0.0 0.0 
0.0 0.0 0.0 0.0 0.0 0.0 0.0 0.0 0.0 0.0 0.0 0.634374999999995 0.9843749999999991 1.0 1.0 0.6750000000000078 0.0 0.0 0.0 0.0 
0.0 0.0 0.0 0.0 0.0 0.0 0.0 0.0 0.0 0.0 0.5749999999999957 1.0 1.0 1.0 0.8250000000000064 0.0 0.0 0.0 0.0 0.0 
0.0 0.0 0.0 0.0 0.0 0.0 0.0 0.0 0.10312499999999813 0.640624999999996 1.0 1.0 1.0 0.6093750000000053 0.0 0.0 0.0 0.0 0.0 0.0 
0.0 0.0 0.0 0.0 0.0 0.0 0.0 0.015624999999999556 0.36562499999999565 1.0 1.0 1.0 0.8906250000000009 0.0 0.0 0.0 0.0 0.0 0.0 0.0 
0.0 0.0 0.0 0.0 0.0 0.0 0.0 0.12499999999999645 1.0 1.0 1.0 0.365625000000005 0.015625000000000888 0.0 0.0 0.0 0.0 0.0 0.0 0.0 
0.0 0.0 0.0 0.0 0.0 0.0 0.6093749999999981 1.0 1.0 1.0 0.6406250000000027 0.10312500000000213 0.0 0.0 0.0 0.0 0.0 0.0 0.0 0.0 
0.0 0.0 0.0 0.0 0.0 0.309375000000002 0.9843749999999982 1.0 1.0 0.5750000000000064 0.0 0.0 0.0 0.0 0.0 0.0 0.0 0.0 0.0 0.0 
0.0 0.0 0.0 0.0 0.674999999999998 1.0 1.0 1.0 0.725000000000005 0.0 0.0 0.0 0.0 0.0 0.0 0.0 0.0 0.0 0.0 0.0 
0.0 0.0 0.0 0.45937500000000064 0.9593750000000009 1.0 1.0 0.8906250000000027 0.09062499999999804 0.0 0.0 0.0 0.0 0.0 0.0 0.0 0.0 0.0 0.0 0.0 
0.0 0.0 0.3749999999999991 1.0 1.0 1.0 1.0 0.0 0.0 0.0 0.0 0.0 0.0 0.0 0.0 0.0 0.0 0.0 0.0 0.0 
0.028125000000000334 0.5156250000000026 1.0 1.0 1.0 0.690624999999998 0.015625000000001797 0.0 0.0 0.0 0.0 0.0 0.0 0.0 0.0 0.0 0.0 0.0 0.0 0.0 
0.19062500000000343 1.0 1.0 1.0 1.0 0.2781250000000051 0.12500000000000355 0.12500000000000355 0.12500000000000355 0.12500000000000355 0.12500000000000355 0.12500000000000355 0.12500000000000355 0.12500000000000355 0.12500000000000355 0.12500000000000355 0.12500000000000355 0.12500000000000355 0.028125000000002308 0.0 
1.0 1.0 1.0 1.0 1.0 1.0 1.0 1.0 1.0 1.0 1.0 1.0 1.0 1.0 1.0 1.0 1.0 1.0 0.22500000000001208 0.0 
0.4218750000000001 1.0 1.0 1.0 1.0 1.0 1.0 1.0 1.0 1.0 1.0 1.0 1.0 1.0 1.0 1.0 1.0 0.6093750000000067 0.08437500000000453 0.0 
