0.0 0.0 0.0 0.0 0.0 0.0 0.0 0.2624999999999973 0.3499999999999943 0.3499999999999943 1.0 1.0 1.0 1.0 0.7074999999999934 0.3499999999999943 0.12249999999999601 0.0 0.0 0.0 
0.0 0.0 0.0 0.0 0.02249999999999811 0.572500000000002 1.0 1.0 1.0 1.0 0.9974999999999999 0.9500000000000046 0.9625000000000037 1.0 1.0 1.0 1.0 1.0 0.192499999999988 0.002499999999999272 
0.0 0.0 0.0 0.262500000000001 0.8624999999999987 1.0 1.0 1.0 0.36249999999999966 0.250000000000004 0.2375000000000023 0.0 0.06250000000000233 0.250000000000004 0.587500000000007 1.0 1.0 1.0 1.0 0.04999999999999005 
0.0 0.0 0.11250000000000056 0.6424999999999996 1.0 1.0 0.7075000000000005 0.1374999999999984 0.0 0.0 0.0 0.0 0.0 0.0 0.0 0.3025000000000042 0.8425000000000038 1.0 1.0 0.4774999999999913 
0.0 0.022500000000000072 0.36250000000000093 1.0 1.0 0.9175000000000006 0.2974999999999975 0.0 0.0 0.0 0.0 0.0 0.0 0.0 0.0 0.0 0.6500000000000057 1.0 1.0 1.0 
0.0 0.022500000000000738 0.15000000000000213 0.15000000000000213 0.15000000000000213 0.06750000000000032 0.0 0.0 0.0 0.0 0.0 0.0 0.0 0.0 0.0 0.0 0.6500000000000057 1.0 1.0 1.0 
0.0 0.0 0.0 0.0 0.0 0.0 0.0 0.0 0.0 0.0 0.0 0.0 0.0 0.0 0.0 0.30250000000000177 0.8425000000000022 1.0 1.0 0.04999999999999005 
0.0 0.0 0.0 0.0 0.0 0.0 0.0 0.0 0.0 0.0 0.0 0.0 0.0 0.08750000000000169 0.5875000000000048 1.0 1.0 1.0 0.14999999999999147 0.0 
0.0 0.0 0.0 0.0 0.0 0.0 0.0 0.0 0.0 0.0 0.0 0.0 0.23750000000000532 0.967500000000001 1.0 1.0 1.0 0.28749999999999243 0.007499999999999413 0.0 
0.0 0.0 0.0 0.0 0.0 0.0 0.0 0.0 0.0 0.0 0.03250000000000403 0.7025000000000038 1.0 1.0 1.0 0.6424999999999961 0.12249999999999726 0.0 0.0 0.0 
0.0 0.0 0.0 0.0 0.0 0.0 0.0 0.0 0.0 0.0 0.3825000000000053 1.0 1.0 1.0 0.5499999999999936 0.0 0.0 0.0 0.0 0.0 
0.0 0.0 0.0 0.0 0.0 0.0 0.0 0.0 0.042500000000003875 0.9525000000000046 1.0 1.0 0.9874999999999987 0.6174999999999908 0.0 0.0 0.0 0.0 0.0 0.0 
0.0 0.0 0.0 0.0 0.0 0.0 0.0 0.562500000000006 0.9625000000000018 1.0 1.0 0.8874999999999952 0.187499999999996 0.0 0.0 0.0 0.0 0.0 0.0 0.0 
0.0 0.0 0.0 0.0 0.0 0.24750000000000544 0.8075000000000043 1.0 1.0 1.0 0.5224999999999906 0.0 0.0 0.0 0.0 0.0 0.0 0.0 0.0 0.0 
0.0 0.0 0.0 0.0 0.06750000000000311 0.6175000000000062 1.0 1.0 0.8724999999999944 0.04249999999999579 0.0 0.0 0.0 0.0 0.0 0.0 0.0 0.0 0.0 0.0 
0.0 0.0 0.0 0.2975000000000057 0.9175000000000053 1.0 1.0 1.0 0.14999999999999503 0.0 0.0 0.0 0.0 0.0 0.0 0.0 0.0 0.0 0.0 0.0 
0.0 0.08250000000000271 0.6625000000000073 1.0 1.0 1.0 0.6424999999999927 0.11249999999999605 0.0 0.0 0.0 0.0 0.0 0.0 0.0 0.0 0.0 0.0 0.0 0.0 
0.28750000000000864 1.0 1.0 1.0 1.0 0.44999999999999574 0.0 0.0 0.0 0.0 0.0 0.0 0.0 0.0 0.0 0.0 0.0 0.0 0.0 0.0 
1.0 1.0 1.0 1.0 1.0 0.9725000000000052 0.95000000000001 0.95000000000001 0.95000000000001 0.95000000000001 0.95000000000001 0.95000000000001 0.95000000000001 0.95000000000001 0.95000000000001 0.95000000000001 0.95000000000001 0.23749999999999574 0.0 0.0 
1.0 1.0 1.0 1.0 1.0 1.0 1.0 1.0 1.0 1.0 1.0 1.0 1.0 1.0 1.0 1.0 1.0 0.2499999999999929 0.0 0.0 
