0.0 0.0 0.0 0.0 0.0 0.0 0.22749999999999768 0.3499999999999943 0.9025000000000024 1.0 1.0 1.0 1.0 1.0 1.0 1.0 0.5774999999999926 0.0874999999999961 0.0 0.0 
0.0 0.0 0.0 0.0 0.02249999999999811 0.572500000000002 1.0 1.0 1.0 0.9525000000000041 0.9500000000000046 0.9500000000000046 0.9500000000000046 0.9500000000000046 0.9725000000000028 1.0 1.0 1.0 0.192499999999988 0.002499999999999272 
0.0 0.0 0.0 0.262500000000001 0.8624999999999987 1.0 1.0 1.0 0.36249999999999966 0.012499999999999045 0.0 0.0 0.0 0.0 0.1125000000000034 0.662500000000005 1.0 1.0 1.0 0.04999999999999005 
0.0 0.0 0.11250000000000056 0.6424999999999996 1.0 1.0 0.7075000000000005 0.1374999999999984 0.0 0.0 0.0 0.0 0.0 0.0 0.0 0.0 0.6500000000000057 1.0 1.0 1.0 
0.0 0.0 0.2500000000000031 1.0 1.0 0.44999999999999574 0.0 0.0 0.0 0.0 0.0 0.0 0.0 0.0 0.0 0.0 0.6500000000000057 1.0 1.0 1.0 
0.0 0.12750000000000206 0.8874999999999988 1.0 1.0 0.44999999999999574 0.0 0.0 0.0 0.0 0.0 0.0 0.0 0.0 0.0 0.0 0.6500000000000057 1.0 1.0 1.0 
0.0 0.1500000000000028 1.0 1.0 1.0 0.44999999999999574 0.0 0.0 0.0 0.0 0.0 0.0 0.0 0.0 0.0 0.30250000000000177 0.8425000000000022 1.0 1.0 0.04999999999999005 
0.0 0.1500000000000028 1.0 1.0 1.0 0.44999999999999574 0.0 0.0 0.0 0.0 0.0 0.0 0.0 0.0 0.0 0.5500000000000043 1.0 1.0 1.0 0.04999999999999005 
0.0 0.1500000000000028 1.0 1.0 1.0 0.44999999999999574 0.0 0.0 0.0 0.0 0.0 0.0 0.0 0.0 0.42750000000000654 0.9775000000000007 1.0 1.0 1.0 0.04999999999999005 
0.0 0.0 0.2500000000000031 1.0 1.0 1.0 0.7725 0.6500000000000021 0.6500000000000021 0.6500000000000021 0.6500000000000021 0.6500000000000021 0.7375000000000035 1.0 1.0 1.0 1.0 1.0 0.14999999999999147 0.0 
0.0 0.0 0.0 0.2275000000000016 0.6499999999999986 0.8425000000000009 1.0 1.0 1.0 1.0 1.0 1.0 0.9124999999999978 0.6499999999999986 0.8075000000000014 1.0 1.0 1.0 0.14999999999999147 0.0 
0.0 0.0 0.0 0.0 0.0 0.0 0.0 0.0 0.0 0.0 0.0 0.0 0.0 0.0 0.4500000000000064 1.0 1.0 1.0 0.14999999999999147 0.0 
0.0 0.0 0.0 0.0 0.0 0.0 0.0 0.0 0.0 0.0 0.0 0.0 0.0 0.0 0.4500000000000064 1.0 1.0 0.437499999999992 0.037499999999997334 0.0 
0.0 0.0 0.0 0.0 0.0 0.0 0.0 0.0 0.0 0.0 0.0 0.0 0.0 0.0 0.4500000000000064 1.0 1.0 0.2499999999999929 0.0 0.0 
1.0 1.0 0.7874999999999988 0.09750000000000321 0.0 0.0 0.0 0.0 0.0 0.0 0.0 0.0 0.0 0.35000000000000675 1.0 1.0 1.0 0.2499999999999929 0.0 0.0 
1.0 1.0 1.0 0.6499999999999968 0.0 0.0 0.0 0.0 0.0 0.0 0.0 0.0 0.0 0.35000000000000675 1.0 1.0 0.44749999999998963 0.0374999999999968 0.0 0.0 
1.0 1.0 1.0 0.6499999999999968 0.0 0.0 0.0 0.0 0.0 0.0 0.0 0.0 0.25000000000000533 1.0 1.0 1.0 0.3499999999999943 0.0 0.0 0.0 
0.05000000000000249 1.0 1.0 1.0 0.6625000000000004 0.2500000000000071 0.2500000000000071 0.06250000000000067 0.2125000000000073 0.2500000000000071 0.2875000000000113 1.0 1.0 1.0 0.8874999999999952 0.3374999999999936 0.0 0.0 0.0 0.0 
0.002499999999999627 0.1924999999999942 1.0 1.0 1.0 1.0 1.0 0.9625000000000072 0.9925000000000017 1.0 1.0 1.0 1.0 0.6674999999999901 0.02749999999999421 0.0 0.0 0.0 0.0 0.0 
0.0 0.0 0.08749999999999789 0.3499999999999872 0.3499999999999872 0.707499999999997 1.0 1.0 1.0 0.38249999999998485 0.3499999999999872 0.29749999999998716 0.0 0.0 0.0 0.0 0.0 0.0 0.0 0.0 
