0.0 0.0 0.0 0.009374999999999478 0.06562499999999495 0.07499999999999396 0.07499999999999396 0.07499999999999396 0.07499999999999396 0.6531250000000011 1.0 0.8843749999999959 0.19062499999999144 0.07499999999999396 0.04687499999999596 0.0 0.0 0.0 0.0 0.0 
0.0 0.0 0.08437499999999835 0.321874999999997 0.9031250000000016 1.0 1.0 1.0 1.0 1.0 1.0 1.0 1.0 1.0 0.709374999999995 0.22499999999999387 0.22499999999999387 0.0843749999999969 0.0 0.0 
0.0 0.23437499999999714 0.6093749999999979 1.0 1.0 1.0 1.0 0.9531249999999994 0.6718750000000041 0.6250000000000062 0.6250000000000062 0.6718750000000068 0.9531250000000021 1.0 1.0 1.0 1.0 0.6093749999999939 0.23437499999999478 0.0 
0.45937499999999587 0.821874999999999 1.0 1.0 1.0 0.6718750000000023 0.4750000000000063 0.41562500000000385 0.0593749999999991 0.0 0.0 0.059375000000002474 0.4156250000000072 0.4750000000000063 0.6718750000000058 1.0 1.0 1.0 0.6249999999999964 0.0 
0.8750000000000027 1.0 1.0 1.0 1.0 0.3749999999999969 0.0 0.0 0.0 0.0 0.0 0.0 0.0 0.0 0.37500000000000355 1.0 1.0 1.0 0.6249999999999964 0.0 
0.8750000000000027 1.0 1.0 0.8968749999999982 0.27812500000000273 0.06562500000000172 0.0 0.0 0.0 0.0 0.0 0.0 0.0 0.0 0.37500000000000355 1.0 1.0 1.0 0.9343749999999971 0.7218749999999918 
0.8750000000000027 1.0 1.0 0.8749999999999969 0.12499999999999689 0.0 0.0 0.0 0.0 0.0 0.0 0.0 0.0 0.0 0.37500000000000355 1.0 1.0 1.0 1.0 0.8749999999999964 
0.8750000000000027 1.0 1.0 0.8906249999999963 0.23437499999999106 0.04687499999999695 0.0 0.0 0.0 0.0 0.0 0.0 0.0 0.0 0.37500000000000355 1.0 1.0 1.0 0.6249999999999964 0.0 
0.6343750000000078 0.8968750000000033 1.0 1.0 1.0 0.3749999999999969 0.0 0.0 0.0 0.0 0.0 0.0 0.0 0.17187499999999675 0.5468749999999983 1.0 1.0 1.0 0.6249999999999964 0.0 
0.0 0.6250000000000028 1.0 1.0 1.0 0.6406249999999942 0.4249999999999936 0.4249999999999936 0.4249999999999936 0.4249999999999936 0.4249999999999936 0.4249999999999936 0.4249999999999936 0.7843749999999996 1.0 1.0 1.0 1.0 0.6249999999999964 0.0 
0.0 0.26562500000000494 0.6406250000000054 1.0 1.0 1.0 1.0 1.0 1.0 1.0 1.0 1.0 1.0 1.0 1.0 1.0 1.0 1.0 0.6249999999999964 0.0 
0.0 0.0 0.10312500000000359 0.27500000000000746 0.27500000000000746 0.27500000000000746 0.5468750000000072 1.0 1.0 1.0 1.0 0.9093749999999984 0.365625000000004 0.7281250000000054 1.0 1.0 1.0 1.0 0.6249999999999964 0.0 
0.0 0.0 0.0 0.0 0.0 0.0 0.04687500000000311 0.1250000000000071 0.1250000000000071 0.1250000000000071 0.1250000000000071 0.10937500000000577 0.015625000000000444 0.07812500000000488 0.45312500000000755 1.0 1.0 1.0 0.6249999999999964 0.0 
0.02187499999999416 0.02499999999999325 0.015624999999995708 0.0 0.0 0.0 0.0 0.0 0.0 0.0 0.0 0.0 0.0 0.0 0.37500000000000355 1.0 1.0 1.0 0.6249999999999964 0.0 
0.8750000000000027 1.0 0.6906249999999939 0.15312499999999074 0.021874999999998212 0.0 0.0 0.0 0.0 0.0 0.0 0.0 0.0 0.0 0.37500000000000355 1.0 1.0 1.0 0.6249999999999964 0.0 
0.8750000000000027 1.0 1.0 0.8749999999999969 0.12499999999999689 0.0 0.0 0.0 0.0 0.0 0.0 0.0 0.0 0.2031249999999985 0.5781249999999998 1.0 1.0 1.0 0.6249999999999964 0.0 
0.8750000000000027 1.0 1.0 0.9343749999999977 0.5406249999999934 0.1781249999999964 0.0 0.0 0.0 0.0 0.0 0.0 0.0 0.6250000000000036 1.0 1.0 1.0 0.7031250000000019 0.32812500000000167 0.0 
0.3281250000000072 0.7656250000000044 1.0 1.0 1.0 0.7656249999999944 0.39062499999999334 0.0 0.0 0.0 0.23437499999999956 0.6249999999999929 0.6249999999999929 0.8593749999999987 1.0 1.0 1.0 0.37499999999999645 0.0 0.0 
0.0 0.6250000000000028 1.0 1.0 1.0 1.0 0.915624999999996 0.7749999999999915 0.7749999999999915 0.7749999999999915 0.8593749999999954 1.0 1.0 1.0 1.0 0.9031249999999983 0.3218750000000047 0.08437500000000239 0.0 0.0 
0.0 0.046875000000006425 0.07500000000000995 0.1906250000000116 0.8843750000000041 1.0 1.0 1.0 1.0 1.0 1.0 1.0 1.0 0.42187500000000294 0.07500000000000995 0.06562500000000844 0.009375000000000976 0.0 0.0 0.0 
