0.0 0.0 0.0 0.0 0.09750000000000193 0.3000000000000078 0.3000000000000078 0.3000000000000078 0.8075000000000007 1.0 1.0 0.8075000000000031 0.3000000000000078 0.3000000000000078 0.05250000000000158 0.0 0.3674999999999949 0.6999999999999922 0.6099999999999965 0.2775000000000085 
0.0 0.0 0.5625000000000028 0.9000000000000072 0.9325000000000047 1.0 1.0 1.0 1.0 1.0 1.0 1.0 1.0 1.0 0.9175000000000061 0.9000000000000072 0.4275000000000047 0.0 0.022499999999998157 0.09249999999999373 
0.0 0.774999999999998 1.0 1.0 1.0 1.0 1.0 1.0 1.0 1.0 1.0 1.0 1.0 1.0 1.0 1.0 0.7375000000000043 0.31250000000000594 0.0 0.0 
0.924999999999998 1.0 1.0 1.0 1.0 0.9824999999999992 0.8774999999999964 0.11250000000000086 0.0 0.0 0.0 0.2474999999999971 0.9124999999999945 0.9974999999999996 1.0 1.0 1.0 0.6625000000000054 0.07750000000000476 0.0 
0.924999999999998 1.0 1.0 1.0 0.7724999999999996 0.24749999999999606 0.0 0.0 0.0 0.0 0.0 0.0 0.03749999999999824 0.292499999999994 0.8774999999999985 1.0 1.0 1.0 0.7750000000000021 0.0 
0.924999999999998 1.0 1.0 1.0 0.675000000000002 0.0 0.0 0.0 0.0 0.0 0.0 0.0 0.0 0.0 0.577499999999996 0.9024999999999977 0.8424999999999983 0.6999999999999957 0.5424999999999982 0.0 
0.924999999999998 1.0 1.0 1.0 0.675000000000002 0.0 0.0 0.0 0.0 0.0 0.0 0.0 0.0 0.0 0.0 0.06749999999999708 0.04749999999999829 0.0 0.0 0.0 
0.924999999999998 1.0 1.0 1.0 0.675000000000002 0.0 0.0 0.0 0.0 0.0 0.0 0.0 0.0 0.0 0.0 0.0 0.0 0.0 0.0 0.0 
0.924999999999998 1.0 1.0 1.0 0.675000000000002 0.0 0.0 0.0 0.0 0.05750000000000159 0.1000000000000032 0.1000000000000032 0.1000000000000032 0.1000000000000032 0.1000000000000032 0.1000000000000032 0.1000000000000032 0.1000000000000032 0.07750000000000269 0.0 
0.924999999999998 1.0 1.0 1.0 0.675000000000002 0.0 0.0 0.0 0.0 0.5749999999999975 1.0 1.0 1.0 1.0 1.0 1.0 1.0 1.0 0.7750000000000021 0.0 
0.924999999999998 1.0 1.0 1.0 0.675000000000002 0.0 0.0 0.0 0.0 0.5749999999999975 1.0 1.0 1.0 1.0 1.0 1.0 1.0 1.0 0.7750000000000021 0.0 
0.924999999999998 1.0 1.0 1.0 0.675000000000002 0.0 0.0 0.0 0.0 0.057499999999998525 0.09999999999999787 0.09999999999999787 0.21249999999999494 0.977499999999998 1.0 1.0 1.0 1.0 0.9775000000000007 0.8325000000000058 
0.924999999999998 1.0 1.0 1.0 0.675000000000002 0.0 0.0 0.0 0.0 0.0 0.0 0.0 0.0 0.0 0.8249999999999993 1.0 1.0 1.0 1.0 0.9250000000000043 
0.924999999999998 1.0 1.0 1.0 0.675000000000002 0.0 0.0 0.0 0.0 0.0 0.0 0.0 0.0 0.0 0.7424999999999982 0.9674999999999992 1.0 1.0 1.0 0.9250000000000043 
0.924999999999998 1.0 1.0 1.0 0.675000000000002 0.0 0.0 0.0 0.0 0.0 0.0 0.0 0.0 0.0 0.5774999999999989 0.902499999999999 1.0 1.0 1.0 0.9250000000000043 
0.924999999999998 1.0 1.0 1.0 0.675000000000002 0.0 0.0 0.0 0.0 0.0 0.0 0.0 0.0 0.0 0.8249999999999993 1.0 1.0 1.0 0.7750000000000021 0.0 
0.924999999999998 1.0 1.0 1.0 0.9674999999999998 0.7425000000000006 0.0 0.0 0.0 0.0 0.0 0.0 0.0 0.0 0.8249999999999993 1.0 1.0 1.0 0.7750000000000021 0.0 
0.0 0.774999999999998 1.0 1.0 1.0 1.0 0.987500000000001 0.5624999999999978 0.49999999999999645 0.49999999999999645 0.49999999999999645 0.49999999999999645 0.5624999999999951 0.9874999999999988 1.0 1.0 1.0 0.6250000000000036 0.0 0.0 
0.0 0.0 0.5624999999999996 0.9475000000000009 1.0 1.0 1.0 1.0 1.0 1.0 1.0 1.0 1.0 1.0 1.0 0.9325000000000018 0.42750000000000227 0.0 0.0 0.0 
0.0 0.0 0.0 0.14250000000000138 0.30000000000000426 0.42250000000000215 1.0 1.0 1.0 1.0 1.0 1.0 0.912500000000003 0.31750000000000567 0.30000000000000426 0.09750000000000224 0.0 0.0 0.0 0.0 
