0.0 0.0 0.11250000000000167 0.15000000000000213 0.6175000000000015 1.0 1.0 1.0 1.0 1.0 1.0 1.0 1.0 0.44749999999999956 0.15000000000000213 0.08250000000000074 0.0 0.0 0.0 0.0 
0.0 0.38250000000000256 0.8625000000000009 1.0 1.0 1.0 1.0 1.0 1.0 1.0 1.0 1.0 1.0 1.0 1.0 0.7524999999999997 0.2925000000000012 0.0 0.0 0.0 
0.7125000000000035 0.9625000000000006 1.0 1.0 1.0 1.0 0.7374999999999984 0.24999999999999645 0.24999999999999645 0.24999999999999645 0.24999999999999645 0.8875000000000005 1.0 1.0 1.0 1.0 0.9125000000000009 0.5625 0.0 0.0 
0.9500000000000002 1.0 1.0 1.0 0.9724999999999976 0.5224999999999966 0.0 0.0 0.0 0.0 0.0 0.0 0.0 0.6500000000000021 1.0 1.0 1.0 1.0 0.8499999999999979 0.0 
0.9500000000000002 1.0 1.0 1.0 0.4499999999999993 0.0 0.0 0.0 0.0 0.0 0.0 0.0 0.0 0.42249999999999815 0.842499999999998 1.0 1.0 1.0 0.8499999999999979 0.0 
0.9500000000000002 1.0 1.0 1.0 0.4499999999999993 0.0 0.0 0.0 0.0 0.0 0.0 0.0 0.0 0.0 0.19249999999999712 0.3499999999999943 0.5774999999999972 0.8374999999999962 0.29749999999999444 0.0 
0.9500000000000002 1.0 1.0 1.0 0.4499999999999993 0.0 0.0 0.0 0.0 0.0 0.0 0.0 0.0 0.0 0.0 0.0 0.017499999999997833 0.03749999999999502 0.0 0.0 
0.9500000000000002 1.0 1.0 1.0 0.4499999999999993 0.0 0.0 0.0 0.0 0.0 0.0 0.0 0.0 0.0 0.0 0.0 0.0 0.0 0.0 0.0 
0.9500000000000002 1.0 1.0 1.0 0.4499999999999993 0.0 0.0 0.0 0.0 0.0 0.0 0.0 0.0 0.0 0.0 0.0 0.0 0.0 0.0 0.0 
0.9500000000000002 1.0 1.0 1.0 0.4499999999999993 0.0 0.0 0.0 0.12750000000000233 0.8500000000000085 0.8500000000000085 0.8500000000000085 0.8500000000000085 0.8500000000000085 0.8500000000000085 0.8500000000000085 0.8500000000000085 0.8500000000000085 0.8500000000000085 0.8075000000000075 
0.9500000000000002 1.0 1.0 1.0 0.4499999999999993 0.0 0.0 0.0 0.12749999999999967 0.8574999999999914 0.9924999999999999 1.0 1.0 1.0 1.0 1.0 1.0 1.0 1.0 0.9499999999999993 
0.9500000000000002 1.0 1.0 1.0 0.4499999999999993 0.0 0.0 0.0 0.0 0.027499999999999893 0.5224999999999921 0.54999999999999 0.54999999999999 0.54999999999999 0.54999999999999 0.7524999999999958 1.0 1.0 1.0 0.9499999999999993 
0.9500000000000002 1.0 1.0 1.0 0.4499999999999993 0.0 0.0 0.0 0.0 0.0 0.0 0.0 0.0 0.0 0.0 0.45000000000000284 1.0 1.0 1.0 0.9499999999999993 
0.9500000000000002 1.0 1.0 1.0 0.4499999999999993 0.0 0.0 0.0 0.0 0.0 0.0 0.0 0.0 0.0 0.0 0.45000000000000284 1.0 1.0 1.0 0.9499999999999993 
0.9500000000000002 1.0 1.0 1.0 0.4499999999999993 0.0 0.0 0.0 0.0 0.0 0.0 0.0 0.0 0.0 0.1925000000000069 0.6425000000000085 1.0 1.0 1.0 0.9499999999999993 
0.9500000000000002 1.0 1.0 1.0 0.8075000000000068 0.35750000000000637 0.0 0.0 0.0 0.0 0.0 0.0 0.0 0.0 0.1924999999999932 0.6424999999999947 1.0 1.0 1.0 0.9499999999999993 
0.047499999999987184 0.8574999999999983 1.0 1.0 1.0 0.977500000000006 0.6175000000000083 0.0 0.0 0.0 0.0 0.0 0.0 0.0 0.0 0.45000000000000284 1.0 1.0 1.0 0.9499999999999993 
0.0 0.6374999999999882 0.9374999999999966 1.0 1.0 1.0 0.7375000000000046 0.2500000000000142 0.2500000000000142 0.2500000000000142 0.2500000000000142 0.2500000000000142 0.2500000000000142 0.2500000000000142 0.662500000000007 1.0 1.0 1.0 0.9624999999999974 0.7124999999999859 
0.0 0.0 0.33749999999998903 0.807499999999995 1.0 1.0 1.0 1.0 1.0 1.0 1.0 1.0 1.0 1.0 1.0 1.0 1.0 0.8624999999999943 0.38249999999998635 0.0 
0.0 0.0 0.0 0.09749999999998989 0.14999999999998437 0.5324999999999923 1.0 1.0 1.0 1.0 1.0 1.0 1.0 1.0 1.0 1.0 0.7024999999999934 0.11249999999998775 0.0 0.0 
