0.0 0.0 0.0 0.0 0.10000000000000053 0.9000000000000012 1.0 1.0 0.7599999999999989 0.28000000000000513 0.9200000000000034 1.0 1.0 0.6999999999999957 0.0 0.0 0.0 0.0 0.0 0.0 
0.0 0.0 0.0 0.0 0.10000000000000053 0.9000000000000012 1.0 1.0 1.0 1.0 1.0 1.0 1.0 0.6999999999999957 0.0 0.0 0.0 0.0 0.0 0.0 
0.0 1.8651746813702603e-15 2.6645352591003757e-15 0.3000000000000017 1.0 1.0 1.0 1.0 1.0 1.0 1.0 1.0 1.0 1.0 0.8999999999999952 0.09999999999999672 7.993605777300957e-16 0.0 0.0 0.0 
0.0 0.6999999999999991 1.0 1.0 1.0 1.0 0.7199999999999981 0.5999999999999979 0.5999999999999979 0.5999999999999979 0.5999999999999979 0.5999999999999979 0.5999999999999979 0.7200000000000002 1.0 1.0 0.5799999999999976 0.19999999999999823 0.0 0.0 
0.7200000000000011 0.9400000000000006 1.0 1.0 0.9199999999999994 0.27999999999999675 0.05999999999999904 0.0 0.0 0.0 0.0 0.0 0.0 0.06000000000000011 0.28000000000000175 0.9200000000000043 1.0 0.8999999999999998 0.5599999999999955 0.0 
0.8999999999999986 1.0 1.0 0.9399999999999992 0.719999999999997 0.07999999999999872 0.0 0.0 0.0 0.0 0.0 0.0 0.0 0.0 0.0800000000000037 0.720000000000002 0.9400000000000004 1.0 0.6999999999999922 0.0 
0.8999999999999986 1.0 1.0 0.7000000000000002 0.0 0.0 0.0 0.0 0.0 0.0 0.0 0.0 0.0 0.0 0.0 0.0 0.2800000000000016 0.3999999999999986 0.27999999999999586 0.0 
0.899999999999997 0.9999999999999994 1.0 0.7000000000000007 1.5987211554602245e-15 1.7763568394002284e-16 0.0 0.0 0.0 0.0 0.0 0.0 0.0 0.0 0.0 0.0 0.0 0.0 0.0 0.0 
0.0 0.6999999999999991 1.0 1.0 0.94 0.4600000000000012 0.12000000000000022 0.0 0.0 0.0 0.0 0.0 0.0 0.0 0.0 0.0 0.0 0.0 0.0 0.0 
0.0 0.13999999999999807 0.5999999999999984 1.0 1.0 1.0 0.8600000000000015 0.8000000000000025 0.8000000000000025 0.7199999999999996 0.07999999999999713 0.0 0.0 0.0 0.0 0.0 0.0 0.0 0.0 0.0 
0.0 0.0 0.0 0.0 0.08000000000000014 0.7199999999999984 0.9399999999999994 1.0 1.0 1.0 1.0 1.0 0.5999999999999985 0.20000000000000284 0.18000000000000158 0.019999999999999147 0.0 0.0 0.0 0.0 
0.0 0.0 0.0 0.0 0.0 0.0 0.2799999999999994 0.3999999999999986 0.3999999999999986 0.3999999999999986 0.3999999999999986 0.8200000000000023 1.0 1.0 0.9599999999999982 0.639999999999999 0.6000000000000014 0.29999999999999644 0.0 0.0 
0.0 0.0 0.0 0.0 0.0 0.0 0.0 0.0 0.0 0.0 0.0 0.0 0.0 0.30000000000000426 1.0 1.0 1.0 0.4999999999999929 0.0 0.0 
0.0 0.0 0.0 0.0 0.0 0.0 0.0 0.0 0.0 0.0 0.0 0.0 0.0 0.0 0.10000000000000497 0.9000000000000057 1.0 1.0 0.6999999999999922 0.0 
0.0 0.0 0.0 0.0 0.0 0.0 0.0 0.0 0.0 0.0 0.0 0.0 0.0 0.0 0.10000000000000497 0.9000000000000057 1.0 1.0 0.9399999999999986 0.7199999999999939 
0.7199999999999963 0.939999999999999 1.0 0.760000000000001 0.18000000000000246 0.020000000000000035 0.0 0.0 0.0 0.0 0.0 0.0 0.0 0.0 0.10000000000000497 0.9000000000000057 1.0 1.0 0.6999999999999922 0.0 
0.0 0.6999999999999991 1.0 1.0 0.8999999999999995 0.09999999999999876 0.0 0.0 0.0 0.0 0.0 0.0 0.0 0.180000000000003 0.6400000000000032 0.9600000000000024 1.0 1.0 0.6999999999999922 0.0 
0.0 0.0 0.49999999999999956 1.0 1.0 1.0 1.0 0.4999999999999982 0.0 0.0 0.0 0.0 0.5000000000000036 1.0 1.0 1.0 1.0 0.4999999999999929 0.0 0.0 
0.0 0.0 0.0 0.17999999999999924 0.6399999999999983 0.9600000000000003 1.0 1.0 1.0 1.0 1.0 1.0 1.0 1.0 0.9599999999999977 0.6399999999999958 0.5999999999999979 0.29999999999999466 0.0 0.0 
0.0 0.0 0.0 0.0 0.020000000000000035 0.1799999999999996 0.1999999999999993 0.1999999999999993 0.1999999999999993 0.1999999999999993 0.1999999999999993 0.7600000000000035 0.5999999999999968 0.1999999999999993 0.17999999999999836 0.019999999999998793 0.0 0.0 0.0 0.0 
