0.0 0.0 0.0 0.0 0.0 0.0 0.122500000000001 0.1750000000000007 0.42250000000000254 1.0 1.0 1.0 1.0 0.7524999999999982 0.1750000000000007 0.1750000000000007 0.052499999999999714 0.0 0.0 0.0 
0.0 0.0 0.0 0.1575000000000016 0.525000000000001 0.525000000000001 0.8575000000000017 1.0 1.0 1.0 1.0 1.0 1.0 1.0 1.0 1.0 0.6674999999999993 0.2624999999999986 0.0 0.0 
0.0 0.0 0.4375000000000026 0.9125000000000012 1.0 1.0 1.0 0.562499999999997 0.12499999999999867 0.12499999999999867 0.12499999999999867 0.12499999999999867 0.12499999999999867 0.12499999999999867 0.2125000000000016 0.9125000000000018 1.0 0.9375000000000002 0.6124999999999987 0.0 
0.0 0.15750000000000147 0.6125000000000025 1.0 1.0 1.0 0.29999999999999716 0.0 0.0 0.0 0.0 0.0 0.0 0.0 0.07750000000000233 0.6975000000000003 0.9325000000000002 1.0 0.7674999999999985 0.20250000000000057 
0.0 0.7000000000000022 1.0 1.0 0.9424999999999985 0.48249999999999704 0.1274999999999982 0.0 0.0 0.0 0.0 0.0 0.0 0.0 0.0 0.0 0.7000000000000028 1.0 1.0 0.8999999999999968 
0.0 0.7000000000000022 1.0 1.0 0.8999999999999977 0.09999999999999787 0.0 0.0 0.0 0.0 0.0 0.0 0.0 0.0 0.0 0.0 0.7000000000000028 1.0 1.0 0.8999999999999968 
0.0 0.7000000000000022 1.0 1.0 0.8999999999999977 0.09999999999999787 0.0 0.0 0.0 0.0 0.0 0.0 0.0 0.0 0.0 0.0 0.7000000000000028 1.0 0.9174999999999986 0.6524999999999958 
0.0 0.26249999999999835 0.6874999999999996 1.0 0.9624999999999995 0.6625000000000024 0.18749999999999928 0.0 0.0 0.0 0.0 0.0 0.0 0.0 0.06250000000000236 0.5625000000000046 0.8875000000000022 1.0 0.6999999999999975 0.0 
0.0 0.0 0.012499999999998457 0.31750000000000017 1.0 1.0 0.9825000000000021 0.487499999999999 0.0 0.0 0.0 0.0 0.0 0.29250000000000337 0.9775000000000029 0.9975000000000004 1.0 0.512499999999995 0.017499999999997698 0.0 
0.0 0.0 0.0 0.0 0.10000000000000231 0.9000000000000021 1.0 1.0 1.0 1.0 1.0 1.0 1.0 1.0 1.0 1.0 0.29999999999999716 0.0 0.0 0.0 
0.0 0.0 0.0 0.20250000000000296 0.7075000000000046 0.9675000000000011 1.0 1.0 0.797499999999997 0.32499999999999574 0.32499999999999574 0.32499999999999574 0.32499999999999574 0.5274999999999987 1.0 1.0 0.29999999999999716 0.0 0.0 0.0 
0.0 0.01750000000000279 0.5125000000000042 1.0 0.9974999999999995 0.9774999999999965 0.29249999999999604 0.0 0.0 0.0 0.0 0.0 0.0 0.0 0.09750000000000272 0.8774999999999986 0.9924999999999989 1.0 0.6999999999999975 0.0 
0.0 0.7000000000000022 1.0 1.0 0.8999999999999977 0.09999999999999787 0.0 0.0 0.0 0.0 0.0 0.0 0.0 0.0 0.0 0.0 0.7000000000000028 1.0 0.8124999999999996 0.337500000000002 
0.6525000000000061 0.9175000000000021 1.0 1.0 0.8999999999999977 0.09999999999999787 0.0 0.0 0.0 0.0 0.0 0.0 0.0 0.0 0.0 0.0 0.7000000000000028 1.0 1.0 0.8999999999999968 
0.9000000000000021 1.0 1.0 0.6999999999999975 0.0 0.0 0.0 0.0 0.0 0.0 0.0 0.0 0.0 0.0 0.0 0.0 0.7000000000000028 1.0 1.0 0.8999999999999968 
0.5174999999999974 0.8724999999999996 1.0 0.8274999999999999 0.38250000000000284 0.04249999999999952 0.0 0.0 0.0 0.0 0.0 0.0 0.0 0.0 0.0 0.0 0.7000000000000028 1.0 1.0 0.8999999999999968 
0.0 0.7000000000000022 1.0 1.0 0.8999999999999977 0.09999999999999787 0.0 0.0 0.0 0.0 0.0 0.0 0.0 0.0 0.07750000000000305 0.6975000000000068 0.9325000000000023 1.0 0.7674999999999964 0.20249999999999416 
0.0 0.0 0.5000000000000022 1.0 0.9124999999999986 0.21250000000000452 0.1250000000000071 0.06250000000000322 0.0 0.0 0.0 0.0 0.062500000000004 0.38750000000000717 1.0 1.0 1.0 0.937499999999996 0.6124999999999928 0.0 
0.0 0.0 0.2624999999999987 0.524999999999995 0.5724999999999967 0.9525000000000006 1.0 0.7375000000000012 0.475000000000005 0.475000000000005 0.475000000000005 0.475000000000005 0.7375000000000044 1.0 1.0 1.0 0.6674999999999952 0.2624999999999956 0.0 0.0 
0.0 0.0 0.0 0.0 0.017499999999999766 0.15749999999999462 0.1749999999999936 0.587499999999999 1.0 1.0 1.0 1.0 0.5874999999999939 0.1749999999999936 0.1749999999999936 0.1749999999999936 0.05249999999999758 0.0 0.0 0.0 
