0.0 0.0 0.0 0.0 0.0 0.0 0.0 0.0 0.0 0.0 0.0 0.0 0.5 1.0 1.0 1.0 1.0 1.0 1.0 0.8999999999999986 
0.0 0.0 0.0 0.0 0.0 0.0 0.0 0.0 0.0 0.0 0.0 0.10500000000000208 0.5750000000000012 1.0 1.0 1.0 1.0 1.0 1.0 0.8999999999999986 
0.0 0.0 0.0 0.0 0.0 0.0 0.0 0.0 0.0 0.0 0.0 0.7000000000000028 1.0 1.0 1.0 1.0 1.0 1.0 0.9249999999999992 0.6749999999999969 
0.0 0.0 0.0 0.0 0.0 0.0 0.0 0.0 0.0 0.03500000000000042 0.3150000000000025 0.8050000000000026 1.0 1.0 1.0 1.0 1.0 1.0 0.6999999999999993 0.0 
0.0 0.0 0.0 0.0 0.0 0.0 0.0 0.0 0.0 0.10000000000000053 0.9000000000000012 1.0 1.0 1.0 1.0 1.0 1.0 1.0 0.6999999999999993 0.0 
0.0 0.0 0.0 0.0 0.0 0.0 0.0 0.0 0.16500000000000087 0.5950000000000016 0.9550000000000007 1.0 1.0 0.8349999999999991 0.5049999999999993 0.945000000000001 1.0 1.0 0.6999999999999993 0.0 
0.0 0.0 0.0 0.0 0.0 0.0 0.0 0.3250000000000016 0.7550000000000018 1.0 1.0 1.0 0.6749999999999989 0.24499999999999825 0.10000000000000142 0.9000000000000021 1.0 1.0 0.6999999999999993 0.0 
0.0 0.0 0.0 0.0 0.0 0.0 0.5250000000000014 0.8750000000000011 1.0 1.0 1.0 0.47499999999999665 0.12499999999999911 0.0 0.10000000000000142 0.9000000000000021 1.0 1.0 0.6999999999999993 0.0 
0.0 0.0 0.0 0.0 0.0 0.0 0.7000000000000002 1.0 1.0 0.9149999999999994 0.23499999999999766 0.044999999999999145 0.0 0.0 0.10000000000000142 0.9000000000000021 1.0 1.0 0.6999999999999993 0.0 
0.0 0.0 0.0 0.0 0.0950000000000002 0.8550000000000013 0.9850000000000003 1.0 1.0 0.8999999999999995 0.09999999999999876 0.0 0.0 0.0 0.10000000000000142 0.9000000000000021 1.0 1.0 0.6999999999999993 0.0 
0.0 0.0 0.0 0.2999999999999998 1.0 1.0 1.0 0.9749999999999996 0.6649999999999988 0.0 0.0 0.0 0.0 0.01500000000000025 0.145000000000002 0.9050000000000021 1.0 1.0 0.6999999999999993 0.0 
0.0 0.0 0.07500000000000015 0.4050000000000001 1.0 1.0 1.0 0.4999999999999991 0.0 0.0 0.0 0.0 0.0 0.3000000000000007 1.0 1.0 1.0 1.0 0.6999999999999993 0.0 
0.0 0.17500000000000115 0.6250000000000007 1.0 1.0 1.0 0.8249999999999987 0.37499999999999845 0.0 0.0 0.0 0.0 0.0 0.3000000000000007 1.0 1.0 1.0 1.0 0.6999999999999993 0.0 
0.3150000000000011 0.8050000000000002 1.0 1.0 1.0 1.0 0.2999999999999998 0.0 0.0 0.0 0.0 0.0 0.0 0.3000000000000007 1.0 1.0 1.0 1.0 0.6999999999999993 0.0 
0.8999999999999995 1.0 1.0 1.0 1.0 1.0 0.6150000000000007 0.45000000000000107 0.45000000000000107 0.45000000000000107 0.45000000000000107 0.45000000000000107 0.45000000000000107 0.6150000000000011 1.0 1.0 1.0 1.0 0.6999999999999993 0.0 
0.8999999999999995 1.0 1.0 1.0 1.0 1.0 1.0 1.0 1.0 1.0 1.0 1.0 1.0 1.0 1.0 1.0 1.0 1.0 0.6999999999999993 0.0 
0.3150000000000011 0.3500000000000014 0.3500000000000014 0.3500000000000014 0.3500000000000014 0.3500000000000014 0.3500000000000014 0.3500000000000014 0.3500000000000014 0.41500000000000165 0.9350000000000009 0.5449999999999992 0.6750000000000007 1.0 1.0 1.0 1.0 1.0 0.6999999999999993 0.0 
0.0 0.0 0.0 0.0 0.0 0.0 0.0 0.0 0.0 0.025000000000000133 0.2250000000000003 0.07499999999999929 0.125 0.47500000000000053 1.0 1.0 1.0 0.6249999999999973 0.17499999999999982 0.0 
0.0 0.0 0.0 0.0 0.0 0.0 0.0 0.0 0.0 0.0 0.0 0.0 0.0 0.3000000000000007 1.0 1.0 1.0 0.49999999999999645 0.0 0.0 
0.0 0.0 0.0 0.0 0.0 0.0 0.0 0.0 0.0 0.0 0.0 0.0 0.0 0.3000000000000007 1.0 1.0 1.0 0.49999999999999645 0.0 0.0 
