0.0 0.0 0.0 0.0 0.0 0.0 0.0 0.0 0.0 0.6250000000000018 1.0 1.0 1.0 1.0 0.6249999999999947 0.0 0.0 0.0 0.0 0.0 
0.0 0.0 0.0 0.0 0.0 0.0 0.0 0.04687500000000103 0.3281250000000032 0.7656250000000022 1.0 1.0 1.0 1.0 0.6249999999999947 0.0 0.0 0.0 0.0 0.0 
0.0 0.0 0.0 0.0 0.0 0.0 0.0 0.12500000000000178 0.8750000000000018 1.0 1.0 1.0 1.0 1.0 0.8593749999999989 0.5468749999999986 0.07812499999999695 0.0 0.0 0.0 
0.0 0.0 0.0 0.0 0.0 0.0 0.0 0.12500000000000178 0.8750000000000018 1.0 1.0 1.0 1.0 1.0 1.0 0.8749999999999947 0.12499999999999467 0.0 0.0 0.0 
0.0 0.0 0.0 0.0 0.0 0.0 0.046875000000000444 0.23437500000000233 0.8906250000000017 1.0 1.0 1.0 1.0 1.0 1.0 0.8749999999999947 0.12499999999999467 0.0 0.0 0.0 
0.0 0.0 0.0 0.0 0.0 0.0 0.3750000000000009 1.0 1.0 1.0 1.0 1.0 1.0 1.0 1.0 0.8749999999999947 0.12499999999999467 0.0 0.0 0.0 
0.0 0.0 0.0 0.0 0.0 0.0 0.3750000000000009 1.0 1.0 1.0 1.0 1.0 1.0 1.0 1.0 0.8749999999999947 0.12499999999999467 0.0 0.0 0.0 
0.0 0.0 0.0 0.0 0.0 0.5468749999999992 0.921874999999999 1.0 1.0 0.45312499999999956 0.12500000000000178 0.12500000000000178 0.12500000000000178 0.6718750000000038 1.0 0.9843749999999991 0.8906249999999978 0.32812499999999467 0.0 0.0 
0.0 0.0 0.0 0.0 0.0 0.6250000000000004 1.0 1.0 1.0 0.3749999999999982 0.0 0.0 0.0 0.6250000000000036 1.0 1.0 1.0 0.37499999999999467 0.0 0.0 
0.0 0.0 0.0 0.04687499999999961 0.32812499999999845 0.7656249999999996 1.0 1.0 1.0 0.3749999999999982 0.0 0.0 0.0 0.6250000000000036 1.0 1.0 1.0 0.37499999999999467 0.0 0.0 
0.0 0.0 0.0 0.12499999999999956 0.875 1.0 1.0 0.9218749999999993 0.453125000000002 0.14062500000000067 0.0 0.0 0.0 0.6250000000000036 1.0 1.0 1.0 0.37499999999999467 0.0 0.0 
0.0 0.0 0.0 0.12499999999999956 0.875 1.0 1.0 0.8749999999999982 0.12499999999999822 0.0 0.0 0.0 0.0 0.07812500000000266 0.4531250000000069 1.0 1.0 0.9218749999999971 0.5468749999999931 0.0 
0.0 0.0 0.3749999999999991 1.0 1.0 1.0 0.9531250000000012 0.7656250000000016 0.10937499999999889 0.0 0.0 0.0 0.0 0.0 0.37500000000000533 1.0 1.0 1.0 0.6249999999999947 0.0 
0.0 0.0 0.3749999999999991 1.0 1.0 1.0 0.6249999999999991 0.0 0.0 0.0 0.0 0.0 0.0 0.0 0.37500000000000533 1.0 1.0 1.0 0.6249999999999947 0.0 
0.0 0.0 0.3749999999999991 1.0 1.0 1.0 0.6249999999999991 0.0 0.0 0.0 0.0 0.0 0.0 0.0 0.37500000000000533 1.0 1.0 1.0 0.6249999999999947 0.0 
0.0 0.5468749999999944 0.9218749999999954 1.0 1.0 1.0 0.6249999999999991 0.0 0.0 0.0 0.0 0.0 0.0 0.5468749999999987 0.9218749999999962 1.0 1.0 1.0 0.9531249999999967 0.7656249999999876 
0.0 0.6249999999999987 1.0 1.0 1.0 1.0 1.0 1.0 1.0 1.0 1.0 1.0 1.0 1.0 1.0 1.0 1.0 1.0 1.0 0.8749999999999929 
0.3281249999999931 0.7656249999999964 1.0 1.0 1.0 0.7656250000000042 0.6250000000000071 0.6250000000000071 0.6250000000000071 0.6250000000000071 0.6250000000000071 0.6250000000000071 0.6250000000000071 0.6250000000000071 0.6250000000000071 0.6718750000000082 0.9531250000000029 1.0 1.0 0.8749999999999929 
0.8749999999999982 1.0 1.0 0.9218750000000011 0.4531250000000062 0.1406250000000025 0.0 0.0 0.0 0.0 0.0 0.0 0.0 0.0 0.0 0.12500000000000533 0.8750000000000053 1.0 1.0 0.8749999999999929 
0.8749999999999982 1.0 1.0 0.8750000000000004 0.125 0.0 0.0 0.0 0.0 0.0 0.0 0.0 0.0 0.0 0.0 0.12500000000000533 0.8750000000000053 1.0 1.0 0.8749999999999929 
