0.3656250000000023 0.9531249999999987 1.0 1.0 1.0 1.0 1.0 1.0 1.0 1.0 1.0 1.0 1.0 1.0 1.0 1.0 1.0 1.0 0.9531249999999962 0.365625 
0.974999999999997 1.0 1.0 1.0 1.0 1.0 1.0 1.0 1.0 1.0 1.0 1.0 1.0 1.0 1.0 1.0 1.0 1.0 0.990624999999999 0.8531249999999885 
0.1218749999999966 0.12499999999999689 0.12499999999999689 0.12499999999999689 0.12499999999999689 0.12499999999999689 0.12499999999999689 0.12499999999999689 0.12499999999999689 0.12499999999999689 0.12499999999999689 0.12499999999999689 0.45312500000000117 1.0 1.0 1.0 1.0 1.0 0.9249999999999936 0.0 
0.0 0.0 0.0 0.0 0.0 0.0 0.0 0.0 0.0 0.0 0.0 0.0 0.0 0.32500000000000284 1.0 1.0 1.0 0.9218749999999952 0.34687499999999516 0.0 
0.0 0.0 0.0 0.0 0.0 0.0 0.0 0.0 0.0 0.0 0.0 0.0 0.14062500000000233 0.5781250000000036 1.0 1.0 0.934374999999998 0.5468749999999932 0.0 0.0 
0.0 0.0 0.0 0.0 0.0 0.0 0.0 0.0 0.0 0.0 0.0 0.42500000000000426 1.0 1.0 1.0 0.9718749999999989 0.7218749999999948 0.0 0.0 0.0 
0.0 0.0 0.0 0.0 0.0 0.0 0.0 0.0 0.0 0.0 0.4156250000000021 0.9281250000000015 1.0 1.0 1.0 0.774999999999995 0.0 0.0 0.0 0.0 
0.0 0.0 0.0 0.0 0.0 0.0 0.0 0.0 0.0 0.0 0.4750000000000014 1.0 1.0 1.0 0.7249999999999943 0.0 0.0 0.0 0.0 0.0 
0.0 0.0 0.0 0.0 0.0 0.0 0.0 0.0 0.0 0.5250000000000021 1.0 1.0 1.0 0.6749999999999972 0.0 0.0 0.0 0.0 0.0 0.0 
0.0 0.0 0.0 0.0 0.0 0.0 0.0 0.0 0.5750000000000011 1.0 1.0 1.0 0.6249999999999964 0.0 0.0 0.0 0.0 0.0 0.0 0.0 
0.0 0.0 0.0 0.0 0.0 0.0 0.0 0.5468750000000008 0.9468750000000001 1.0 1.0 0.6281249999999963 0.07812499999999956 0.0 0.0 0.0 0.0 0.0 0.0 0.0 
0.0 0.0 0.0 0.0 0.0 0.0 0.4218749999999999 0.8593750000000003 1.0 1.0 0.7031249999999991 0.2156249999999984 0.0 0.0 0.0 0.0 0.0 0.0 0.0 0.0 
0.0 0.0 0.0 0.0 0.0 0.27187499999999987 0.7968749999999999 1.0 1.0 0.8031249999999992 0.3281249999999991 0.0 0.0 0.0 0.0 0.0 0.0 0.0 0.0 0.0 
0.0 0.0 0.0 0.0 0.09687499999999988 0.7593749999999997 1.0 1.0 0.9281249999999999 0.41562499999999813 0.0 0.0 0.0 0.0 0.0 0.0 0.0 0.0 0.0 0.0 
0.0 0.0 0.0 0.0 0.774999999999999 1.0 1.0 1.0 0.42499999999999893 0.0 0.0 0.0 0.0 0.0 0.0 0.0 0.0 0.0 0.0 0.0 
0.0 0.0 0.0 0.8249999999999984 1.0 1.0 1.0 0.3749999999999991 0.0 0.0 0.0 0.0 0.0 0.0 0.0 0.0 0.0 0.0 0.0 0.0 
0.0 0.0 0.874999999999998 1.0 1.0 1.0 0.3250000000000002 0.0 0.0 0.0 0.0 0.0 0.0 0.0 0.0 0.0 0.0 0.0 0.0 0.0 
0.0 0.9249999999999975 1.0 1.0 1.0 1.0 0.40937500000000016 0.04687499999999989 0.0 0.0 0.0 0.0 0.0 0.0 0.0 0.0 0.0 0.0 0.0 0.0 
0.0 0.9249999999999975 1.0 1.0 1.0 1.0 1.0 0.9218749999999999 0.875 0.875 0.875 0.875 0.875 0.875 0.875 0.875 0.875 0.875 0.875 0.8531249999999919 
0.0 0.34687499999999905 0.375 0.375 0.375 0.8281249999999998 1.0 0.6093749999999994 0.7343750000000007 1.0 0.7031249999999991 0.375 0.6093750000000022 0.7968749999999982 0.375 0.375 0.375 0.375 0.421875000000004 0.9749999999999908 
