0.0 0.0 0.0 0.0 0.2906250000000024 0.37500000000000355 0.7968750000000011 1.0 1.0 1.0 1.0 1.0 0.7656249999999991 0.37500000000000355 0.2718750000000004 0.0 0.0 0.0 0.0 0.0 
0.0 0.0 0.10937500000000286 0.8468749999999993 1.0 1.0 1.0 1.0 1.0 1.0 1.0 1.0 1.0 1.0 1.0 0.8031249999999964 0.1031250000000024 0.0 0.0 0.0 
0.0 0.8093750000000007 0.9843750000000001 1.0 1.0 1.0 1.0 0.4531249999999973 0.12499999999999689 0.12499999999999689 0.12499999999999689 0.49687500000000195 1.0 1.0 1.0 1.0 0.978125 0.7656249999999964 0.0 0.0 
0.6093750000000007 0.9718749999999993 1.0 1.0 1.0 0.27500000000000036 0.0 0.0 0.0 0.0 0.0 0.0 0.0 0.1218750000000002 0.5468750000000016 1.0 1.0 1.0 0.9249999999999936 0.0 
0.974999999999997 1.0 1.0 1.0 0.22500000000000098 0.0 0.0 0.0 0.0 0.0 0.0 0.0 0.0 0.0 0.2750000000000057 1.0 1.0 1.0 0.9249999999999936 0.0 
0.974999999999997 1.0 1.0 1.0 0.22500000000000098 0.0 0.0 0.0 0.0 0.0 0.0 0.0 0.0 0.0 0.0 0.0 0.0 0.0 0.0 0.0 
0.974999999999997 1.0 1.0 1.0 0.22500000000000098 0.0 0.0 0.0 0.0 0.0 0.0 0.0 0.0 0.0 0.0 0.0 0.0 0.0 0.0 0.0 
0.974999999999997 1.0 1.0 1.0 0.22500000000000098 0.0 0.0 0.0 0.0 0.0 0.0 0.0 0.0 0.0 0.0 0.0 0.0 0.0 0.0 0.0 
0.974999999999997 1.0 1.0 1.0 0.22500000000000098 0.0 0.0 0.0 0.0 0.0 0.0 0.0 0.0 0.0 0.0 0.0 0.0 0.0 0.0 0.0 
0.974999999999997 1.0 1.0 1.0 0.22500000000000098 0.0 0.0 0.0 0.0 0.06562500000000027 0.5406250000000012 1.0 1.0 1.0 1.0 1.0 1.0 1.0 0.9343749999999944 0.12187499999999885 
0.974999999999997 1.0 1.0 1.0 0.22500000000000098 0.0 0.0 0.0 0.0 0.06562500000000027 0.5406250000000012 1.0 1.0 1.0 1.0 1.0 1.0 1.0 1.0 0.9749999999999908 
0.974999999999997 1.0 1.0 1.0 0.22500000000000098 0.0 0.0 0.0 0.0 0.0 0.0 0.0 0.0 0.0 0.2750000000000057 1.0 1.0 1.0 1.0 0.9749999999999908 
0.974999999999997 1.0 1.0 1.0 0.22500000000000098 0.0 0.0 0.0 0.0 0.0 0.0 0.0 0.0 0.0 0.0 0.22500000000000497 1.0 1.0 1.0 0.9749999999999908 
0.974999999999997 1.0 1.0 1.0 0.22500000000000098 0.0 0.0 0.0 0.0 0.0 0.0 0.0 0.0 0.0 0.0 0.22500000000000497 1.0 1.0 0.9906249999999992 0.8531249999999919 
0.974999999999997 1.0 1.0 1.0 0.22500000000000098 0.0 0.0 0.0 0.0 0.0 0.0 0.0 0.0 0.0 0.0 0.22500000000000497 1.0 1.0 0.9249999999999936 0.0 
0.36562499999999887 0.9531249999999984 1.0 1.0 0.22500000000000098 0.0 0.0 0.0 0.0 0.0 0.0 0.0 0.0 0.0 0.0 0.22500000000000497 1.0 1.0 0.9249999999999936 0.0 
0.0 0.9249999999999975 1.0 1.0 0.5156250000000007 0.10312500000000013 0.0 0.0 0.0 0.0 0.0 0.0 0.0 0.0 0.10312500000000213 0.5156250000000031 1.0 1.0 0.9249999999999936 0.0 
0.0 0.0 0.874999999999998 1.0 1.0 1.0 0.40937500000000016 0.04687499999999989 0.0 0.0 0.0 0.0 0.046875000000000444 0.4093750000000025 1.0 1.0 0.9781249999999995 0.7656249999999938 0.0 0.0 
0.0 0.0 0.10937499999999975 0.8468749999999986 1.0 1.0 1.0 0.9218749999999999 0.875 0.875 0.875 0.875 0.9218750000000004 1.0 1.0 1.0 0.8249999999999957 0.0 0.0 0.0 
0.0 0.0 0.0 0.0 0.0 0.27187499999999987 0.375 0.7656250000000006 1.0 1.0 1.0 0.7343749999999973 0.375 0.375 0.27187499999999787 0.0 0.0 0.0 0.0 0.0 
