0.0 0.0 0.0 0.0 0.20624999999999552 0.6562499999999951 1.0 1.0 1.0 1.0 1.0 1.0 1.0 0.5937499999999984 0.3749999999999929 0.20624999999999902 0.0 0.0 0.0 0.0 
0.0 0.0 0.7499999999999993 1.0 1.0 1.0 1.0 0.968750000000002 0.8750000000000067 0.8750000000000067 0.8750000000000067 0.9812500000000003 1.0 1.0 1.0 1.0 0.6937500000000026 0.09374999999999589 0.0 0.0 
0.0 0.7437499999999945 0.9687499999999983 1.0 1.0 1.0 0.6937500000000041 0.093750000000005 0.0 0.0 0.0 0.10625000000000458 0.12500000000000622 0.6937499999999979 1.0 1.0 1.0 0.7500000000000071 0.0 0.0 
0.593749999999995 0.9437499999999991 1.0 1.0 0.6562500000000039 0.20625000000000354 0.0 0.0 0.0 0.0 0.0 0.0 0.0 0.0 0.5499999999999936 1.0 1.0 1.0 0.8500000000000085 0.0 
0.9500000000000002 1.0 1.0 1.0 0.4500000000000015 0.0 0.0 0.0 0.0 0.0 0.0 0.0 0.0 0.0 0.34374999999999895 0.79375 1.0 1.0 0.8500000000000085 0.0 
0.9500000000000002 1.0 1.0 1.0 0.4500000000000015 0.0 0.0 0.0 0.0 0.0 0.0 0.0 0.0 0.0 0.0 0.4499999999999922 1.0 1.0 0.8500000000000085 0.0 
0.9500000000000002 1.0 1.0 1.0 0.4500000000000015 0.0 0.0 0.0 0.0 0.0 0.0 0.0 0.0 0.0 0.48124999999999246 0.931249999999997 1.0 1.0 0.8500000000000085 0.0 
0.35625000000000345 0.9062500000000003 1.0 1.0 0.7937499999999986 0.34374999999999906 0.0 0.0 0.0 0.0 0.0 0.0 0.0 0.0 0.5499999999999936 1.0 1.0 0.8437500000000053 0.3187500000000062 0.0 
0.0 0.0 0.4687500000000022 0.8687500000000009 1.0 1.0 0.7812500000000001 0.37499999999999645 0.37499999999999645 0.37499999999999645 0.37499999999999645 0.37499999999999645 0.37499999999999645 0.7812499999999957 1.0 1.0 0.6500000000000057 0.0 0.0 0.0 
0.0 0.0 0.0 0.5687500000000014 0.9437500000000014 1.0 1.0 1.0 1.0 1.0 1.0 1.0 1.0 1.0 1.0 0.5500000000000078 0.0 0.0 0.0 0.0 
0.0 0.0 0.0 0.5687499999999969 0.9437499999999982 1.0 1.0 0.7812500000000032 0.12500000000000355 0.12500000000000355 0.12500000000000355 0.8687499999999956 1.0 1.0 1.0 0.9437499999999994 0.5687500000000026 0.0 0.0 0.0 
0.0 0.5312499999999968 0.9062499999999989 1.0 0.6562500000000029 0.20625000000000254 0.0 0.0 0.0 0.0 0.0 0.0 0.0 0.24375000000000044 0.7187499999999976 1.0 1.0 0.9062500000000018 0.5312500000000023 0.0 
0.9500000000000002 1.0 1.0 0.350000000000001 0.0 0.0 0.0 0.0 0.0 0.0 0.0 0.0 0.0 0.0 0.0 0.4499999999999922 1.0 1.0 1.0 0.95000000000001 
0.9500000000000002 1.0 1.0 0.350000000000001 0.0 0.0 0.0 0.0 0.0 0.0 0.0 0.0 0.0 0.0 0.0 0.4499999999999922 1.0 1.0 1.0 0.95000000000001 
0.9500000000000002 1.0 1.0 0.350000000000001 0.0 0.0 0.0 0.0 0.0 0.0 0.0 0.0 0.0 0.0 0.0 0.4499999999999922 1.0 1.0 1.0 0.95000000000001 
0.9500000000000002 1.0 1.0 0.7562500000000003 0.28125000000000094 0.0 0.0 0.0 0.0 0.0 0.0 0.0 0.0 0.0 0.0 0.4499999999999922 1.0 1.0 1.0 0.95000000000001 
0.9500000000000002 1.0 1.0 1.0 0.4500000000000015 0.0 0.0 0.0 0.0 0.0 0.0 0.0 0.0 0.0 0.2062499999999976 0.6562499999999951 1.0 1.0 0.8500000000000085 0.0 
0.0 0.7437499999999998 0.9687499999999999 1.0 1.0 0.6062500000000014 0.125 0.09375000000000033 0.0 0.0 0.0 0.0 0.09374999999999956 0.6937499999999956 1.0 1.0 0.9562500000000007 0.6562500000000062 0.0 0.0 
0.0 0.0 0.09374999999999992 0.6937499999999992 1.0 1.0 1.0 0.9687500000000003 0.875 0.875 0.875 0.875 0.9687499999999996 1.0 1.0 0.6062500000000068 0.08125000000000071 0.0 0.0 0.0 
0.0 0.0 0.0 0.0 0.20624999999999943 0.375 0.375 0.5312499999999983 1.0 1.0 1.0 0.46875000000000355 0.375 0.375 0.1687500000000024 0.0 0.0 0.0 0.0 0.0 
