0.875 1.0 1.0 0.8874999999999986 0.21249999999999925 0.03750000000000027 0.0 0.0 0.0 0.0 0.0 0.0 0.0 0.0625000000000016 0.10000000000000142 0.21250000000000924 0.8875000000000082 1.0 0.6249999999999893 0.0 
0.875 1.0 1.0 1.0 1.0 0.37499999999999734 0.0 0.0 0.0 0.0 0.0 0.037500000000001796 0.2625000000000035 0.7375000000000056 1.0 1.0 1.0 0.8124999999999963 0.43749999999999156 0.0 
0.875 1.0 1.0 1.0 1.0 0.37499999999999734 0.0 0.0 0.0 0.0 0.18750000000000333 0.5625000000000042 0.9375000000000038 1.0 1.0 1.0 1.0 0.3749999999999911 0.0 0.0 
0.875 1.0 1.0 1.0 1.0 0.37499999999999734 0.0 0.0 0.0 0.0 0.37500000000000533 1.0 1.0 1.0 1.0 0.9124999999999935 0.3874999999999921 0.1124999999999966 0.0 0.0 
0.875 1.0 1.0 1.0 1.0 0.37499999999999734 0.0 0.0 0.0 0.5625000000000061 0.9375000000000019 1.0 1.0 1.0 0.6624999999999928 0.08749999999999725 0.012499999999998845 0.0 0.0 0.0 
0.787499999999998 0.9624999999999992 1.0 1.0 1.0 0.37499999999999734 0.03750000000000122 0.2125000000000052 0.8875000000000043 1.0 1.0 0.9874999999999992 0.9124999999999973 0.33749999999999275 0.0 0.0 0.0 0.0 0.0 0.0 
0.0 0.6250000000000006 1.0 1.0 1.0 0.5624999999999997 0.562500000000004 1.0 1.0 1.0 1.0 0.8749999999999947 0.1249999999999929 0.0 0.0 0.0 0.0 0.0 0.0 0.0 
0.0 0.6250000000000006 1.0 1.0 1.0 1.0 1.0 1.0 1.0 1.0 0.812499999999996 0.4374999999999942 0.062499999999996 0.0 0.0 0.0 0.0 0.0 0.0 0.0 
0.0 0.6250000000000006 1.0 1.0 1.0 1.0 1.0 1.0 1.0 0.5624999999999944 0.1874999999999966 0.0 0.0 0.0 0.0 0.0 0.0 0.0 0.0 0.0 
0.0 0.6250000000000007 1.0 1.0 1.0 1.0 1.0 1.0 1.0 0.37499999999999467 0.0 0.0 0.0 0.0 0.0 0.0 0.0 0.0 0.0 0.0 
0.0 0.6250000000000004 1.0 1.0 1.0 1.0 1.0 1.0 1.0 0.4374999999999972 0.06250000000000147 0.0 0.0 0.0 0.0 0.0 0.0 0.0 0.0 0.0 
0.0 0.6250000000000006 1.0 1.0 1.0 1.0 1.0 1.0 1.0 1.0 0.7374999999999978 0.2625000000000021 0.0374999999999984 0.0 0.0 0.0 0.0 0.0 0.0 0.0 
0.0 0.6250000000000006 1.0 1.0 1.0 1.0 1.0 1.0 1.0 1.0 1.0 0.9374999999999978 0.5624999999999996 0.18749999999999778 0.0 0.0 0.0 0.0 0.0 0.0 
0.0 0.6250000000000006 1.0 1.0 1.0 0.5624999999999963 0.29999999999999716 0.3875 0.9125000000000028 1.0 1.0 1.0 1.0 0.3749999999999929 0.0 0.0 0.0 0.0 0.0 0.0 
0.0 0.6250000000000007 1.0 1.0 1.0 0.37499999999999734 0.0 0.012499999999999645 0.08749999999999547 0.6625000000000026 1.0 1.0 1.0 0.9375000000000029 0.5624999999999971 0.0 0.0 0.0 0.0 0.0 
0.0 0.6250000000000004 1.0 1.0 1.0 0.9374999999999967 0.5624999999999937 0.0 0.0 0.0 0.3375000000000029 0.9124999999999962 0.9875 1.0 1.0 0.8874999999999926 0.21249999999999636 0.03750000000000098 0.0 0.0 
0.0 0.6250000000000006 1.0 1.0 1.0 0.5625000000000008 0.1875000000000016 0.0 0.0 0.0 0.0 0.0875000000000032 0.6125000000000013 0.8875000000000005 1.0 1.0 1.0 0.5624999999999964 0.18749999999999947 0.0 
0.0 0.6250000000000006 1.0 1.0 1.0 1.0 0.6249999999999964 0.0 0.0 0.0 0.0 0.0 0.0 0.6250000000000071 1.0 1.0 1.0 1.0 0.6249999999999893 0.0 
0.0 0.6250000000000006 1.0 1.0 1.0 1.0 0.6249999999999964 0.0 0.0 0.0 0.0 0.0 0.0 0.18750000000000036 0.5625000000000032 1.0 1.0 1.0 0.8874999999999978 0.612499999999995 
0.0 0.0624999999999965 0.09999999999999432 0.21249999999999664 0.8875000000000013 0.43749999999999406 0.06249999999999609 0.0 0.0 0.0 0.0 0.0 0.0 0.0 0.037499999999998576 0.21250000000000302 0.8875000000000073 1.0 1.0 0.8749999999999893 
