0.0 0.0 0.0 0.0 0.08125000000000175 0.25000000000000355 0.26875000000000504 0.9062500000000024 1.0 1.0 1.0 1.0 0.9062499999999991 0.2687500000000024 0.25000000000000355 0.25000000000000355 0.11875000000000116 0.0 0.0 0.0 
0.0 0.0 0.0 0.35625000000000334 0.8312500000000028 1.0 1.0 1.0 1.0 1.0 1.0 1.0 1.0 1.0 1.0 1.0 0.8687500000000012 0.4687500000000007 0.0 0.0 
0.0 0.19375000000000303 0.718750000000003 1.0 1.0 1.0 0.9937499999999994 0.7812499999999967 0.7499999999999969 0.7499999999999969 0.7499999999999969 0.7499999999999969 0.7812499999999978 0.9937500000000002 1.0 1.0 1.0 1.0 0.7749999999999986 0.0 
0.0 0.7750000000000025 1.0 1.0 1.0 0.8687499999999977 0.24374999999999686 0.031249999999999 0.0 0.0 0.0 0.0 0.03125000000000011 0.24374999999999775 0.8687500000000017 1.0 1.0 1.0 0.9437500000000003 0.6937500000000003 
0.2312500000000031 0.8312500000000025 1.0 1.0 0.6749999999999976 0.0 0.0 0.0 0.0 0.0 0.0 0.0 0.0 0.0 0.0 0.6750000000000025 1.0 1.0 0.943749999999999 0.6937499999999954 
0.9250000000000025 1.0 1.0 1.0 0.6749999999999976 0.0 0.0 0.0 0.0 0.0 0.0 0.0 0.0 0.0 0.0 0.16874999999999882 0.24999999999999734 0.24999999999999734 0.1937499999999976 0.0 
0.0 0.7750000000000025 1.0 1.0 1.0 0.8687499999999985 0.2437500000000012 0.031249999999999556 0.0 0.0 0.0 0.0 0.0 0.0 0.0 0.0 0.0 0.0 0.0 0.0 
0.0 0.19374999999999923 0.7187500000000011 1.0 1.0 1.0 0.9937499999999995 0.7812500000000009 0.20624999999999877 0.0 0.0 0.0 0.0 0.0 0.0 0.0 0.0 0.0 0.0 0.0 
0.0 0.0 0.4687500000000007 0.7499999999999982 0.8312499999999994 1.0 1.0 1.0 1.0 0.5687499999999995 0.2500000000000018 0.18125000000000074 0.0 0.0 0.0 0.0 0.0 0.0 0.0 0.0 
0.0 0.0 0.0 0.0 0.08125000000000002 0.3812500000000004 1.0 1.0 1.0 1.0 1.0 0.9312499999999999 0.6562500000000002 0.01874999999999898 0.0 0.0 0.0 0.0 0.0 0.0 
0.0 0.0 0.0 0.0 0.0 0.0 0.018750000000001554 0.6562500000000004 0.7499999999999982 0.8937499999999997 1.0 1.0 1.0 1.0 1.0 0.49374999999999936 0.11875000000000031 0.0 0.0 0.0 
0.0 0.0 0.0 0.0 0.0 0.0 0.0 0.0 0.0 0.1437500000000005 0.25 0.4562500000000016 1.0 1.0 1.0 1.0 0.8687499999999995 0.46874999999999867 0.0 0.0 
0.0 0.0 0.0 0.0 0.0 0.0 0.0 0.0 0.0 0.0 0.0 0.0 0.09375000000000133 0.7312500000000011 0.9562500000000007 1.0 1.0 1.0 0.7749999999999986 0.0 
0.0 0.0 0.0 0.0 0.0 0.0 0.0 0.0 0.0 0.0 0.0 0.0 0.0 0.0 0.8250000000000028 1.0 1.0 1.0 0.7749999999999986 0.0 
0.23125000000000062 0.25 0.25 0.13124999999999942 0.0 0.0 0.0 0.0 0.0 0.0 0.0 0.0 0.0 0.0 0.0 0.6750000000000025 1.0 1.0 0.7749999999999986 0.0 
0.9250000000000025 1.0 1.0 0.8812499999999994 0.5062499999999982 0.0 0.0 0.0 0.0 0.0 0.0 0.0 0.0 0.0 0.6187500000000021 0.9187500000000006 1.0 1.0 0.7749999999999986 0.0 
0.9250000000000025 1.0 1.0 1.0 0.7562499999999982 0.20624999999999938 0.0 0.0 0.0 0.0 0.0 0.0 0.031250000000000444 0.24375000000000036 0.8687500000000021 1.0 1.0 0.9062499999999996 0.5812499999999989 0.0 
0.23125000000000062 0.8312500000000018 1.0 1.0 1.0 0.9562499999999994 0.75 0.75 0.75 0.75 0.75 0.75 0.7812500000000004 0.9937500000000004 1.0 1.0 1.0 0.6249999999999982 0.0 0.0 
0.0 0.0 0.46875000000000183 0.8687500000000006 1.0 1.0 1.0 1.0 1.0 1.0 1.0 1.0 1.0 1.0 0.7937499999999993 0.75 0.3562499999999984 0.0 0.0 0.0 
0.0 0.0 0.0 0.11875000000000058 0.25 0.25 0.2687500000000016 0.906250000000002 1.0 1.0 1.0 0.7937499999999984 0.25 0.25 0.04374999999999929 0.0 0.0 0.0 0.0 0.0 
