0.0 0.0 0.0 0.0 0.12187500000000222 0.37500000000000355 0.37500000000000355 0.37500000000000355 0.37500000000000355 0.7343750000000033 0.734375 0.37500000000000355 0.37500000000000355 0.37500000000000355 0.06562499999999889 0.0 0.0 0.0 0.0 0.0 
0.0 0.0 0.07812500000000255 0.5406250000000044 1.0 1.0 1.0 1.0 1.0 1.0 1.0 1.0 1.0 1.0 1.0 1.0 0.5406249999999985 0.07812500000000178 0.0 0.0 
0.0 0.6781250000000046 0.9531250000000016 1.0 1.0 1.0 0.9781249999999972 0.23437499999999417 0.12499999999999689 0.12499999999999689 0.12499999999999689 0.12499999999999689 0.2343750000000004 0.9781250000000027 1.0 1.0 1.0 0.9531250000000007 0.6781249999999996 0.0 
0.578125000000004 0.9156250000000016 1.0 1.0 0.6749999999999972 0.0 0.0 0.0 0.0 0.0 0.0 0.0 0.0 0.0 0.3093749999999995 0.7968750000000018 1.0 1.0 0.9156249999999995 0.5781250000000007 
0.9250000000000025 1.0 1.0 0.5249999999999972 0.0 0.0 0.0 0.0 0.0 0.0 0.0 0.0 0.0 0.0 0.0 0.4218750000000009 0.8218750000000001 1.0 1.0 0.9249999999999972 
0.9250000000000025 1.0 1.0 0.5249999999999972 0.0 0.0 0.0 0.0 0.0 0.0 0.0 0.0 0.0 0.0 0.0 0.0 0.0 0.0 0.0 0.0 
0.9250000000000025 1.0 1.0 0.5249999999999972 0.0 0.0 0.0 0.0 0.0 0.0 0.0 0.0 0.0 0.0 0.0 0.0 0.0 0.0 0.0 0.0 
0.9250000000000025 1.0 1.0 0.5249999999999972 0.0 0.0 0.0 0.0 0.0 0.0 0.0 0.0 0.0 0.0 0.0 0.0 0.0 0.0 0.0 0.0 
0.9250000000000025 1.0 1.0 0.5249999999999972 0.0 0.0 0.0 0.0 0.0 0.0 0.0 0.0 0.0 0.0 0.0 0.0 0.0 0.0 0.0 0.0 
0.9250000000000025 1.0 1.0 0.5249999999999972 0.0 0.0 0.0 0.0 0.0 0.0 0.4250000000000025 1.0 1.0 1.0 1.0 1.0 1.0 1.0 1.0 0.9249999999999972 
0.9250000000000025 1.0 1.0 0.5249999999999972 0.0 0.0 0.0 0.0 0.0 0.0 0.4250000000000025 1.0 1.0 1.0 1.0 1.0 1.0 1.0 1.0 0.9249999999999972 
0.9250000000000025 1.0 1.0 0.5249999999999972 0.0 0.0 0.0 0.0 0.0 0.0 0.0 0.0 0.0 0.0 0.0 0.2531250000000016 0.7031250000000024 1.0 1.0 0.9249999999999972 
0.9250000000000025 1.0 1.0 0.5249999999999972 0.0 0.0 0.0 0.0 0.0 0.0 0.0 0.0 0.0 0.0 0.0 0.0 0.5250000000000039 1.0 1.0 0.9249999999999972 
0.9250000000000025 1.0 1.0 0.5249999999999972 0.0 0.0 0.0 0.0 0.0 0.0 0.0 0.0 0.0 0.0 0.0 0.0 0.5250000000000039 1.0 1.0 0.9249999999999972 
0.9250000000000025 1.0 1.0 0.5249999999999972 0.0 0.0 0.0 0.0 0.0 0.0 0.0 0.0 0.0 0.0 0.0 0.0 0.5250000000000039 1.0 1.0 0.9249999999999972 
0.9250000000000025 1.0 1.0 0.5249999999999972 0.0 0.0 0.0 0.0 0.0 0.0 0.0 0.0 0.0 0.0 0.0 0.0 0.5250000000000039 1.0 1.0 0.9249999999999972 
0.5781250000000016 0.915625000000001 1.0 1.0 0.6749999999999972 0.0 0.0 0.0 0.0 0.0 0.0 0.0 0.0 0.0 0.0 0.0 0.5250000000000039 1.0 1.0 0.9249999999999972 
0.0 0.6781250000000023 0.9531250000000003 1.0 1.0 0.8468749999999978 0.125 0.125 0.0343749999999996 0.0 0.0 0.0 0.015625000000000444 0.1218750000000004 0.125 0.7156250000000037 1.0 1.0 0.7749999999999968 0.0 
0.0 0.0 0.07812500000000033 0.5406250000000024 1.0 1.0 1.0 1.0 0.9093749999999996 0.875 0.875 0.875 0.8906250000000004 0.9968750000000004 1.0 1.0 1.0 0.6718749999999969 0.0968749999999996 0.0 
0.0 0.0 0.0 0.0 0.12187500000000107 0.375 0.3906250000000019 0.9218750000000022 1.0 1.0 1.0 1.0 1.0 1.0 0.4843749999999971 0.375 0.17812499999999853 0.0 0.0 0.0 
