0.0 0.0 0.0 0.0 0.0 0.18000000000000102 0.40000000000000213 0.5500000000000005 1.0 1.0 1.0 1.0 0.5500000000000058 0.40000000000000213 0.40000000000000213 0.2200000000000043 0.0 0.0 0.0 0.0 
0.0 0.0 0.1500000000000019 0.7200000000000016 1.0 1.0 1.0 1.0 1.0 1.0 1.0 1.0 1.0 1.0 1.0 1.0 0.7200000000000081 0.1500000000000036 0.0 0.0 
0.0 0.850000000000003 1.0 1.0 1.0 0.9999999999999992 0.9999999999999982 0.7500000000000004 0.0 0.0 0.0 0.0 0.7499999999999916 0.9999999999999982 0.9999999999999992 1.0 1.0 1.0 0.8500000000000121 0.0 
0.7600000000000044 0.9700000000000009 1.0 1.0 0.5599999999999985 0.10999999999999908 0.0 0.0 0.0 0.0 0.0 0.0 0.0 0.0 0.10999999999999784 0.559999999999993 1.0 1.0 0.8500000000000121 0.0 
0.9500000000000037 1.0 1.0 0.6099999999999983 0.17999999999999908 0.0 0.0 0.0 0.0 0.0 0.0 0.0 0.0 0.0 0.0 0.4499999999999922 1.0 1.0 1.0 0.95000000000001 
0.9500000000000037 1.0 1.0 0.34999999999999876 0.0 0.0 0.0 0.0 0.0 0.0 0.0 0.0 0.0 0.0 0.0 0.0 0.20999999999999372 0.5999999999999979 0.5999999999999979 0.570000000000004 
0.9500000000000037 1.0 1.0 0.34999999999999876 0.0 0.0 0.0 0.0 0.0 0.0 0.0 0.0 0.0 0.0 0.0 0.0 0.0 0.0 0.0 0.0 
0.9500000000000037 1.0 1.0 0.34999999999999876 0.0 0.0 0.0 0.0 0.0 0.0 0.0 0.0 0.0 0.0 0.0 0.0 0.0 0.0 0.0 0.0 
0.9500000000000037 1.0 1.0 0.34999999999999876 0.0 0.0 0.0 0.0 0.0 0.03999999999999776 0.7599999999999972 0.12000000000000466 0.0 0.0 0.0 0.0 0.0 0.0 0.0 0.0 
0.9500000000000037 1.0 1.0 1.0 0.7800000000000005 0.6000000000000014 0.7400000000000004 1.0 1.0 1.0 1.0 1.0 1.0 1.0 0.7800000000000034 0.6000000000000014 0.39000000000000645 0.0 0.0 0.0 
0.9500000000000037 1.0 1.0 1.0 1.0 0.819999999999999 0.5999999999999979 0.5999999999999979 0.5099999999999996 0.029999999999998188 0.5699999999999954 0.5999999999999979 0.5999999999999979 0.8599999999999972 1.0 1.0 1.0 0.850000000000007 0.34000000000000663 0.0 
0.9500000000000037 1.0 1.0 1.0 0.8900000000000002 0.4400000000000002 0.0 0.0 0.0 0.0 0.0 0.0 0.0 0.0 0.4399999999999953 0.8899999999999988 1.0 1.0 0.8800000000000096 0.1900000000000013 
0.9500000000000037 1.0 1.0 0.34999999999999876 0.0 0.0 0.0 0.0 0.0 0.0 0.0 0.0 0.0 0.0 0.0 0.4499999999999922 1.0 1.0 1.0 0.95000000000001 
0.9500000000000037 1.0 1.0 0.34999999999999876 0.0 0.0 0.0 0.0 0.0 0.0 0.0 0.0 0.0 0.0 0.0 0.08999999999999812 0.47999999999999216 1.0 1.0 0.95000000000001 
0.9500000000000037 1.0 1.0 0.34999999999999876 0.0 0.0 0.0 0.0 0.0 0.0 0.0 0.0 0.0 0.0 0.0 0.4499999999999922 1.0 1.0 1.0 0.95000000000001 
0.9500000000000037 1.0 1.0 0.6099999999999983 0.17999999999999908 0.0 0.0 0.0 0.0 0.0 0.0 0.0 0.0 0.0 0.0 0.17999999999999625 0.6099999999999935 1.0 1.0 0.95000000000001 
0.7600000000000037 0.9700000000000006 1.0 1.0 0.559999999999999 0.10999999999999957 0.0 0.0 0.0 0.0 0.0 0.0 0.0 0.0 0.10999999999999834 0.5599999999999934 1.0 1.0 0.9700000000000025 0.7600000000000087 
0.0 0.850000000000003 1.0 1.0 1.0 1.0 0.6500000000000012 0.0 0.0 0.0 0.0 0.0 0.0 0.649999999999995 1.0 1.0 1.0 1.0 0.8500000000000121 0.0 
0.0 0.0 0.15000000000000258 0.720000000000002 1.0 1.0 1.0 1.0 1.0 1.0 1.0 1.0 1.0 1.0 1.0 1.0 0.7200000000000084 0.15000000000000427 0.0 0.0 
0.0 0.0 0.0 0.0 0.22000000000000342 0.4000000000000057 0.610000000000003 1.0 1.0 1.0 1.0 1.0 0.5500000000000085 0.4000000000000057 0.4000000000000057 0.22000000000000625 0.0 0.0 0.0 0.0 
