0.0 0.0 0.0 0.0 0.0 0.03500000000000024 0.10000000000000142 0.10000000000000142 0.10000000000000142 0.23499999999999913 0.8649999999999983 0.5050000000000026 0.10000000000000142 0.10000000000000142 0.10000000000000142 0.10000000000000142 0.09500000000000164 0.02500000000000071 0.0 0.0 
0.0 0.0 0.07499999999999943 0.2850000000000002 0.30000000000000115 0.5449999999999989 1.0 1.0 1.0 1.0 1.0 1.0 1.0 1.0 1.0 1.0 0.9650000000000021 0.47500000000000336 0.16500000000000084 0.0 
0.0 0.274999999999999 0.6249999999999992 0.9749999999999985 1.0 1.0 0.9750000000000014 0.6250000000000007 0.4999999999999991 0.4999999999999991 0.4999999999999991 0.4999999999999991 0.6249999999999976 0.9749999999999996 1.0 1.0 1.0 1.0 0.5500000000000007 0.0 
0.0 0.549999999999997 1.0 1.0 1.0 0.7550000000000016 0.28500000000000025 0.07500000000000065 0.0 0.0 0.0 0.0 0.07499999999999878 0.2849999999999992 0.2999999999999994 0.5449999999999982 1.0 1.0 0.8650000000000004 0.5950000000000015 
0.7649999999999976 0.9549999999999998 1.0 1.0 0.41500000000000226 0.06500000000000003 0.0 0.0 0.0 0.0 0.0 0.0 0.0 0.0 0.0 0.34999999999999787 1.0 1.0 1.0 0.8500000000000014 
0.849999999999997 1.0 1.0 1.0 0.35000000000000275 0.0 0.0 0.0 0.0 0.0 0.0 0.0 0.0 0.0 0.0 0.3149999999999982 0.9000000000000004 0.9000000000000004 0.9000000000000004 0.7650000000000016 
0.849999999999997 1.0 1.0 1.0 0.35000000000000275 0.0 0.0 0.0 0.0 0.0 0.0 0.0 0.0 0.0 0.0 0.0 0.0 0.0 0.0 0.0 
0.849999999999997 1.0 1.0 1.0 0.35000000000000275 0.0 0.0 0.0 0.0 0.0 0.0 0.0 0.0 0.0 0.0 0.0 0.0 0.0 0.0 0.0 
0.849999999999997 1.0 1.0 1.0 0.35000000000000275 0.0 0.0 0.0 0.0 0.0 0.0 0.0 0.0 0.0 0.0 0.0 0.0 0.0 0.0 0.0 
0.849999999999997 1.0 1.0 1.0 0.35000000000000275 0.0 0.0 0.0 0.0 0.0 0.0 0.0 0.0 0.0 0.0 0.0 0.0 0.0 0.0 0.0 
0.849999999999997 1.0 1.0 1.0 0.35000000000000275 0.0 0.0 0.0 0.0 0.0 0.0 0.0 0.0 0.0 0.0 0.0 0.0 0.0 0.0 0.0 
0.849999999999997 1.0 1.0 1.0 0.35000000000000275 0.0 0.0 0.0 0.0 0.0 0.0 0.0 0.0 0.0 0.0 0.0 0.0 0.0 0.0 0.0 
0.849999999999997 1.0 1.0 1.0 0.35000000000000275 0.0 0.0 0.0 0.0 0.0 0.0 0.0 0.0 0.0 0.0 0.0 0.0 0.0 0.0 0.0 
0.849999999999997 1.0 1.0 1.0 0.35000000000000275 0.0 0.0 0.0 0.0 0.0 0.0 0.0 0.0 0.0 0.0 0.0 0.0 0.0 0.0 0.0 
0.849999999999997 1.0 1.0 1.0 0.35000000000000275 0.0 0.0 0.0 0.0 0.0 0.0 0.0 0.0 0.0 0.0 0.0 0.0 0.0 0.0 0.0 
0.849999999999997 1.0 1.0 1.0 0.35000000000000275 0.0 0.0 0.0 0.0 0.0 0.0 0.0 0.0 0.0 0.06499999999999848 0.4149999999999967 1.0 1.0 1.0 0.8500000000000014 
0.849999999999997 1.0 1.0 1.0 0.35000000000000275 0.0 0.0 0.0 0.0 0.0 0.0 0.0 0.0 0.0 0.6499999999999986 1.0 1.0 1.0 0.8650000000000015 0.5950000000000034 
0.4250000000000015 0.7750000000000001 1.0 1.0 0.674999999999999 0.49999999999999645 0.47499999999999803 0.12500000000000044 0.0 0.0 0.0 0.2749999999999971 0.49999999999999645 0.49999999999999645 0.8249999999999981 1.0 1.0 1.0 0.5500000000000007 0.0 
0.0 0.549999999999997 1.0 1.0 1.0 1.0 0.9850000000000007 0.7749999999999976 0.6999999999999957 0.6999999999999957 0.6999999999999957 0.8649999999999975 1.0 1.0 1.0 1.0 0.9650000000000022 0.4750000000000057 0.16500000000000256 0.0 
0.0 0.05500000000000244 0.10000000000000497 0.10000000000000497 0.6849999999999993 1.0 1.0 1.0 1.0 1.0 1.0 1.0 1.0 1.0 0.41500000000000453 0.10000000000000497 0.09500000000000501 0.025000000000001597 0.0 0.0 
