0.0 0.0 0.0 0.0 0.0 0.06250000000000115 0.10000000000000142 0.21250000000000444 0.8875000000000042 1.0 1.0 0.8874999999999954 0.21249999999999486 0.10000000000000142 0.10000000000000142 0.08750000000000036 0.01249999999999929 0.0 0.0 0.0 
0.0 0.0 0.0 0.037500000000000734 0.26250000000000207 0.7375000000000025 1.0 1.0 1.0 1.0 1.0 1.0 1.0 1.0 1.0 0.912499999999994 0.3874999999999952 0.11249999999999793 0.0 0.0 
0.0 0.0 0.18750000000000122 0.5625000000000024 0.9375000000000013 1.0 1.0 0.937499999999998 0.5624999999999962 0.4999999999999982 0.4999999999999982 0.4999999999999982 0.4999999999999982 0.8125000000000029 1.0 1.0 1.0 0.6874999999999967 0.3124999999999958 0.0 
0.0 0.4375000000000016 0.8125000000000016 1.0 1.0 0.5624999999999969 0.29999999999999805 0.26249999999999724 0.037499999999998423 0.0 0.0 0.0 0.0 0.18750000000000092 0.5625000000000038 1.0 1.0 1.0 0.8874999999999975 0.6124999999999943 
0.0 0.6250000000000007 1.0 1.0 1.0 0.37499999999999734 0.0 0.0 0.0 0.0 0.0 0.0 0.0 0.0 0.3750000000000071 1.0 1.0 1.0 1.0 0.8749999999999893 
0.08750000000000202 0.6625000000000013 1.0 1.0 1.0 0.37499999999999734 0.0 0.0 0.0 0.0 0.0 0.0 0.0 0.0 0.0 0.12500000000000888 0.8750000000000089 1.0 1.0 0.8749999999999893 
0.875 1.0 1.0 1.0 1.0 0.37499999999999734 0.0 0.0 0.0 0.0 0.0 0.0 0.0 0.0 0.11250000000000307 0.3875000000000084 0.9125000000000065 1.0 1.0 0.8749999999999893 
0.875 1.0 1.0 0.9374999999999987 0.5624999999999958 0.18749999999999734 0.0 0.0 0.0 0.0 0.0 0.0 0.0 0.0 0.3750000000000071 1.0 1.0 1.0 1.0 0.8749999999999893 
0.875 1.0 1.0 0.8749999999999982 0.12499999999999778 0.0 0.0 0.0 0.0 0.0 0.0 0.0 0.0 0.0 0.3750000000000071 1.0 1.0 1.0 1.0 0.8749999999999893 
0.875 1.0 1.0 0.8749999999999982 0.12499999999999778 0.0 0.0 0.0 0.0 0.0 0.0 0.0 0.0 0.0 0.3750000000000071 1.0 1.0 1.0 1.0 0.8749999999999893 
0.875 1.0 1.0 0.8749999999999982 0.12499999999999778 0.0 0.0 0.0 0.0 0.0 0.0 0.0 0.0 0.0 0.3750000000000071 1.0 1.0 1.0 0.9624999999999977 0.7874999999999877 
0.875 1.0 1.0 0.8749999999999982 0.12499999999999778 0.0 0.0 0.0 0.0 0.0 0.0 0.0 0.0 0.0 0.3750000000000071 1.0 1.0 1.0 0.6249999999999893 0.0 
0.875 1.0 1.0 0.8749999999999982 0.12499999999999778 0.0 0.0 0.0 0.0 0.0 0.0 0.0 0.0 0.0 0.3750000000000071 1.0 1.0 1.0 0.6249999999999893 0.0 
0.875 1.0 1.0 0.8749999999999982 0.12499999999999778 0.0 0.0 0.0 0.0 0.0 0.0 0.0 0.0 0.0 0.3750000000000071 1.0 1.0 1.0 0.6249999999999893 0.0 
0.875 1.0 1.0 0.8749999999999982 0.12499999999999778 0.0 0.0 0.0 0.0 0.0 0.0 0.0 0.0 0.0 0.3750000000000071 1.0 1.0 1.0 0.6249999999999893 0.0 
0.875 1.0 1.0 0.8749999999999982 0.12499999999999778 0.0 0.0 0.0 0.0 0.0 0.0 0.0 0.0 0.0 0.3750000000000071 1.0 1.0 1.0 0.6249999999999893 0.0 
0.875 1.0 1.0 0.9124999999999993 0.3875000000000022 0.1125000000000008 0.0 0.0 0.0 0.0 0.0 0.0 0.0 0.1875000000000048 0.5625000000000077 1.0 1.0 0.8124999999999947 0.4374999999999899 0.0 
0.4374999999999969 0.8124999999999989 1.0 1.0 1.0 0.6875000000000009 0.5000000000000036 0.43750000000000133 0.062499999999998224 0.0 0.187500000000004 0.5000000000000036 0.5000000000000036 0.8125000000000049 1.0 0.9374999999999951 0.5624999999999925 0.18749999999999423 0.0 0.0 
0.0 0.1874999999999984 0.562499999999999 1.0 1.0 1.0 1.0 0.9624999999999992 0.7375000000000012 0.7000000000000028 0.8125000000000033 1.0 1.0 1.0 0.7374999999999939 0.26249999999999485 0.03749999999999698 0.0 0.0 0.0 
0.0 0.0 0.03749999999999798 0.09999999999999432 0.09999999999999432 0.6625000000000003 1.0 1.0 1.0 1.0 1.0 1.0 1.0 0.43749999999999006 0.06249999999999574 0.0 0.0 0.0 0.0 0.0 
