0.8499999999999934 1.0 1.0 1.0 1.0 1.0 1.0 1.0 1.0 1.0 1.0 1.0 1.0 1.0 1.0 1.0 1.0 1.0 1.0 0.8500000000000085 
0.8499999999999934 1.0 1.0 1.0 1.0 1.0 1.0 1.0 1.0 1.0 1.0 1.0 1.0 1.0 1.0 1.0 1.0 1.0 1.0 0.8500000000000085 
0.5312499999999978 0.6250000000000022 0.6250000000000022 0.6250000000000022 0.6250000000000022 0.6250000000000022 0.6250000000000022 0.6250000000000022 0.6250000000000022 0.6250000000000022 0.6250000000000022 0.6250000000000022 0.6250000000000022 0.6250000000000022 0.8687499999999976 1.0 1.0 1.0 0.8312500000000039 0.5312500000000072 
0.0 0.0 0.0 0.0 0.0 0.0 0.0 0.0 0.0 0.0 0.0 0.0 0.0 0.0 0.6499999999999915 1.0 1.0 1.0 0.5500000000000078 0.0 
0.0 0.0 0.0 0.0 0.0 0.0 0.0 0.0 0.0 0.0 0.0 0.0 0.1687499999999947 0.6412499999999929 0.8862499999999965 1.0 0.9662500000000068 0.4937500000000087 0.17875000000000363 0.0 
0.0 0.0 0.0 0.0 0.0 0.0 0.0 0.0 0.0 0.0 0.0 0.4537499999999924 0.8687499999999976 0.9912499999999985 1.0 1.0 0.95000000000001 0.25000000000001066 0.0 0.0 
0.0 0.0 0.0 0.0 0.0 0.0 0.0 0.0 0.0 0.0 0.0 0.5499999999999918 1.0 1.0 1.0 0.6587500000000097 0.023750000000002273 0.006250000000000799 0.0 0.0 
0.0 0.0 0.0 0.0 0.0 0.0 0.0 0.0 0.0 0.14999999999999236 0.8499999999999917 1.0 1.0 1.0 0.9187500000000022 0.5687500000000092 0.0 0.0 0.0 0.0 
0.0 0.0 0.0 0.0 0.0 0.0 0.0 0.0 0.12374999999999721 0.38374999999999326 0.8912499999999938 1.0 1.0 1.0 0.3500000000000085 0.0 0.0 0.0 0.0 0.0 
0.0 0.0 0.0 0.0 0.0 0.0 0.0 0.0 0.4499999999999922 1.0 1.0 1.0 0.8937500000000033 0.5962500000000044 0.20125000000000529 0.0 0.0 0.0 0.0 0.0 
0.0 0.0 0.0 0.0 0.0 0.0 0.028749999999995775 0.43124999999999486 0.7662499999999963 1.0 1.0 1.0 0.7500000000000071 0.050000000000007816 0.0 0.0 0.0 0.0 0.0 0.0 
0.0 0.0 0.0 0.0 0.0 0.0 0.04999999999999272 0.749999999999992 1.0 1.0 1.0 0.6012500000000061 0.2062500000000022 0.013750000000002167 0.0 0.0 0.0 0.0 0.0 0.0 
0.0 0.0 0.0 0.0 0.0 0.30624999999999286 0.8812499999999974 0.9687499999999986 1.0 1.0 1.0 0.45000000000000817 0.0 0.0 0.0 0.0 0.0 0.0 0.0 0.0 
0.0 0.0 0.0 0.0 0.016249999999998897 0.3662499999999918 1.0 1.0 0.9887500000000008 0.8287500000000086 0.14625000000000835 0.0 0.0 0.0 0.0 0.0 0.0 0.0 0.0 0.0 
0.0 0.0 0.04374999999999808 0.1662499999999961 0.711249999999993 1.0 1.0 1.0 0.5500000000000078 0.0 0.0 0.0 0.0 0.0 0.0 0.0 0.0 0.0 0.0 0.0 
0.0 0.0 0.24999999999999312 0.9499999999999931 1.0 1.0 0.9837500000000022 0.7562500000000004 0.3712500000000037 0.0 0.0 0.0 0.0 0.0 0.0 0.0 0.0 0.0 0.0 0.0 
0.0 0.2612499999999976 0.6062499999999975 0.9737499999999965 1.0 1.0 0.9500000000000073 0.250000000000008 0.0 0.0 0.0 0.0 0.0 0.0 0.0 0.0 0.0 0.0 0.0 0.0 
0.0 0.5499999999999933 1.0 1.0 1.0 0.7812500000000047 0.35625000000000273 0.093750000000003 0.0 0.0 0.0 0.0 0.0 0.0 0.0 0.0 0.0 0.0 0.0 0.0 
0.6587499999999937 0.8987499999999978 1.0 1.0 1.0 0.6500000000000075 0.0 0.0 0.0 0.0 0.0 0.0 0.0 0.0 0.0 0.0 0.0 0.0 0.0 0.0 
0.8499999999999934 1.0 1.0 1.0 0.3987500000000085 0.04875000000000241 0.0 0.0 0.0 0.0 0.0 0.0 0.0 0.0 0.0 0.0 0.0 0.0 0.0 0.0 
