0.11874999999999507 0.8687499999999997 1.0 1.0 1.0 0.6062499999999991 0.0812499999999968 0.0 0.0 0.0 0.0 0.0 0.0 0.0 0.06874999999999627 0.5187499999999918 1.0 1.0 0.8500000000000085 0.0 
0.9500000000000011 1.0 1.0 1.0 1.0 1.0 0.6500000000000021 0.0 0.0 0.0 0.0 0.0 0.0 0.0 0.34374999999999856 0.7937500000000003 1.0 1.0 0.8500000000000085 0.0 
0.3562500000000042 0.9062500000000009 1.0 1.0 1.0 1.0 0.6500000000000021 0.0 0.0 0.0 0.0 0.0 0.0 0.0 0.3437499999999938 0.7937499999999955 1.0 1.0 0.8500000000000085 0.0 
0.0 0.8500000000000005 1.0 1.0 1.0 1.0 0.956249999999999 0.6562499999999997 0.0 0.0 0.0 0.0 0.0 0.0 0.5499999999999936 1.0 1.0 1.0 0.8500000000000085 0.0 
0.0 0.8500000000000005 1.0 1.0 1.0 1.0 1.0 0.7812500000000017 0.10624999999999814 0.0 0.0 0.0 0.0 0.0 0.48124999999999585 0.9312500000000007 1.0 1.0 0.8500000000000085 0.0 
0.0 0.8500000000000005 1.0 1.0 1.0 1.0 1.0 1.0 0.8500000000000032 0.0 0.0 0.0 0.0 0.0 0.0 0.44999999999999396 1.0 1.0 0.8500000000000085 0.0 
0.0 0.8500000000000005 1.0 1.0 1.0 1.0 1.0 1.0 0.943750000000001 0.5937500000000012 0.031250000000002574 0.0 0.0 0.0 0.0 0.44999999999999396 1.0 1.0 0.8500000000000085 0.0 
0.0 0.8500000000000005 1.0 1.0 1.0 1.0 1.0 1.0 1.0 0.9500000000000046 0.05000000000000426 0.0 0.0 0.0 0.0 0.44999999999999396 1.0 1.0 0.8500000000000085 0.0 
0.0 0.8500000000000005 1.0 1.0 0.45000000000000107 0.3937499999999986 0.9187499999999997 1.0 1.0 1.0 1.0 0.2562500000000034 0.031250000000000666 0.0 0.0687499999999992 0.5187499999999947 1.0 1.0 0.8500000000000085 0.0 
0.0 0.8500000000000005 1.0 1.0 0.45000000000000107 0.0 0.21874999999999867 0.718749999999999 1.0 1.0 1.0 1.0 0.25000000000000533 0.0 0.5499999999999936 1.0 1.0 1.0 0.8500000000000085 0.0 
0.0 0.8500000000000005 1.0 1.0 0.7937500000000014 0.343750000000002 0.0 0.24999999999999734 1.0 1.0 1.0 1.0 0.7187500000000033 0.21875000000000483 0.20624999999999663 0.6562499999999952 1.0 1.0 0.8500000000000085 0.0 
0.0 0.8500000000000005 1.0 1.0 1.0 0.5500000000000016 0.0 0.031249999999999223 0.2562499999999957 1.0 1.0 1.0 1.0 0.35000000000000675 0.0 0.44999999999999396 1.0 1.0 0.8500000000000085 0.0 
0.0 0.8500000000000005 1.0 1.0 1.0 0.5500000000000016 0.0 0.0 0.13124999999999692 0.8812499999999978 0.9937499999999994 1.0 1.0 1.0 1.0 1.0 1.0 1.0 0.8500000000000085 0.0 
0.0 0.8500000000000005 1.0 1.0 1.0 0.5500000000000016 0.0 0.0 0.0 0.04999999999999538 0.9499999999999957 1.0 1.0 1.0 1.0 1.0 1.0 1.0 0.8500000000000085 0.0 
0.0 0.8500000000000005 1.0 1.0 1.0 0.5500000000000016 0.0 0.0 0.0 0.018749999999997914 0.35624999999999163 0.9062499999999964 1.0 1.0 1.0 1.0 1.0 1.0 0.8500000000000085 0.0 
0.0 0.8500000000000005 1.0 1.0 1.0 0.5500000000000016 0.0 0.0 0.0 0.0 0.0 0.10624999999999347 0.7812499999999936 1.0 1.0 1.0 1.0 1.0 0.8500000000000085 0.0 
0.0 0.8500000000000005 1.0 1.0 1.0 0.5500000000000016 0.0 0.0 0.0 0.0 0.0 0.0 0.7499999999999947 1.0 1.0 1.0 1.0 1.0 0.8500000000000085 0.0 
0.0 0.8500000000000005 1.0 1.0 1.0 0.5500000000000016 0.0 0.0 0.0 0.0 0.0 0.0 0.46874999999999134 0.868749999999995 1.0 1.0 1.0 1.0 0.8500000000000085 0.0 
0.0 0.8500000000000005 1.0 1.0 1.0 0.5500000000000016 0.0 0.0 0.0 0.0 0.0 0.0 0.0 0.6499999999999932 1.0 1.0 1.0 1.0 0.9437500000000043 0.593750000000013 
0.0 0.10624999999999403 0.7812499999999982 1.0 1.0 0.5500000000000016 0.0 0.0 0.0 0.0 0.0 0.0 0.0 0.08124999999999453 0.6062499999999912 1.0 1.0 1.0 1.0 0.95000000000001 
