0.0 0.0 0.0 0.0 0.0 0.026249999999999458 0.14999999999999858 0.14999999999999858 0.14999999999999858 0.14999999999999858 0.5112499999999968 0.7662500000000008 0.14999999999999858 0.14999999999999858 0.14999999999999858 0.14999999999999858 0.07124999999999954 0.0 0.0 0.0 
0.0 0.0 0.0 0.0 0.1462499999999989 0.546249999999998 1.0 1.0 1.0 1.0 1.0 1.0 1.0 1.0 1.0 1.0 0.7112500000000002 0.2812499999999993 0.0 0.0 
0.0 0.0 0.0 0.3562499999999983 0.831249999999999 1.0 1.0 1.0 1.0 1.0 1.0 1.0 1.0 1.0 1.0 1.0 1.0 0.9062499999999997 0.5812500000000009 0.0 
0.0 0.0 0.6249999999999982 1.0 1.0 0.9912500000000003 0.9262500000000023 0.11875000000000098 0.0 0.0 0.0 0.0 0.0 0.0 0.7837500000000002 0.9837500000000003 1.0 1.0 1.0 0.9250000000000007 
0.0 0.0 0.6249999999999982 1.0 1.0 0.825000000000002 0.0 0.0 0.0 0.0 0.0 0.0 0.0 0.0 0.0 0.6750000000000007 1.0 1.0 1.0 0.9250000000000007 
0.0 0.503749999999999 0.8687499999999995 1.0 1.0 0.825000000000002 0.0 0.0 0.0 0.0 0.0 0.0 0.0 0.0 0.0 0.23625000000000002 0.6912499999999989 1.0 1.0 0.9250000000000007 
0.0 0.7749999999999981 1.0 1.0 1.0 0.825000000000002 0.0 0.0 0.0 0.0 0.0 0.0 0.0 0.0 0.0 0.0 0.5249999999999986 1.0 1.0 0.9250000000000007 
0.0 0.7749999999999981 1.0 1.0 1.0 0.825000000000002 0.0 0.0 0.0 0.0 0.0 0.0 0.0 0.0 0.0 0.16875000000000018 0.6437499999999989 1.0 1.0 0.9250000000000007 
0.0 0.3487499999999986 0.7937499999999987 1.0 1.0 0.921250000000001 0.5362500000000014 0.06875000000000057 0.0 0.0 0.0 0.0 0.0 0.0 0.0 0.6750000000000007 1.0 1.0 1.0 0.9250000000000007 
0.0 0.0 0.6249999999999982 1.0 1.0 1.0 0.9962500000000003 0.8687500000000014 0.8500000000000014 0.36125000000000196 0.3612499999999982 0.6162500000000022 0.10625000000000018 0.8287499999999995 0.8500000000000014 0.9512500000000006 1.0 1.0 1.0 0.9250000000000007 
0.0 0.0 0.0 0.40374999999999756 0.8987499999999983 1.0 1.0 1.0 1.0 1.0 1.0 1.0 1.0 1.0 1.0 1.0 1.0 1.0 1.0 0.9250000000000007 
0.0 0.0 0.0 0.0 0.17874999999999877 0.5499999999999989 0.5499999999999989 0.5499999999999989 0.5499999999999989 0.5499999999999989 0.5499999999999989 0.5499999999999989 0.5499999999999989 0.5499999999999989 0.5499999999999989 0.85375 1.0 1.0 1.0 0.9250000000000007 
0.0 0.0 0.0 0.0 0.0 0.0 0.0 0.0 0.0 0.0 0.0 0.0 0.0 0.0 0.0 0.6750000000000007 1.0 1.0 1.0 0.9250000000000007 
0.0 0.03875000000000046 0.018750000000000357 0.023750000000000254 0.03375000000000056 0.0 0.0 0.0 0.0 0.0 0.0 0.0 0.0 0.0 0.0 0.6750000000000007 1.0 1.0 1.0 0.9250000000000007 
0.32375000000000065 0.8537499999999991 0.593750000000002 0.6587499999999997 0.6750000000000016 0.0 0.0 0.0 0.0 0.0 0.0 0.0 0.0 0.0 0.0 0.6750000000000007 1.0 1.0 0.9212500000000003 0.6012499999999992 
0.3237499999999973 0.8537499999999983 1.0 1.0 0.6750000000000016 0.0 0.0 0.0 0.0 0.0 0.0 0.0 0.0 0.0 0.0 0.6750000000000007 1.0 1.0 0.7750000000000021 0.0 
0.0 0.7749999999999981 1.0 1.0 0.983750000000001 0.7837500000000042 0.0 0.0 0.0 0.0 0.0 0.0 0.0 0.0 0.7837500000000017 0.983750000000001 1.0 1.0 0.7750000000000021 0.0 
0.0 0.5812499999999958 0.9062499999999982 1.0 1.0 1.0 0.9812500000000012 0.3437500000000038 0.25000000000000355 0.25000000000000355 0.25000000000000355 0.25000000000000355 0.3437500000000031 0.9812499999999985 1.0 1.0 1.0 0.9062499999999987 0.5812499999999988 0.0 
0.0 0.0 0.28124999999999656 0.7112499999999968 1.0 1.0 1.0 1.0 1.0 1.0 1.0 1.0 1.0 1.0 1.0 0.6287499999999967 0.44999999999999574 0.28124999999999734 0.0 0.0 
0.0 0.0 0.0 0.07124999999999738 0.14999999999999503 0.14999999999999503 0.17124999999999393 0.8937499999999986 1.0 1.0 1.0 1.0 0.8937499999999994 0.17124999999999696 0.14999999999999503 0.048749999999998274 0.0 0.0 0.0 0.0 
