0.9000000000000012 1.0 1.0 1.0 1.0 1.0 1.0 1.0 1.0 1.0 1.0 1.0 1.0 0.7749999999999995 0.25 0.25 0.07500000000000018 0.0 0.0 0.0 
0.9000000000000012 1.0 1.0 1.0 1.0 1.0 1.0 1.0 1.0 1.0 1.0 1.0 1.0 1.0 1.0 1.0 0.8250000000000001 0.3749999999999999 0.0 0.0 
0.9000000000000012 1.0 1.0 0.9249999999999998 0.7500000000000004 0.7500000000000004 0.7500000000000004 0.7500000000000004 0.7500000000000004 0.7500000000000004 0.7500000000000004 0.7500000000000004 0.7500000000000004 0.8250000000000005 1.0 1.0 1.0 1.0 0.6999999999999993 0.0 
0.9000000000000012 1.0 1.0 0.6999999999999988 0.0 0.0 0.0 0.0 0.0 0.0 0.0 0.0 0.0 0.07500000000000044 0.32500000000000184 0.924999999999999 1.0 1.0 0.9249999999999996 0.6749999999999982 
0.9000000000000012 1.0 1.0 0.6999999999999988 0.0 0.0 0.0 0.0 0.0 0.0 0.0 0.0 0.0 0.0 0.10000000000000142 0.8999999999999986 1.0 1.0 1.0 0.8999999999999986 
0.9000000000000012 1.0 1.0 0.6999999999999988 0.0 0.0 0.0 0.0 0.0 0.0 0.0 0.0 0.0 0.0 0.10000000000000142 0.8999999999999986 1.0 1.0 1.0 0.8999999999999986 
0.9000000000000012 1.0 1.0 0.6999999999999988 0.0 0.0 0.0 0.0 0.0 0.0 0.0 0.0 0.0 0.0 0.10000000000000142 0.8999999999999986 1.0 1.0 1.0 0.8999999999999986 
0.9000000000000012 1.0 1.0 0.6999999999999988 0.0 0.0 0.0 0.0 0.0 0.0 0.0 0.0 0.0 0.0 0.10000000000000142 0.8999999999999986 1.0 1.0 1.0 0.8999999999999986 
0.9000000000000012 1.0 1.0 0.7749999999999986 0.24999999999999822 0.24999999999999822 0.24999999999999822 0.24999999999999822 0.24999999999999822 0.22499999999999826 0.024999999999999734 0.0 0.12499999999999911 0.24999999999999822 0.32499999999999946 0.9249999999999987 1.0 1.0 0.6999999999999993 0.0 
0.9000000000000012 1.0 1.0 1.0 1.0 1.0 1.0 1.0 1.0 0.9749999999999996 0.7749999999999984 0.7499999999999982 0.8749999999999991 1.0 1.0 1.0 1.0 1.0 0.6999999999999993 0.0 
0.9000000000000012 1.0 1.0 1.0 0.9749999999999999 0.7750000000000014 0.9250000000000008 1.0 1.0 1.0 1.0 1.0 1.0 1.0 0.9749999999999999 0.7750000000000019 0.7500000000000018 0.3750000000000009 0.0 0.0 
0.9000000000000012 1.0 1.0 0.7750000000000002 0.22500000000000295 0.025000000000000154 0.17500000000000276 0.25000000000000355 0.25000000000000355 0.25000000000000355 0.25000000000000355 0.25000000000000355 0.25000000000000355 0.25000000000000355 0.22500000000000284 0.02500000000000071 0.0 0.0 0.0 0.0 
0.9000000000000012 1.0 1.0 0.6999999999999988 0.0 0.0 0.0 0.0 0.0 0.0 0.0 0.0 0.0 0.0 0.0 0.0 0.0 0.0 0.0 0.0 
0.9000000000000012 1.0 1.0 0.6999999999999988 0.0 0.0 0.0 0.0 0.0 0.0 0.0 0.0 0.0 0.0 0.0 0.0 0.0 0.0 0.0 0.0 
0.9000000000000012 1.0 1.0 0.6999999999999988 0.0 0.0 0.0 0.0 0.0 0.0 0.0 0.0 0.0 0.0 0.0 0.0 0.0 0.0 0.0 0.0 
0.9000000000000012 1.0 1.0 0.6999999999999988 0.0 0.0 0.0 0.0 0.0 0.0 0.0 0.0 0.0 0.0 0.0 0.0 0.0 0.0 0.0 0.0 
0.9000000000000012 1.0 1.0 0.6999999999999988 0.0 0.0 0.0 0.0 0.0 0.0 0.0 0.0 0.0 0.0 0.0 0.0 0.0 0.0 0.0 0.0 
0.9000000000000012 1.0 1.0 0.6999999999999988 0.0 0.0 0.0 0.0 0.0 0.0 0.0 0.0 0.0 0.0 0.0 0.0 0.0 0.0 0.0 0.0 
0.9000000000000012 1.0 1.0 0.6999999999999988 0.0 0.0 0.0 0.0 0.0 0.0 0.0 0.0 0.0 0.0 0.0 0.0 0.0 0.0 0.0 0.0 
0.9000000000000012 1.0 1.0 0.6999999999999988 0.0 0.0 0.0 0.0 0.0 0.0 0.0 0.0 0.0 0.0 0.0 0.0 0.0 0.0 0.0 0.0 
