0.9000000000000012 1.0 1.0 0.9249999999999997 0.6749999999999993 0.0749999999999994 0.0 0.0 0.0 0.0 0.0 0.0 0.0 0.0 0.025000000000000355 0.22499999999999964 0.7749999999999995 1.0 1.0 0.8999999999999986 
0.9000000000000012 1.0 1.0 0.6999999999999988 0.0 0.0 0.0 0.0 0.0 0.0 0.0 0.0 0.0 0.0 0.10000000000000142 0.8999999999999986 1.0 1.0 1.0 0.8999999999999986 
0.9000000000000012 1.0 1.0 0.6999999999999988 0.0 0.0 0.0 0.0 0.0 0.0 0.0 0.0 0.0 0.0 0.0 0.0 0.6999999999999993 1.0 1.0 0.8999999999999986 
0.9000000000000012 1.0 1.0 0.6999999999999988 0.0 0.0 0.0 0.0 0.0 0.0 0.0 0.0 0.0 0.0 0.0 0.0 0.6999999999999993 1.0 1.0 0.8999999999999986 
0.9000000000000012 1.0 1.0 0.6999999999999988 0.0 0.0 0.0 0.0 0.0 0.0 0.0 0.0 0.0 0.0 0.0 0.0 0.6999999999999993 1.0 1.0 0.8999999999999986 
0.9000000000000012 1.0 1.0 0.6999999999999988 0.0 0.0 0.0 0.0 0.0 0.0 0.0 0.0 0.0 0.0 0.0 0.0 0.6999999999999993 1.0 1.0 0.8999999999999986 
0.9000000000000012 1.0 1.0 0.6999999999999988 0.0 0.0 0.0 0.0 0.0 0.0 0.0 0.0 0.0 0.0 0.0 0.0 0.6999999999999993 1.0 1.0 0.8999999999999986 
0.9000000000000012 1.0 1.0 0.6999999999999988 0.0 0.0 0.0 0.0 0.0 0.0 0.0 0.0 0.0 0.0 0.0 0.0 0.6999999999999993 1.0 1.0 0.8999999999999986 
0.9000000000000012 1.0 1.0 0.6999999999999988 0.0 0.0 0.0 0.0 0.0 0.0 0.0 0.0 0.0 0.0 0.0 0.0 0.6999999999999993 1.0 1.0 0.8999999999999986 
0.9000000000000012 1.0 1.0 0.6999999999999988 0.0 0.0 0.0 0.0 0.0 0.0 0.0 0.0 0.0 0.0 0.0 0.0 0.6999999999999993 1.0 1.0 0.8999999999999986 
0.9000000000000012 1.0 1.0 0.6999999999999988 0.0 0.0 0.0 0.0 0.0 0.0 0.0 0.0 0.0 0.0 0.0 0.0 0.6999999999999993 1.0 1.0 0.8999999999999986 
0.9000000000000012 1.0 1.0 0.6999999999999988 0.0 0.0 0.0 0.0 0.0 0.0 0.0 0.0 0.0 0.0 0.0 0.0 0.6999999999999993 1.0 1.0 0.8999999999999986 
0.9000000000000012 1.0 1.0 0.6999999999999988 0.0 0.0 0.0 0.0 0.0 0.0 0.0 0.0 0.0 0.0 0.0 0.0 0.6999999999999993 1.0 1.0 0.8999999999999986 
0.9000000000000012 1.0 1.0 0.6999999999999988 0.0 0.0 0.0 0.0 0.0 0.0 0.0 0.0 0.0 0.0 0.0 0.0 0.6999999999999993 1.0 1.0 0.8999999999999986 
0.9000000000000012 1.0 1.0 0.6999999999999988 0.0 0.0 0.0 0.0 0.0 0.0 0.0 0.0 0.0 0.0 0.025 0.22499999999999645 0.7749999999999984 1.0 1.0 0.8999999999999986 
0.9000000000000012 1.0 1.0 0.6999999999999988 0.0 0.0 0.0 0.0 0.0 0.0 0.0 0.0 0.0 0.0 0.10000000000000142 0.8999999999999986 1.0 1.0 1.0 0.8999999999999986 
0.6750000000000042 0.9250000000000014 1.0 1.0 0.899999999999999 0.0999999999999992 0.0 0.0 0.0 0.0 0.0 0.0 0.0 0.07499999999999911 0.32499999999999785 0.9249999999999986 1.0 1.0 0.9250000000000009 0.6750000000000022 
0.0 0.7000000000000012 1.0 1.0 0.9749999999999994 0.7749999999999966 0.7499999999999964 0.37499999999999756 0.0 0.0 0.0 0.0 0.3749999999999982 0.8249999999999977 1.0 1.0 1.0 1.0 0.6999999999999993 0.0 
0.0 0.0 0.3750000000000026 0.8250000000000027 1.0 1.0 1.0 1.0 1.0 1.0 1.0 1.0 1.0 1.0 1.0 1.0 0.8250000000000026 0.3750000000000018 0.0 0.0 
0.0 0.0 0.0 0.07500000000000136 0.25000000000000355 0.25000000000000355 0.7750000000000019 1.0 1.0 1.0 1.0 1.0 1.0 0.7750000000000006 0.25000000000000355 0.25000000000000355 0.07500000000000125 0.0 0.0 0.0 
