0.0 0.7000000000000066 1.0 1.0 1.0 1.0 1.0 1.0 1.0 1.0 1.0 1.0 0.637499999999996 0.27500000000000213 0.27500000000000213 0.27500000000000213 0.27500000000000213 0.27500000000000213 0.27500000000000213 0.24749999999999958 
0.0 0.7000000000000066 1.0 1.0 1.0 1.0 1.0 1.0 1.0 1.0 1.0 1.0 1.0 1.0 1.0 1.0 1.0 1.0 1.0 0.8999999999999915 
0.0 0.7000000000000066 1.0 1.0 1.0 1.0 0.737499999999996 0.6249999999999982 0.6249999999999982 0.6249999999999982 0.6249999999999982 0.6249999999999982 0.6249999999999982 0.6249999999999982 0.6249999999999982 0.6249999999999982 0.6249999999999982 0.6249999999999982 0.6249999999999982 0.5624999999999931 
0.0 0.7000000000000066 1.0 1.0 1.0 1.0 0.2999999999999927 0.0 0.0 0.0 0.0 0.0 0.0 0.0 0.0 0.0 0.0 0.0 0.0 0.0 
0.0 0.7000000000000066 1.0 1.0 0.9524999999999966 0.5724999999999956 0.15749999999999575 0.0 0.0 0.0 0.0 0.0 0.0 0.0 0.0 0.0 0.0 0.0 0.0 0.0 
0.0 0.7000000000000066 1.0 1.0 0.8999999999999932 0.09999999999999343 0.0 0.0 0.0 0.0 0.0 0.0 0.0 0.0 0.0 0.0 0.0 0.0 0.0 0.0 
0.0 0.7000000000000066 1.0 1.0 0.9574999999999972 0.6174999999999982 0.17249999999999613 0.28750000000000464 0.5750000000000011 0.5750000000000011 0.5750000000000011 0.5750000000000011 0.5750000000000011 0.40249999999999625 0.0 0.0 0.0 0.0 0.0 0.0 
0.0 0.7000000000000066 1.0 1.0 1.0 1.0 1.0 1.0 1.0 1.0 1.0 1.0 1.0 1.0 1.0 1.0 0.3874999999999944 0.06249999999999911 0.0 0.0 
0.0 0.7000000000000066 1.0 1.0 1.0 1.0 1.0 0.6624999999999949 0.3249999999999993 0.3249999999999993 0.3249999999999993 0.3249999999999993 0.6625000000000044 1.0 1.0 1.0 1.0 0.837499999999998 0.4724999999999952 0.0 
0.0 0.5425000000000041 0.7749999999999986 0.7749999999999986 0.6974999999999935 0.07749999999999477 0.0 0.0 0.0 0.0 0.0 0.0 0.0 0.0 0.10000000000000853 0.9000000000000057 1.0 1.0 1.0 0.8999999999999915 
0.0 0.0 0.0 0.0 0.0 0.0 0.0 0.0 0.0 0.0 0.0 0.0 0.0 0.0 0.022500000000001883 0.20250000000000096 0.7675000000000048 1.0 1.0 0.8999999999999915 
0.0 0.0 0.0 0.0 0.0 0.0 0.0 0.0 0.0 0.0 0.0 0.0 0.0 0.0 0.0 0.0 0.7000000000000064 1.0 1.0 0.8999999999999915 
0.0 0.0 0.0 0.0 0.0 0.0 0.0 0.0 0.0 0.0 0.0 0.0 0.0 0.0 0.0 0.0 0.7000000000000064 1.0 1.0 0.8999999999999915 
0.0 0.0 0.0 0.0 0.0 0.0 0.0 0.0 0.0 0.0 0.0 0.0 0.0 0.0 0.0 0.0 0.7000000000000064 1.0 1.0 0.8999999999999915 
0.8775000000000045 0.9749999999999979 0.9749999999999979 0.6824999999999918 0.0 0.0 0.0 0.0 0.0 0.0 0.0 0.0 0.0 0.0 0.0 0.0 0.7000000000000064 1.0 1.0 0.8999999999999915 
0.9000000000000066 1.0 1.0 0.8574999999999963 0.4724999999999952 0.05249999999999641 0.0 0.0 0.0 0.0 0.0 0.0 0.0 0.0 0.052500000000004335 0.4725000000000017 0.8575000000000026 1.0 1.0 0.8999999999999915 
0.9000000000000066 1.0 1.0 1.0 0.9074999999999936 0.16749999999999327 0.02249999999999924 0.0 0.0 0.0 0.0 0.0 0.0 0.022500000000000374 0.16750000000000725 0.9075000000000052 1.0 1.0 0.9774999999999996 0.8324999999999928 
0.33750000000000246 0.8125000000000041 1.0 1.0 1.0 1.0 0.7374999999999973 0.31249999999999556 0.0 0.0 0.0 0.437500000000004 0.625 0.7375000000000029 1.0 1.0 1.0 1.0 0.6999999999999922 0.0 
0.0 0.0 0.41250000000000514 0.8775000000000007 1.0 1.0 1.0 1.0 1.0 1.0 1.0 1.0 1.0 1.0 1.0 1.0 0.8774999999999984 0.41249999999999376 0.0 0.0 
0.0 0.0 0.0 0.08250000000000254 0.27500000000000213 0.27500000000000213 0.782500000000006 1.0 1.0 1.0 1.0 1.0 1.0 0.782499999999995 0.27500000000000213 0.27500000000000213 0.08249999999999888 0.0 0.0 0.0 
