0.0 0.8499999999999992 1.0 1.0 1.0 0.5500000000000007 0.0 0.0 0.0 0.0 0.0 0.0 0.0 0.0 0.15124999999999844 0.2749999999999986 0.2749999999999986 0.2749999999999986 0.2749999999999986 0.2612499999999994 
0.0 0.8499999999999992 1.0 1.0 1.0 0.5500000000000007 0.0 0.0 0.0 0.0 0.0 0.0 0.0 0.0 0.09625000000000014 0.5462499999999986 1.0 1.0 1.0 0.9500000000000028 
0.0 0.8499999999999992 1.0 1.0 1.0 0.5500000000000007 0.0 0.0 0.0 0.0 0.0 0.0 0.0 0.0 0.0 0.4499999999999975 1.0 1.0 1.0 0.9500000000000028 
0.0 0.8499999999999992 1.0 1.0 1.0 0.5500000000000007 0.0 0.0 0.0 0.0 0.0 0.0 0.0 0.0 0.0 0.4499999999999975 1.0 1.0 1.0 0.9500000000000028 
0.0 0.8499999999999992 1.0 1.0 1.0 0.5500000000000007 0.0 0.0 0.0 0.0 0.0 0.0 0.0 0.0 0.0 0.4499999999999975 1.0 1.0 0.9287500000000007 0.4987500000000018 
0.0 0.8499999999999992 1.0 1.0 1.0 0.5500000000000007 0.0 0.0 0.0 0.0 0.0 0.0 0.0 0.0 0.0 0.4499999999999975 1.0 1.0 0.8500000000000014 0.0 
0.0 0.8499999999999992 1.0 1.0 0.683750000000001 0.23375000000000068 0.0 0.0 0.0 0.0 0.0 0.0 0.0 0.0 0.0 0.4499999999999975 1.0 1.0 0.8500000000000014 0.0 
0.0 0.8499999999999992 1.0 1.0 0.45000000000000107 0.0 0.0 0.0 0.0 0.0 0.0 0.0 0.0 0.0 0.0 0.4499999999999975 1.0 1.0 0.8500000000000014 0.0 
0.0 0.8499999999999992 1.0 1.0 0.8212500000000007 0.37125000000000086 0.0 0.0 0.0 0.0 0.0 0.0 0.0 0.0 0.37124999999999847 0.8212499999999996 1.0 1.0 0.8500000000000014 0.0 
0.0 0.8499999999999992 1.0 1.0 1.0 1.0 1.0 1.0 1.0 1.0 1.0 1.0 1.0 1.0 1.0 1.0 1.0 1.0 0.8500000000000014 0.0 
0.0 0.8499999999999992 1.0 1.0 1.0 1.0 1.0 1.0 1.0 1.0 1.0 1.0 1.0 1.0 1.0 1.0 1.0 1.0 0.8500000000000014 0.0 
0.0 0.8499999999999992 1.0 1.0 0.45000000000000107 0.0 0.0 0.0 0.0 0.0 0.0 0.0 0.0 0.0 0.5499999999999972 1.0 1.0 1.0 0.8500000000000014 0.0 
0.8312499999999994 0.98125 1.0 1.0 0.45000000000000107 0.0 0.0 0.0 0.0 0.0 0.0 0.0 0.0 0.0 0.5499999999999972 1.0 1.0 1.0 0.8500000000000014 0.0 
0.9499999999999993 1.0 1.0 1.0 0.45000000000000107 0.0 0.0 0.0 0.0 0.0 0.0 0.0 0.0 0.0 0.5499999999999972 1.0 1.0 1.0 0.8500000000000014 0.0 
0.9499999999999993 1.0 1.0 1.0 0.45000000000000107 0.0 0.0 0.0 0.0 0.0 0.0 0.0 0.0 0.0 0.5499999999999972 1.0 1.0 1.0 0.8500000000000014 0.0 
0.9499999999999993 1.0 1.0 1.0 0.45000000000000107 0.0 0.0 0.0 0.0 0.0 0.0 0.0 0.0 0.0 0.5499999999999972 1.0 1.0 1.0 0.8500000000000014 0.0 
0.9499999999999993 1.0 1.0 1.0 0.45000000000000107 0.0 0.0 0.0 0.0 0.0 0.0 0.0 0.0 0.0 0.5499999999999972 1.0 1.0 1.0 0.8500000000000014 0.0 
0.9499999999999993 1.0 1.0 1.0 0.45000000000000107 0.0 0.0 0.0 0.0 0.0 0.0 0.0 0.0 0.0 0.5499999999999972 1.0 1.0 1.0 0.8500000000000014 0.0 
0.9499999999999993 1.0 1.0 1.0 0.45000000000000107 0.0 0.0 0.0 0.0 0.0 0.0 0.0 0.0 0.0 0.5499999999999972 1.0 1.0 0.9562499999999993 0.7012499999999976 0.0 
0.2612499999999951 0.274999999999995 0.274999999999995 0.274999999999995 0.12374999999999806 0.0 0.0 0.0 0.0 0.0 0.0 0.0 0.0 0.0 0.5499999999999972 1.0 1.0 0.7500000000000018 0.0 0.0 
