0.0 0.0 0.0 0.08250000000000254 0.27500000000000213 0.27500000000000213 0.782500000000006 1.0 1.0 1.0 1.0 1.0 0.637499999999996 0.27500000000000213 0.24749999999999958 0.02749999999999865 0.0 0.0 0.0 0.0 
0.0 0.0 0.4125000000000065 0.8775000000000026 1.0 1.0 1.0 1.0 1.0 1.0 1.0 1.0 1.0 1.0 0.9824999999999987 0.8425000000000008 0.2474999999999953 0.0 0.0 0.0 
0.3375000000000041 0.8125000000000047 1.0 1.0 0.9624999999999972 0.662499999999996 0.6249999999999982 0.31249999999999467 0.0 0.0 0.0 0.4375000000000028 0.6249999999999982 0.7375000000000017 1.0 1.0 1.0 0.6874999999999964 0.2624999999999983 0.0 
0.9000000000000066 1.0 1.0 1.0 0.8999999999999932 0.09999999999999343 0.0 0.0 0.0 0.0 0.0 0.0 0.0 0.3000000000000078 1.0 1.0 1.0 1.0 0.6999999999999922 0.0 
0.9000000000000066 1.0 1.0 0.6999999999999931 0.0 0.0 0.0 0.0 0.0 0.0 0.0 0.0 0.0 0.0 0.10000000000000853 0.9000000000000057 1.0 1.0 0.6999999999999922 0.0 
0.0 0.0 0.0 0.0 0.0 0.0 0.0 0.0 0.0 0.0 0.0 0.0 0.0 0.0 0.10000000000000853 0.9000000000000057 1.0 1.0 0.6999999999999922 0.0 
0.0 0.0 0.0 0.0 0.0 0.0 0.0 0.0 0.0 0.0 0.0 0.0 0.0 0.0 0.10000000000000853 0.9000000000000057 1.0 1.0 0.6999999999999922 0.0 
0.0 0.0 0.0 0.0 0.0 0.0 0.0 0.0 0.0 0.0 0.0 0.0 0.0 0.3000000000000078 1.0 1.0 1.0 0.9374999999999991 0.6124999999999932 0.0 
0.0 0.0 0.0 0.0 0.0 0.0 0.0 0.0 0.0 0.06750000000000463 0.607500000000005 0.6750000000000007 0.6750000000000007 0.7725000000000031 1.0 1.0 0.5274999999999952 0.16249999999999734 0.0 0.0 
0.0 0.0 0.0 0.0 0.0 0.0 0.0 0.5000000000000071 1.0 1.0 1.0 1.0 1.0 1.0 0.9224999999999935 0.3024999999999969 0.06749999999999899 0.0 0.0 0.0 
0.0 0.0 0.0 0.0 0.0 0.0 0.0 0.11250000000000142 0.22499999999999964 0.22499999999999964 0.22499999999999964 0.7675000000000048 1.0 1.0 1.0 1.0 0.8424999999999988 0.3874999999999947 0.0 0.0 
0.0 0.0 0.0 0.0 0.0 0.0 0.0 0.0 0.0 0.0 0.0 0.0 0.0 0.20250000000000548 0.7075000000000035 0.9675000000000019 1.0 1.0 0.6999999999999922 0.0 
0.0 0.0 0.0 0.0 0.0 0.0 0.0 0.0 0.0 0.0 0.0 0.0 0.0 0.0 0.012500000000001066 0.11250000000000071 0.7375000000000056 1.0 0.962499999999999 0.7874999999999925 
0.0 0.0 0.0 0.0 0.0 0.0 0.0 0.0 0.0 0.0 0.0 0.0 0.0 0.0 0.0 0.0 0.7000000000000064 1.0 1.0 0.8999999999999915 
0.8775000000000045 0.9749999999999979 0.9749999999999979 0.6824999999999918 0.0 0.0 0.0 0.0 0.0 0.0 0.0 0.0 0.0 0.0 0.0 0.0 0.7000000000000064 1.0 1.0 0.8999999999999915 
0.9000000000000066 1.0 1.0 0.8574999999999963 0.4724999999999952 0.05249999999999641 0.0 0.0 0.0 0.0 0.0 0.0 0.0 0.0 0.0 0.0 0.7000000000000064 1.0 1.0 0.8999999999999915 
0.8325000000000067 0.9775000000000007 1.0 1.0 0.9074999999999936 0.16749999999999327 0.02249999999999924 0.0 0.0 0.0 0.0 0.0 0.0 0.022500000000000374 0.16750000000000725 0.9075000000000052 1.0 1.0 0.9774999999999996 0.8324999999999928 
0.0 0.7000000000000066 1.0 1.0 1.0 1.0 0.7374999999999973 0.31249999999999556 0.0 0.0 0.0 0.0 0.31250000000000444 0.7375000000000029 1.0 1.0 1.0 1.0 0.6999999999999922 0.0 
0.0 0.0 0.41250000000000514 0.8249999999999993 0.8425000000000006 0.982500000000001 1.0 1.0 1.0 1.0 1.0 1.0 1.0 1.0 0.9824999999999984 0.8424999999999984 0.8249999999999993 0.41249999999999376 0.0 0.0 
0.0 0.0 0.0 0.0 0.027500000000002068 0.24750000000000372 0.27500000000000213 0.6375000000000062 1.0 1.0 1.0 1.0 0.637499999999996 0.27500000000000213 0.24749999999999958 0.02749999999999865 0.0 0.0 0.0 0.0 
