0.2312500000000039 0.25000000000000355 0.25000000000000355 0.13125000000000128 0.0 0.0 0.0 0.0 0.0 0.0 0.0 0.0 0.0 0.0 0.0 0.6750000000000025 1.0 1.0 0.7749999999999986 0.0 
0.9250000000000025 1.0 1.0 0.5249999999999977 0.0 0.0 0.0 0.0 0.0 0.0 0.0 0.0 0.0 0.0 0.0 0.6750000000000025 1.0 1.0 0.7749999999999986 0.0 
0.9250000000000025 1.0 1.0 0.5249999999999977 0.0 0.0 0.0 0.0 0.0 0.0 0.0 0.0 0.0 0.0 0.0 0.6750000000000025 1.0 1.0 0.7749999999999986 0.0 
0.9250000000000025 1.0 1.0 0.5249999999999977 0.0 0.0 0.0 0.0 0.0 0.0 0.0 0.0 0.0 0.0 0.0 0.6750000000000025 1.0 1.0 0.7749999999999986 0.0 
0.9250000000000025 1.0 1.0 0.5249999999999977 0.0 0.0 0.0 0.0 0.0 0.0 0.0 0.0 0.0 0.0 0.0 0.6750000000000025 1.0 1.0 0.7749999999999986 0.0 
0.9250000000000025 1.0 1.0 0.5249999999999977 0.0 0.0 0.0 0.0 0.0 0.0 0.0 0.0 0.0 0.0 0.0 0.6750000000000025 1.0 1.0 0.7749999999999986 0.0 
0.9250000000000025 1.0 1.0 0.5249999999999977 0.0 0.0 0.0 0.0 0.0 0.0 0.0 0.0 0.0 0.0 0.0 0.6750000000000025 1.0 1.0 0.7749999999999986 0.0 
0.9250000000000025 1.0 1.0 0.5249999999999977 0.0 0.0 0.0 0.0 0.0 0.0 0.0 0.0 0.0 0.0 0.0 0.6750000000000025 1.0 1.0 0.7749999999999986 0.0 
0.9250000000000025 1.0 1.0 0.5249999999999977 0.0 0.0 0.0 0.0 0.0 0.0 0.0 0.0 0.0 0.0 0.0 0.6750000000000025 1.0 1.0 0.7749999999999986 0.0 
0.23124999999999898 0.8312500000000015 1.0 0.5249999999999977 0.0 0.0 0.0 0.0 0.0 0.0 0.0 0.0 0.0 0.0 0.0 0.6750000000000025 1.0 1.0 0.7749999999999986 0.0 
0.0 0.7750000000000025 1.0 0.5249999999999977 0.0 0.0 0.0 0.0 0.0 0.0 0.0 0.0 0.0 0.0 0.0 0.5062500000000006 0.8812499999999996 1.0 0.8312499999999994 0.23125000000000093 
0.0 0.7750000000000025 1.0 0.8812499999999994 0.5062499999999982 0.0 0.0 0.0 0.0 0.0 0.0 0.0 0.0 0.0 0.0 0.0 0.5250000000000021 1.0 1.0 0.9249999999999972 
0.0 0.7750000000000025 1.0 1.0 0.6749999999999976 0.0 0.0 0.0 0.0 0.0 0.0 0.0 0.0 0.0 0.0 0.0 0.5250000000000021 1.0 1.0 0.9249999999999972 
0.0 0.7750000000000025 1.0 1.0 0.6749999999999976 0.0 0.0 0.0 0.0 0.0 0.0 0.0 0.0 0.0 0.0 0.0 0.5250000000000021 1.0 1.0 0.9249999999999972 
0.0 0.7750000000000025 1.0 1.0 0.6749999999999976 0.0 0.0 0.0 0.0 0.0 0.0 0.0 0.0 0.0 0.0 0.0 0.5250000000000021 1.0 1.0 0.9249999999999972 
0.0 0.7750000000000025 1.0 1.0 0.6749999999999976 0.0 0.0 0.0 0.0 0.0 0.0 0.0 0.0 0.0 0.0 0.0 0.5250000000000021 1.0 1.0 0.9249999999999972 
0.0 0.5812500000000018 0.9062500000000007 1.0 0.7562499999999982 0.20624999999999938 0.0 0.0 0.0 0.0 0.0 0.0 0.0 0.0 0.0 0.16875000000000062 0.6437500000000016 1.0 0.7749999999999986 0.0 
0.0 0.0 0.6250000000000024 1.0 1.0 0.9562499999999994 0.7312499999999984 0.093749999999998 0.0 0.0 0.0 0.0 0.0 0.0 0.6187500000000021 0.9187500000000006 1.0 0.7187499999999987 0.19374999999999964 0.0 
0.0 0.0 0.0 0.35625000000000173 0.8312500000000006 1.0 1.0 1.0 1.0 1.0 1.0 1.0 1.0 1.0 1.0 1.0 0.8687499999999995 0.46874999999999867 0.0 0.0 
0.0 0.0 0.0 0.0 0.0812500000000006 0.25 0.2687500000000016 0.906250000000002 1.0 1.0 1.0 1.0 1.0 1.0 0.38124999999999787 0.25 0.11874999999999947 0.0 0.0 0.0 
