0.0 0.0 0.0 0.02812500000000029 0.19687499999999603 0.7093750000000013 1.0 1.0 1.0 1.0 1.0 1.0 1.0 1.0 1.0 0.903124999999998 0.32187499999999364 0.08437499999999747 0.0 0.0 
0.0 0.42187500000000017 0.6749999999999947 0.7156249999999968 0.9593750000000008 1.0 1.0 1.0 1.0 1.0 1.0 1.0 1.0 1.0 1.0 1.0 1.0 0.7968749999999961 0.4218749999999955 0.0 
0.10937499999999639 0.6718750000000027 1.0 1.0 1.0 0.9218750000000024 0.8750000000000049 0.8750000000000049 0.8750000000000049 0.8750000000000049 0.8750000000000049 0.7656250000000011 0.10937499999999906 0.5468750000000047 0.9218750000000033 0.9843750000000004 0.890625000000004 0.8750000000000049 0.5468750000000014 0.0 
0.8750000000000053 1.0 1.0 1.0 1.0 0.37499999999999556 0.0 0.0 0.0 0.0 0.0 0.0 0.0 0.0 0.15937500000000235 0.37187500000000295 0.05312499999999978 0.0 0.0 0.0 
0.8750000000000053 1.0 1.0 1.0 1.0 0.37499999999999556 0.0 0.0 0.0 0.0 0.0 0.0 0.0 0.0 0.0 0.0 0.0 0.015624999999997492 0.39062499999999917 0.8749999999999982 
0.8750000000000053 1.0 1.0 1.0 1.0 0.37499999999999556 0.0 0.0 0.0 0.0 0.0 0.0 0.0 0.0 0.0 0.05937500000000036 0.4156249999999974 0.8031249999999994 1.0 0.8749999999999982 
0.8750000000000053 1.0 1.0 1.0 1.0 0.37499999999999556 0.0 0.0 0.0 0.0 0.0 0.0 0.0 0.0 0.3468750000000006 0.9343749999999976 0.9906249999999998 1.0 1.0 0.8749999999999982 
0.8750000000000053 1.0 1.0 1.0 1.0 0.37499999999999556 0.0 0.0 0.0 0.0 0.0 0.0 0.0 0.0 0.3750000000000018 1.0 1.0 1.0 1.0 0.8749999999999982 
0.8750000000000053 1.0 1.0 1.0 1.0 0.37499999999999556 0.0 0.0 0.0 0.0 0.0 0.0 0.0 0.0 0.3750000000000018 1.0 1.0 1.0 1.0 0.8749999999999982 
0.8750000000000053 1.0 1.0 1.0 1.0 0.37499999999999556 0.0 0.0 0.0 0.0 0.0 0.0 0.0 0.0 0.3750000000000018 1.0 1.0 1.0 1.0 0.8749999999999982 
0.8750000000000053 1.0 1.0 1.0 1.0 0.37499999999999556 0.0 0.0 0.0 0.0 0.0 0.0 0.0 0.0 0.3750000000000018 1.0 1.0 1.0 1.0 0.8749999999999982 
0.8750000000000053 1.0 1.0 1.0 1.0 0.37499999999999556 0.0 0.0 0.0 0.0 0.0 0.0 0.0 0.0 0.3750000000000018 1.0 1.0 1.0 0.6249999999999982 0.0 
0.8750000000000053 1.0 1.0 1.0 1.0 0.37499999999999556 0.0 0.0 0.0 0.0 0.0 0.0 0.0 0.3906250000000011 0.7656250000000007 1.0 1.0 1.0 0.6249999999999982 0.0 
0.8750000000000053 1.0 1.0 1.0 1.0 0.37499999999999556 0.0 0.0 0.0 0.0 0.0 0.0 0.0 0.6250000000000018 1.0 1.0 1.0 1.0 0.6249999999999982 0.0 
0.8750000000000053 1.0 1.0 1.0 1.0 0.37499999999999556 0.0 0.0 0.0 0.0 0.0 0.0 0.0 0.6250000000000018 1.0 1.0 1.0 1.0 0.6249999999999982 0.0 
0.8750000000000053 1.0 1.0 1.0 1.0 0.37499999999999556 0.0 0.0 0.0 0.0 0.0 0.0 0.0 0.6250000000000018 1.0 1.0 1.0 1.0 0.6249999999999982 0.0 
0.8750000000000053 1.0 1.0 1.0 1.0 0.37499999999999556 0.0 0.0 0.0 0.0 0.0 0.0531250000000016 0.3718750000000014 0.7843750000000013 1.0 1.0 1.0 1.0 0.6249999999999982 0.0 
0.8750000000000053 1.0 1.0 1.0 1.0 0.9218749999999994 0.875 0.875 0.875 0.875 0.875 0.8906250000000004 0.9843750000000002 1.0 1.0 1.0 1.0 0.45312499999999845 0.07812499999999978 0.0 
0.0 0.42187500000000167 0.7968749999999998 1.0 1.0 1.0 1.0 1.0 1.0 1.0 1.0 1.0 1.0 1.0 0.8781249999999984 0.5906249999999963 0.08437499999999845 0.0 0.0 0.0 
0.0 0.0 0.0843750000000003 0.22499999999999787 0.22499999999999787 0.7093750000000026 0.7093749999999964 0.22499999999999787 0.22499999999999787 0.22499999999999787 0.22499999999999787 0.22499999999999787 0.22499999999999787 0.22499999999999787 0.14062499999999828 0.0 0.0 0.0 0.0 0.0 
