0.0 0.0 0.0 0.0 0.07312500000000176 0.22500000000000497 0.24437500000000445 0.903125 1.0 1.0 1.0 1.0 0.9031250000000034 0.2443750000000079 0.22500000000000497 0.22500000000000497 0.10687500000000348 0.0 0.0 0.0 
0.0 0.0 0.0 0.32062500000000277 0.7806250000000032 1.0 1.0 1.0 1.0 1.0 1.0 1.0 1.0 1.0 1.0 1.0 0.829375000000004 0.4218750000000064 0.0 0.0 
0.0 0.09687500000000335 0.6718750000000029 1.0 1.0 1.0 0.996875 0.8906249999999967 0.874999999999996 0.874999999999996 0.874999999999996 0.874999999999996 0.890624999999996 0.9968749999999994 1.0 1.0 1.0 0.6718750000000061 0.125000000000004 0.11562500000000422 
0.0 0.775000000000002 1.0 1.0 1.0 0.8993749999999994 0.4143749999999966 0.05312499999999991 0.0 0.0 0.0 0.0 0.05312499999999802 0.4143749999999947 0.42499999999999627 0.8131249999999961 1.0 1.0 1.0 0.9250000000000043 
0.023125000000002855 0.7806250000000027 1.0 1.0 0.991874999999999 0.8043749999999977 0.0 0.0 0.0 0.0 0.0 0.0 0.0 0.0 0.0 0.6581249999999934 0.9881249999999985 1.0 1.0 0.9250000000000043 
0.9250000000000025 1.0 1.0 1.0 0.6749999999999994 0.0 0.0 0.0 0.0 0.0 0.0 0.0 0.0 0.0 0.0 0.0 0.524999999999995 1.0 1.0 0.9250000000000043 
0.9250000000000025 1.0 1.0 1.0 0.6749999999999994 0.0 0.0 0.0 0.0 0.0 0.0 0.0 0.0 0.0 0.0 0.0 0.524999999999995 1.0 1.0 0.9250000000000043 
0.9250000000000025 1.0 1.0 1.0 0.6749999999999994 0.0 0.0 0.0 0.0 0.0 0.0 0.0 0.0 0.0 0.0 0.0 0.0 0.0 0.0 0.0 
0.9250000000000025 1.0 1.0 1.0 0.6749999999999994 0.0 0.0 0.0 0.0 0.0 0.0 0.0 0.0 0.0 0.0 0.0 0.0 0.0 0.0 0.0 
0.9250000000000025 1.0 1.0 1.0 0.6749999999999994 0.0 0.0 0.0 0.0 0.0 0.0 0.0 0.0 0.0 0.0 0.0 0.0 0.0 0.0 0.0 
0.9250000000000025 1.0 1.0 1.0 0.6749999999999994 0.0 0.0 0.0 0.0 0.0 0.0 0.0 0.0 0.0 0.0 0.0 0.0 0.0 0.0 0.0 
0.9250000000000025 1.0 1.0 1.0 0.6749999999999994 0.0 0.0 0.0 0.0 0.0 0.0 0.0 0.0 0.0 0.0 0.0 0.0 0.0 0.0 0.0 
0.9250000000000025 1.0 1.0 1.0 0.6749999999999994 0.0 0.0 0.0 0.0 0.0 0.0 0.0 0.0 0.0 0.0 0.0 0.0 0.0 0.0 0.0 
0.9250000000000025 1.0 1.0 1.0 0.6749999999999994 0.0 0.0 0.0 0.0 0.0 0.0 0.0 0.0 0.0 0.0 0.0 0.524999999999995 1.0 1.0 0.9250000000000043 
0.9250000000000025 1.0 1.0 1.0 0.6749999999999994 0.0 0.0 0.0 0.0 0.0 0.0 0.0 0.0 0.0 0.0 0.3543749999999966 0.7743749999999969 1.0 1.0 0.9250000000000043 
0.023125000000002033 0.7806250000000025 1.0 1.0 0.9918749999999993 0.8043749999999984 0.0 0.0 0.0 0.0 0.0 0.0 0.0 0.0 0.0 0.6749999999999954 1.0 1.0 1.0 0.9250000000000043 
0.0 0.4456250000000034 0.8406250000000017 1.0 1.0 0.8993749999999996 0.42499999999999716 0.42499999999999716 0.11687499999999974 0.0 0.0 0.0 0.05312499999999813 0.41437499999999555 0.899374999999997 1.0 1.0 1.0 0.904375000000003 0.5318750000000051 
0.0 0.0 0.6250000000000016 1.0 1.0 1.0 1.0 1.0 0.9093749999999976 0.8749999999999964 0.8749999999999964 0.8749999999999964 0.8906249999999964 0.9968749999999994 1.0 1.0 1.0 0.671875000000006 0.09687500000000346 0.0 
0.0 0.0 0.0 0.32062500000000266 0.6750000000000043 0.7318750000000035 1.0 1.0 1.0 1.0 1.0 1.0 1.0 1.0 1.0 0.7806250000000043 0.3206250000000054 0.0 0.0 0.0 
0.0 0.0 0.0 0.0 0.0 0.03937500000000083 0.22500000000000497 0.22500000000000497 0.22500000000000497 0.6706250000000009 1.0 0.7868750000000039 0.22500000000000497 0.22500000000000497 0.22500000000000497 0.07312500000000266 0.0 0.0 0.0 0.0 
