0.0 0.0 0.0 0.0 0.10000000000000053 0.9000000000000012 1.0 1.0 1.0 1.0 1.0 1.0 1.0 0.6999999999999957 0.0 0.0 0.0 0.0 0.0 0.0 
0.0 0.0 0.0 0.0 0.10000000000000053 0.9000000000000012 1.0 1.0 1.0 1.0 1.0 1.0 1.0 0.6999999999999957 0.0 0.0 0.0 0.0 0.0 0.0 
0.0 0.0 0.0 0.0 0.10000000000000053 0.9000000000000012 1.0 1.0 1.0 1.0 1.0 1.0 1.0 1.0 0.899999999999995 0.09999999999999432 0.0 0.0 0.0 0.0 
0.0 0.0 0.0 0.0 0.10000000000000053 0.9000000000000012 1.0 1.0 1.0 1.0 1.0 1.0 1.0 1.0 0.899999999999995 0.09999999999999432 0.0 0.0 0.0 0.0 
0.0 0.0 0.0 0.2400000000000006 0.8200000000000024 0.9800000000000005 1.0 0.5999999999999973 0.1999999999999975 0.1999999999999975 0.1999999999999975 0.7600000000000029 1.0 1.0 0.899999999999995 0.09999999999999432 0.0 0.0 0.0 0.0 
0.0 0.0 0.0 0.2999999999999998 1.0 1.0 1.0 0.4999999999999982 0.0 0.0 0.0 0.7000000000000046 1.0 1.0 0.899999999999995 0.09999999999999432 0.0 0.0 0.0 0.0 
0.0 0.0 0.0 0.2999999999999998 1.0 1.0 1.0 0.4999999999999982 0.0 0.0 0.0 0.7000000000000046 1.0 1.0 0.9599999999999982 0.639999999999999 0.17999999999999658 0.0 0.0 0.0 
0.0 0.0 0.0 0.2999999999999998 1.0 1.0 1.0 0.4999999999999982 0.0 0.0 0.0 0.7000000000000046 1.0 1.0 1.0 1.0 0.2999999999999936 0.0 0.0 0.0 
0.0 0.0 0.2000000000000009 0.5800000000000014 1.0 1.0 1.0 0.4999999999999982 0.0 0.0 0.0 0.42000000000000126 0.8000000000000004 1.0 1.0 1.0 0.2999999999999936 0.0 0.0 0.0 
0.0 0.0 0.49999999999999956 1.0 1.0 1.0 0.4399999999999974 0.0999999999999984 0.0 0.0 0.0 0.0 0.5000000000000036 1.0 1.0 1.0 0.2999999999999936 0.0 0.0 0.0 
0.0 0.0 0.49999999999999956 1.0 1.0 1.0 0.29999999999999893 0.0 0.0 0.0 0.0 0.0 0.5000000000000036 1.0 1.0 1.0 1.0 0.4999999999999929 0.0 0.0 
0.0 0.0 0.49999999999999956 1.0 1.0 1.0 0.29999999999999893 0.0 0.0 0.0 0.0 0.0 0.5000000000000036 1.0 1.0 1.0 1.0 0.4999999999999929 0.0 0.0 
0.0 0.0 0.49999999999999956 1.0 1.0 1.0 0.29999999999999893 0.0 0.0 0.0 0.0 0.0 0.5000000000000036 1.0 1.0 1.0 1.0 0.4999999999999929 0.0 0.0 
0.0 0.6999999999999991 1.0 1.0 1.0 1.0 0.5800000000000008 0.40000000000000213 0.40000000000000213 0.40000000000000213 0.40000000000000213 0.40000000000000213 0.7000000000000032 1.0 1.0 1.0 1.0 0.4999999999999929 0.0 0.0 
0.0 0.6999999999999991 1.0 1.0 1.0 1.0 1.0 1.0 1.0 1.0 1.0 1.0 1.0 1.0 1.0 1.0 1.0 0.8999999999999989 0.5599999999999943 0.0 
0.0 0.6999999999999991 1.0 1.0 1.0 1.0 1.0 1.0 0.9399999999999986 0.7999999999999972 0.7999999999999972 0.9400000000000001 1.0 1.0 1.0 1.0 1.0 1.0 0.6999999999999922 0.0 
0.0 0.6999999999999991 1.0 1.0 0.9399999999999995 0.45999999999999797 0.3999999999999986 0.3999999999999986 0.27999999999999803 0.0 0.0 0.28000000000000086 0.3999999999999986 0.5800000000000016 1.0 1.0 1.0 1.0 0.6999999999999922 0.0 
0.8999999999999986 1.0 1.0 1.0 0.8999999999999995 0.09999999999999876 0.0 0.0 0.0 0.0 0.0 0.0 0.0 0.30000000000000426 1.0 1.0 1.0 1.0 0.6999999999999922 0.0 
0.8999999999999986 1.0 1.0 1.0 0.8999999999999995 0.09999999999999876 0.0 0.0 0.0 0.0 0.0 0.0 0.0 0.30000000000000426 1.0 1.0 1.0 1.0 0.6999999999999922 0.0 
0.8999999999999986 1.0 1.0 1.0 0.8999999999999995 0.09999999999999876 0.0 0.0 0.0 0.0 0.0 0.0 0.0 0.30000000000000426 1.0 1.0 1.0 1.0 0.9399999999999986 0.7199999999999939 
