0.0 0.09624999999999866 0.17499999999999716 0.17499999999999716 0.17499999999999716 0.17499999999999716 0.17499999999999716 0.17499999999999716 0.17499999999999716 0.17499999999999716 0.17499999999999716 0.6287499999999986 0.7937499999999993 0.2162499999999979 0.17499999999999716 0.4637499999999979 0.9587500000000008 0.3812499999999993 0.17499999999999716 0.14874999999999783 
0.0 0.5500000000000013 1.0 1.0 1.0 1.0 1.0 1.0 1.0 1.0 1.0 1.0 1.0 1.0 1.0 1.0 1.0 1.0 1.0 0.8500000000000014 
0.0 0.5500000000000013 1.0 1.0 1.0 0.6937500000000004 0.12500000000000266 0.12500000000000266 0.12500000000000266 0.12500000000000266 0.12500000000000266 0.12500000000000266 0.12500000000000266 0.12500000000000266 0.12500000000000266 0.12500000000000266 0.12500000000000266 0.12500000000000266 0.12500000000000266 0.10625000000000244 
0.0 0.5500000000000013 1.0 1.0 1.0 0.6499999999999995 0.0 0.0 0.0 0.0 0.0 0.0 0.0 0.0 0.0 0.0 0.0 0.0 0.0 0.0 
0.0 0.5500000000000013 1.0 1.0 1.0 0.6499999999999995 0.0 0.0 0.0 0.0 0.0 0.0 0.0 0.0 0.0 0.0 0.0 0.0 0.0 0.0 
0.0 0.5500000000000013 1.0 1.0 1.0 0.6499999999999995 0.0 0.0 0.0 0.0 0.0 0.0 0.0 0.0 0.0 0.0 0.0 0.0 0.0 0.0 
0.0 0.5500000000000013 1.0 1.0 1.0 0.7462499999999992 0.2749999999999986 0.2749999999999986 0.2749999999999986 0.2749999999999986 0.2749999999999986 0.2749999999999986 0.2749999999999986 0.2749999999999986 0.09624999999999989 0.0 0.0 0.0 0.0 0.0 
0.0 0.5500000000000013 1.0 1.0 1.0 1.0 1.0 1.0 1.0 1.0 1.0 1.0 1.0 1.0 0.7562499999999994 0.6249999999999982 0.593749999999999 0.15625000000000067 0.0 0.0 
0.0 0.5500000000000013 1.0 1.0 1.0 1.0 0.9512499999999994 0.2687500000000016 0.02500000000000213 0.02500000000000213 0.02500000000000213 0.02500000000000213 0.2687500000000016 0.9512499999999994 1.0 1.0 0.9987499999999999 0.9812499999999984 0.5362499999999996 0.0 
0.0 0.5500000000000013 0.9187500000000003 0.691250000000002 0.6750000000000025 0.43875000000000125 0.0 0.0 0.0 0.0 0.0 0.0 0.0 0.0 0.0 0.34999999999999964 1.0 1.0 1.0 0.8500000000000014 
0.0 0.17875000000000196 0.24375000000000177 0.016249999999999796 0.0 0.0 0.0 0.0 0.0 0.0 0.0 0.0 0.0 0.0 0.0 0.11375000000000088 0.358750000000002 0.8312499999999995 1.0 0.8500000000000014 
0.0 0.0 0.0 0.0 0.0 0.0 0.0 0.0 0.0 0.0 0.0 0.0 0.0 0.0 0.0 0.0 0.049999999999998934 0.7499999999999982 1.0 0.8500000000000014 
0.0 0.0 0.0 0.0 0.0 0.0 0.0 0.0 0.0 0.0 0.0 0.0 0.0 0.0 0.0 0.0 0.049999999999998934 0.7499999999999982 1.0 0.8500000000000014 
0.0 0.0 0.0 0.0 0.0 0.0 0.0 0.0 0.0 0.0 0.0 0.0 0.0 0.0 0.0 0.0 0.049999999999998934 0.7499999999999982 1.0 0.8500000000000014 
0.0637499999999995 0.07499999999999929 0.07499999999999929 0.07499999999999929 0.02624999999999969 0.0 0.0 0.0 0.0 0.0 0.0 0.0 0.0 0.0 0.0 0.026249999999999725 0.12124999999999833 0.7687499999999982 1.0 0.8500000000000014 
0.8500000000000014 1.0 1.0 1.0 0.3499999999999992 0.0 0.0 0.0 0.0 0.0 0.0 0.0 0.0 0.0 0.0 0.34999999999999964 1.0 1.0 1.0 0.8500000000000014 
0.8500000000000014 1.0 1.0 1.0 0.3499999999999992 0.0 0.0 0.0 0.0 0.0 0.0 0.0 0.0 0.0 0.0 0.34999999999999964 1.0 1.0 1.0 0.8500000000000014 
0.0 0.5500000000000013 1.0 1.0 1.0 0.6937499999999995 0.11874999999999991 0.03125 0.0 0.0 0.0 0.0 0.03125 0.11874999999999991 0.6937499999999988 1.0 1.0 1.0 0.5500000000000007 0.0 
0.0 0.28875000000000184 0.6437500000000022 0.9762500000000006 1.0 1.0 0.9737499999999994 0.6062499999999984 0.47499999999999787 0.47499999999999787 0.47499999999999787 0.47499999999999787 0.6062499999999984 0.9737499999999994 1.0 0.8337500000000009 0.5250000000000021 0.5250000000000021 0.28875000000000156 0.0 
0.0 0.0 0.04375000000000037 0.16625000000000087 0.1750000000000007 0.4637500000000009 1.0 1.0 1.0 1.0 1.0 1.0 1.0 1.0 0.46375000000000166 0.11375000000000052 0.0 0.0 0.0 0.0 
