0.0 0.0 0.0 0.0 0.0 0.0 0.0 0.0 0.0 0.0 0.0 0.0 0.0750000000000016 0.40500000000000513 1.0 1.0 1.0 1.0 0.6999999999999957 0.0 
0.0 0.0 0.0 0.0 0.0 0.0 0.0 0.0 0.0 0.0 0.0 0.0 0.5000000000000036 1.0 1.0 1.0 1.0 1.0 0.6999999999999957 0.0 
0.0 0.0 0.0 0.0 0.0 0.0 0.0 0.0 0.0 0.0 0.0 0.525000000000004 0.8750000000000022 1.0 1.0 1.0 1.0 1.0 0.6999999999999957 0.0 
0.0 0.0 0.0 0.0 0.0 0.0 0.0 0.0 0.0 0.005000000000000364 0.04500000000000239 0.7150000000000034 1.0 1.0 1.0 1.0 1.0 1.0 0.6999999999999957 0.0 
0.0 0.0 0.0 0.0 0.0 0.0 0.0 0.0 0.0 0.10000000000000231 0.900000000000003 1.0 1.0 1.0 1.0 1.0 1.0 1.0 0.6999999999999957 0.0 
0.0 0.0 0.0 0.0 0.0 0.0 0.0 0.0 0.19500000000000278 0.6850000000000043 0.9650000000000014 1.0 0.6749999999999957 0.3499999999999961 0.4149999999999997 0.9350000000000009 1.0 1.0 0.6999999999999957 0.0 
0.0 0.0 0.0 0.0 0.0 0.0 0.0 0.0 0.3000000000000025 1.0 1.0 1.0 0.49999999999999645 0.0 0.10000000000000497 0.9000000000000021 1.0 1.0 0.6999999999999957 0.0 
0.0 0.0 0.0 0.0 0.0 0.0 0.175000000000003 0.6250000000000038 1.0 1.0 1.0 0.29999999999999716 0.0 0.0 0.10000000000000497 0.9000000000000021 1.0 1.0 0.6999999999999957 0.0 
0.0 0.0 0.0 0.0 0.0 0.0 0.700000000000002 1.0 1.0 0.9449999999999983 0.5049999999999945 0.13499999999999746 0.0 0.0 0.10000000000000497 0.9000000000000021 1.0 1.0 0.6999999999999957 0.0 
0.0 0.0 0.0 0.0 0.08500000000000209 0.7650000000000063 0.9550000000000018 1.0 0.7449999999999964 0.13499999999999518 0.014999999999999049 0.0 0.0 0.0 0.10000000000000497 0.9000000000000021 1.0 1.0 0.6999999999999957 0.0 
0.0 0.0 0.0 0.04500000000000195 0.2350000000000067 0.9150000000000024 1.0 0.9249999999999967 0.5949999999999939 0.0 0.0 0.0 0.0 0.0 0.10000000000000497 0.9000000000000021 1.0 1.0 0.6999999999999957 0.0 
0.0 0.0 0.0 0.3000000000000016 1.0 1.0 1.0 0.49999999999999734 0.0 0.0 0.0 0.0 0.0 0.0 0.10000000000000497 0.9000000000000021 1.0 1.0 0.6999999999999957 0.0 
0.0 0.0 0.37500000000000383 0.8250000000000042 1.0 1.0 0.4749999999999948 0.12499999999999667 0.0 0.0 0.0 0.0 0.0 0.0 0.10000000000000497 0.9000000000000021 1.0 1.0 0.6999999999999957 0.0 
0.0 0.035000000000003056 0.5250000000000037 1.0 1.0 1.0 0.29999999999999805 0.0 0.0 0.0 0.0 0.0 0.0 0.0 0.10000000000000497 0.9000000000000021 1.0 1.0 0.6999999999999957 0.0 
0.0 0.7000000000000014 1.0 1.0 1.0 1.0 0.29999999999999805 0.0 0.0 0.0 0.0 0.0 0.0 0.10500000000000298 0.4150000000000077 0.9350000000000018 1.0 1.0 0.8049999999999987 0.3150000000000027 
0.585000000000006 0.8950000000000022 1.0 1.0 1.0 1.0 0.7550000000000033 0.6500000000000057 0.6500000000000057 0.6500000000000057 0.6500000000000057 0.6500000000000057 0.6500000000000057 0.7550000000000054 1.0 1.0 1.0 1.0 1.0 0.899999999999995 
0.04499999999999431 0.7149999999999994 1.0 1.0 1.0 1.0 1.0 1.0 1.0 1.0 1.0 1.0 1.0 1.0 1.0 1.0 1.0 1.0 1.0 0.899999999999995 
0.0 0.0 0.0 0.0 0.0 0.0 0.0 0.0 0.0 0.0 0.0 0.0 0.0 0.0 0.10000000000000497 0.9000000000000021 1.0 1.0 0.6999999999999957 0.0 
0.0 0.0 0.0 0.0 0.0 0.0 0.0 0.0 0.0 0.0 0.0 0.0 0.0 0.0 0.10000000000000497 0.9000000000000021 1.0 1.0 0.6999999999999957 0.0 
0.0 0.0 0.0 0.0 0.0 0.0 0.0 0.0 0.0 0.0 0.0 0.0 0.0 0.0 0.10000000000000497 0.9000000000000021 1.0 1.0 0.6999999999999957 0.0 
