0.19999999999999857 0.9999999999999971 0.19999999999999574 0.19999999999999823 0.9999999999999964 0.0 0.0 0.0 0.0 0.0 0.0 0.0 0.0 0.0 1.7763568394002505e-15 1.0 1.0 1.0 1.0 1.0 
0.40000000000000646 1.0 1.0 1.0 0.9999999999999986 0.5999999999999941 0.0 0.0 0.0 0.0 0.0 0.0 0.0 0.0 1.7763568394002505e-15 1.0 1.0 1.0 1.0 1.0 
3.552713678800501e-15 1.0 1.0 1.0 1.0 0.9999999999999973 0.0 0.0 0.0 0.0 0.0 0.0 0.0 0.0 1.7763568394002505e-15 1.0 1.0 1.0 1.0 1.0 
2.1316282072803182e-15 0.6000000000000064 1.0 1.0 1.0 0.9999999999999984 0.39999999999999397 0.0 0.0 0.0 0.0 0.0 0.0 0.0 1.7763568394002505e-15 1.0 1.0 1.0 1.0 0.600000000000005 
0.0 3.552713678800501e-15 1.0 1.0 1.0 1.0 0.9999999999999973 0.0 0.0 0.0 0.0 0.0 0.0 1.4210854715201922e-15 0.7999999999999957 1.0 1.0 1.0 1.0 0.0 
0.0 0.0 3.552713678800501e-15 1.0 1.0 1.0 1.0 0.9999999999999973 0.0 0.0 0.0 0.0 0.0 1.7763568394002505e-15 1.0 1.0 1.0 1.0 1.0 0.0 
0.0 0.0 3.552713678800501e-15 1.0 1.0 1.0 1.0 0.9999999999999973 0.0 0.0 0.0 0.0 0.0 1.7763568394002505e-15 1.0 1.0 1.0 1.0 1.0 0.0 
0.0 0.0 1.8932661725304283e-29 8.437694987151174e-15 1.0 1.0 1.0 1.0 0.9999999999999911 0.0 0.0 0.0 0.0 1.7763568394002505e-15 1.0 1.0 1.0 1.0 1.0 0.0 
0.0 0.0 0.0 1.8651746813702784e-15 0.6000000000000064 1.0 1.0 1.0 0.9999999999999964 0.0 0.0 0.0 0.0 1.7763568394002505e-15 1.0 1.0 1.0 1.0 0.399999999999995 0.0 
0.0 0.0 0.0 0.0 3.552713678800501e-15 1.0 1.0 1.0 0.9999999999999993 0.7999999999999939 0.0 0.0 1.4210854715201922e-15 0.7999999999999957 1.0 1.0 1.0 1.0 0.20000000000000462 0.0 
0.0 0.0 0.0 0.0 2.842170943040416e-15 0.8000000000000048 1.0 1.0 1.0 0.9999999999999982 0.0 0.0 1.7763568394002505e-15 1.0 1.0 1.0 1.0 1.0 0.0 0.0 
0.0 0.0 0.0 0.0 0.0 2.6645352591003757e-15 1.0 1.0 1.0 0.9999999999999993 0.5999999999999932 0.0 1.7763568394002505e-15 1.0 1.0 1.0 1.0 1.0 0.0 0.0 
0.0 0.0 0.0 0.0 0.0 2.6645352591003757e-15 1.0 1.0 1.0 1.0 0.9999999999999982 0.0 1.7763568394002505e-15 1.0 1.0 1.0 1.0 1.0 0.0 0.0 
0.0 0.0 0.0 0.0 0.0 0.0 2.6645352591003757e-15 1.0 1.0 1.0 1.0 1.0 1.0 1.0 1.0 1.0 1.0 0.0 0.0 0.0 
0.0 0.0 0.0 0.0 0.0 0.0 5.329070518200922e-16 0.20000000000000853 1.0 1.0 1.0 1.0 1.0 1.0 1.0 1.0 1.0 0.0 0.0 0.0 
0.0 0.0 0.0 0.0 0.0 0.0 0.0 2.6645352591003757e-15 1.0 1.0 1.0 1.0 1.0 1.0 1.0 1.0 1.0 0.0 0.0 0.0 
0.0 0.0 0.0 0.0 0.0 0.0 0.0 1.0658141036401654e-15 0.4000000000000078 1.0 1.0 1.0 1.0 1.0 1.0 1.0 1.0 0.0 0.0 0.0 
0.0 0.0 0.0 0.0 0.0 0.0 0.0 0.0 3.552713678800501e-15 1.0 1.0 1.0 1.0 1.0 1.0 1.0 1.0 0.0 0.0 0.0 
0.0 0.0 0.0 0.0 0.0 0.0 0.0 0.0 2.1316282072803182e-15 0.6000000000000056 1.0 1.0 1.0 1.0 1.0 0.9999999999999993 0.600000000000005 0.0 0.0 0.0 
0.0 0.0 0.0 0.0 0.0 0.0 0.0 0.0 0.0 1.7763568394002505e-15 1.0 1.0 1.0 1.0 1.0 0.9999999999999982 0.0 0.0 0.0 0.0 
