0.32500000000000284 0.32500000000000284 0.32500000000000284 0.44312499999999955 0.7750000000000039 0.0 0.0 0.0 0.0 0.0 0.0 0.0 0.6249999999999982 1.0 0.5106250000000034 0.8481249999999997 1.0 0.4093750000000025 0.024374999999999983 0.0 
1.0 1.0 1.0 1.0 0.7750000000000039 0.0 0.0 0.0 0.0 0.0 0.0 0.0 0.6249999999999982 1.0 1.0 1.0 1.0 1.0 0.07499999999999929 0.0 
1.0 1.0 1.0 1.0 1.0 0.7250000000000032 0.0 0.0 0.0 0.0 0.0 0.0 0.6249999999999982 1.0 1.0 1.0 1.0 1.0 0.07499999999999929 0.0 
1.0 1.0 1.0 1.0 1.0 0.7250000000000032 0.0 0.0 0.0 0.0 0.0 0.0 0.6249999999999982 1.0 1.0 1.0 1.0 1.0 0.07499999999999929 0.0 
1.0 1.0 1.0 1.0 1.0 0.7250000000000032 0.0 0.0 0.0 0.0 0.0 0.0 0.6249999999999982 1.0 1.0 1.0 1.0 1.0 0.07499999999999929 0.0 
1.0 1.0 1.0 1.0 1.0 0.7250000000000032 0.0 0.0 0.0 0.0 0.0 0.0 0.26562499999999967 0.8131249999999997 1.0 1.0 1.0 1.0 0.07499999999999929 0.0 
0.024999999999995026 1.0 1.0 1.0 1.0 0.7250000000000032 0.0 0.0 0.0 0.0 0.0 0.0 0.0 0.6749999999999989 1.0 1.0 1.0 1.0 0.07499999999999929 0.0 
0.024999999999995026 1.0 1.0 1.0 1.0 0.7250000000000032 0.0 0.0 0.0 0.0 0.0 0.0 0.0 0.6749999999999989 1.0 1.0 1.0 1.0 0.07499999999999929 0.0 
0.024999999999995026 1.0 1.0 1.0 1.0 1.0 1.0 1.0 1.0 1.0 1.0 1.0 1.0 1.0 1.0 1.0 1.0 1.0 0.07499999999999929 0.0 
0.024999999999995026 1.0 1.0 1.0 1.0 1.0 1.0 1.0 1.0 1.0 1.0 1.0 1.0 1.0 1.0 1.0 1.0 1.0 0.07499999999999929 0.0 
0.024999999999995026 1.0 1.0 1.0 1.0 1.0 1.0 1.0 1.0 1.0 1.0 1.0 1.0 1.0 1.0 1.0 1.0 1.0 0.07499999999999929 0.0 
0.024999999999995026 1.0 1.0 1.0 1.0 1.0 0.6750000000000034 0.0 0.0 0.0 0.0 0.0 0.0 0.6749999999999989 1.0 1.0 1.0 1.0 1.0 0.02499999999999858 
0.024999999999995026 1.0 1.0 1.0 1.0 1.0 0.6750000000000034 0.0 0.0 0.0 0.0 0.0 0.0 0.6749999999999989 1.0 1.0 1.0 1.0 1.0 0.02499999999999858 
0.024999999999995026 1.0 1.0 1.0 1.0 1.0 0.6750000000000034 0.0 0.0 0.0 0.0 0.0 0.0 0.6749999999999989 1.0 1.0 1.0 1.0 1.0 0.02499999999999858 
0.0 0.07499999999999529 1.0 1.0 1.0 1.0 0.6750000000000034 0.0 0.0 0.0 0.0 0.0 0.0 0.0 0.7249999999999979 1.0 1.0 1.0 1.0 0.02499999999999858 
0.0 0.07499999999999529 1.0 1.0 1.0 1.0 0.6750000000000034 0.0 0.0 0.0 0.0 0.0 0.0 0.0 0.7249999999999979 1.0 1.0 1.0 1.0 0.02499999999999858 
0.0 0.07499999999999529 1.0 1.0 1.0 1.0 0.6750000000000034 0.0 0.0 0.0 0.0 0.0 0.0 0.0 0.7249999999999979 1.0 1.0 1.0 1.0 0.02499999999999858 
0.0 0.07499999999999529 1.0 1.0 1.0 1.0 0.6750000000000034 0.0 0.0 0.0 0.0 0.0 0.0 0.0 0.7249999999999979 1.0 1.0 1.0 1.0 0.02499999999999858 
0.0 0.07499999999999529 1.0 1.0 1.0 1.0 0.6750000000000034 0.0 0.0 0.0 0.0 0.0 0.0 0.0 0.7249999999999979 1.0 1.0 1.0 1.0 0.0493749999999903 
0.0 0.02437499999999895 0.4093750000000026 0.881875000000004 0.3250000000000064 0.3250000000000064 0.21937500000000543 0.0 0.0 0.0 0.0 0.0 0.0 0.0 0.23562500000000394 0.8481250000000005 0.44312500000000576 0.3250000000000064 0.3250000000000064 0.3250000000000064 
