0.0 0.0 0.0 0.0 0.06500000000000034 0.3400000000000001 1.0 1.0 1.0 1.0 1.0 1.0 1.0 1.0 0.3400000000000043 0.20000000000000284 0.09500000000000199 0.0 0.0 0.0 
0.0 0.0 0.0 0.2849999999999995 0.7300000000000006 1.0 1.0 1.0 1.0 1.0 1.0 1.0 1.0 1.0 1.0 1.0 0.7900000000000027 0.37500000000000383 0.0 0.0 
0.0 2.0650148258027834e-15 0.6249999999999981 1.0 1.0 1.0 0.9999999999999999 0.9999999999999977 0.9999999999999973 0.42500000000000226 0.0 0.2749999999999961 0.9999999999999977 0.9999999999999999 1.0 1.0 1.0 0.6250000000000046 2.0650148258028016e-15 0.0 
0.0 0.7749999999999971 1.0 1.0 1.0 0.9300000000000008 0.5849999999999999 0.07500000000000133 0.0 0.0 0.0 0.0 0.0749999999999976 0.5849999999999955 0.9299999999999986 1.0 1.0 1.0 0.7750000000000039 0.0 
0.0 0.7749999999999971 1.0 1.0 1.0 0.8250000000000028 0.0 0.0 0.0 0.0 0.0 0.0 0.0 0.0 0.16499999999999745 0.7399999999999969 1.0 1.0 0.9550000000000014 0.7400000000000058 
0.0 0.7749999999999972 1.0 1.0 0.6750000000000029 0.0 0.0 0.0 0.0 0.0 0.0 0.0 0.0 0.0 0.0 0.6749999999999972 1.0 1.0 1.0 0.9250000000000043 
0.0 0.3099999999999978 0.3999999999999986 0.3999999999999986 0.27000000000000024 0.0 0.0 0.0 0.0 0.0 0.0 0.0 0.0 0.0 0.0 0.6749999999999972 1.0 1.0 1.0 0.9250000000000043 
0.0 0.0 0.0 0.0 0.0 0.0 0.0 0.0 0.0 0.0 0.0 4.884981308350632e-16 1.7763568394002505e-15 1.7763568394002505e-15 0.8249999999999978 1.0 1.0 1.0 0.7750000000000039 0.0 
0.0 0.0 0.0 0.0 0.0 0.0 0.0 0.0 0.2900000000000003 0.40000000000000213 0.40000000000000213 0.5649999999999996 1.0 1.0 1.0 1.0 1.0 0.8500000000000006 0.4650000000000007 0.0 
0.0 0.0 0.0 0.0 0.0 0.0 0.0 0.0 0.724999999999997 1.0 1.0 1.0 1.0 1.0 1.0 1.0 1.0 0.6250000000000036 0.0 0.0 
0.0 0.0 0.0 0.0 0.0 0.0 0.0 0.0 0.5799999999999955 0.7999999999999972 0.7999999999999972 0.7999999999999972 0.8249999999999968 0.9949999999999991 1.0 1.0 1.0 0.700000000000004 0.155000000000003 0.0 
0.0 0.0 0.0 0.0 0.0 0.0 0.0 0.0 0.0 0.0 0.0 0.0 0.0499999999999984 0.38999999999999707 0.8949999999999982 1.0 1.0 1.0 0.7750000000000039 0.0 
0.0 0.0 0.0 0.0 0.0 0.0 0.0 0.0 0.0 0.0 0.0 0.0 0.0 0.0 0.0 0.6749999999999972 1.0 1.0 1.0 0.9250000000000043 
0.0 0.3100000000000005 0.40000000000000213 0.40000000000000213 0.2700000000000026 0.0 0.0 0.0 0.0 0.0 0.0 0.0 0.0 0.0 0.0 0.40499999999999686 0.8099999999999977 1.0 1.0 0.9250000000000043 
0.7399999999999984 0.9549999999999996 1.0 1.0 0.6750000000000029 0.0 0.0 0.0 0.0 0.0 0.0 0.0 0.0 0.0 0.0 0.0 0.5249999999999968 1.0 1.0 0.9250000000000043 
0.0 0.7749999999999972 1.0 1.0 0.7400000000000033 0.16500000000000292 0.0 0.0 0.0 0.0 0.0 0.0 0.0 0.0 0.0 0.6749999999999972 1.0 1.0 1.0 0.9250000000000043 
0.0 0.7749999999999971 1.0 1.0 1.0 0.8250000000000028 0.0 0.0 0.0 0.0 0.0 0.0 0.0 0.0 0.49499999999999966 0.8699999999999993 1.0 1.0 0.865000000000002 0.3700000000000004 
0.0 0.0 0.6249999999999971 1.0 1.0 1.0 1.0 1.0 0.275000000000003 0.0 0.0 0.0 0.12499999999999645 0.9749999999999961 1.0 1.0 1.0 1.0 0.7750000000000039 0.0 
0.0 0.0 0.37499999999999695 0.7899999999999977 1.0 1.0 1.0 1.0 1.0 1.0 1.0 1.0 1.0 1.0 1.0 1.0 0.7900000000000001 0.3750000000000008 0.0 0.0 
0.0 0.0 0.0 0.09499999999999906 0.1999999999999993 0.1999999999999993 0.21999999999999675 0.8999999999999978 1.0 1.0 1.0 1.0 1.0 1.0 0.3400000000000014 0.1999999999999993 0.0950000000000003 0.0 0.0 0.0 
