0.0 0.0 0.0 0.0 0.0 0.0 0.1400000000000022 0.5000000000000011 0.6199999999999974 0.20000000000000284 0.20000000000000284 0.20000000000000284 0.10000000000000071 0.0 0.02000000000000128 0.18000000000000368 0.20000000000000284 0.1 0.0 0.0 
0.0 0.0 0.3000000000000011 0.42000000000000204 0.060000000000000595 0.5400000000000033 0.8800000000000012 0.8000000000000007 0.7200000000000029 1.0 1.0 1.0 0.7999999999999999 0.6000000000000028 0.6400000000000045 0.9600000000000026 1.0 0.4999999999999929 0.0 0.0 
0.0 0.6999999999999991 0.5000000000000018 2.6645352591003757e-15 0.10000000000000293 0.9000000000000015 0.9999999999999981 0.9999999999999973 0.9999999999999973 0.9999999999999973 0.9999999999999973 0.9999999999999973 0.4999999999999951 0.3000000000000035 0.9999999999999976 0.9999999999999998 0.2999999999999955 0.5000000000000084 1.0 0.8999999999999915 
0.0 0.6999999999999991 1.0 1.0 1.0 1.0 0.29999999999999893 0.0 0.0 0.0 0.0 0.0 0.0 0.0 0.10000000000000497 0.9000000000000057 1.0 1.0 1.0 0.8999999999999915 
0.0 0.6999999999999991 1.0 1.0 1.0 1.0 0.29999999999999893 0.0 0.0 0.0 0.0 0.0 0.0 0.0 0.10000000000000497 0.9000000000000057 1.0 1.0 1.0 0.8999999999999915 
0.18000000000000227 0.7600000000000001 1.0 0.7000000000000002 0.020000000000000392 0.1800000000000028 0.060000000000000636 0.0 0.0 0.0 0.0 0.0 0.0 0.0 0.0 0.0 0.0 0.0 0.0 0.0 
0.8999999999999986 1.0 1.0 0.8800000000000006 0.580000000000001 0.4199999999999986 0.11999999999999915 0.0 0.0 0.0 0.0 0.0 0.0 0.0 0.0 0.0 0.0 0.0 0.0 0.0 
1.5987211554602229e-15 0.6999999999999996 1.0 0.7000000000000002 0.10000000000000035 0.8999999999999997 0.2999999999999984 0.0 0.0 0.0 0.0 0.0 0.0 0.0 0.0 0.0 0.0 0.0 0.0 0.0 
0.8999999999999986 1.0 1.0 0.8200000000000007 0.3600000000000017 0.039999999999999716 0.0 0.0 0.12000000000000163 0.40000000000000213 0.40000000000000213 0.40000000000000213 0.40000000000000213 0.40000000000000213 0.35999999999999993 0.03999999999999794 0.0 0.0 0.0 0.0 
0.8999999999999986 1.0 0.5999999999999991 0.4399999999999981 0.8999999999999995 0.09999999999999876 0.5600000000000026 0.8000000000000025 0.8600000000000022 1.0 1.0 1.0 1.0 1.0 0.9799999999999993 0.8200000000000011 0.23999999999999563 0.0 0.0 0.0 
0.8999999999999986 1.0 1.0 0.760000000000001 0.28000000000000297 0.9200000000000013 0.8599999999999978 0.8999999999999989 0.9399999999999986 0.7999999999999972 0.7999999999999972 0.9400000000000001 1.0 0.7599999999999975 0.2800000000000065 0.9200000000000048 1.0 1.0 0.7599999999999946 0.18000000000000085 
0.8999999999999986 1.0 1.0 1.0 0.9399999999999995 0.45999999999999797 0.11999999999999915 0.2 0.27999999999999803 0.0 0.0 0.28000000000000086 0.3999999999999986 0.3999999999999986 0.4600000000000017 0.9400000000000033 1.0 0.6999999999999951 0.5800000000000037 0.8999999999999915 
0.8999999999999986 1.0 1.0 1.0 0.8999999999999995 0.09999999999999876 0.0 0.0 0.0 0.0 0.0 0.0 0.0 0.0 0.10000000000000497 0.9000000000000057 1.0 1.0 1.0 0.8999999999999915 
0.8999999999999986 1.0 1.0 1.0 0.8999999999999995 0.09999999999999876 0.0 0.0 0.0 0.0 0.0 0.0 0.0 0.0 0.10000000000000497 0.9000000000000057 1.0 0.6999999999999968 0.4600000000000024 0.5399999999999929 
0.8999999999999986 1.0 0.6 0.4399999999999994 0.8999999999999995 0.09999999999999876 0.0 0.0 0.0 0.0 0.0 0.0 0.0 0.0 0.10000000000000497 0.9000000000000057 1.0 1.0 0.6999999999999922 0.0 
0.8999999999999986 1.0 1.0 1.0 0.8999999999999995 0.09999999999999876 0.0 0.0 0.0 0.0 0.0 0.0 0.0 0.0 0.10000000000000497 0.9000000000000057 1.0 1.0 0.6999999999999922 0.0 
0.8999999999999986 1.0 1.0 1.0 0.8999999999999995 0.09999999999999876 0.0 0.0 0.0 0.0 0.0 0.0 0.0 0.0 0.04000000000000185 0.360000000000001 0.8200000000000034 1.0 0.6999999999999922 0.0 
0.8999999999999986 1.0 1.0 1.0 1.0 1.0 1.0 1.0 1.0 1.0 1.0 1.0 1.0 1.0 1.0 1.0 1.0 1.0 0.6999999999999922 0.0 
0.0 0.41999999999999793 0.5999999999999979 0.7199999999999984 1.0 1.0 1.0 1.0 1.0 0.9399999999999983 0.4599999999999996 0.8200000000000034 1.0 0.8199999999999981 0.4200000000000027 0.5799999999999994 0.5999999999999979 0.29999999999999466 0.0 0.0 
0.0 0.0 0.0 0.05999999999999975 0.1999999999999993 0.1999999999999993 0.1999999999999993 0.1999999999999993 0.4400000000000015 0.9199999999999974 0.27999999999999625 0.1999999999999993 0.1999999999999993 0.1999999999999993 0.17999999999999836 0.019999999999998793 0.0 0.0 0.0 0.0 
