0.0 0.0 0.0 0.0 0.0 0.052500000000000116 0.14999999999999858 0.14999999999999858 0.532500000000004 1.0 1.0 0.5324999999999933 0.14999999999999858 0.14999999999999858 0.14999999999999858 0.0974999999999978 0.0 0.0 0.0 0.0 
0.0 0.0 0.112500000000001 0.42750000000000016 0.4499999999999984 0.6425000000000012 1.0 1.0 1.0 1.0 1.0 1.0 1.0 1.0 1.0 0.8074999999999948 0.42749999999999494 0.1124999999999948 0.0 0.0 
0.0 0.41250000000000103 0.8124999999999994 0.9875000000000008 1.0 1.0 0.9624999999999962 0.43749999999999734 0.2500000000000018 0.2500000000000018 0.2500000000000018 0.2500000000000018 0.2500000000000018 0.2500000000000018 0.7375000000000076 1.0 0.9874999999999979 0.812499999999996 0.41249999999999154 0.0 
0.042499999999998456 0.5725000000000017 1.0 1.0 0.967500000000001 0.6174999999999974 0.0 0.0 0.0 0.0 0.0 0.0 0.0 0.0 0.61750000000001 0.9675000000000017 1.0 1.0 0.5724999999999897 0.04249999999999788 
0.8500000000000023 1.0 1.0 1.0 0.3499999999999961 0.0 0.0 0.0 0.0 0.0 0.0 0.0 0.0 0.0 0.0 0.3500000000000085 1.0 1.0 1.0 0.8499999999999908 
0.8500000000000023 1.0 1.0 1.0 0.3499999999999961 0.0 0.0 0.0 0.0 0.0 0.0 0.0 0.0 0.0 0.0 0.12250000000000379 0.3500000000000023 0.3500000000000023 0.3500000000000023 0.2974999999999987 
0.8500000000000023 1.0 1.0 1.0 0.3499999999999961 0.0 0.0 0.0 0.0 0.0 0.0 0.0 0.0 0.0 0.0 0.0 0.0 0.0 0.0 0.0 
0.8500000000000023 1.0 1.0 1.0 0.3499999999999961 0.0 0.0 0.0 0.0 0.0 0.0 0.0 0.0 0.0 0.0 0.0 0.0 0.0 0.0 0.0 
0.8500000000000023 1.0 1.0 1.0 0.3499999999999961 0.0 0.0 0.0 0.0 0.0 0.0 0.0 0.0 0.0 0.0 0.0 0.0 0.0 0.0 0.0 
0.8500000000000023 1.0 1.0 1.0 0.9024999999999981 0.8499999999999979 0.8499999999999979 0.8499999999999979 0.8499999999999979 0.8499999999999979 0.8499999999999979 0.8499999999999979 0.8499999999999979 0.8499999999999979 0.8499999999999979 0.5524999999999913 0.0 0.0 0.0 0.0 
0.8500000000000023 1.0 1.0 1.0 1.0 1.0 0.9924999999999994 0.8875000000000016 0.8500000000000032 0.8500000000000032 0.8500000000000032 0.8500000000000032 0.8500000000000032 0.8500000000000032 0.9475000000000025 1.0 0.9574999999999932 0.36249999999998855 0.08249999999999674 0.0 
0.8500000000000023 1.0 1.0 1.0 0.707500000000001 0.5500000000000043 0.5225000000000012 0.13749999999999812 0.0 0.0 0.0 0.0 0.0 0.0 0.6500000000000092 1.0 1.0 1.0 0.54999999999999 0.0 
0.8500000000000023 1.0 1.0 1.0 0.3499999999999961 0.0 0.0 0.0 0.0 0.0 0.0 0.0 0.0 0.0 0.1625000000000046 0.5125000000000087 1.0 1.0 0.887499999999996 0.6374999999999901 
0.8500000000000023 1.0 1.0 1.0 0.3499999999999961 0.0 0.0 0.0 0.0 0.0 0.0 0.0 0.0 0.0 0.0 0.3500000000000085 1.0 1.0 1.0 0.8499999999999908 
0.8500000000000023 1.0 1.0 1.0 0.3499999999999961 0.0 0.0 0.0 0.0 0.0 0.0 0.0 0.0 0.0 0.0 0.3500000000000085 1.0 1.0 1.0 0.8499999999999908 
0.8500000000000023 1.0 1.0 1.0 0.3499999999999961 0.0 0.0 0.0 0.0 0.0 0.0 0.0 0.0 0.0 0.0 0.3500000000000085 1.0 1.0 1.0 0.8499999999999908 
0.8500000000000023 1.0 1.0 1.0 0.3499999999999961 0.0 0.0 0.0 0.0 0.0 0.0 0.0 0.0 0.0 0.0 0.3500000000000085 1.0 1.0 1.0 0.8499999999999908 
0.0 0.5500000000000027 1.0 1.0 1.0 0.6499999999999959 0.0 0.0 0.0 0.0 0.0 0.0 0.06250000000000089 0.2374999999999982 0.7375000000000057 1.0 1.0 1.0 0.54999999999999 0.0 
0.0 0.24750000000000277 0.5875000000000039 0.9725000000000021 1.0 0.8424999999999971 0.5499999999999972 0.5499999999999972 0.5499999999999972 0.5499999999999972 0.5499999999999972 0.5499999999999972 0.6625000000000011 0.9775000000000027 1.0 1.0 0.9724999999999958 0.5874999999999962 0.24749999999999708 0.0 
0.0 0.0 0.037500000000001886 0.14250000000000596 0.7025000000000053 1.0 1.0 1.0 1.0 1.0 1.0 1.0 1.0 1.0 1.0 0.7024999999999948 0.14250000000000423 0.037499999999999825 0.0 0.0 
