0.0 0.0 0.0 0.0 0.09749999999999966 0.14999999999999858 0.19250000000000303 0.7875000000000042 1.0 1.0 1.0 1.0 1.0 1.0 0.44749999999999124 0.0974999999999978 0.0 0.0 0.0 0.0 
0.0 0.0 0.112500000000001 0.42750000000000016 0.8075000000000017 1.0 1.0 1.0 0.7974999999999982 0.5500000000000016 0.5500000000000016 0.7975000000000039 1.0 1.0 1.0 0.8074999999999948 0.42749999999999494 0.1124999999999948 0.0 0.0 
0.0 0.41250000000000103 0.8124999999999994 0.9875000000000008 1.0 0.7374999999999976 0.2500000000000018 0.2500000000000018 0.1374999999999996 0.0 0.0 0.1375000000000027 0.2500000000000018 0.2500000000000018 0.7375000000000076 1.0 0.9874999999999979 0.812499999999996 0.41249999999999154 0.0 
0.042499999999998456 0.5725000000000017 1.0 1.0 0.3499999999999961 0.0 0.0 0.0 0.0 0.0 0.0 0.0 0.0 0.0 0.0 0.3500000000000085 1.0 1.0 0.5724999999999897 0.04249999999999788 
0.8500000000000023 1.0 1.0 1.0 0.3499999999999961 0.0 0.0 0.0 0.0 0.0 0.0 0.0 0.0 0.0 0.0 0.3500000000000085 1.0 1.0 1.0 0.8499999999999908 
0.8500000000000023 1.0 1.0 1.0 0.3499999999999961 0.0 0.0 0.0 0.0 0.0 0.0 0.0 0.0 0.0 0.0 0.3500000000000085 1.0 1.0 1.0 0.8499999999999908 
0.8500000000000023 1.0 1.0 1.0 0.3499999999999961 0.0 0.0 0.0 0.0 0.0 0.0 0.0 0.0 0.0 0.0 0.3500000000000085 1.0 1.0 1.0 0.8499999999999908 
0.8500000000000023 1.0 1.0 1.0 0.3499999999999961 0.0 0.0 0.0 0.0 0.0 0.0 0.0 0.0 0.0 0.0 0.3500000000000085 1.0 1.0 1.0 0.8499999999999908 
0.8500000000000023 1.0 1.0 1.0 0.7074999999999964 0.35749999999999593 0.0 0.0 0.0 0.0 0.0 0.0 0.0 0.0 0.35750000000000326 0.707500000000002 1.0 1.0 1.0 0.8499999999999908 
0.12750000000000217 0.6175000000000033 1.0 1.0 1.0 0.9474999999999987 0.8074999999999936 0.21249999999999494 0.0 0.0 0.0 0.0 0.21250000000000552 0.8075000000000034 0.9475000000000007 1.0 1.0 1.0 1.0 0.8499999999999908 
0.0 0.0 0.21250000000000344 0.8075000000000062 0.8500000000000032 0.9025000000000027 1.0 1.0 1.0 1.0 1.0 0.9175000000000008 0.8500000000000032 0.8500000000000032 0.8500000000000032 0.9025000000000034 1.0 1.0 1.0 0.8499999999999908 
0.0 0.0 0.0 0.0 0.0 0.19250000000000375 0.5500000000000043 0.5500000000000043 0.5500000000000043 0.5500000000000043 0.5500000000000043 0.2474999999999981 0.0 0.0 0.0 0.3500000000000085 1.0 1.0 1.0 0.8499999999999908 
0.0 0.0 0.0 0.0 0.0 0.0 0.0 0.0 0.0 0.0 0.0 0.0 0.0 0.0 0.0 0.3500000000000085 1.0 1.0 1.0 0.8499999999999908 
0.0 0.0 0.0 0.0 0.0 0.0 0.0 0.0 0.0 0.0 0.0 0.0 0.0 0.0 0.0 0.3500000000000085 1.0 1.0 1.0 0.8499999999999908 
0.297499999999996 0.3499999999999943 0.3499999999999943 0.3499999999999943 0.12249999999999664 0.0 0.0 0.0 0.0 0.0 0.0 0.0 0.0 0.0 0.0 0.3500000000000085 1.0 1.0 1.0 0.8499999999999908 
0.8500000000000023 1.0 1.0 1.0 0.3499999999999961 0.0 0.0 0.0 0.0 0.0 0.0 0.0 0.0 0.0 0.0 0.3500000000000085 1.0 1.0 0.7074999999999958 0.297500000000001 
0.8500000000000023 1.0 1.0 1.0 0.3499999999999961 0.0 0.0 0.0 0.0 0.0 0.0 0.0 0.0 0.0 0.617500000000006 0.9674999999999977 1.0 1.0 0.54999999999999 0.0 
0.0 0.5500000000000027 1.0 1.0 1.0 0.7374999999999957 0.24999999999999645 0.24999999999999645 0.13749999999999668 0.03750000000000089 0.21249999999999844 0.24999999999999645 0.24999999999999645 0.24999999999999645 0.7375000000000057 1.0 0.9499999999999922 0.24999999999998934 0.0 0.0 
0.0 0.24750000000000277 0.5875000000000039 0.9725000000000021 1.0 1.0 1.0 1.0 0.7974999999999962 0.6175000000000002 0.9325000000000022 1.0 1.0 1.0 0.6424999999999967 0.45000000000000284 0.42749999999999916 0.11249999999999591 0.0 0.0 
0.0 0.0 0.037500000000001886 0.14250000000000596 0.15000000000000568 0.44750000000000717 1.0 1.0 1.0 1.0 1.0 1.0 0.7874999999999954 0.19249999999999995 0.0525000000000006 0.0 0.0 0.0 0.0 0.0 
