0.9750000000000014 1.0 1.0 1.0 1.0 1.0 1.0 1.0 1.0 1.0 1.0 0.7556250000000019 0.4250000000000078 0.4250000000000078 0.30812500000000476 0.0 0.0 0.0 0.0 0.0 
0.9750000000000014 1.0 1.0 1.0 1.0 1.0 1.0 1.0 1.0 1.0 1.0 1.0 1.0 1.0 1.0 0.8368749999999996 0.2268750000000062 0.0 0.0 0.0 
0.9750000000000014 1.0 1.0 1.0 1.0 0.9093749999999934 0.8749999999999911 0.8749999999999911 0.8749999999999911 0.8749999999999911 0.8749999999999911 0.9281249999999952 1.0 1.0 1.0 1.0 1.0 0.8749999999999964 0.0 0.0 
0.9750000000000014 1.0 1.0 1.0 1.0 0.2749999999999986 0.0 0.0 0.0 0.0 0.0 0.010624999999996438 0.3906249999999964 1.0 1.0 1.0 1.0 0.996875000000001 0.9018750000000051 0.0 
0.9750000000000014 1.0 1.0 1.0 1.0 0.2749999999999986 0.0 0.0 0.0 0.0 0.0 0.0 0.0 0.0 0.27500000000000213 1.0 1.0 1.0 0.9868750000000002 0.8043750000000071 
0.9750000000000014 1.0 1.0 1.0 1.0 0.2749999999999986 0.0 0.0 0.0 0.0 0.0 0.0 0.0 0.0 0.27500000000000213 1.0 1.0 1.0 1.0 0.9749999999999979 
0.9750000000000014 1.0 1.0 1.0 1.0 0.2749999999999986 0.0 0.0 0.0 0.0 0.0 0.0 0.0 0.0 0.27500000000000213 1.0 1.0 1.0 1.0 0.9749999999999979 
0.9750000000000014 1.0 1.0 1.0 1.0 0.2749999999999986 0.0 0.0 0.0 0.0 0.0 0.0 0.14062500000000466 0.578125000000009 1.0 1.0 1.0 1.0 0.9249999999999972 0.0 
0.9750000000000014 1.0 1.0 1.0 1.0 0.43812500000000637 0.2250000000000103 0.2250000000000103 0.2250000000000103 0.2250000000000103 0.5931250000000066 1.0 1.0 1.0 1.0 1.0 1.0 0.8749999999999964 0.0 0.0 
0.9750000000000014 1.0 1.0 1.0 1.0 1.0 1.0 1.0 1.0 1.0 1.0 1.0 1.0 1.0 1.0 0.9831249999999975 0.7631249999999895 0.0 0.0 0.0 
0.9750000000000014 1.0 1.0 1.0 1.0 1.0 1.0 1.0 1.0 1.0 1.0 1.0 1.0 1.0 1.0 0.9831250000000024 0.763125000000007 0.0 0.0 0.0 
0.9750000000000014 1.0 1.0 1.0 1.0 0.43812499999998966 0.2249999999999872 0.2249999999999872 0.2249999999999872 0.2249999999999872 0.5931249999999944 1.0 1.0 1.0 1.0 1.0 1.0 0.8749999999999964 0.0 0.0 
0.9750000000000014 1.0 1.0 1.0 1.0 0.2749999999999986 0.0 0.0 0.0 0.0 0.0 0.0 0.14062499999999667 0.5781249999999946 1.0 1.0 1.0 1.0 0.9249999999999972 0.0 
0.9750000000000014 1.0 1.0 1.0 1.0 0.2749999999999986 0.0 0.0 0.0 0.0 0.0 0.0 0.0 0.0 0.27500000000000213 1.0 1.0 1.0 0.9606249999999994 0.4631250000000108 
0.9750000000000014 1.0 1.0 1.0 1.0 0.2749999999999986 0.0 0.0 0.0 0.0 0.0 0.0 0.0 0.0 0.27500000000000213 1.0 1.0 1.0 1.0 0.9749999999999979 
0.9750000000000014 1.0 1.0 1.0 1.0 0.2749999999999986 0.0 0.0 0.0 0.0 0.0 0.0 0.0 0.05687500000000419 0.40187500000001 1.0 1.0 1.0 0.9868749999999986 0.8043749999999872 
0.9750000000000014 1.0 1.0 1.0 1.0 0.2749999999999986 0.0 0.0 0.0 0.0 0.0 0.010625000000005498 0.3906250000000097 1.0 1.0 1.0 1.0 0.9968749999999983 0.9018749999999854 0.0 
0.9750000000000014 1.0 1.0 1.0 1.0 0.9093750000000101 0.8750000000000142 0.8750000000000142 0.8750000000000142 0.8750000000000142 0.8750000000000142 0.9281250000000085 0.6718749999999931 0.4093749999999929 1.0 1.0 1.0 0.8749999999999964 0.0 0.0 
0.9750000000000014 1.0 1.0 1.0 1.0 1.0 1.0 1.0 1.0 1.0 1.0 1.0 1.0 1.0 1.0 0.8368749999999958 0.22687499999999228 0.0 0.0 0.0 
0.41437499999998395 0.42499999999998295 0.42499999999998295 0.42499999999998295 0.8706249999999971 1.0 1.0 1.0 1.0 1.0 0.7268749999999911 0.42499999999998295 0.42499999999998295 0.2868749999999873 0.0 0.0 0.0 0.0 0.0 0.0 
