0.0 0.0 0.0 0.0 0.0 0.19124999999999834 0.4249999999999936 0.4249999999999936 0.5112499999999963 1.0 1.0 0.5112499999999918 0.4249999999999936 0.4249999999999936 0.1912499999999953 0.0 0.0 0.0 0.0 0.0 
0.0 0.0 0.20624999999999588 0.7462499999999994 1.0 1.0 1.0 1.0 1.0 1.0 1.0 1.0 1.0 1.0 1.0 1.0 0.7462499999999942 0.2062499999999943 0.0 0.0 
0.0 0.8500000000000021 1.0 1.0 1.0 1.0 1.0 0.9687500000000012 0.8750000000000062 0.8750000000000062 0.8750000000000062 0.8750000000000062 0.968750000000002 1.0 1.0 1.0 1.0 0.9687500000000011 0.7437500000000004 0.0 
0.9262499999999965 0.9962499999999992 1.0 1.0 1.0 0.5612499999999998 0.025000000000005684 0.018750000000004197 0.0 0.0 0.0 0.0 0.018750000000004353 0.025000000000005684 0.5612500000000067 1.0 0.6587499999999972 0.018750000000004173 0.0 0.0 
0.950000000000002 1.0 1.0 1.0 1.0 0.5499999999999972 0.0 0.0 0.0 0.0 0.0 0.0 0.0 0.0 0.0 0.0 0.0 0.0 0.0 0.0 
0.950000000000002 1.0 1.0 1.0 0.4499999999999975 0.0 0.0 0.0 0.0 0.0 0.0 0.0 0.0 0.0 0.0 0.0 0.0 0.0 0.0 0.0 
0.950000000000002 1.0 1.0 1.0 0.4499999999999975 0.0 0.0 0.0 0.0 0.0 0.0 0.0 0.0 0.0 0.0 0.0 0.0 0.0 0.0 0.0 
0.950000000000002 1.0 1.0 1.0 0.6562499999999956 0.206249999999996 0.131249999999999 0.37499999999999467 0.37499999999999467 0.37499999999999467 0.37499999999999467 0.37499999999999467 0.09374999999999734 0.0 0.0 0.0 0.0 0.0 0.0 0.0 
0.950000000000002 1.0 1.0 1.0 1.0 1.0 1.0 1.0 1.0 1.0 1.0 1.0 1.0 1.0 1.0 0.6512499999999952 0.1462499999999952 0.0 0.0 0.0 
0.950000000000002 1.0 1.0 1.0 1.0 1.0 1.0 1.0 1.0 1.0 1.0 1.0 1.0 1.0 1.0 1.0 1.0 0.7687499999999956 0.06374999999999595 0.0 
0.950000000000002 1.0 1.0 1.0 1.0 1.0 0.6762500000000001 0.0750000000000064 0.0750000000000064 0.0750000000000064 0.0750000000000064 0.0750000000000064 0.0750000000000064 0.6762500000000042 1.0 1.0 1.0 1.0 0.8499999999999943 0.0 
0.950000000000002 1.0 1.0 1.0 1.0 0.5499999999999972 0.0 0.0 0.0 0.0 0.0 0.0 0.0 0.0 0.5500000000000043 1.0 1.0 1.0 1.0 0.9499999999999957 
0.950000000000002 1.0 1.0 1.0 0.4499999999999975 0.0 0.0 0.0 0.0 0.0 0.0 0.0 0.0 0.0 0.20625000000000354 0.6562500000000038 1.0 1.0 1.0 0.9499999999999957 
0.950000000000002 1.0 1.0 1.0 0.4499999999999975 0.0 0.0 0.0 0.0 0.0 0.0 0.0 0.0 0.0 0.0 0.45000000000000284 1.0 1.0 1.0 0.9499999999999957 
0.950000000000002 1.0 1.0 1.0 0.4499999999999975 0.0 0.0 0.0 0.0 0.0 0.0 0.0 0.0 0.0 0.5500000000000043 1.0 1.0 1.0 1.0 0.9499999999999957 
0.950000000000002 1.0 1.0 1.0 0.4499999999999975 0.0 0.0 0.0 0.0 0.0 0.0 0.0 0.0 0.0 0.5500000000000043 1.0 1.0 1.0 1.0 0.9499999999999957 
0.9262500000000067 0.9962500000000007 1.0 1.0 1.0 0.561249999999995 0.016249999999996708 0.0 0.0 0.0 0.0 0.0 0.01874999999999636 0.024999999999995026 0.5612500000000019 1.0 1.0 1.0 0.8499999999999943 0.0 
0.0 0.8500000000000021 1.0 1.0 1.0 1.0 0.9562499999999985 0.8749999999999964 0.8749999999999964 0.8749999999999964 0.8749999999999964 0.8749999999999964 0.9687499999999996 1.0 1.0 1.0 1.0 1.0 0.8499999999999943 0.0 
0.0 0.0 0.20625000000000487 0.7462500000000035 1.0 1.0 1.0 1.0 1.0 1.0 1.0 1.0 1.0 1.0 1.0 1.0 0.7462499999999983 0.2062500000000033 0.0 0.0 
0.0 0.0 0.0 0.0 0.2337500000000073 0.42500000000001137 0.42500000000001137 0.5687500000000101 1.0 1.0 1.0 1.0 0.5687500000000065 0.42500000000001137 0.1912500000000033 0.0 0.0 0.0 0.0 0.0 
