0.0 0.9249999999999943 1.0 1.0 1.0 1.0 1.0 1.0 1.0 1.0 1.0 1.0 1.0 1.0 1.0 1.0 1.0 1.0 1.0 0.975000000000005 
0.0 0.9249999999999943 1.0 1.0 1.0 1.0 1.0 1.0 1.0 1.0 1.0 1.0 1.0 1.0 1.0 1.0 1.0 1.0 1.0 0.975000000000005 
0.0 9.447997939560023e-15 1.021405182655144e-14 1.021405182655144e-14 1.021405182655144e-14 1.021405182655144e-14 1.021405182655144e-14 1.021405182655144e-14 1.021405182655144e-14 1.021405182655144e-14 0.4749999999999997 1.0 1.0 1.0 1.0 1.0 1.0 0.8750000000000083 1.021405182655144e-14 9.958700530887705e-15 
0.0 0.0 0.0 0.0 0.0 0.0 0.0 0.0 0.0 0.4199999999999898 0.8949999999999941 1.0 1.0 1.0 1.0 0.8200000000000066 0.20000000000000906 0.17500000000000934 0.0 0.0 
0.0 0.0 0.0 0.0 0.0 0.0 0.0 0.37499999999999106 0.8299999999999941 1.0 1.0 1.0 1.0 0.8050000000000064 0.29000000000000875 0.0 0.0 0.0 0.0 0.0 
0.0 0.0 0.0 0.0 0.0 0.2899999999999928 0.8049999999999939 1.0 1.0 1.0 1.0 0.8300000000000054 0.3750000000000085 0.0 0.0 0.0 0.0 0.0 0.0 0.0 
0.0 0.0 0.17499999999999355 0.19999999999999396 0.819999999999994 1.0 1.0 1.0 1.0 0.8950000000000045 0.4200000000000077 0.0 0.0 0.0 0.0 0.0 0.0 0.0 0.0 0.0 
0.0 0.0 0.8749999999999942 1.0 1.0 1.0 1.0 1.0 1.0 0.9999999999999972 0.9999999999999947 0.5750000000000033 0.0 0.0 0.0 0.0 0.0 0.0 0.0 0.0 
0.0 0.0 0.8749999999999942 1.0 1.0 1.0 1.0 1.0 1.0 1.0 1.0 1.0 1.0 1.0 0.9450000000000001 0.620000000000001 0.0 0.0 0.0 0.0 
0.0 0.0 0.8749999999999942 1.0 1.0 1.0 1.0 1.0 1.0 1.0 1.0 1.0 1.0 1.0 1.0 1.0 0.9300000000000022 0.5250000000000024 0.0 0.0 
0.0 0.0 0.0 0.0 0.0 0.0 0.0 0.0 0.0 0.0 0.0 0.0 0.22499999999999626 0.7299999999999985 1.0 1.0 1.0 1.0 0.9250000000000078 0.0 
0.0 0.0 0.0 0.0 0.0 0.0 0.0 0.0 0.0 0.0 0.0 0.0 0.0 0.2599999999999954 0.8549999999999992 1.0 1.0 1.0 0.9400000000000062 0.1950000000000003 
0.0 0.0 0.0 0.0 0.0 0.0 0.0 0.0 0.0 0.0 0.0 0.0 0.0 0.0 0.27499999999999325 1.0 1.0 1.0 1.0 0.975000000000005 
0.0 0.0 0.0 0.0 0.0 0.0 0.0 0.0 0.0 0.0 0.0 0.0 0.0 0.0 0.27499999999999325 1.0 1.0 1.0 0.9400000000000062 0.1950000000000003 
0.0 0.0 0.0 0.0 0.0 0.0 0.0 0.0 0.0 0.0 0.0 0.0 0.0 0.0 0.27499999999999325 1.0 1.0 1.0 0.9550000000000046 0.3900000000000006 
0.9749999999999943 1.0 1.0 1.0 1.0 0.2750000000000057 0.0 0.0 0.0 0.0 0.0 0.0 0.0 0.0 0.27499999999999325 1.0 1.0 1.0 0.9250000000000078 0.0 
0.7799999999999927 0.9849999999999987 1.0 1.0 1.0 0.4200000000000066 0.06500000000000221 0.0 0.0 0.0 0.0 0.0 0.07499999999999965 0.4599999999999971 1.0 1.0 1.0 1.0 0.9250000000000078 0.0 
0.0 0.9249999999999909 0.9999999999999996 1.0 1.0 1.0 1.0 1.0 0.4250000000000081 3.552713678800501e-15 0.4749999999999962 1.0 1.0 1.0 1.0 1.0 0.9999999999999993 0.875000000000004 0.0 0.0 
0.0 0.0 0.1749999999999889 0.8599999999999932 1.0 1.0 1.0 1.0 1.0 1.0 1.0 1.0 1.0 1.0 1.0 0.820000000000002 0.1649999999999919 0.0 0.0 0.0 
0.0 0.0 0.0 0.0 0.30999999999999106 0.3999999999999915 0.8049999999999934 1.0 1.0 1.0 1.0 1.0 0.775000000000001 0.3999999999999915 0.28999999999999654 0.0 0.0 0.0 0.0 0.0 
