0.9000000000000012 1.0 1.0 1.0 0.9149999999999986 0.2350000000000001 0.045000000000000345 0.0 0.0 0.0 0.0 0.0 0.0 0.0 0.0 0.0 0.0 0.0 0.0 0.0 
0.9000000000000012 1.0 1.0 1.0 1.0 1.0 0.29999999999999805 0.0 0.0 0.0 0.0 0.0 0.0 0.0 0.0 0.0 0.0 0.0 0.0 0.0 
0.9000000000000012 1.0 1.0 1.0 1.0 1.0 0.29999999999999805 0.0 0.0 0.0 0.0 0.0 0.0 0.0 0.0 0.0 0.0 0.0 0.0 0.0 
0.9000000000000012 1.0 1.0 1.0 1.0 1.0 0.29999999999999805 0.0 0.0 0.0 0.0 0.0 0.0 0.0 0.0 0.0 0.0 0.0 0.0 0.0 
0.9000000000000012 1.0 1.0 1.0 1.0 1.0 0.29999999999999805 0.0 0.0 0.0 0.0 0.0 0.0 0.0 0.0 0.0 0.0 0.0 0.0 0.0 
0.3149999999999969 0.8049999999999997 1.0 1.0 1.0 1.0 0.29999999999999805 0.0 0.0 0.0 0.0 0.0 0.0 0.0 0.0 0.0 0.0 0.0 0.0 0.0 
0.0 0.7000000000000014 1.0 1.0 1.0 1.0 0.29999999999999805 0.0 0.0 0.0 0.0 0.0 0.0 0.0 0.0 0.0 0.0 0.0 0.0 0.0 
0.0 0.7000000000000014 1.0 1.0 1.0 1.0 0.29999999999999805 0.0 0.0 0.0 0.0 0.0 0.0 0.0 0.0 0.0 0.0 0.0 0.0 0.0 
0.0 0.7000000000000014 1.0 1.0 1.0 1.0 0.29999999999999805 0.0 0.0 0.0 0.0 0.0 0.0 0.0 0.0 0.0 0.0 0.0 0.0 0.0 
0.0 0.7000000000000014 1.0 1.0 1.0 1.0 0.29999999999999805 0.0 0.0 0.0 0.0 0.0 0.0 0.0 0.0 0.0 0.0 0.0 0.0 0.0 
0.0 0.7000000000000014 1.0 1.0 1.0 1.0 0.29999999999999805 0.0 0.0 0.0 0.0 0.0 0.0 0.0 0.0 0.0 0.0 0.0 0.0 0.0 
0.0 0.7000000000000014 1.0 1.0 1.0 1.0 0.29999999999999805 0.0 0.0 0.0 0.0 0.0 0.0 0.0 0.0 0.0 0.0 0.0 0.0 0.0 
0.0 0.7000000000000014 1.0 1.0 1.0 1.0 0.29999999999999805 0.0 0.0 0.0 0.0 0.0 0.0 0.0 0.0 0.0 0.0 0.0 0.0 0.0 
0.0 0.7000000000000014 1.0 1.0 1.0 1.0 0.29999999999999805 0.0 0.0 0.0 0.0 0.0 0.0 0.0 0.0 0.0 0.0 0.0 0.0 0.0 
0.0 0.7000000000000014 1.0 1.0 1.0 1.0 0.29999999999999805 0.0 0.0 0.0 0.0 0.0 0.0 0.0 0.0 0.0 0.0 0.0 0.0 0.0 
0.0 0.7000000000000014 1.0 1.0 1.0 1.0 0.29999999999999805 0.0 0.0 0.0 0.0 0.0 0.0 0.0 0.0 0.0 0.0 0.0 0.0 0.0 
0.0 0.7000000000000014 1.0 1.0 1.0 1.0 0.29999999999999805 0.0 0.0 0.0 0.0 0.0 0.0 0.0 0.0 0.0 0.0 0.0 0.0 0.0 
0.0 0.7000000000000013 1.0 1.0 1.0 1.0 1.0 1.0 1.0 1.0 1.0 1.0 1.0 1.0 1.0 1.0 0.47500000000000286 0.2500000000000071 0.2500000000000071 0.22500000000000514 
0.0 0.7000000000000014 1.0 1.0 1.0 1.0 1.0 1.0 1.0 1.0 1.0 1.0 1.0 1.0 1.0 1.0 1.0 1.0 1.0 0.899999999999995 
0.0 0.10499999999999424 0.5749999999999971 1.0 1.0 1.0 1.0 1.0 1.0 1.0 1.0 1.0 1.0 1.0 1.0 1.0 1.0 1.0 1.0 0.899999999999995 
