0.0 0.36999999999998656 0.924999999999995 1.0 1.0 0.5649999999999946 0.8049999999999922 1.0 1.0 0.6849999999999977 0.3999999999999879 0.3999999999999879 0.3999999999999879 0.3999999999999879 0.3999999999999879 0.3999999999999879 0.3999999999999879 0.3999999999999879 0.3999999999999879 0.3899999999999902 
0.0 0.9249999999999943 1.0 1.0 1.0 1.0 1.0 1.0 1.0 1.0 1.0 1.0 1.0 1.0 1.0 1.0 1.0 1.0 1.0 0.975000000000005 
0.0 0.9249999999999943 1.0 1.0 1.0 1.0 1.0 1.0 1.0 1.0 1.0 1.0 1.0 1.0 1.0 1.0 1.0 1.0 1.0 0.975000000000005 
0.0 0.9249999999999943 1.0 1.0 1.0 0.2750000000000057 0.0 0.0 0.0 0.0 0.0 0.0 0.0 0.0 0.0 0.0 0.0 0.0 0.0 0.0 
0.0 0.9249999999999943 1.0 1.0 1.0 0.2750000000000057 0.0 0.0 0.0 0.0 0.0 0.0 0.0 0.0 0.0 0.0 0.0 0.0 0.0 0.0 
0.0 0.9249999999999943 1.0 1.0 1.0 0.2750000000000057 0.0 0.0 0.0 0.0 0.0 0.0 0.0 0.0 0.0 0.0 0.0 0.0 0.0 0.0 
0.0 0.9249999999999943 1.0 1.0 1.0 0.2750000000000057 0.0 0.0 0.0 0.0 0.0 0.0 0.0 0.0 0.0 0.0 0.0 0.0 0.0 0.0 
0.0 0.9249999999999943 1.0 1.0 1.0 0.2750000000000057 0.0 0.0 0.0 0.0 0.0 0.0 0.0 0.0 0.0 0.0 0.0 0.0 0.0 0.0 
0.7799999999999909 0.9849999999999985 1.0 1.0 1.0 0.2750000000000057 0.0 0.0 0.0 0.0 0.0 0.0 0.0 0.0 0.0 0.0 0.0 0.0 0.0 0.0 
0.9749999999999943 1.0 1.0 1.0 1.0 1.0 1.0 1.0 1.0 1.0 1.0 1.0 1.0 1.0 1.0 0.9100000000000018 0.4950000000000021 0.0 0.0 0.0 
0.9749999999999943 1.0 1.0 1.0 1.0 1.0 1.0 1.0 1.0 1.0 1.0 1.0 1.0 1.0 1.0 1.0 0.8250000000000064 0.0 0.0 0.0 
0.9749999999999943 1.0 1.0 1.0 1.0 0.8550000000000016 0.8000000000000007 0.8000000000000007 0.8000000000000007 0.8000000000000007 0.8000000000000007 0.8000000000000007 0.8000000000000007 0.8000000000000007 0.8000000000000007 0.8000000000000007 0.6600000000000057 0.0 0.0 0.0 
0.9749999999999943 1.0 1.0 1.0 1.0 0.2750000000000057 0.0 0.0 0.0 0.0 0.0 0.0 0.0 0.0 0.0 0.0 0.0 0.0 0.0 0.0 
0.9749999999999943 1.0 1.0 1.0 1.0 0.2750000000000057 0.0 0.0 0.0 0.0 0.0 0.0 0.0 0.0 0.0 0.0 0.0 0.0 0.0 0.0 
0.9749999999999943 1.0 1.0 1.0 1.0 0.2750000000000057 0.0 0.0 0.0 0.0 0.0 0.0 0.0 0.0 0.0 0.0 0.0 0.0 0.0 0.0 
0.9749999999999943 1.0 1.0 1.0 0.22500000000000586 0.0 0.0 0.0 0.0 0.0 0.0 0.0 0.0 0.0 0.0 0.0 0.0 0.0 0.0 0.0 
0.9749999999999943 1.0 1.0 1.0 0.22500000000000586 0.0 0.0 0.0 0.0 0.0 0.0 0.0 0.0 0.0 0.0 0.0 0.0 0.0 0.0 0.0 
0.9749999999999943 1.0 1.0 1.0 0.2250000000000086 3.552713678800501e-15 3.552713678800501e-15 3.552713678800501e-15 3.552713678800501e-15 3.552713678800501e-15 3.552713678800501e-15 3.552713678800501e-15 3.552713678800501e-15 3.552713678800501e-15 3.552713678800501e-15 3.552713678800501e-15 3.552713678800501e-15 3.552713678800501e-15 3.286260152890491e-15 0.0 
0.9749999999999943 1.0 1.0 1.0 1.0 1.0 1.0 1.0 1.0 1.0 1.0 1.0 1.0 1.0 1.0 1.0 1.0 1.0 0.9250000000000078 0.0 
0.9749999999999943 1.0 1.0 1.0 1.0 1.0 1.0 1.0 1.0 1.0 1.0 1.0 1.0 1.0 1.0 1.0 1.0 0.9250000000000032 0.3699999999999952 0.0 
