0.9499999999999975 0.4050000000000056 0.30000000000000426 0.30000000000000426 0.30000000000000426 0.30000000000000426 0.545 1.0 1.0 0.9650000000000034 0.3350000000000083 0.30000000000000426 0.8249999999999973 0.5450000000000075 0.30000000000000426 0.30000000000000426 0.195000000000005 0.0 0.0 0.0 
0.9499999999999975 1.0 1.0 1.0 1.0 1.0 1.0 1.0 1.0 1.0 1.0 1.0 1.0 1.0 1.0 1.0 0.9650000000000023 0.6750000000000097 0.0 0.0 
0.9499999999999975 1.0 1.0 1.0 1.0 0.7750000000000001 0.49999999999999556 0.49999999999999556 0.49999999999999556 0.49999999999999556 0.49999999999999556 0.49999999999999556 0.49999999999999556 0.8249999999999951 1.0 1.0 1.0 1.0 0.8500000000000085 0.0 
0.9499999999999975 1.0 1.0 1.0 0.45000000000000373 0.0 0.0 0.0 0.0 0.0 0.0 0.0 0.0 0.5849999999999906 0.899999999999995 0.9449999999999965 1.0 1.0 1.0 0.95000000000001 
0.9499999999999975 1.0 1.0 1.0 0.45000000000000373 0.0 0.0 0.0 0.0 0.0 0.0 0.0 0.0 0.0 0.0 0.4499999999999922 1.0 1.0 1.0 0.95000000000001 
0.9499999999999975 1.0 1.0 1.0 0.45000000000000373 0.0 0.0 0.0 0.0 0.0 0.0 0.0 0.0 0.0 0.0 0.4499999999999922 1.0 1.0 1.0 0.95000000000001 
0.9499999999999975 1.0 1.0 1.0 0.45000000000000373 0.0 0.0 0.0 0.0 0.0 0.0 0.0 0.0 0.0 0.0 0.4499999999999922 1.0 1.0 1.0 0.95000000000001 
0.9499999999999975 1.0 1.0 1.0 0.45000000000000373 0.0 0.0 0.0 0.0 0.0 0.0 0.0 0.0 0.0 0.27499999999999974 0.724999999999999 1.0 1.0 1.0 0.95000000000001 
0.9499999999999975 1.0 1.0 1.0 0.5050000000000061 0.10000000000000497 0.10000000000000497 0.10000000000000497 0.10000000000000497 0.10000000000000497 0.10000000000000497 0.10000000000000497 0.10000000000000497 0.10000000000000497 0.5949999999999964 1.0 1.0 1.0 0.8500000000000085 0.0 
0.9499999999999975 1.0 1.0 1.0 1.0 1.0 1.0 1.0 1.0 1.0 1.0 1.0 1.0 1.0 1.0 1.0 1.0 0.8250000000000038 0.2549999999999986 0.0 
0.0 0.8499999999999972 1.0 1.0 1.0 1.0 1.0 0.9250000000000003 0.7449999999999949 1.0 1.0 1.0 1.0 1.0 1.0 0.5500000000000078 0.0 0.0 0.0 0.0 
0.0 0.8499999999999972 1.0 1.0 0.5050000000000002 0.09999999999999432 0.09999999999999432 0.07499999999999618 0.01499999999999865 0.09999999999999432 0.09999999999999432 0.864999999999994 1.0 1.0 1.0 0.5500000000000078 0.0 0.0 0.0 0.0 
0.0 0.8499999999999972 1.0 1.0 0.45000000000000373 0.0 0.0 0.0 0.0 0.0 0.0 0.4249999999999911 0.8749999999999956 1.0 1.0 0.7750000000000071 0.32500000000000834 0.0 0.0 0.0 
0.0 0.8499999999999972 1.0 1.0 0.45000000000000373 0.0 0.0 0.0 0.0 0.0 0.0 0.0 0.7499999999999947 1.0 1.0 1.0 0.6500000000000075 0.0 0.0 0.0 
0.0 0.8499999999999972 1.0 1.0 0.45000000000000373 0.0 0.0 0.0 0.0 0.0 0.0 0.0 0.2249999999999936 0.754999999999993 1.0 1.0 0.8950000000000045 0.5250000000000098 0.0 0.0 
0.0 0.8499999999999972 1.0 1.0 0.45000000000000373 0.0 0.0 0.0 0.0 0.0 0.0 0.0 0.0 0.4549999999999925 0.8649999999999962 1.0 1.0 0.7500000000000071 0.0 0.0 
0.0 0.8499999999999972 1.0 1.0 0.45000000000000373 0.0 0.0 0.0 0.0 0.0 0.0 0.0 0.0 0.0 0.5499999999999936 1.0 1.0 0.9750000000000021 0.7650000000000126 0.0 
0.0 0.8499999999999972 1.0 1.0 0.724999999999998 0.27499999999999825 0.0 0.0 0.0 0.0 0.0 0.0 0.0 0.0 0.2749999999999929 0.7249999999999922 1.0 1.0 0.9250000000000054 0.47500000000001175 
0.0 0.8499999999999972 1.0 1.0 1.0 0.5500000000000043 0.0 0.0 0.0 0.0 0.0 0.0 0.0 0.0 0.0 0.4499999999999922 1.0 1.0 1.0 0.95000000000001 
0.0 0.25499999999999373 0.2999999999999936 0.2999999999999936 0.2999999999999936 0.16499999999999776 0.0 0.0 0.0 0.0 0.0 0.0 0.0 0.0 0.0 0.1349999999999948 0.2999999999999936 0.2999999999999936 0.4049999999999886 0.95000000000001 
