0.2850000000000033 0.8949999999999987 0.47500000000000536 0.30000000000000426 0.30000000000000426 0.30000000000000426 0.30000000000000426 0.30000000000000426 0.30000000000000426 0.30000000000000426 0.30000000000000426 0.8949999999999967 1.0 0.5450000000000075 0.30000000000000426 0.1650000000000047 0.0 0.0 0.0 0.0 
0.9499999999999975 1.0 1.0 1.0 1.0 1.0 1.0 1.0 1.0 1.0 1.0 1.0 1.0 1.0 1.0 0.9550000000000027 0.9000000000000044 0.6750000000000097 0.0 0.0 
0.9499999999999975 1.0 1.0 1.0 0.7249999999999994 0.49999999999999556 0.49999999999999556 0.49999999999999556 0.49999999999999556 0.49999999999999556 0.49999999999999556 0.49999999999999556 0.49999999999999556 0.8249999999999951 1.0 1.0 1.0 1.0 0.8500000000000085 0.0 
0.9499999999999975 1.0 1.0 1.0 0.45000000000000373 0.0 0.0 0.0 0.0 0.0 0.0 0.0 0.0 0.0 0.5499999999999936 1.0 1.0 1.0 1.0 0.95000000000001 
0.9499999999999975 1.0 1.0 1.0 0.45000000000000373 0.0 0.0 0.0 0.0 0.0 0.0 0.0 0.0 0.0 0.16499999999999554 0.614999999999992 1.0 1.0 1.0 0.95000000000001 
0.9499999999999975 1.0 1.0 1.0 0.45000000000000373 0.0 0.0 0.0 0.0 0.0 0.0 0.0 0.0 0.0 0.0 0.4499999999999922 1.0 1.0 1.0 0.95000000000001 
0.9499999999999975 1.0 1.0 1.0 0.45000000000000373 0.0 0.0 0.0 0.0 0.0 0.0 0.0 0.0 0.0 0.0 0.4499999999999922 1.0 1.0 0.8650000000000069 0.09499999999999559 
0.9499999999999975 1.0 1.0 1.0 0.45000000000000373 0.0 0.0 0.0 0.0 0.0 0.0 0.0 0.0 0.0 0.5499999999999936 1.0 1.0 1.0 0.8500000000000085 0.0 
0.9499999999999975 1.0 1.0 1.0 0.5050000000000061 0.10000000000000497 0.10000000000000497 0.10000000000000497 0.10000000000000497 0.10000000000000497 0.10000000000000497 0.10000000000000497 0.10000000000000497 0.6849999999999956 1.0 1.0 1.0 0.9749999999999994 0.7650000000000035 0.0 
0.9499999999999975 1.0 1.0 1.0 1.0 1.0 1.0 1.0 1.0 1.0 1.0 1.0 1.0 1.0 1.0 1.0 0.7550000000000037 0.22499999999999867 0.0 0.0 
0.9499999999999975 1.0 1.0 1.0 1.0 1.0 1.0 0.9250000000000003 0.7449999999999949 1.0 1.0 1.0 1.0 1.0 0.8349999999999995 0.3850000000000031 0.0 0.0 0.0 0.0 
0.9499999999999975 1.0 1.0 1.0 0.5050000000000002 0.09999999999999432 0.09999999999999432 0.07499999999999618 0.01499999999999865 0.14499999999999044 0.9549999999999943 1.0 1.0 1.0 0.4500000000000064 0.0 0.0 0.0 0.0 0.0 
0.9499999999999975 1.0 1.0 1.0 0.45000000000000373 0.0 0.0 0.0 0.0 0.0 0.0 0.8499999999999943 1.0 1.0 1.0 0.5500000000000078 0.0 0.0 0.0 0.0 
0.9499999999999975 1.0 1.0 1.0 0.45000000000000373 0.0 0.0 0.0 0.0 0.0 0.0 0.7649999999999907 0.9749999999999982 1.0 1.0 0.5950000000000093 0.06500000000000399 0.0 0.0 0.0 
0.9499999999999975 1.0 1.0 0.544999999999998 0.13499999999999823 0.0 0.0 0.0 0.0 0.0 0.0 0.0 0.7499999999999947 1.0 1.0 1.0 0.6500000000000075 0.0 0.0 0.0 
0.9499999999999975 1.0 1.0 0.545000000000005 0.13500000000000303 0.0 0.0 0.0 0.0 0.0 0.0 0.0 0.7499999999999947 1.0 1.0 1.0 0.6500000000000075 0.0 0.0 0.0 
0.9499999999999975 1.0 1.0 0.4149999999999992 0.04499999999999781 0.0 0.0 0.0 0.0 0.0 0.0 0.0 0.07499999999999521 0.684999999999992 1.0 1.0 0.9650000000000027 0.6750000000000107 0.0 0.0 
0.9499999999999975 1.0 1.0 0.3500000000000032 0.0 0.0 0.0 0.0 0.0 0.0 0.0 0.0 0.0 0.6499999999999932 1.0 1.0 1.0 0.7500000000000071 0.0 0.0 
0.9499999999999975 1.0 1.0 0.3500000000000032 0.0 0.0 0.0 0.0 0.0 0.0 0.0 0.0 0.0 0.0 0.5499999999999936 1.0 1.0 1.0 0.8500000000000085 0.0 
0.9499999999999975 0.40499999999999653 0.8249999999999962 0.3500000000000032 0.0 0.0 0.0 0.0 0.0 0.0 0.0 0.0 0.0 0.0 0.16499999999999457 0.2999999999999936 0.2999999999999936 0.2999999999999936 0.2549999999999971 0.0 
