0.0 0.2762500000000003 0.3249999999999993 0.3249999999999993 0.3249999999999993 0.3249999999999993 0.3249999999999993 0.3249999999999993 0.3249999999999993 0.3249999999999993 0.3249999999999993 0.3249999999999993 0.3249999999999993 0.7637499999999999 0.6287499999999991 0.6287499999999991 0.7637499999999999 0.49374999999999947 1.0 0.9499999999999993 
0.0 0.8500000000000026 1.0 1.0 1.0 1.0 1.0 1.0 1.0 1.0 1.0 1.0 1.0 1.0 1.0 1.0 1.0 1.0 1.0 0.9499999999999993 
0.0 0.31875000000000137 0.37500000000000044 0.37500000000000044 0.37500000000000044 0.37500000000000044 0.37500000000000044 0.37500000000000044 0.37500000000000044 0.37500000000000044 0.37500000000000044 0.37500000000000044 0.37500000000000044 0.7812500000000004 1.0 1.0 1.0 1.0 1.0 0.9499999999999993 
0.0 0.0 0.0 0.0 0.0 0.0 0.0 0.0 0.0 0.0 0.0 0.0 0.0 0.0 0.5500000000000007 1.0 1.0 1.0 0.8500000000000014 0.0 
0.0 0.0 0.0 0.0 0.0 0.0 0.0 0.0 0.0 0.0 0.0 0.0 0.0 0.6012500000000002 0.9662499999999999 1.0 1.0 0.76875 0.06375000000000025 0.0 
0.0 0.0 0.0 0.0 0.0 0.0 0.0 0.0 0.0 0.0 0.0 0.0 0.43124999999999947 0.8512499999999998 1.0 1.0 0.7987500000000005 0.31875000000000053 0.0 0.0 
0.0 0.0 0.0 0.0 0.0 0.0 0.0 0.0 0.0 0.0 0.0 0.8500000000000014 1.0 1.0 1.0 0.8987500000000004 0.5037500000000005 0.0 0.0 0.0 
0.0 0.0 0.0 0.0 0.0 0.0 0.0 0.0 0.0 0.04375000000000062 0.8312500000000009 0.9812500000000002 1.0 1.0 1.0 0.5500000000000007 0.0 0.0 0.0 0.0 
0.0 0.0 0.0 0.0 0.0 0.0 0.0 0.0 0.07875000000000071 0.5487500000000006 0.9762500000000005 1.0 1.0 1.0 0.4499999999999993 0.0 0.0 0.0 0.0 0.0 
0.0 0.0 0.0 0.0 0.0 0.0 0.0 0.04375000000000049 0.2987500000000016 1.0 1.0 1.0 0.8687499999999995 0.28874999999999945 0.0 0.0 0.0 0.0 0.0 0.0 
0.0 0.0 0.0 0.0 0.0 0.0 0.0 0.2500000000000018 1.0 1.0 1.0 1.0 0.25 0.0 0.0 0.0 0.0 0.0 0.0 0.0 
0.0 0.0 0.0 0.0 0.0 0.21375000000000158 0.6587500000000017 1.0 1.0 1.0 1.0 0.14999999999999858 0.0 0.0 0.0 0.0 0.0 0.0 0.0 0.0 
0.0 0.0 0.0 0.0 0.06875000000000026 0.5187500000000017 1.0 1.0 1.0 0.9499999999999993 0.049999999999998934 0.0 0.0 0.0 0.0 0.0 0.0 0.0 0.0 0.0 
0.0 0.0 0.0 0.0 0.550000000000002 1.0 1.0 1.0 0.8837499999999987 0.2137499999999978 0.011249999999999654 0.0 0.0 0.0 0.0 0.0 0.0 0.0 0.0 0.0 
0.0 0.0 0.0 0.6500000000000021 1.0 1.0 1.0 0.893749999999999 0.4887499999999987 0.0 0.0 0.0 0.0 0.0 0.0 0.0 0.0 0.0 0.0 0.0 
0.0 0.0 0.7500000000000024 1.0 1.0 1.0 0.9737499999999989 0.6937499999999962 0.0 0.0 0.0 0.0 0.0 0.0 0.0 0.0 0.0 0.0 0.0 0.0 
0.0 0.6162500000000031 0.931250000000001 1.0 1.0 1.0 0.6499999999999986 0.0 0.0 0.0 0.0 0.0 0.0 0.0 0.0 0.0 0.0 0.0 0.0 0.0 
0.35625000000000107 0.9062500000000017 1.0 1.0 1.0 1.0 0.6499999999999986 0.0 0.0 0.0 0.0 0.0 0.0 0.24375000000000013 0.16874999999999973 0.0 0.0 0.0 0.0 0.0 
0.9500000000000028 1.0 1.0 1.0 1.0 1.0 1.0 1.0 1.0 1.0 1.0 1.0 1.0 1.0 1.0 1.0 1.0 1.0 1.0 0.9499999999999993 
0.9500000000000028 1.0 1.0 1.0 1.0 1.0 1.0 1.0 1.0 1.0 1.0 1.0 1.0 1.0 1.0 1.0 0.7637499999999999 0.49374999999999947 0.8987500000000008 0.3087499999999991 
