0.0 0.0 0.0 0.0 0.026249999999999746 0.14874999999999902 0.2712499999999983 0.43124999999999813 0.658749999999999 0.8862499999999998 1.0 1.0 1.0 1.0 1.0 1.0 1.0 1.0 1.0 0.6749999999999989 
0.0 0.0012499999999999246 0.018749999999999246 0.03624999999999857 0.12124999999999794 0.4537499999999987 0.7862499999999994 1.0 1.0 1.0 1.0 1.0 1.0 1.0 1.0 1.0 1.0 1.0 1.0 0.6749999999999989 
0.0 0.024999999999999467 0.37499999999999956 0.7249999999999996 1.0 1.0 1.0 1.0 1.0 1.0 1.0 1.0 1.0 1.0 1.0 1.0 1.0 1.0 1.0 0.6749999999999989 
0.6749999999999994 1.0 1.0 1.0 1.0 1.0 1.0 1.0 1.0 1.0 1.0 1.0 1.0 1.0 1.0 1.0 1.0 1.0 1.0 0.6749999999999989 
0.5737499999999999 0.8500000000000005 0.8500000000000005 0.8500000000000005 0.8612500000000004 0.9137500000000003 0.96625 1.0 1.0 1.0 1.0 1.0 1.0 1.0 1.0 1.0 1.0 1.0 1.0 0.6749999999999989 
0.0 0.0 0.0 0.0 0.011249999999999987 0.06375000000000013 0.11625000000000026 0.2562500000000003 0.5537500000000002 0.8512500000000002 1.0 1.0 1.0 1.0 1.0 1.0 1.0 1.0 1.0 0.6749999999999989 
0.0 0.0 0.0 0.0 0.0 0.0 0.0 0.125 0.4750000000000001 0.8250000000000002 1.0 1.0 1.0 1.0 1.0 1.0 1.0 1.0 1.0 0.6749999999999989 
0.0 0.0 0.0 0.0 0.018749999999999933 0.10624999999999996 0.19374999999999998 0.34375 0.6062500000000001 0.8687500000000001 1.0 1.0 1.0 1.0 1.0 1.0 1.0 1.0 1.0 0.6749999999999989 
0.0 0.0 0.0 0.0 0.0037499999999999066 0.021249999999999537 0.03874999999999917 0.16874999999999907 0.5012499999999995 0.83375 1.0 1.0 1.0 1.0 1.0 1.0 1.0 1.0 1.0 0.6749999999999989 
0.0 0.0 0.0 0.0 0.07499999999999973 0.4249999999999998 0.7749999999999999 1.0 1.0 1.0 1.0 1.0 1.0 1.0 1.0 1.0 1.0 1.0 1.0 0.6749999999999989 
0.0 0.0 0.0 0.0 0.07499999999999973 0.4249999999999998 0.7749999999999999 1.0 1.0 1.0 1.0 1.0 1.0 1.0 1.0 1.0 1.0 1.0 1.0 0.6749999999999989 
0.0 0.0 0.0 0.0 0.07499999999999973 0.4249999999999998 0.7749999999999999 1.0 1.0 1.0 1.0 1.0 1.0 1.0 1.0 1.0 1.0 1.0 1.0 0.6749999999999989 
0.0 0.0 0.0 0.0 0.07499999999999973 0.4249999999999998 0.7749999999999999 1.0 1.0 1.0 1.0 1.0 1.0 1.0 1.0 1.0 1.0 1.0 1.0 0.6749999999999989 
0.0 0.0 0.0 0.0 0.07499999999999973 0.4249999999999998 0.7749999999999999 1.0 1.0 1.0 1.0 1.0 1.0 1.0 1.0 1.0 1.0 1.0 1.0 0.6749999999999989 
0.0 0.0 0.0 0.0 0.07499999999999973 0.4249999999999998 0.7749999999999999 1.0 1.0 1.0 1.0 1.0 1.0 1.0 1.0 1.0 1.0 1.0 1.0 0.6749999999999989 
0.0 0.0 0.0 0.0 0.07499999999999973 0.4249999999999998 0.7749999999999999 1.0 1.0 1.0 1.0 1.0 1.0 1.0 1.0 1.0 0.7662499999999983 0.4687499999999969 0.17124999999999393 0.10124999999999648 
0.0 0.0 0.0 0.0 0.07499999999999973 0.4249999999999998 0.7749999999999999 1.0 1.0 1.0 1.0 1.0 1.0 1.0 1.0 1.0 0.7249999999999996 0.375 0.02499999999999858 0.0 
0.0 0.0 0.0 0.0 0.07499999999999973 0.4249999999999998 0.7749999999999999 1.0 1.0 1.0 1.0 1.0 1.0 1.0 1.0 1.0 0.7249999999999996 0.375 0.02499999999999858 0.0 
0.0 0.0 0.0 0.0 0.07499999999999973 0.4249999999999998 0.7749999999999999 1.0 1.0 1.0 1.0 1.0 1.0 1.0 1.0 1.0 0.7249999999999996 0.375 0.02499999999999858 0.0 
0.0 0.0 0.0 0.0 0.07499999999999973 0.4249999999999998 0.7749999999999999 1.0 1.0 1.0 1.0 1.0 1.0 1.0 1.0 1.0 0.7249999999999996 0.375 0.02499999999999858 0.0 
