0.0 0.0 0.0 0.0 0.0 0.0 0.0 0.0 0.0 0.0 0.0 0.0 0.0 0.0 0.3750000000000022 0.9999999999999978 0.3750000000000058 0.37500000000000355 0.37500000000000355 0.37500000000000355 
0.0 0.0 0.0 0.0 0.0 0.0 0.0 0.0 0.0 0.0 0.0 0.0 0.0 0.9999999999999964 1.0 1.0 1.0 1.0 1.0 1.0 
0.0 0.0 0.0 0.0 0.0 0.0 0.0 0.0 0.0 0.0 0.0 0.0 0.8749999999999996 0.9999999999999996 1.0 1.0 1.0 1.0 1.0 1.0 
0.0 0.0 0.0 0.0 0.0 0.0 0.0 0.0 0.0 0.0 0.0 0.6249999999999996 0.9999999999999987 1.0 1.0 1.0 1.0 1.0 1.0 1.0 
0.0 0.0 0.0 0.0 0.0 0.0 0.0 0.0 0.0 0.0 0.9999999999999964 1.0 1.0 1.0 1.0 1.0 1.0 1.0 1.0 1.0 
0.0 0.0 0.0 0.0 0.0 0.0 0.0 0.0 0.0 0.9999999999999964 1.0 1.0 1.0 1.0 0.8749999999999987 0.9999999999999996 1.0 1.0 1.0 1.0 
0.0 0.0 0.0 0.0 0.0 0.0 0.0 0.0 0.8749999999999977 0.9999999999999996 1.0 1.0 1.0 0.1250000000000031 4.440892098500626e-16 0.9999999999999964 1.0 1.0 1.0 1.0 
0.0 0.0 0.0 0.0 0.0 0.0 0.0 0.6249999999999983 0.999999999999999 1.0 1.0 1.0 0.3750000000000022 1.3322676295501878e-15 0.0 0.9999999999999964 1.0 1.0 1.0 0.3750000000000022 
0.0 0.0 0.0 0.0 0.0 0.0 0.9999999999999973 1.0 1.0 1.0 1.0 3.552713678800501e-15 0.0 0.0 0.0 0.9999999999999964 1.0 1.0 1.0 3.552713678800501e-15 
0.0 0.0 0.0 0.0 0.0 0.9999999999999973 1.0 1.0 1.0 1.0 3.552713678800501e-15 0.0 0.0 0.0 0.0 0.9999999999999964 1.0 1.0 1.0 3.552713678800501e-15 
0.0 0.0 0.0 0.0 0.8749999999999977 0.9999999999999997 1.0 1.0 1.0 0.1250000000000031 4.440892098500626e-16 0.0 0.0 0.0 0.0 0.9999999999999964 1.0 1.0 1.0 3.552713678800501e-15 
0.0 0.0 0.0 0.6249999999999983 0.999999999999999 1.0 1.0 1.0 0.37500000000000167 1.3322676295501878e-15 0.0 0.0 0.0 0.0 0.0 0.9999999999999964 1.0 1.0 1.0 3.552713678800501e-15 
0.0 0.0 0.37499999999999545 0.9999999999999983 1.0 1.0 1.0 2.6645352591003757e-15 0.0 0.0 0.0 0.0 0.0 0.0 0.0 0.9999999999999964 1.0 1.0 1.0 3.552713678800501e-15 
0.0 0.9999999999999973 1.0 1.0 1.0 1.0 2.6645352591003757e-15 0.0 0.0 0.0 0.0 0.0 0.0 0.0 0.0 0.9999999999999964 1.0 1.0 1.0 3.552713678800501e-15 
0.8749999999999941 0.9999999999999997 1.0 1.0 1.0 1.0 2.6645352591003757e-15 0.0 0.0 0.0 0.0 0.0 0.0 0.0 0.8749999999999933 0.9999999999999996 1.0 1.0 1.0 0.8749999999999969 
0.9999999999999973 1.0 1.0 1.0 1.0 1.0 1.0 1.0 1.0 1.0 1.0 1.0 1.0 1.0 1.0 1.0 1.0 1.0 1.0 1.0 
0.6250000000000019 0.6250000000000036 0.6250000000000036 0.6250000000000036 0.6250000000000036 0.6250000000000036 0.999999999999999 1.0 1.0 1.0 1.0 1.0 1.0 1.0 1.0 1.0 1.0 1.0 1.0 1.0 
0.0 0.0 0.0 0.0 0.0 0.0 0.0 0.0 0.0 0.0 0.0 0.0 0.0 0.0 0.9999999999999964 1.0 1.0 1.0 1.0 3.552713678800501e-15 
0.0 0.0 0.0 0.0 0.0 0.0 0.0 0.0 0.0 0.0 0.0 0.0 0.0 0.0 0.9999999999999964 1.0 1.0 1.0 1.0 3.552713678800501e-15 
0.0 0.0 0.0 0.0 0.0 0.0 0.0 0.0 0.0 0.0 0.0 0.0 0.0 0.0 0.37499999999999867 0.9999999999999978 1.0 1.0 0.3750000000000022 1.3322676295501878e-15 
