0.0 0.0 0.0 0.0 0.0 0.0 0.37500000000000255 0.37500000000000355 0.9999999999999983 1.0 1.0 1.0 1.0 0.3750000000000058 0.37500000000000355 0.37500000000000355 1.3322676295502005e-15 0.0 0.0 0.0 
0.0 0.0 0.0 0.0 0.12500000000000278 0.9999999999999977 1.0 1.0 1.0 1.0 1.0 1.0 1.0 1.0 1.0 1.0 1.0 0.12500000000000622 4.440892098500737e-16 0.0 
0.0 0.0 0.0 0.8750000000000003 0.9999999999999997 1.0 1.0 1.0 1.0 0.12500000000000044 0.12499999999999734 0.12499999999999734 0.9999999999999969 1.0 1.0 1.0 1.0 1.0 0.8750000000000031 3.1086244689504478e-15 
0.0 0.0 0.9999999999999973 1.0 1.0 1.0 0.3749999999999999 9.992007221626362e-16 0.0 0.0 0.0 0.0 0.0 0.0 0.9999999999999964 1.0 1.0 1.0 1.0 3.552713678800501e-15 
0.0 0.9999999999999973 1.0 1.0 1.0 1.0 2.6645352591003757e-15 0.0 0.0 0.0 0.0 0.0 0.0 0.0 0.0 0.9999999999999964 1.0 1.0 1.0 1.0 
0.0 0.9999999999999973 1.0 1.0 1.0 0.8749999999999986 2.331468351712824e-15 0.0 0.0 0.0 0.0 0.0 0.0 0.0 0.0 0.8749999999999951 0.8749999999999982 0.8749999999999982 0.8749999999999982 3.108624468950432e-15 
0.0 0.9999999999999973 1.0 1.0 1.0 2.6645352591003757e-15 0.0 0.0 0.0 0.0 0.0 0.0 0.0 0.0 0.0 0.0 0.0 0.0 0.0 0.0 
0.0 0.9999999999999973 1.0 1.0 1.0 2.6645352591003757e-15 0.0 0.0 0.0 0.0 0.0 0.0 0.0 0.0 0.0 0.0 0.0 0.0 0.0 0.0 
0.0 0.9999999999999973 1.0 1.0 1.0 2.6645352591003757e-15 0.0 0.0 0.0 0.0 0.0 0.0 0.0 0.0 0.0 0.0 0.0 0.0 0.0 0.0 
0.0 0.9999999999999973 1.0 1.0 1.0 2.6645352591003757e-15 0.0 0.0 0.0 0.0 0.0 0.0 0.0 0.0 0.0 0.0 0.0 0.0 0.0 0.0 
0.0 0.9999999999999973 1.0 1.0 1.0 2.6645352591003757e-15 0.0 0.0 0.0 0.0 0.0 0.0 0.0 0.0 0.0 0.0 0.0 0.0 0.0 0.0 
0.0 0.9999999999999973 1.0 1.0 1.0 2.6645352591003757e-15 0.0 0.0 0.0 0.0 0.0 0.0 0.0 0.0 0.0 0.0 0.0 0.0 0.0 0.0 
0.0 0.9999999999999973 1.0 1.0 1.0 2.6645352591003757e-15 0.0 0.0 0.0 0.0 0.0 0.0 0.0 0.0 0.0 0.0 0.0 0.0 0.0 0.0 
0.9999999999999973 1.0 1.0 1.0 1.0 2.6645352591003757e-15 0.0 0.0 0.0 0.0 0.0 0.0 0.0 0.0 0.0 0.0 0.0 0.0 0.0 0.0 
0.9999999999999973 1.0 1.0 1.0 1.0 2.6645352591003757e-15 0.0 0.0 0.0 0.0 0.0 0.0 0.0 0.0 0.0 0.0 0.0 0.0 0.0 0.0 
0.37500000000000255 0.9999999999999983 1.0 1.0 1.0 2.6645352591003757e-15 0.0 0.0 0.0 0.0 0.0 0.0 0.0 0.0 0.6249999999999942 0.9999999999999987 1.0 1.0 0.3750000000000058 1.3322676295502005e-15 
0.0 0.9999999999999973 1.0 1.0 1.0 2.6645352591003757e-15 0.0 0.0 0.0 0.0 0.0 0.0 0.0 0.3749999999999951 0.9999999999999978 1.0 1.0 1.0 3.552713678800501e-15 0.0 
0.0 0.8750000000000012 0.9999999999999997 1.0 1.0 1.0 0.12499999999999878 0.12499999999999645 0.12499999999999645 0.12499999999999645 0.12499999999999645 0.12499999999999645 0.9999999999999969 1.0 1.0 1.0 1.0 3.552713678800501e-15 0.0 0.0 
0.0 0.0 0.12500000000000322 0.9999999999999977 1.0 1.0 1.0 1.0 1.0 1.0 1.0 1.0 1.0 1.0 1.0 0.12500000000000666 0.12500000000000355 4.440892098500752e-16 0.0 0.0 
0.0 0.0 0.0 0.0 0.374999999999999 0.9999999999999983 1.0 1.0 1.0 1.0 1.0 1.0 1.0 0.3750000000000022 1.3322676295501878e-15 0.0 0.0 0.0 0.0 0.0 
