0.0 0.0 0.0 0.0 0.0 0.0 0.25999999999999673 0.3999999999999915 0.9100000000000038 1.0 1.0 1.0 0.8499999999999914 0.3999999999999915 0.2199999999999899 0.0 0.0 0.0 0.0 0.0 
0.0 0.0 0.0 0.06999999999999781 0.5599999999999987 1.0 1.0 1.0 1.0 1.0 1.0 1.0 1.0 1.0 1.0 1.0 0.47999999999998183 0.04999999999999449 0.0 0.0 
0.0 0.0 0.25 0.9999999999999953 1.0 1.0 1.0 1.0 1.0 1.0 1.0 1.0 1.0 1.0 1.0 1.0 1.0 0.9999999999999947 0.14999999999997976 0.0 
0.0 0.11999999999999968 0.8499999999999955 1.0 1.0 1.0 0.4799999999999996 0.2000000000000064 0.029999999999999253 0.0 0.0 0.0 0.05000000000000373 0.2000000000000064 0.5600000000000143 1.0 1.0 1.0 0.8299999999999907 0.039999999999983195 
0.02999999999999961 0.6599999999999955 1.0 1.0 1.0 0.67 0.1399999999999997 0.0 0.0 0.0 0.0 0.0 0.0 0.0 0.18000000000000796 0.7300000000000115 1.0 1.0 1.0 0.049999999999979394 
0.04999999999999982 1.0 1.0 1.0 1.0 0.44999999999999485 0.0 0.0 0.0 0.0 0.0 0.0 0.0 0.0 0.0 0.5500000000000149 1.0 1.0 1.0 0.4299999999999829 
0.04999999999999982 1.0 1.0 1.0 0.5499999999999963 0.0 0.0 0.0 0.0 0.0 0.0 0.0 0.0 0.0 0.0 0.5500000000000149 1.0 1.0 1.0 0.049999999999979394 
0.04999999999999982 1.0 1.0 1.0 0.5499999999999963 0.0 0.0 0.0 0.0 0.0 0.0 0.0 0.0 0.0 0.0 0.5500000000000149 1.0 1.0 1.0 0.049999999999979394 
0.04999999999999982 1.0 1.0 1.0 1.0 0.44999999999999485 0.0 0.0 0.0 0.0 0.0 0.0 0.0 0.0 0.36000000000000953 0.9100000000000017 1.0 1.0 1.0 0.049999999999979394 
0.020000000000000035 0.4900000000000023 1.0 1.0 1.0 1.0 0.3499999999999943 0.0 0.0 0.0 0.0 0.0 0.0 0.21000000000000651 0.7800000000000042 1.0 1.0 1.0 1.0 0.049999999999979394 
0.0 0.09000000000000069 0.7000000000000017 1.0 1.0 1.0 1.0 1.0 0.48999999999999366 0.3999999999999986 0.3999999999999986 0.4900000000000043 1.0 1.0 1.0 1.0 1.0 1.0 1.0 0.049999999999979394 
0.0 0.0 0.0 0.28000000000000247 0.8900000000000011 1.0 1.0 1.0 1.0 1.0 1.0 1.0 1.0 1.0 1.0 1.0 1.0 1.0 1.0 0.049999999999979394 
0.0 0.0 0.0 0.0 0.0 0.0 0.6500000000000057 1.0 1.0 1.0 1.0 1.0 1.0 1.0 1.0 1.0 1.0 1.0 1.0 0.049999999999979394 
0.0 0.0 0.0 0.0 0.0 0.0 0.0 0.0 0.0 0.0 0.0 0.0 0.0 0.0 0.4500000000000135 1.0 1.0 1.0 1.0 0.049999999999979394 
0.0 0.0 0.0 0.0 0.0 0.0 0.0 0.0 0.0 0.0 0.0 0.0 0.0 0.0 0.4500000000000135 1.0 1.0 1.0 1.0 0.049999999999979394 
0.0 0.0 0.0 0.0 0.0 0.0 0.0 0.0 0.0 0.0 0.0 0.0 0.0 0.14000000000000556 0.6700000000000093 1.0 1.0 1.0 0.6599999999999905 0.02999999999998753 
0.8099999999999973 1.0 1.0 1.0 1.0 0.5599999999999974 0.06999999999999985 0.0 0.0 0.0 0.0 0.0 0.05000000000000284 0.48000000000001153 1.0 1.0 1.0 0.8499999999999943 0.11999999999998423 0.0 
0.0 0.1500000000000008 1.0 1.0 1.0 1.0 1.0 1.0 0.1499999999999945 3.552713678800501e-15 1.0 1.0 1.0 1.0 1.0 1.0 0.9999999999999977 0.24999999999998135 0.0 0.0 
0.0 0.02999999999999952 0.39999999999999825 1.0 1.0 1.0 1.0 1.0 1.0 1.0 1.0 1.0 1.0 1.0 1.0 0.5599999999999857 0.06999999999999523 0.0 0.0 0.0 
0.0 0.0 0.0 0.0 0.17999999999999766 0.3999999999999915 0.7900000000000005 1.0 1.0 1.0 1.0 0.9099999999999931 0.3999999999999915 0.25999999999998963 0.0 0.0 0.0 0.0 0.0 0.0 
