0.0 0.0 0.0 0.0 0.0 0.0 0.0 0.0 0.0 0.0 0.0 0.0 0.0 0.9999999999999964 1.0 1.0 1.0 1.0 1.0 7.105427357601002e-15 
0.0 0.0 0.0 0.0 0.0 0.0 0.0 0.0 0.0 0.0 0.0 0.0 0.8249999999999993 0.9999999999999993 1.0 1.0 1.0 1.0 1.0 7.105427357601002e-15 
0.0 0.0 0.0 0.0 0.0 0.0 0.0 0.0 0.0 0.0 0.0 0.9999999999999964 1.0 1.0 1.0 1.0 1.0 1.0 1.0 7.105427357601002e-15 
0.0 0.0 0.0 0.0 0.0 0.0 0.0 0.0 0.0 0.0 0.9249999999999992 0.9999999999999998 1.0 1.0 1.0 1.0 1.0 1.0 1.0 7.105427357601002e-15 
0.0 0.0 0.0 0.0 0.0 0.0 0.0 0.0 0.0 0.47500000000000064 0.9999999999999981 1.0 1.0 1.0 1.0 1.0 1.0 1.0 1.0 7.105427357601002e-15 
0.0 0.0 0.0 0.0 0.0 0.0 0.0 0.0 0.02500000000000204 0.9999999999999966 1.0 1.0 0.974999999999998 0.9749999999999979 0.9749999999999979 0.9999999999999999 1.0 1.0 1.0 7.105427357601002e-15 
0.0 0.0 0.0 0.0 0.0 0.0 0.0 0.5750000000000008 0.9999999999999984 1.0 1.0 1.0 3.552713678800501e-15 0.0 0.0 0.9999999999999964 1.0 1.0 1.0 7.105427357601002e-15 
0.0 0.0 0.0 0.0 0.0 0.0 0.12500000000000133 0.9999999999999969 1.0 1.0 0.8749999999999987 3.108624468950432e-15 0.0 0.0 0.0 0.9999999999999964 1.0 1.0 1.0 7.105427357601002e-15 
0.0 0.0 0.0 0.0 0.0 0.0 0.9999999999999964 1.0 1.0 1.0 3.552713678800501e-15 0.0 0.0 0.0 0.0 0.9999999999999964 1.0 1.0 1.0 7.105427357601002e-15 
0.0 0.0 0.0 0.0 0.2250000000000025 0.9999999999999972 1.0 1.0 1.0 3.552713678800501e-15 0.0 0.0 0.0 0.0 0.0 0.9999999999999964 1.0 1.0 0.7749999999999984 5.506706202140754e-15 
0.0 0.0 0.0 0.0 0.9999999999999969 1.0 1.0 1.0 0.22500000000000062 7.993605777301051e-16 0.0 0.0 0.0 0.0 0.0 0.9999999999999964 1.0 1.0 7.105427357601002e-15 0.0 
0.0 0.0 0.0 0.9999999999999969 1.0 1.0 1.0 0.6749999999999983 2.398081733190328e-15 0.0 0.0 0.0 0.0 0.0 0.0 0.9999999999999964 1.0 1.0 7.105427357601002e-15 0.0 
0.0 0.0 0.875000000000001 0.9999999999999996 1.0 1.0 0.12499999999999956 4.4408920985005e-16 0.0 0.0 0.0 0.0 0.0 0.0 0.0 0.9999999999999964 1.0 1.0 7.105427357601002e-15 0.0 
0.0 0.4250000000000031 0.9999999999999983 1.0 1.0 0.5749999999999973 2.042810365310273e-15 0.0 0.0 0.0 0.0 0.0 0.0 0.0 0.0 0.9999999999999964 1.0 1.0 0.42500000000000837 3.019806626980456e-15 
0.9749999999999989 0.9999999999999999 1.0 1.0 1.0 3.552713678800501e-15 0.0 0.0 0.0 0.0 0.0 0.0 0.0 0.0 0.0 0.9999999999999964 1.0 1.0 1.0 7.105427357601002e-15 
0.9999999999999973 1.0 1.0 1.0 1.0 1.0 1.0 1.0 1.0 1.0 1.0 1.0 1.0 1.0 1.0 1.0 1.0 1.0 1.0 1.0 
0.9249999999999947 0.9249999999999972 0.9249999999999972 0.9249999999999972 0.9249999999999972 0.9249999999999972 0.9249999999999972 0.9249999999999972 0.9249999999999972 0.9249999999999972 0.9249999999999972 0.9249999999999972 0.9249999999999972 0.9249999999999972 0.9999999999999998 1.0 1.0 1.0 1.0 0.9249999999999977 
0.0 0.0 0.0 0.0 0.0 0.0 0.0 0.0 0.0 0.0 0.0 0.0 0.0 0.0 0.3749999999999951 0.9999999999999978 1.0 1.0 1.0 7.105427357601002e-15 
0.0 0.0 0.0 0.0 0.0 0.0 0.0 0.0 0.0 0.0 0.0 0.0 0.0 0.0 0.0 0.9999999999999964 1.0 1.0 0.17500000000001012 1.2434497875802056e-15 
0.0 0.0 0.0 0.0 0.0 0.0 0.0 0.0 0.0 0.0 0.0 0.0 0.0 0.0 0.0 0.9999999999999964 1.0 1.0 1.0 7.105427357601002e-15 
