0.0 0.0 0.0 0.0 0.0 0.13500000000000065 0.545 1.0 1.0 1.0 1.0 1.0 1.0 1.0 0.6150000000000069 0.30000000000000426 0.195000000000005 0.0 0.0 0.0 
0.0 0.0 0.0 0.585 0.9000000000000044 0.945000000000002 1.0 1.0 1.0 1.0 1.0 1.0 1.0 1.0 1.0 1.0 0.9650000000000023 0.6750000000000097 0.0 0.0 
0.0 0.4250000000000024 0.8749999999999996 1.0 1.0 1.0 0.8250000000000004 0.49999999999999556 0.4249999999999987 0.0 0.0 0.0 0.0 0.32499999999999374 0.7749999999999948 1.0 1.0 1.0 0.9250000000000049 0.4750000000000092 
0.0 0.8499999999999972 1.0 1.0 1.0 0.5500000000000043 0.0 0.0 0.0 0.0 0.0 0.0 0.0 0.0 0.0 0.4499999999999922 1.0 1.0 1.0 0.95000000000001 
0.0 0.8499999999999972 1.0 1.0 1.0 0.5500000000000043 0.0 0.0 0.0 0.0 0.0 0.0 0.0 0.0 0.0 0.4499999999999922 1.0 1.0 1.0 0.95000000000001 
0.0 0.8499999999999972 1.0 1.0 0.45000000000000373 0.0 0.0 0.0 0.0 0.0 0.0 0.0 0.0 0.0 0.0 0.13499999999999956 0.5449999999999975 1.0 1.0 0.95000000000001 
0.0 0.8499999999999972 1.0 1.0 0.9450000000000035 0.495000000000007 0.0 0.0 0.0 0.0 0.0 0.0 0.0 0.0 0.0 0.4499999999999922 1.0 1.0 1.0 0.95000000000001 
0.0 0.42499999999999405 0.8749999999999971 1.0 1.0 0.7750000000000046 0.3250000000000054 0.0 0.0 0.0 0.0 0.0 0.0 0.0 0.27499999999999974 0.724999999999999 1.0 1.0 0.9250000000000035 0.4749999999999999 
0.0 0.0 0.6749999999999935 0.899999999999995 0.9549999999999974 1.0 1.0 0.7750000000000052 0.10000000000000497 0.10000000000000497 0.10000000000000497 0.10000000000000497 0.7749999999999965 1.0 1.0 1.0 0.964999999999999 0.6750000000000027 0.0 0.0 
0.0 0.0 0.0 0.0 0.5499999999999963 1.0 1.0 1.0 1.0 1.0 1.0 1.0 1.0 1.0 1.0 0.6850000000000034 0.19499999999999923 0.0 0.0 0.0 
0.0 0.0 0.22500000000000225 0.7549999999999992 1.0 1.0 0.8949999999999997 0.6999999999999957 0.6999999999999957 0.6999999999999957 0.6999999999999957 0.6999999999999957 0.6999999999999957 0.8949999999999965 1.0 1.0 0.7550000000000068 0.22500000000000533 0.0 0.0 
0.0 0.7650000000000023 0.9750000000000011 1.0 1.0 0.5950000000000013 0.0649999999999967 0.0 0.0 0.0 0.0 0.0 0.0 0.06499999999999563 0.5949999999999918 1.0 1.0 0.9750000000000021 0.7650000000000126 0.0 
0.9499999999999975 1.0 1.0 1.0 0.45000000000000373 0.0 0.0 0.0 0.0 0.0 0.0 0.0 0.0 0.0 0.0 0.4499999999999922 1.0 1.0 1.0 0.95000000000001 
0.9499999999999975 1.0 1.0 0.3500000000000032 0.0 0.0 0.0 0.0 0.0 0.0 0.0 0.0 0.0 0.0 0.0 0.4499999999999922 1.0 1.0 1.0 0.95000000000001 
0.9499999999999975 1.0 1.0 0.3500000000000032 0.0 0.0 0.0 0.0 0.0 0.0 0.0 0.0 0.0 0.0 0.0 0.4499999999999922 1.0 1.0 1.0 0.95000000000001 
0.9499999999999975 1.0 1.0 0.3500000000000032 0.0 0.0 0.0 0.0 0.0 0.0 0.0 0.0 0.0 0.0 0.0 0.4499999999999922 1.0 1.0 1.0 0.95000000000001 
0.9499999999999975 1.0 1.0 0.935000000000004 0.4050000000000059 0.0 0.0 0.0 0.0 0.0 0.0 0.0 0.0 0.0 0.0 0.4499999999999922 1.0 1.0 0.8650000000000069 0.09499999999999559 
0.0 0.8499999999999972 1.0 1.0 1.0 0.7750000000000054 0.32500000000000656 0.0 0.0 0.0 0.0 0.0 0.37500000000000266 0.5000000000000071 0.775 1.0 1.0 0.8750000000000018 0.4249999999999982 0.0 
0.0 0.0 0.6749999999999935 0.899999999999995 0.9549999999999974 1.0 1.0 1.0 1.0 1.0 1.0 1.0 1.0 1.0 1.0 0.9549999999999985 0.5850000000000035 0.0 0.0 0.0 
0.0 0.0 0.0 0.0 0.16499999999999537 0.2999999999999936 0.544999999999993 1.0 1.0 1.0 1.0 1.0 0.4749999999999989 0.2999999999999936 0.2999999999999936 0.16499999999999881 0.0 0.0 0.0 0.0 
