0.0 0.0 0.0 0.0 0.0 0.0 0.0 0.0 0.0 0.0 0.0 0.0 0.0 0.0 0.0 0.22500000000000853 1.0 1.0 1.0 0.9749999999999872 
0.0 0.0 0.0 0.0 0.0 0.0 0.0 0.0 0.0 0.0 0.0 0.0 0.0 0.0 0.0 0.22500000000000853 1.0 1.0 1.0 0.9749999999999872 
0.0 0.0 0.0 0.0 0.0 0.0 0.0 0.0 0.0 0.0 0.0 0.0 0.0 0.0 0.0 0.22500000000000853 1.0 1.0 1.0 0.9749999999999872 
0.0 0.0 0.0 0.0 0.0 0.0 0.0 0.0 0.0 0.0 0.0 0.0 0.0 0.0 0.0 0.22500000000000853 1.0 1.0 1.0 0.9749999999999872 
0.0 0.0 0.0 0.0 0.0 0.0 0.0 0.0 0.0 0.0 0.0 0.0 0.0 0.0 0.0 0.22500000000000853 1.0 1.0 1.0 0.9749999999999872 
0.0 0.0 0.0 0.0 0.0 0.0 0.0 0.0 0.0 0.0 0.0 0.0 0.0 0.0 0.0 0.22500000000000853 1.0 1.0 1.0 0.9749999999999872 
0.0 0.0 0.0 0.0 0.0 0.0 0.0 0.0 0.0 0.0 0.0 0.0 0.0 0.0 0.0 0.22500000000000853 1.0 1.0 1.0 0.9749999999999872 
0.0 0.0 0.0 0.0 0.0 0.0 0.0 0.0 0.0 0.0 0.0 0.0 0.0 0.0 0.0 0.22500000000000853 1.0 1.0 1.0 0.9749999999999872 
0.0 0.0 0.0 0.0 0.0 0.0 0.0 0.0 0.0 0.0 0.0 0.0 0.0 0.0 0.0 0.22500000000000853 1.0 1.0 1.0 0.9749999999999872 
0.0 0.0 0.0 0.0 0.0 0.0 0.0 0.0 0.0 0.0 0.0 0.0 0.0 0.0 0.0 0.22500000000000853 1.0 1.0 1.0 0.9749999999999872 
0.0 0.0 0.0 0.0 0.0 0.0 0.0 0.0 0.0 0.0 0.0 0.0 0.0 0.0 0.0 0.22500000000000853 1.0 1.0 0.9737499999999963 0.6337499999999903 
0.0 0.0 0.0 0.0 0.0 0.0 0.0 0.0 0.0 0.0 0.0 0.0 0.0 0.0 0.013750000000001634 0.26375000000001136 1.0 1.0 0.92499999999999 0.0 
0.0 0.0 0.0 0.0 0.0 0.0 0.0 0.0 0.0 0.0 0.0 0.0 0.0 0.0 0.27500000000000924 1.0 1.0 1.0 0.92499999999999 0.0 
0.0 0.0 0.0 0.0 0.0 0.0 0.0 0.0 0.0 0.0 0.0 0.0 0.0 0.0 0.27500000000000924 1.0 1.0 1.0 0.92499999999999 0.0 
0.14625000000000576 0.15000000000000568 0.15000000000000568 0.15000000000000568 0.03375000000000076 0.0 0.0 0.0 0.0 0.0 0.0 0.0 0.0 0.0 0.27500000000000924 1.0 1.0 1.0 0.92499999999999 0.0 
0.9750000000000014 1.0 1.0 1.0 0.22499999999999654 0.0 0.0 0.0 0.0 0.0 0.0 0.0 0.0 0.0 0.27500000000000924 1.0 1.0 1.0 0.92499999999999 0.0 
0.4387499999999965 0.9587500000000008 1.0 1.0 0.6512500000000018 0.1512499999999989 0.0 0.0 0.0 0.0 0.0 0.0 0.0 0.17875000000000588 0.6737500000000073 1.0 1.0 0.9312499999999936 0.41624999999999157 0.0 
0.0 0.6937499999999982 0.9687500000000002 1.0 1.0 1.0 0.4937499999999992 0.25000000000000355 0.25000000000000355 0.25000000000000355 0.25000000000000355 0.25000000000000355 0.5312500000000075 1.0 1.0 1.0 0.9562499999999969 0.6562499999999889 0.0 0.0 
0.0 0.0 0.04374999999999764 0.8337500000000022 1.0 1.0 1.0 1.0 1.0 1.0 1.0 1.0 1.0 1.0 1.0 0.7862499999999912 0.04124999999999718 0.0 0.0 0.0 
0.0 0.0 0.0 0.0 0.0 0.2537499999999973 0.3499999999999943 0.7562500000000013 1.0 1.0 0.6912499999999929 0.3499999999999943 0.3499999999999943 0.2362499999999933 0.0 0.0 0.0 0.0 0.0 0.0 
