0.0 0.0 0.0 0.0 7.993605777301335e-16 0.3000000000000078 0.3000000000000078 0.3000000000000078 0.3000000000000103 0.9999999999999976 0.3000000000000078 0.3000000000000078 0.3000000000000078 0.3000000000000062 0.0 0.0 0.0 0.0 0.0 0.0 
0.0 0.0 1.9984014443252983e-15 0.9000000000000075 0.9000000000000077 1.0 1.0 1.0 1.0 1.0 1.0 1.0 1.0 0.9999999999999994 0.9000000000000075 0.9000000000000027 0.0 0.0 0.0 0.0 
8.881784197001379e-16 0.5000000000000081 1.0 1.0 1.0 1.0 1.0 0.9999999999999982 0.4999999999999929 0.4999999999999929 0.49999999999999467 1.0 1.0 1.0 1.0 1.0 0.9999999999999964 0.5000000000000036 0.0 0.0 
0.10000000000000835 1.0 1.0 1.0 0.9999999999999998 0.8999999999999908 0.0 0.0 0.0 0.0 0.0 0.0 4.79616346638064e-15 0.8999999999999938 1.0 1.0 1.0 0.9999999999999936 0.10000000000000604 0.0 
1.0 1.0 1.0 1.0 0.9999999999999973 0.0 0.0 0.0 0.0 0.0 0.0 0.0 0.0 1.5987211554601913e-15 0.2999999999999973 1.0 1.0 1.0 0.9999999999999929 0.0 
1.0 1.0 1.0 1.0 0.9999999999999973 0.0 0.0 0.0 0.0 0.0 0.0 0.0 0.0 0.0 3.730349362740494e-15 0.699999999999994 0.699999999999994 0.699999999999994 0.699999999999989 0.0 
1.0 1.0 1.0 1.0 0.9999999999999973 0.0 0.0 0.0 0.0 0.0 0.0 0.0 0.0 0.0 0.0 0.0 0.0 0.0 0.0 0.0 
1.0 1.0 1.0 1.0 0.9999999999999973 0.0 0.0 0.0 0.0 0.0 0.0 0.0 0.0 0.0 0.0 0.0 0.0 0.0 0.0 0.0 
1.0 1.0 1.0 1.0 0.9999999999999973 0.0 0.0 0.0 0.0 3.5527136788006776e-16 0.10000000000000497 0.10000000000000497 0.10000000000000497 0.10000000000000497 0.10000000000000497 0.10000000000000497 0.10000000000000427 0.0 0.0 0.0 
1.0 1.0 1.0 1.0 0.9999999999999973 0.0 0.0 0.0 0.0 3.552713678800501e-15 1.0 1.0 1.0 1.0 1.0 1.0 0.9999999999999979 0.7000000000000046 0.7000000000000046 0.6999999999999996 
1.0 1.0 1.0 1.0 0.9999999999999973 0.0 0.0 0.0 0.0 3.552713678800501e-15 1.0 1.0 1.0 1.0 1.0 1.0 1.0 1.0 1.0 0.9999999999999929 
1.0 1.0 1.0 1.0 0.9999999999999973 0.0 0.0 0.0 0.0 3.552713678800425e-16 0.09999999999999787 0.09999999999999787 0.09999999999999787 0.09999999999999787 0.10000000000000267 1.0 1.0 1.0 1.0 0.9999999999999929 
1.0 1.0 1.0 1.0 0.9999999999999973 0.0 0.0 0.0 0.0 0.0 0.0 0.0 0.0 0.0 5.329070518200751e-15 1.0 1.0 1.0 1.0 0.9999999999999929 
1.0 1.0 1.0 1.0 0.9999999999999973 0.0 0.0 0.0 0.0 0.0 0.0 0.0 0.0 0.0 5.329070518200751e-15 1.0 1.0 1.0 1.0 0.9999999999999929 
1.0 1.0 1.0 1.0 0.9999999999999973 0.0 0.0 0.0 0.0 0.0 0.0 0.0 0.0 0.0 5.329070518200751e-15 1.0 1.0 1.0 1.0 0.9999999999999929 
1.7763568394002505e-15 1.0 1.0 1.0 0.9999999999999973 0.0 0.0 0.0 0.0 0.0 0.0 0.0 0.0 0.0 5.329070518200751e-15 1.0 1.0 1.0 0.9999999999999979 0.6999999999999943 
1.7763568394002505e-15 1.0 1.0 1.0 0.9999999999999998 0.8999999999999997 0.0 0.0 0.0 0.0 0.0 0.0 0.0 0.0 5.329070518200751e-15 1.0 1.0 1.0 0.9999999999999929 0.0 
0.0 1.9984014443252818e-15 1.0 1.0 1.0 1.0 1.0 0.9999999999999982 0.5000000000000036 0.5000000000000036 0.5000000000000036 0.5000000000000036 0.5000000000000062 1.0 1.0 1.0 1.0 0.9999999999999964 0.4999999999999929 0.0 
0.0 0.0 0.0 2.3980817331903343e-15 0.8999999999999988 1.0 1.0 1.0 1.0 1.0 1.0 1.0 1.0 1.0 0.9999999999999994 0.8999999999999986 0.8999999999999921 0.0 0.0 0.0 
0.0 0.0 0.0 0.0 7.993605777301146e-16 0.3000000000000007 0.3000000000000007 0.3000000000000007 0.3000000000000032 1.0 1.0 0.9999999999999976 0.3000000000000007 0.3000000000000007 0.2999999999999991 0.0 0.0 0.0 0.0 0.0 
