0.0 0.0 0.0 0.0 0.0 0.27500000000000113 0.27500000000000213 0.27500000000000213 0.9999999999999974 1.0 1.0 1.0 1.0 0.2750000000000047 0.27500000000000213 9.769962616701453e-16 0.0 0.0 0.0 0.0 
0.0 0.0 0.0 0.8249999999999996 0.8250000000000022 0.9999999999999993 1.0 1.0 1.0 1.0 1.0 1.0 1.0 1.0 1.0 0.8250000000000028 0.8250000000000022 5.861977570020842e-15 0.0 0.0 
0.0 0.0 0.9999999999999971 1.0 1.0 1.0 1.0 0.6249999999999991 0.6249999999999978 0.6249999999999978 0.6249999999999978 0.6249999999999978 0.9999999999999987 1.0 1.0 1.0 1.0 1.0 7.105427357601002e-15 0.0 
0.0 0.9249999999999999 0.9999999999999998 1.0 1.0 1.0 0.0750000000000008 2.6645352591002873e-16 0.0 0.0 0.0 0.0 0.07499999999999725 0.07499999999999751 0.9999999999999967 1.0 1.0 1.0 0.925000000000003 6.572520305780944e-15 
0.47500000000000103 0.9999999999999986 1.0 1.0 1.0 3.552713678800501e-15 0.0 0.0 0.0 0.0 0.0 0.0 0.0 0.0 0.0 0.9999999999999964 1.0 1.0 1.0 0.47500000000000603 
0.9999999999999973 1.0 1.0 1.0 1.0 3.552713678800501e-15 0.0 0.0 0.0 0.0 0.0 0.0 0.0 0.0 0.0 0.9999999999999964 1.0 1.0 1.0 1.0 
0.9999999999999973 1.0 1.0 1.0 1.0 3.552713678800501e-15 0.0 0.0 0.0 0.0 0.0 0.0 0.0 0.0 0.0 0.9999999999999964 1.0 1.0 1.0 1.0 
0.9999999999999973 1.0 1.0 1.0 1.0 3.552713678800501e-15 0.0 0.0 0.0 0.0 0.0 0.0 0.0 0.0 0.0 0.9999999999999964 1.0 1.0 1.0 1.0 
0.3249999999999966 0.9999999999999981 1.0 1.0 1.0 0.6750000000000036 2.398081733190347e-15 0.0 0.0 0.0 0.0 0.0 0.0 0.0 0.675 0.9999999999999989 1.0 1.0 1.0 1.0 
0.0 0.7749999999999947 0.9999999999999993 1.0 1.0 1.0 1.0 0.22500000000000595 0.2250000000000032 0.2250000000000032 0.2250000000000032 0.2250000000000032 0.2250000000000032 0.9999999999999972 1.0 1.0 1.0 1.0 1.0 0.7749999999999984 
0.0 0.0 0.22499999999999723 0.9999999999999976 1.0 1.0 1.0 1.0 1.0 1.0 1.0 1.0 1.0 1.0 1.0 1.0 1.0 1.0 1.0 7.105427357601002e-15 
0.0 0.0 0.0 0.0 0.674999999999995 0.6749999999999972 0.6749999999999972 0.6749999999999972 0.6749999999999972 0.6749999999999972 0.6749999999999972 0.6749999999999972 0.6749999999999972 0.6749999999999972 0.6749999999999972 0.9999999999999989 1.0 1.0 1.0 7.105427357601002e-15 
0.0 0.0 0.0 0.0 0.0 0.0 0.0 0.0 0.0 0.0 0.0 0.0 0.0 0.0 0.0 0.9999999999999964 1.0 1.0 1.0 7.105427357601002e-15 
0.0 0.0 0.0 0.0 0.0 0.0 0.0 0.0 0.0 0.0 0.0 0.0 0.0 0.0 0.0 0.9999999999999964 1.0 1.0 1.0 7.105427357601002e-15 
0.9749999999999989 0.9750000000000014 0.9750000000000014 0.9750000000000014 3.0309088572266818e-15 0.0 0.0 0.0 0.0 0.0 0.0 0.0 0.0 0.0 0.0 0.9999999999999964 1.0 1.0 1.0 7.105427357601002e-15 
0.9999999999999973 1.0 1.0 1.0 0.5250000000000036 1.8651746813702706e-15 0.0 0.0 0.0 0.0 0.0 0.0 0.0 0.0 0.0 0.9999999999999964 1.0 1.0 1.0 7.105427357601002e-15 
0.9999999999999973 1.0 1.0 1.0 1.0 0.07500000000000613 2.6645352591004767e-16 0.0 0.0 0.0 0.0 0.0 0.0 0.07500000000000258 0.9999999999999967 1.0 1.0 1.0 0.9249999999999977 6.5725203057809065e-15 
0.37499999999999545 0.9999999999999982 1.0 1.0 1.0 1.0 0.6250000000000049 0.6250000000000036 2.2204460492503257e-15 0.0 0.0 0.0 0.6250000000000013 0.9999999999999987 1.0 1.0 1.0 1.0 7.105427357601002e-15 0.0 
0.0 0.0 0.8249999999999934 0.9999999999999994 1.0 1.0 1.0 1.0 1.0 1.0 1.0 1.0 1.0 1.0 1.0 1.0 0.8249999999999964 5.861977570020796e-15 0.0 0.0 
0.0 0.0 0.0 0.27499999999999775 0.2749999999999986 0.9999999999999974 1.0 1.0 1.0 1.0 1.0 1.0 1.0 1.0 0.27500000000000113 0.2749999999999986 9.769962616701327e-16 0.0 0.0 0.0 
