0.0 0.0 0.0 0.0 0.0 0.27500000000000113 0.27500000000000213 0.9999999999999974 1.0 1.0 1.0 1.0 1.0 1.0 0.2750000000000047 0.27500000000000213 9.769962616701453e-16 0.0 0.0 0.0 
0.0 0.0 0.0 0.8249999999999996 0.8250000000000022 0.9999999999999993 1.0 1.0 1.0 1.0 1.0 1.0 1.0 1.0 1.0 1.0 0.8250000000000028 5.861977570020842e-15 0.0 0.0 
0.0 0.0 0.9999999999999971 1.0 1.0 1.0 1.0 0.6249999999999991 2.220446049250305e-15 0.0 0.0 0.0 0.6249999999999956 0.9999999999999987 1.0 1.0 1.0 1.0 0.37500000000000666 2.6645352591003915e-15 
0.0 0.9249999999999999 0.9999999999999998 1.0 1.0 0.0750000000000008 0.07499999999999751 2.6645352591002873e-16 0.0 0.0 0.0 0.0 0.0 0.07499999999999725 0.07499999999999751 0.9999999999999967 1.0 1.0 1.0 7.105427357601002e-15 
0.0 0.9999999999999972 1.0 1.0 1.0 3.552713678800501e-15 0.0 0.0 0.0 0.0 0.0 0.0 0.0 0.0 0.0 0.9999999999999964 1.0 1.0 1.0 1.0 
0.9999999999999973 1.0 1.0 1.0 1.0 3.552713678800501e-15 0.0 0.0 0.0 0.0 0.0 0.0 0.0 0.0 0.0 0.9999999999999964 1.0 1.0 1.0 1.0 
0.9999999999999973 1.0 1.0 1.0 1.0 3.552713678800501e-15 0.0 0.0 0.0 0.0 0.0 0.0 0.0 0.0 0.0 0.9999999999999964 1.0 1.0 1.0 1.0 
0.8749999999999959 0.9999999999999997 1.0 1.0 1.0 3.552713678800501e-15 0.0 0.0 0.0 0.0 0.0 0.0 0.0 0.0 0.0 0.9999999999999964 1.0 1.0 1.0 0.8749999999999991 
0.0 0.9999999999999972 1.0 1.0 1.0 0.6750000000000036 2.398081733190347e-15 0.0 0.0 0.0 0.0 0.0 0.0 0.675 0.6750000000000025 0.9999999999999989 1.0 1.0 1.0 7.105427357601002e-15 
0.0 0.0 0.9999999999999971 1.0 1.0 1.0 1.0 1.0 0.22500000000000595 0.2250000000000032 0.2250000000000032 0.9999999999999972 1.0 1.0 1.0 1.0 1.0 1.0 1.0 7.105427357601002e-15 
0.0 0.0 0.22499999999999723 0.22499999999999787 0.9999999999999976 1.0 1.0 1.0 1.0 1.0 1.0 1.0 1.0 1.0 1.0 1.0 1.0 1.0 1.0 7.105427357601002e-15 
0.0 0.0 0.0 0.0 0.0 0.0 0.6749999999999947 0.6749999999999972 0.6749999999999972 0.6749999999999972 0.6749999999999972 0.6749999999999972 2.398081733190328e-15 0.0 0.0 0.9999999999999964 1.0 1.0 1.0 7.105427357601002e-15 
0.0 0.0 0.0 0.0 0.0 0.0 0.0 0.0 0.0 0.0 0.0 0.0 0.0 0.0 0.0 0.9999999999999964 1.0 1.0 1.0 7.105427357601002e-15 
0.0 0.0 0.0 0.0 0.0 0.0 0.0 0.0 0.0 0.0 0.0 0.0 0.0 0.0 0.0 0.9999999999999964 1.0 1.0 1.0 7.105427357601002e-15 
0.9749999999999989 0.9750000000000014 0.9750000000000014 0.9750000000000014 3.0309088572266818e-15 0.0 0.0 0.0 0.0 0.0 0.0 0.0 0.0 0.0 0.0 0.9999999999999964 1.0 1.0 1.0 7.105427357601002e-15 
0.9999999999999973 1.0 1.0 1.0 3.1086244689504383e-15 0.0 0.0 0.0 0.0 0.0 0.0 0.0 0.0 0.0 0.9999999999999964 1.0 1.0 1.0 1.0 7.105427357601002e-15 
0.9999999999999973 1.0 1.0 1.0 1.0 0.07500000000000613 2.6645352591004767e-16 0.0 0.0 0.0 0.0 0.0 0.07500000000000258 0.9999999999999967 1.0 1.0 1.0 1.0 7.105427357601002e-15 0.0 
0.37499999999999545 0.9999999999999982 1.0 1.0 1.0 1.0 0.6250000000000049 0.6250000000000036 0.6250000000000036 0.6250000000000036 0.6250000000000036 0.6250000000000036 0.9999999999999987 1.0 1.0 1.0 1.0 0.3750000000000009 2.6645352591003505e-15 0.0 
0.0 0.0 0.8249999999999934 0.9999999999999994 1.0 1.0 1.0 1.0 1.0 1.0 1.0 1.0 1.0 1.0 0.8249999999999964 0.8249999999999957 2.930988785010398e-15 0.0 0.0 0.0 
0.0 0.0 0.0 0.27499999999999775 0.2749999999999986 0.2749999999999986 0.9999999999999974 1.0 1.0 1.0 1.0 1.0 0.27500000000000113 0.2749999999999986 9.769962616701327e-16 0.0 0.0 0.0 0.0 0.0 
