0.0 0.0 0.0 0.0 0.0 0.0 0.27500000000000113 0.27500000000000213 0.9999999999999974 1.0 1.0 1.0 1.0 1.0 1.0 0.2750000000000047 0.27500000000000213 1.9539925233402907e-15 0.0 0.0 
0.0 0.0 0.0 0.0 0.8249999999999996 0.8250000000000022 0.9999999999999993 1.0 1.0 1.0 1.0 1.0 1.0 1.0 1.0 1.0 1.0 0.8250000000000034 5.861977570020842e-15 0.0 
0.0 0.0 0.0 0.9999999999999969 1.0 1.0 1.0 1.0 0.6249999999999991 0.6249999999999978 0.6249999999999978 0.6249999999999978 0.6249999999999978 0.6249999999999978 0.9999999999999987 1.0 1.0 1.0 1.0 0.37500000000000666 
0.0 0.0 0.9249999999999998 0.9999999999999998 1.0 1.0 1.0 0.0750000000000008 2.6645352591002873e-16 0.0 0.0 0.0 0.0 0.0 0.07499999999999725 0.9999999999999967 1.0 1.0 1.0 1.0 
0.0 0.475000000000001 0.9999999999999984 1.0 1.0 1.0 3.552713678800501e-15 0.0 0.0 0.0 0.0 0.0 0.0 0.0 0.0 0.0 0.9999999999999964 1.0 1.0 1.0 
0.0 0.0 0.0 0.0 0.0 0.0 0.0 0.0 0.0 0.0 0.0 0.0 0.0 0.0 0.0 0.02500000000000204 0.9999999999999966 1.0 1.0 1.0 
0.0 0.0 0.0 0.0 0.0 0.0 0.0 0.0 0.0 0.0 0.0 0.0 0.0 0.0 0.0 0.9999999999999964 1.0 1.0 1.0 1.0 
0.0 0.0 0.0 0.0 0.0 0.0 0.0 0.0 0.0 0.0 0.0 0.0 0.0 0.12500000000000133 0.9999999999999969 1.0 1.0 1.0 1.0 7.105427357601002e-15 
0.0 0.0 0.0 0.0 0.0 0.0 0.0 0.0 0.0 0.0 0.0 0.0 0.675 0.9999999999999989 1.0 1.0 1.0 1.0 0.3250000000000023 2.309263891220308e-15 
0.0 0.0 0.0 0.0 0.0 0.0 0.0 0.0 0.0 0.0 0.2250000000000024 0.9999999999999972 1.0 1.0 1.0 1.0 0.7749999999999976 5.506706202140754e-15 0.0 0.0 
0.0 0.0 0.0 0.0 0.0 0.0 0.0 0.0 0.0 0.7749999999999994 0.9999999999999992 1.0 1.0 1.0 1.0 0.22500000000000062 7.993605777301051e-16 0.0 0.0 0.0 
0.0 0.0 0.0 0.0 0.0 0.0 0.0 0.0 0.9999999999999964 1.0 1.0 1.0 1.0 0.6749999999999983 2.398081733190328e-15 0.0 0.0 0.0 0.0 0.0 
0.0 0.0 0.0 0.0 0.0 0.0 0.0 0.8750000000000004 0.9999999999999996 1.0 1.0 1.0 0.12499999999999956 4.4408920985005e-16 0.0 0.0 0.0 0.0 0.0 0.0 
0.0 0.0 0.0 0.0 0.0 0.42500000000000276 0.999999999999998 1.0 1.0 1.0 1.0 3.552713678800501e-15 0.0 0.0 0.0 0.0 0.0 0.0 0.0 0.0 
0.0 0.0 0.0 0.0 0.9749999999999984 0.9999999999999999 1.0 1.0 1.0 1.0 0.02500000000000204 8.881784197000747e-17 0.0 0.0 0.0 0.0 0.0 0.0 0.0 0.0 
0.0 0.0 0.0 0.9999999999999969 1.0 1.0 1.0 1.0 0.47499999999999976 1.6875389974302304e-15 0.0 0.0 0.0 0.0 0.0 0.0 0.0 0.0 0.0 0.0 
0.0 0.07500000000000263 0.9999999999999973 1.0 1.0 1.0 1.0 3.552713678800501e-15 0.0 0.0 0.0 0.0 0.0 0.0 0.0 0.0 0.0 0.0 0.0 0.0 
0.6250000000000019 0.9999999999999989 1.0 1.0 1.0 1.0 1.0 0.6250000000000049 0.6250000000000036 0.6250000000000036 0.6250000000000036 0.6250000000000036 0.6250000000000036 0.6250000000000036 0.6250000000000036 0.6250000000000036 0.6250000000000036 0.6250000000000036 0.6250000000000036 4.4408920985006514e-15 
0.9999999999999973 1.0 1.0 1.0 1.0 1.0 1.0 1.0 1.0 1.0 1.0 1.0 1.0 1.0 1.0 1.0 1.0 1.0 1.0 7.105427357601002e-15 
0.9999999999999973 1.0 1.0 1.0 1.0 1.0 1.0 1.0 1.0 1.0 1.0 1.0 1.0 1.0 1.0 1.0 1.0 1.0 1.0 7.105427357601002e-15 
