0.0 0.0 0.06875000000000017 0.27500000000000213 0.6012500000000007 1.0 1.0 1.0 1.0 1.0 1.0 1.0 1.0 1.0 1.0 1.0 1.0 1.0 1.0 0.31124999999999997 
0.0 0.0 0.24999999999999867 1.0 1.0 1.0 1.0 1.0 1.0 1.0 1.0 1.0 1.0 1.0 1.0 1.0 1.0 1.0 1.0 1.0 
0.0 0.0 0.1562499999999985 0.6249999999999973 0.6249999999999973 0.6249999999999973 0.6249999999999973 0.6249999999999973 0.6249999999999973 0.6249999999999973 0.6249999999999973 0.6249999999999973 0.6249999999999973 0.7562499999999988 1.0 1.0 1.0 1.0 1.0 0.04999999999999716 
0.0 0.0 0.0 0.0 0.0 0.0 0.0 0.0 0.0 0.0 0.0 0.0 0.0 0.3500000000000014 1.0 1.0 1.0 1.0 1.0 0.04999999999999716 
0.0 0.0 0.0 0.0 0.0 0.0 0.0 0.0 0.0 0.0 0.0 0.0 0.1187500000000008 0.6587500000000028 1.0 1.0 1.0 0.6437499999999959 0.07874999999999878 0.0 
0.0 0.0 0.0 0.0 0.0 0.0 0.0 0.0 0.0 0.0 0.0 0.15000000000000213 1.0 1.0 1.0 1.0 0.9837499999999975 0.24374999999999555 0.0 0.0 
0.0 0.0 0.0 0.0 0.0 0.0 0.0 0.0 0.0 0.0 0.02875000000000055 0.6387500000000033 1.0 1.0 1.0 0.6837499999999981 0.1487499999999981 0.0 0.0 0.0 
0.0 0.0 0.0 0.0 0.0 0.0 0.0 0.0 0.0 0.11875000000000328 1.0 1.0 1.0 1.0 0.5499999999999972 0.0 0.0 0.0 0.0 0.0 
0.0 0.0 0.0 0.0 0.0 0.0 0.0 0.0 0.0 0.9499999999999993 1.0 1.0 1.0 0.7637499999999975 0.17874999999999674 0.0 0.0 0.0 0.0 0.0 
0.0 0.0 0.0 0.0 0.0 0.0 0.0 0.16875000000000373 0.8837500000000018 1.0 1.0 1.0 0.75 0.0 0.0 0.0 0.0 0.0 0.0 0.0 
0.0 0.0 0.0 0.0 0.0 0.0 0.0 0.75 1.0 1.0 1.0 0.8837499999999975 0.16874999999999574 0.0 0.0 0.0 0.0 0.0 0.0 0.0 
0.0 0.0 0.0 0.0 0.0 0.17875000000000346 0.7637500000000019 1.0 1.0 1.0 0.9499999999999993 0.0 0.0 0.0 0.0 0.0 0.0 0.0 0.0 0.0 
0.0 0.0 0.0 0.0 0.0 0.5499999999999998 1.0 1.0 1.0 1.0 0.11874999999999654 0.0 0.0 0.0 0.0 0.0 0.0 0.0 0.0 0.0 
0.0 0.0 0.0 0.14875000000000096 0.6837500000000019 1.0 1.0 1.0 0.6387499999999957 0.028750000000000196 0.0 0.0 0.0 0.0 0.0 0.0 0.0 0.0 0.0 0.0 
0.0 0.0 0.0 0.34999999999999876 1.0 1.0 1.0 1.0 0.14999999999999858 0.0 0.0 0.0 0.0 0.0 0.0 0.0 0.0 0.0 0.0 0.0 
0.0 0.07874999999999999 0.6437500000000036 1.0 1.0 1.0 0.6587499999999966 0.11874999999999858 0.0 0.0 0.0 0.0 0.0 0.0 0.0 0.0 0.0 0.0 0.0 0.0 
0.049999999999998046 1.0 1.0 1.0 1.0 0.4500000000000002 0.0 0.0 0.0 0.0 0.0 0.0 0.0 0.0 0.0 0.0 0.0 0.0 0.0 0.0 
0.643750000000006 1.0 1.0 1.0 1.0 0.793750000000004 0.6250000000000071 0.6250000000000071 0.6250000000000071 0.6250000000000071 0.6250000000000071 0.6250000000000071 0.6250000000000071 0.6250000000000071 0.6250000000000071 0.6250000000000071 0.6250000000000071 0.15624999999999956 0.0 0.0 
1.0 1.0 1.0 1.0 1.0 1.0 1.0 1.0 1.0 1.0 1.0 1.0 1.0 1.0 1.0 1.0 1.0 0.24999999999999645 0.0 0.0 
1.0 1.0 1.0 1.0 1.0 1.0 1.0 1.0 1.0 1.0 1.0 1.0 1.0 1.0 1.0 1.0 1.0 0.24999999999999645 0.0 0.0 
