0.46749999999999975 0.5524999999999997 0.6374999999999997 0.7224999999999997 0.8074999999999997 0.8074999999999998 0.7224999999999997 0.6374999999999997 0.5524999999999998 0.46749999999999986 0.3824999999999999 0.2974999999999999 0.21249999999999983 0.12749999999999997 0.04249999999999993 0.0 0.0 0.0 0.0 0.0 
0.5499999999999999 0.6499999999999999 0.75 0.85 0.95 0.9500000000000001 0.85 0.75 0.65 0.55 0.45000000000000007 0.35 0.2499999999999999 0.15000000000000002 0.04999999999999993 0.0 0.0 0.0 0.0 0.0 
0.5499999999999999 0.6499999999999999 0.75 0.85 0.95 0.9500000000000001 0.85 0.75 0.65 0.55 0.45000000000000007 0.35 0.2499999999999999 0.15000000000000002 0.04999999999999993 0.0 0.0 0.0 0.0 0.0 
0.5499999999999999 0.6499999999999999 0.75 0.85 0.95 0.9500000000000001 0.85 0.75 0.65 0.55 0.45000000000000007 0.35 0.2499999999999999 0.15000000000000002 0.04999999999999993 0.0 0.0 0.0 0.0 0.0 
0.5499999999999999 0.6499999999999999 0.75 0.8499999999999999 0.95 0.9500000000000001 0.8499999999999999 0.75 0.65 0.55 0.45000000000000007 0.35 0.2499999999999999 0.15000000000000002 0.04999999999999993 0.0 0.0 0.0 0.0 0.0 
0.5499999999999999 0.6499999999999999 0.75 0.8499999999999999 0.95 0.9500000000000001 0.8499999999999999 0.75 0.65 0.55 0.45000000000000007 0.35 0.2499999999999999 0.15000000000000002 0.04999999999999993 0.0 0.0 0.0 0.0 0.0 
0.5499999999999999 0.6499999999999999 0.75 0.85 0.95 0.9525 0.8574999999999999 0.7625 0.6675 0.5725 0.4775 0.38249999999999984 0.28749999999999976 0.19249999999999987 0.09749999999999977 0.04749999999999984 0.04249999999999985 0.03749999999999987 0.03249999999999988 0.027499999999999893 
0.5499999999999999 0.6499999999999999 0.75 0.85 0.95 0.9875 0.9625 0.9375 0.9125 0.8875 0.8625 0.8375 0.8125 0.7875 0.7625 0.7125000000000001 0.6375000000000001 0.5625 0.48749999999999993 0.41249999999999987 
0.5499999999999999 0.6499999999999999 0.75 0.85 0.95 1.0 1.0 1.0 1.0 1.0 1.0 1.0 1.0 1.0 1.0 0.9500000000000002 0.8500000000000001 0.75 0.6499999999999999 0.5499999999999998 
0.5499999999999999 0.6499999999999999 0.75 0.85 0.95 1.0 1.0 1.0 1.0 1.0 1.0 1.0 1.0 1.0 1.0 0.9500000000000002 0.8500000000000001 0.75 0.6499999999999999 0.5499999999999998 
0.5499999999999999 0.6499999999999999 0.75 0.85 0.95 1.0 1.0 1.0 1.0 1.0 1.0 1.0 1.0 1.0 1.0 0.9500000000000002 0.8500000000000001 0.75 0.6499999999999999 0.5499999999999998 
0.5499999999999999 0.6499999999999999 0.75 0.85 0.95 1.0 1.0 1.0 1.0 1.0 1.0 1.0 1.0 1.0 1.0 0.9500000000000002 0.8500000000000001 0.75 0.6499999999999999 0.5499999999999998 
0.5499999999999999 0.6499999999999999 0.75 0.85 0.95 1.0 1.0 1.0 1.0 1.0 1.0 1.0 1.0 1.0 1.0 0.9500000000000002 0.8500000000000001 0.75 0.6499999999999999 0.5499999999999998 
0.5499999999999999 0.6499999999999999 0.75 0.85 0.95 1.0 1.0 1.0 1.0 1.0 1.0 1.0 1.0 1.0 1.0 0.9500000000000002 0.8500000000000001 0.75 0.6499999999999999 0.5499999999999998 
0.5499999999999999 0.6499999999999999 0.75 0.8500000000000001 0.95 0.9675 0.9025 0.8374999999999999 0.7725 0.7074999999999998 0.6424999999999998 0.5774999999999998 0.5124999999999996 0.44749999999999973 0.3824999999999996 0.33249999999999974 0.2974999999999997 0.26249999999999973 0.22749999999999973 0.19249999999999975 
0.5499999999999999 0.6499999999999999 0.75 0.85 0.95 0.9500000000000001 0.85 0.75 0.65 0.55 0.45000000000000007 0.35 0.2499999999999999 0.15000000000000002 0.04999999999999993 0.0 0.0 0.0 0.0 0.0 
0.5499999999999999 0.6499999999999999 0.75 0.85 0.95 0.9500000000000001 0.85 0.75 0.65 0.55 0.45000000000000007 0.35 0.2499999999999999 0.15000000000000002 0.04999999999999993 0.0 0.0 0.0 0.0 0.0 
0.5499999999999999 0.6499999999999999 0.75 0.85 0.95 0.9500000000000001 0.85 0.75 0.65 0.55 0.45000000000000007 0.35 0.2499999999999999 0.15000000000000002 0.04999999999999993 0.0 0.0 0.0 0.0 0.0 
0.5499999999999999 0.6499999999999999 0.75 0.85 0.95 0.9725000000000001 0.9175000000000002 0.8625000000000003 0.8075000000000003 0.7525000000000005 0.6975000000000007 0.6425000000000007 0.5875000000000008 0.5325000000000009 0.477500000000001 0.4275000000000011 0.38250000000000095 0.3375000000000008 0.29250000000000065 0.2475000000000005 
0.46749999999999975 0.5524999999999997 0.6374999999999997 0.7224999999999997 0.8074999999999997 0.8499999999999996 0.8499999999999996 0.8499999999999996 0.8499999999999996 0.8499999999999996 0.8499999999999996 0.8499999999999996 0.8499999999999996 0.8499999999999996 0.8499999999999996 0.8074999999999998 0.7224999999999998 0.6374999999999997 0.5524999999999997 0.46749999999999964 
