0.0 0.0 0.0 0.0 0.13562500000000077 0.1750000000000007 0.7318750000000008 1.0 1.0 1.0 1.0 1.0 0.6906250000000003 0.1750000000000007 0.1750000000000007 0.1356250000000009 0.0 0.0 0.0 0.0 
0.0 0.0 0.4593750000000022 0.5250000000000015 0.893125000000001 1.0 1.0 1.0 1.0 1.0 1.0 1.0 1.0 1.0 1.0 0.8931250000000013 0.4331250000000027 0.0 0.0 0.0 
0.0 0.8093750000000038 0.9843750000000004 1.0 1.0 1.0 1.0 1.0 1.0 1.0 1.0 1.0 1.0 1.0 1.0 1.0 0.9781250000000008 0.7656250000000051 0.0 0.0 
0.21937500000000365 0.9418750000000018 1.0 1.0 1.0 1.0 0.8481249999999977 0.7749999999999968 0.32937499999999853 0.0 0.3681249999999968 0.7749999999999968 0.859374999999998 1.0 1.0 1.0 1.0 1.0 0.9250000000000043 0.0 
0.9750000000000023 1.0 1.0 1.0 1.0 0.583124999999997 0.1381249999999985 0.0 0.0 0.0 0.0 0.0 0.1593749999999986 0.6118749999999971 1.0 1.0 1.0 1.0 0.9681250000000021 0.5606250000000065 
0.9750000000000023 1.0 1.0 1.0 1.0 0.27499999999999947 0.0 0.0 0.0 0.0 0.0 0.0 0.0 0.02437499999999856 0.3293749999999956 1.0 1.0 1.0 1.0 0.975000000000005 
0.9750000000000023 1.0 1.0 1.0 1.0 0.27499999999999947 0.0 0.0 0.0 0.0 0.0 0.0 0.0 0.0 0.2749999999999986 1.0 1.0 1.0 1.0 0.975000000000005 
0.9750000000000023 1.0 1.0 1.0 1.0 0.7281250000000037 0.20312500000000128 0.0 0.0 0.0 0.0 0.0 0.0 0.20312500000000128 0.7281250000000034 1.0 1.0 1.0 1.0 0.975000000000005 
0.024374999999993475 0.9268750000000014 1.0 1.0 1.0 1.0 0.9831250000000046 0.9750000000000068 0.9750000000000068 0.4631250000000046 0.0 0.41437500000000355 0.9750000000000068 0.9831250000000046 1.0 1.0 1.0 1.0 0.9268750000000037 0.024374999999993544 
0.0 0.0 0.8750000000000018 1.0 1.0 1.0 1.0 1.0 1.0 1.0 1.0 1.0 1.0 1.0 1.0 1.0 1.0 0.8750000000000036 0.0 0.0 
0.0 0.0 0.8750000000000018 1.0 1.0 1.0 1.0 1.0 1.0 1.0 1.0 1.0 1.0 1.0 1.0 1.0 1.0 0.8750000000000036 0.0 0.0 
0.0 0.925000000000002 1.0 1.0 1.0 1.0 1.0 0.9843749999999942 0.9749999999999908 0.9749999999999908 0.9749999999999908 0.9749999999999908 0.9843749999999942 1.0 1.0 1.0 1.0 0.8781250000000046 0.023125000000008653 0.0 
0.36562500000001125 0.9531250000000021 1.0 1.0 1.0 0.728124999999992 0.6249999999999893 0.23437499999999545 0.0 0.0 0.0 0.0 0.234374999999996 0.7468749999999925 1.0 1.0 1.0 1.0 0.9531250000000034 0.36562500000001225 
0.9750000000000023 1.0 1.0 1.0 1.0 0.27499999999999947 0.0 0.0 0.0 0.0 0.0 0.0 0.0 0.08937499999999587 0.4743749999999902 1.0 1.0 1.0 1.0 0.975000000000005 
0.9750000000000023 1.0 1.0 1.0 1.0 0.27499999999999947 0.0 0.0 0.0 0.0 0.0 0.0 0.0 0.0 0.2749999999999986 1.0 1.0 1.0 1.0 0.975000000000005 
0.9750000000000023 1.0 1.0 1.0 1.0 0.5831250000000079 0.13812500000000338 0.0 0.0 0.0 0.0 0.0 0.0 0.0 0.2749999999999986 1.0 1.0 1.0 1.0 0.975000000000005 
0.21937499999998805 0.9418750000000006 1.0 1.0 1.0 1.0 0.8481250000000085 0.29062500000000413 0.0 0.0 0.0 0.0 0.2906250000000048 0.7750000000000128 0.8368750000000089 1.0 1.0 1.0 1.0 0.975000000000005 
0.0 0.0 0.7656249999999891 0.9781249999999977 1.0 1.0 1.0 1.0 1.0 1.0 1.0 1.0 1.0 1.0 1.0 1.0 1.0 0.9843749999999987 0.8093749999999906 0.0 
0.0 0.0 0.0 0.4331249999999879 0.8931249999999971 1.0 1.0 1.0 1.0 1.0 1.0 1.0 1.0 1.0 1.0 0.8931249999999975 0.5249999999999844 0.4593749999999882 0.0 0.0 
0.0 0.0 0.0 0.0 0.13562499999998975 0.1749999999999865 0.1749999999999865 0.6906249999999957 1.0 1.0 1.0 1.0 1.0 0.7318749999999962 0.1749999999999865 0.13562499999998992 0.0 0.0 0.0 0.0 
