0.0 0.0 0.0 0.0 0.13562500000000077 0.1750000000000007 0.1750000000000007 0.690625000000001 1.0 1.0 1.0 1.0 1.0 1.0 0.7731250000000014 0.1750000000000007 0.14437500000000109 0.0 0.0 0.0 
0.0 0.0 0.0 0.433125000000002 0.893125000000001 1.0 1.0 1.0 1.0 1.0 1.0 1.0 1.0 1.0 1.0 1.0 0.9168750000000017 0.45937500000000314 0.0 0.0 
0.0 0.0 0.7656250000000036 0.9781250000000006 1.0 1.0 1.0 1.0 1.0 1.0 1.0 1.0 1.0 1.0 1.0 1.0 1.0 0.9843750000000007 0.8093750000000058 0.0 
0.0 0.925000000000002 1.0 1.0 1.0 1.0 1.0 0.8593749999999978 0.32937499999999853 0.0 0.0 0.3293749999999992 0.7749999999999968 0.8481249999999977 1.0 1.0 1.0 1.0 1.0 0.975000000000005 
0.5606250000000049 0.9681250000000011 1.0 1.0 1.0 0.583124999999997 0.42499999999999627 0.1593749999999982 0.0 0.0 0.0 0.0 0.0 0.1381249999999985 0.5831249999999965 1.0 1.0 1.0 1.0 0.975000000000005 
0.9750000000000023 1.0 1.0 1.0 1.0 0.27499999999999947 0.0 0.0 0.0 0.0 0.0 0.0 0.0 0.0 0.2749999999999986 1.0 1.0 1.0 1.0 0.975000000000005 
0.9750000000000023 1.0 1.0 1.0 1.0 0.27499999999999947 0.0 0.0 0.0 0.0 0.0 0.0 0.0 0.0 0.2749999999999986 1.0 1.0 1.0 1.0 0.975000000000005 
0.9750000000000023 1.0 1.0 1.0 1.0 0.27499999999999947 0.0 0.0 0.0 0.0 0.0 0.0 0.0 0.0 0.2749999999999986 1.0 1.0 1.0 1.0 0.975000000000005 
0.9750000000000023 1.0 1.0 1.0 1.0 0.27499999999999947 0.0 0.0 0.0 0.0 0.0 0.0 0.0 0.0 0.2749999999999986 1.0 1.0 1.0 1.0 0.975000000000005 
0.6581249999999936 0.9756250000000001 1.0 1.0 1.0 1.0 0.544375000000005 0.32500000000000817 0.32500000000000817 0.32500000000000817 0.32500000000000817 0.32500000000000817 0.32500000000000817 0.544375000000005 1.0 1.0 1.0 1.0 1.0 0.975000000000005 
0.0 0.3006249999999934 0.9156250000000002 1.0 1.0 1.0 1.0 1.0 1.0 1.0 1.0 1.0 1.0 1.0 1.0 1.0 1.0 1.0 1.0 0.975000000000005 
0.0 0.0 0.0 0.8043749999999938 0.9749999999999908 0.9931249999999975 1.0 1.0 1.0 1.0 1.0 1.0 1.0 1.0 1.0 1.0 1.0 1.0 1.0 0.975000000000005 
0.0 0.0 0.0 0.0 0.0 0.4531249999999926 0.6249999999999893 0.6249999999999893 0.6249999999999893 0.6249999999999893 0.6249999999999893 0.6249999999999893 0.6249999999999893 0.6249999999999893 0.7281249999999917 1.0 1.0 1.0 0.9718750000000008 0.6093749999999927 
0.0 0.0 0.0 0.0 0.0 0.0 0.0 0.0 0.0 0.0 0.0 0.0 0.0 0.0 0.2749999999999986 1.0 1.0 1.0 0.9250000000000043 0.0 
0.0 0.0 0.0 0.0 0.0 0.0 0.0 0.0 0.0 0.0 0.0 0.0 0.0 0.02437500000000318 0.3293750000000059 1.0 1.0 1.0 0.9250000000000043 0.0 
0.41437500000001204 0.42500000000001137 0.42500000000001137 0.42500000000001137 0.42500000000001137 0.1168750000000029 0.0 0.0 0.0 0.0 0.0 0.0 0.0 0.3249999999999993 1.0 1.0 1.0 1.0 0.9250000000000043 0.0 
0.9750000000000023 1.0 1.0 1.0 1.0 0.8368750000000091 0.7750000000000128 0.29062500000000413 0.0 0.0 0.0 0.32937500000000597 0.7750000000000128 0.8481250000000085 1.0 1.0 1.0 0.9031250000000012 0.20812499999998912 0.0 
0.0 0.8093749999999886 0.9843749999999984 1.0 1.0 1.0 1.0 1.0 1.0 1.0 1.0 1.0 1.0 1.0 1.0 0.971874999999997 0.8749999999999858 0.7656249999999907 0.0 0.0 
0.0 0.0 0.45937499999998727 0.916874999999998 1.0 1.0 1.0 1.0 1.0 1.0 1.0 1.0 1.0 1.0 0.8693749999999965 0.406874999999989 0.0 0.0 0.0 0.0 
0.0 0.0 0.0 0.14437499999998912 0.1749999999999865 0.1749999999999865 0.1749999999999865 0.6906249999999957 1.0 1.0 1.0 0.6493749999999936 0.1749999999999865 0.1749999999999865 0.12687499999999047 0.0 0.0 0.0 0.0 0.0 
