0.0 0.0 0.0 0.0 0.09000000000000007 0.4000000000000057 0.5950000000000023 1.0 1.0 1.0 1.0 1.0 1.0 1.0 0.5650000000000054 0.4000000000000057 0.07000000000000128 0.0 0.0 0.0 
0.0 0.0 0.024999999999999977 0.3400000000000019 1.0 1.0 1.0 1.0 1.0 1.0 1.0 1.0 1.0 1.0 1.0 1.0 1.0 0.3000000000000048 0.01500000000000027 0.0 
0.0 0.07499999999999618 1.0 1.0 1.0 1.0 1.0 1.0 1.0 0.9999999999999974 0.9999999999999947 0.9999999999999978 1.0 1.0 1.0 1.0 1.0 1.0 1.0 0.025000000000003776 
0.01999999999999686 0.815000000000004 1.0 1.0 1.0 1.0 1.0 0.7000000000000002 0.19999999999999485 0.10499999999999772 0.0 0.1149999999999969 0.19999999999999485 0.7399999999999989 1.0 1.0 1.0 1.0 1.0 1.0 
0.6100000000000032 1.0 1.0 1.0 1.0 0.835 0.26999999999999763 0.0 0.0 0.0 0.0 0.0 0.0 0.0 0.28999999999999554 0.399999999999995 0.399999999999995 0.399999999999995 0.399999999999995 0.399999999999995 
1.0 1.0 1.0 1.0 1.0 0.7250000000000023 0.0 0.0 0.0 0.0 0.0 0.0 0.0 0.0 0.0 0.0 0.0 0.0 0.0 0.0 
1.0 1.0 1.0 1.0 1.0 0.7250000000000023 0.0 0.0 0.0 0.0 0.0 0.0 0.0 0.0 0.0 0.0 0.0 0.0 0.0 0.0 
1.0 1.0 1.0 1.0 1.0 0.7250000000000033 3.552713678800501e-15 0.37499999999999956 1.0 1.0 1.0 1.0 1.0 0.3250000000000017 3.552713678800501e-15 7.993605777301178e-16 0.0 0.0 0.0 0.0 
1.0 1.0 1.0 1.0 1.0 1.0 1.0 1.0 1.0 1.0 1.0 1.0 1.0 1.0 1.0 0.8450000000000036 0.14000000000000132 0.0 0.0 0.0 
1.0 1.0 1.0 1.0 1.0 1.0 1.0 1.0 1.0 1.0 1.0 1.0 1.0 1.0 1.0 1.0 1.0 0.6500000000000044 0.04499999999999995 0.0 
1.0 1.0 1.0 1.0 1.0 1.0 0.8699999999999992 0.5999999999999943 0.3449999999999984 0.0 0.0 0.0 0.625 1.0 1.0 1.0 1.0 1.0 1.0 0.02499999999999858 
1.0 1.0 1.0 1.0 0.955 0.5799999999999997 0.0 0.0 0.0 0.0 0.0 0.0 0.0 0.0 0.7249999999999979 1.0 1.0 1.0 1.0 1.0 
1.0 1.0 1.0 1.0 0.775000000000003 0.0 0.0 0.0 0.0 0.0 0.0 0.0 0.0 0.0 0.0 0.7749999999999986 1.0 1.0 1.0 1.0 
1.0 1.0 1.0 1.0 0.775000000000003 0.0 0.0 0.0 0.0 0.0 0.0 0.0 0.0 0.0 0.0 0.7749999999999986 1.0 1.0 1.0 1.0 
1.0 1.0 1.0 1.0 0.775000000000003 0.0 0.0 0.0 0.0 0.0 0.0 0.0 0.0 0.0 0.0 0.7749999999999986 1.0 1.0 1.0 1.0 
1.0 1.0 1.0 1.0 0.8650000000000022 0.2900000000000025 0.0 0.0 0.0 0.0 0.0 0.0 0.0 0.0 0.7249999999999979 1.0 1.0 1.0 1.0 0.6099999999999973 
1.0 1.0 1.0 1.0 1.0 0.7800000000000026 0.13500000000000242 0.0 0.0 0.0 0.0 0.0 0.12500000000000178 0.7400000000000015 1.0 1.0 1.0 1.0 1.0 0.02499999999999858 
0.024999999999995824 0.9999999999999967 1.0 1.0 1.0 1.0 1.0 1.0 1.0 1.0 1.0 1.0 1.0 1.0 1.0 1.0 1.0 0.9999999999999969 0.07499999999999903 0.0 
0.0 0.014999999999998917 0.29999999999999344 1.0 1.0 1.0 1.0 1.0 1.0 1.0 1.0 1.0 1.0 1.0 1.0 1.0 0.3399999999999971 0.024999999999999467 0.0 0.0 
0.0 0.0 0.0 0.06999999999999844 0.3999999999999986 0.5649999999999976 1.0 1.0 1.0 1.0 1.0 1.0 1.0 0.5949999999999986 0.3999999999999986 0.09000000000000025 0.0 0.0 0.0 0.0 
