0.0 0.0 0.0 0.0 0.1237500000000034 0.22500000000000497 0.4962500000000064 1.0 1.0 1.0 1.0 1.0 1.0 1.0 0.5737499999999967 0.22500000000000497 0.14625000000000132 0.0 0.0 0.0 
0.0 0.0 0.0 0.43875000000000464 0.853750000000003 1.0 1.0 1.0 1.0 1.0 1.0 1.0 1.0 1.0 1.0 1.0 0.8862499999999988 0.5062499999999973 0.0 0.0 
0.0 0.0 0.750000000000002 1.0 1.0 1.0 0.956249999999998 0.6562499999999931 0.0 0.0 0.0 0.0 0.0 0.568750000000004 0.9437499999999992 1.0 1.0 1.0 0.8499999999999872 0.0 
0.0 0.48875000000000407 0.8937500000000018 1.0 1.0 0.7412499999999962 0.27624999999999583 0.0 0.0 0.0 0.0 0.0 0.0 0.0 0.23375000000000126 0.6837500000000026 1.0 1.0 0.9362499999999951 0.546249999999997 
0.0 0.8500000000000015 1.0 1.0 0.9862499999999983 0.5362499999999947 0.0 0.0 0.0 0.0 0.0 0.0 0.0 0.0 0.0 0.45000000000000817 1.0 1.0 1.0 0.9499999999999886 
0.0 0.8500000000000015 1.0 1.0 0.44999999999999707 0.0 0.0 0.0 0.0 0.0 0.0 0.0 0.0 0.0 0.0 0.45000000000000817 1.0 1.0 1.0 0.9499999999999886 
0.0 0.8500000000000015 1.0 1.0 0.44999999999999707 0.0 0.0 0.0 0.0 0.0 0.0 0.0 0.0 0.0 0.0 0.45000000000000817 1.0 1.0 1.0 0.9499999999999886 
0.35625000000000207 0.9062500000000012 1.0 1.0 0.44999999999999707 0.0 0.0 0.0 0.0 0.0 0.0 0.0 0.0 0.0 0.0 0.45000000000000817 1.0 1.0 1.0 0.9499999999999886 
0.9500000000000011 1.0 1.0 1.0 0.44999999999999707 0.0 0.0 0.0 0.0 0.0 0.0 0.0 0.0 0.0 0.0 0.45000000000000817 1.0 1.0 1.0 0.9499999999999886 
0.9500000000000011 1.0 1.0 1.0 0.44999999999999707 0.0 0.0 0.0 0.0 0.0 0.0 0.0 0.0 0.0 0.0 0.45000000000000817 1.0 1.0 1.0 0.9499999999999886 
0.9500000000000011 1.0 1.0 1.0 0.44999999999999707 0.0 0.0 0.0 0.0 0.0 0.0 0.0 0.0 0.0 0.0 0.45000000000000817 1.0 1.0 1.0 0.9499999999999886 
0.9500000000000011 1.0 1.0 1.0 0.44999999999999707 0.0 0.0 0.0 0.0 0.0 0.0 0.0 0.0 0.0 0.0 0.45000000000000817 1.0 1.0 1.0 0.9499999999999886 
0.9500000000000011 1.0 1.0 1.0 0.44999999999999707 0.0 0.0 0.0 0.0 0.0 0.0 0.0 0.0 0.0 0.0 0.45000000000000817 1.0 1.0 1.0 0.9499999999999886 
0.9500000000000011 1.0 1.0 1.0 0.44999999999999707 0.0 0.0 0.0 0.0 0.0 0.0 0.0 0.0 0.0 0.0 0.45000000000000817 1.0 1.0 0.8499999999999872 0.0 
0.9500000000000011 1.0 1.0 1.0 0.44999999999999707 0.0 0.0 0.0 0.0 0.0 0.0 0.0 0.0 0.0 0.0 0.45000000000000817 1.0 1.0 0.8499999999999872 0.0 
0.9500000000000011 1.0 1.0 1.0 0.44999999999999707 0.0 0.0 0.0 0.0 0.0 0.0 0.0 0.0 0.0 0.5362500000000064 0.9862499999999991 1.0 1.0 0.8499999999999872 0.0 
0.5462500000000033 0.9362500000000011 1.0 1.0 0.6837499999999967 0.23374999999999685 0.0 0.0 0.0 0.0 0.0 0.0 0.0 0.27625000000000133 0.7412500000000033 1.0 1.0 0.8937499999999969 0.4887499999999951 0.0 
0.0 0.8500000000000015 1.0 1.0 1.0 0.943749999999998 0.8749999999999964 0.6562499999999934 0.0 0.0 0.0 0.0 0.6562500000000036 0.9562499999999997 1.0 1.0 1.0 0.7499999999999911 0.0 0.0 
0.0 0.0 0.5062500000000045 0.8862500000000023 1.0 1.0 1.0 1.0 1.0 1.0 1.0 1.0 1.0 1.0 1.0 0.8537499999999992 0.43874999999999703 0.0 0.0 0.0 
0.0 0.0 0.0 0.14625000000000382 0.22500000000000497 0.5737500000000056 1.0 1.0 1.0 1.0 1.0 1.0 0.41874999999999823 0.22500000000000497 0.22500000000000497 0.1237500000000009 0.0 0.0 0.0 0.0 
