0.0 0.0 0.2500000000000011 0.9500000000000006 1.0 1.0 1.0 1.0 0.5500000000000025 0.0 0.0 0.0 0.0 0.0 0.0 0.0 0.0 0.0 0.0 0.0 
0.0 0.0 0.2500000000000011 0.9500000000000006 1.0 1.0 1.0 1.0 0.5500000000000025 0.0 0.0 0.0 0.0 0.0 0.0 0.0 0.0 0.0 0.0 0.0 
0.0 0.0 0.2500000000000011 0.9500000000000006 1.0 1.0 1.0 1.0 0.5500000000000025 0.0 0.0 0.0 0.0 0.0 0.0 0.0 0.0 0.0 0.0 0.0 
0.0 0.0 0.2500000000000011 0.9500000000000006 1.0 1.0 1.0 1.0 0.5500000000000025 0.0 0.0 0.0 0.0 0.0 0.0 0.0 0.0 0.0 0.0 0.0 
0.0 0.0 0.2500000000000011 0.9500000000000006 1.0 1.0 1.0 1.0 0.5500000000000025 0.0 0.0 0.0 0.0 0.0 0.0 0.0 0.0 0.0 0.0 0.0 
0.0 0.0 0.2500000000000011 0.9500000000000006 1.0 1.0 1.0 1.0 0.5500000000000025 0.0 0.0 0.0 0.0 0.0 0.0 0.0 0.0 0.0 0.0 0.0 
0.0 0.33000000000000085 0.7000000000000002 0.9800000000000002 1.0 1.0 0.9700000000000006 0.5500000000000014 0.2200000000000012 0.0 0.0 0.0 0.0 0.0 0.0 0.0 0.0 0.0 0.0 0.0 
0.0 0.5500000000000017 1.0 1.0 1.0 1.0 0.9500000000000011 0.2500000000000018 0.0 0.0 0.0 0.0 0.0 0.0 0.0 0.0 0.0 0.0 0.0 0.0 
0.0 0.5500000000000017 1.0 1.0 1.0 1.0 0.9500000000000011 0.2500000000000018 0.0 0.0 0.0 0.0 0.0 0.0 0.0 0.0 0.0 0.0 0.0 0.0 
0.0 0.5500000000000017 1.0 1.0 1.0 1.0 0.9500000000000011 0.2500000000000018 0.0 0.0 0.0 0.0 0.0 0.0 0.0 0.0 0.0 0.0 0.0 0.0 
0.0 0.5500000000000017 1.0 1.0 1.0 1.0 0.9500000000000011 0.2500000000000018 0.0 0.0 0.0 0.0 0.0 0.0 0.0 0.0 0.0 0.0 0.0 0.0 
0.0 0.5500000000000017 1.0 1.0 1.0 1.0 0.9500000000000011 0.2500000000000018 0.0 0.0 0.0 0.0 0.0 0.0 0.0 0.0 0.0 0.0 0.0 0.0 
0.0 0.5500000000000017 1.0 1.0 1.0 1.0 0.9500000000000011 0.2500000000000018 0.0 0.0 0.0 0.0 0.0 0.0 0.0 0.0 0.0 0.0 0.0 0.0 
0.0 0.5500000000000017 1.0 1.0 1.0 1.0 0.9500000000000011 0.2500000000000018 0.0 0.0 0.0 0.0 0.0 0.0 0.0 0.0 0.0 0.0 0.0 0.0 
0.0 0.5500000000000017 1.0 1.0 1.0 0.7200000000000004 0.18999999999999953 0.050000000000000176 0.0 0.0 0.0 0.0 0.0 0.0 0.0 0.0 0.0 0.0 0.0 0.0 
0.8500000000000023 1.0 1.0 1.0 1.0 0.6500000000000008 0.0 0.0 0.0 0.0 0.0 0.0 0.0 0.0 0.0 0.0 0.0 0.0 0.0 0.0 
0.8500000000000023 1.0 1.0 1.0 1.0 0.6500000000000008 0.0 0.0 0.0 0.0 0.0 0.0 0.0 0.0 0.0 0.0 0.0 0.0 0.0 0.0 
0.8500000000000023 1.0 1.0 1.0 1.0 1.0 1.0 1.0 1.0 1.0 1.0 1.0 1.0 1.0 1.0 1.0 1.0 1.0 1.0 0.8500000000000085 
0.8500000000000023 1.0 1.0 1.0 1.0 1.0 1.0 1.0 1.0 1.0 1.0 1.0 1.0 1.0 1.0 1.0 1.0 1.0 1.0 0.8500000000000085 
0.8500000000000023 1.0 1.0 1.0 1.0 1.0 1.0 1.0 1.0 1.0 1.0 1.0 1.0 1.0 1.0 1.0 1.0 1.0 0.6400000000000059 0.1700000000000011 
