0.0 0.0 0.0 0.0 0.213125000000002 0.27500000000000213 0.7643750000000018 1.0 1.0 1.0 1.0 1.0 1.0 0.7643749999999987 0.27500000000000213 0.2131250000000003 0.0 0.0 0.0 0.0 
0.0 0.0 0.0 0.6806250000000023 0.9606250000000006 1.0 1.0 1.0 1.0 1.0 1.0 1.0 1.0 1.0 1.0 0.9606249999999995 0.6806249999999979 0.0 0.0 0.0 
0.0 0.3468750000000015 0.9218750000000007 1.0 1.0 0.7281249999999985 0.6249999999999987 0.2343749999999984 0.0 0.0 0.0 0.0 0.0 0.20312500000000133 0.7281249999999998 1.0 1.0 0.921874999999998 0.34687500000000016 0.0 
0.0 0.9250000000000007 1.0 1.0 0.2831249999999983 0.0206249999999997 0.0 0.0 0.0 0.0 0.0 0.0 0.0 0.0 0.020624999999999963 0.28312500000000407 1.0 1.0 0.9249999999999972 0.0 
0.9750000000000005 1.0 1.0 1.0 0.22499999999999876 0.0 0.0 0.0 0.0 0.0 0.0 0.0 0.0 0.0 0.0 0.22500000000000497 1.0 1.0 0.9606249999999985 0.46312499999999784 
0.9750000000000005 1.0 1.0 1.0 0.22499999999999876 0.0 0.0 0.0 0.0 0.0 0.0 0.0 0.0 0.0 0.0 0.0 0.0 0.0 0.0 0.0 
0.9750000000000005 1.0 1.0 1.0 0.22499999999999876 0.0 0.0 0.0 0.0 0.0 0.0 0.0 0.0 0.0 0.0 0.0 0.0 0.0 0.0 0.0 
0.9750000000000005 1.0 1.0 0.17499999999999893 0.0 0.0 0.0 0.0 0.0 0.0 0.0 0.0 0.0 0.0 0.0 0.0 0.0 0.0 0.0 0.0 
0.9750000000000005 1.0 1.0 0.17499999999999893 0.0 0.0 0.0 0.0 0.0 0.0 0.32062500000000044 0.3881249999999965 0.0 0.0 0.0 0.0 0.0 0.0 0.0 0.0 
0.9750000000000005 1.0 1.0 1.0 0.39937499999999737 0.22499999999999787 0.7481250000000006 1.0 1.0 1.0 1.0 1.0 1.0 1.0 0.7868749999999978 0.22499999999999787 0.1856249999999973 0.0 0.0 0.0 
0.9750000000000005 1.0 1.0 1.0 1.0 1.0 0.4768749999999997 0.22500000000000142 0.22500000000000142 0.22500000000000142 0.22500000000000142 0.22500000000000142 0.5156250000000037 1.0 1.0 1.0 0.9606249999999987 0.678124999999996 0.0 0.0 
0.9750000000000005 1.0 1.0 1.0 0.7481250000000002 0.18562499999999924 0.0 0.0 0.0 0.0 0.0 0.0 0.0 0.21937500000000215 0.7643750000000012 1.0 1.0 0.9156249999999975 0.3006249999999984 0.0 
0.9750000000000005 1.0 1.0 0.278125000000002 0.028125000000000643 0.0 0.0 0.0 0.0 0.0 0.0 0.0 0.0 0.0 0.27500000000000213 1.0 1.0 1.0 0.9249999999999972 0.0 
0.9750000000000005 1.0 1.0 0.17499999999999893 0.0 0.0 0.0 0.0 0.0 0.0 0.0 0.0 0.0 0.0 0.27500000000000213 1.0 1.0 1.0 0.9249999999999972 0.0 
0.9750000000000005 1.0 1.0 0.17499999999999893 0.0 0.0 0.0 0.0 0.0 0.0 0.0 0.0 0.0 0.0 0.27500000000000213 1.0 1.0 1.0 0.9249999999999972 0.0 
0.9750000000000005 1.0 1.0 0.17499999999999893 0.0 0.0 0.0 0.0 0.0 0.0 0.0 0.0 0.0 0.0 0.27500000000000213 1.0 1.0 1.0 0.9249999999999972 0.0 
0.9750000000000005 1.0 1.0 0.2368749999999955 0.016874999999998946 0.0 0.0 0.0 0.0 0.0 0.0 0.0 0.0 0.024374999999998828 0.32937499999999886 1.0 1.0 0.8749999999999964 0.0 0.0 
0.36562500000000364 0.9531250000000007 1.0 1.0 0.7093749999999968 0.17187499999999814 0.0 0.0 0.0 0.0 0.0 0.0 0.2343750000000009 0.7468749999999986 1.0 1.0 0.890624999999998 0.3281250000000018 0.0 0.0 
0.0 0.0 0.7218750000000064 0.9693750000000013 1.0 1.0 1.0 0.48437499999999456 0.1749999999999936 0.1749999999999936 0.5668749999999978 1.0 1.0 1.0 0.9518750000000014 0.8250000000000064 0.6806250000000018 0.0 0.0 0.0 
0.0 0.0 0.0 0.226875000000005 0.8368750000000021 1.0 1.0 1.0 1.0 1.0 1.0 1.0 0.7281249999999996 0.2750000000000057 0.19937500000000352 0.0 0.0 0.0 0.0 0.0 
