0.0 0.0 0.0 0.0 0.0 0.0 0.0 0.0 0.0 0.1443750000000017 0.6193750000000022 1.0 1.0 1.0 0.7249999999999979 0.0 0.0 0.0 0.0 0.0 
0.0 0.0 0.0 0.0 0.0 0.0 0.0 0.0 0.0 0.5250000000000021 1.0 1.0 1.0 1.0 0.7249999999999979 0.0 0.0 0.0 0.0 0.0 
0.0 0.0 0.0 0.0 0.0 0.0 0.0 0.0 0.575000000000002 1.0 1.0 1.0 1.0 1.0 0.7249999999999979 0.0 0.0 0.0 0.0 0.0 
0.0 0.0 0.0 0.0 0.0 0.0 0.0 0.0 0.575000000000002 1.0 1.0 1.0 1.0 1.0 0.7249999999999979 0.0 0.0 0.0 0.0 0.0 
0.0 0.0 0.0 0.0 0.0 0.0 0.0 0.6250000000000018 1.0 1.0 1.0 1.0 1.0 1.0 1.0 0.774999999999995 0.0 0.0 0.0 0.0 
0.0 0.0 0.0 0.0 0.0 0.0 0.01687500000000028 0.6343750000000019 1.0 1.0 1.0 1.0 1.0 1.0 1.0 0.774999999999995 0.0 0.0 0.0 0.0 
0.0 0.0 0.0 0.0 0.0 0.0 0.6750000000000016 1.0 1.0 1.0 1.0 1.0 1.0 1.0 1.0 0.774999999999995 0.0 0.0 0.0 0.0 
0.0 0.0 0.0 0.0 0.0 0.0 0.6750000000000016 1.0 1.0 0.47499999999999787 0.0 0.0 0.37500000000000355 1.0 1.0 1.0 0.8249999999999957 0.0 0.0 0.0 
0.0 0.0 0.0 0.0 0.0 0.48937500000000017 0.8943750000000001 1.0 1.0 0.47499999999999787 0.0 0.0 0.37500000000000355 1.0 1.0 1.0 0.8249999999999957 0.0 0.0 0.0 
0.0 0.0 0.0 0.0 0.0 0.7250000000000014 1.0 1.0 0.42499999999999805 0.0 0.0 0.0 0.37500000000000355 1.0 1.0 1.0 0.8249999999999957 0.0 0.0 0.0 
0.0 0.0 0.0 0.0 0.6006249999999999 0.9381249999999999 1.0 1.0 0.42499999999999805 0.0 0.0 0.0 0.08437500000000134 0.47687500000000316 1.0 1.0 0.8249999999999957 0.0 0.0 0.0 
0.0 0.0 0.0 0.0 0.7750000000000012 1.0 1.0 0.3749999999999982 0.0 0.0 0.0 0.0 0.0 0.32500000000000284 1.0 1.0 1.0 0.8749999999999964 0.0 0.0 
0.0 0.0 0.0 0.721874999999998 0.9718749999999994 1.0 1.0 0.3749999999999982 0.0 0.0 0.0 0.0 0.0 0.32500000000000284 1.0 1.0 1.0 0.8749999999999964 0.0 0.0 
0.0 0.0 0.3718749999999979 0.899375 1.0 1.0 0.3249999999999984 0.0 0.0 0.0 0.0 0.0 0.0 0.18687500000000257 0.6918750000000029 1.0 1.0 0.8749999999999964 0.0 0.0 
0.0 0.0 0.8750000000000009 1.0 1.0 1.0 0.3249999999999984 0.0 0.0 0.0 0.0 0.0 0.0 0.0 0.27500000000000213 1.0 1.0 0.8749999999999964 0.0 0.0 
0.0 0.0 0.8750000000000009 1.0 1.0 1.0 0.6793749999999958 0.524999999999995 0.524999999999995 0.524999999999995 0.524999999999995 0.524999999999995 0.524999999999995 0.524999999999995 0.6556249999999975 1.0 1.0 1.0 0.9249999999999972 0.0 
0.0 0.9250000000000007 1.0 1.0 1.0 1.0 1.0 1.0 1.0 1.0 1.0 1.0 1.0 1.0 1.0 1.0 1.0 1.0 0.9249999999999972 0.0 
0.0 0.9250000000000007 1.0 1.0 0.515625000000002 0.37500000000000355 0.37500000000000355 0.37500000000000355 0.37500000000000355 0.37500000000000355 0.37500000000000355 0.37500000000000355 0.37500000000000355 0.37500000000000355 0.5468750000000039 1.0 1.0 1.0 0.9249999999999972 0.0 
0.9750000000000005 1.0 1.0 0.8556250000000051 0.1856250000000004 0.0 0.0 0.0 0.0 0.0 0.0 0.0 0.0 0.0 0.0 0.22500000000000497 1.0 1.0 0.9381249999999972 0.17062499999999278 
0.9750000000000005 1.0 1.0 0.17499999999999893 0.0 0.0 0.0 0.0 0.0 0.0 0.0 0.0 0.0 0.0 0.0 0.22500000000000497 1.0 1.0 1.0 0.9749999999999943 
