0.6250000000000002 0.8750000000000002 0.8749999999999998 0.6249999999999998 0.3749999999999998 0.12499999999999978 0.0 0.0 0.0 0.0 0.0 0.0 0.0 0.0 0.0 0.0 0.0 0.0 0.0 0.0 
0.6250000000000002 0.8750000000000002 0.8749999999999998 0.6249999999999998 0.3749999999999998 0.12499999999999978 0.0 0.0 0.0 0.0 0.0 0.0 0.0 0.0 0.0 0.0 0.0 0.0 0.0 0.0 
0.6250000000000002 0.8750000000000002 0.8749999999999998 0.6249999999999998 0.3749999999999998 0.12499999999999978 0.0 0.0 0.0 0.0 0.0 0.0 0.0 0.0 0.0 0.0 0.0 0.0 0.0 0.0 
0.6250000000000002 0.8750000000000002 0.8749999999999998 0.6249999999999998 0.3749999999999998 0.12499999999999978 0.0 0.0 0.0 0.0 0.0 0.0 0.0 0.0 0.0 0.0 0.0 0.0 0.0 0.0 
0.6250000000000002 0.8750000000000002 0.8749999999999998 0.6249999999999998 0.3749999999999998 0.12499999999999978 0.0 0.0 0.0 0.0 0.0 0.0 0.0 0.0 0.0 0.0 0.0 0.0 0.0 0.0 
0.6250000000000002 0.8750000000000002 0.8749999999999998 0.6249999999999998 0.3749999999999998 0.12499999999999978 0.0 0.0 0.0 0.0 0.0 0.0 0.0 0.0 0.0 0.0 0.0 0.0 0.0 0.0 
0.6250000000000002 0.8750000000000002 0.8749999999999998 0.6249999999999998 0.3749999999999998 0.12499999999999978 0.0 0.0 0.0 0.0 0.0 0.0 0.0 0.0 0.0 0.0 0.0 0.0 0.0 0.0 
0.6250000000000002 0.8750000000000002 0.8749999999999998 0.6249999999999998 0.3749999999999998 0.12499999999999978 0.0 0.0 0.0 0.0 0.0 0.0 0.0 0.0 0.0 0.0 0.0 0.0 0.0 0.0 
0.6250000000000002 0.8750000000000002 0.9062499999999993 0.7187499999999984 0.5312499999999976 0.3437499999999967 0.21874999999999684 0.15624999999999772 0.09374999999999861 0.0312499999999995 0.0 0.0 0.0 0.0 0.0 0.0 0.0 0.0 0.0 0.0 
0.6250000000000002 0.8750000000000002 1.0 1.0 1.0 1.0 0.8749999999999998 0.6249999999999998 0.3749999999999998 0.12499999999999978 0.0 0.0 0.0 0.0 0.0 0.0 0.0 0.0 0.0 0.0 
0.6250000000000002 0.8750000000000002 1.0 1.0 1.0 1.0 0.8749999999999998 0.6249999999999998 0.3749999999999998 0.12499999999999978 0.0 0.0 0.0 0.0 0.0 0.0 0.0 0.0 0.0 0.0 
0.6250000000000002 0.8750000000000002 1.0 1.0 1.0 1.0 0.8749999999999998 0.6249999999999998 0.3749999999999998 0.12499999999999978 0.0 0.0 0.0 0.0 0.0 0.0 0.0 0.0 0.0 0.0 
0.6250000000000002 0.8750000000000002 1.0 1.0 1.0 1.0 0.8749999999999998 0.6249999999999998 0.3749999999999998 0.12499999999999978 0.0 0.0 0.0 0.0 0.0 0.0 0.0 0.0 0.0 0.0 
0.6250000000000002 0.8750000000000002 1.0 1.0 1.0 1.0 0.8749999999999998 0.6249999999999998 0.3749999999999998 0.12499999999999978 0.0 0.0 0.0 0.0 0.0 0.0 0.0 0.0 0.0 0.0 
0.6250000000000002 0.8750000000000002 1.0 1.0 1.0 1.0 0.8749999999999998 0.6249999999999998 0.3749999999999998 0.12499999999999978 0.0 0.0 0.0 0.0 0.0 0.0 0.0 0.0 0.0 0.0 
0.6250000000000002 0.8750000000000002 1.0 1.0 1.0 1.0 0.8749999999999998 0.6249999999999998 0.3749999999999998 0.12499999999999978 0.0 0.0 0.0 0.0 0.0 0.0 0.0 0.0 0.0 0.0 
0.6250000000000002 0.8750000000000002 1.0 1.0 1.0 1.0 1.0 1.0 1.0 1.0 0.875 0.625 0.375 0.125 0.09375 0.28125 0.46875 0.65625 0.65625 0.46875 
0.6250000000000002 0.8750000000000002 1.0 1.0 1.0 1.0 1.0 1.0 1.0 1.0 0.875 0.625 0.375 0.125 0.0 0.0 0.0 0.0 0.0 0.0 
0.6250000000000002 0.8750000000000002 1.0 1.0 1.0 1.0 1.0 1.0 1.0 1.0 0.90625 0.71875 0.53125 0.34375 0.21875 0.15625 0.09375 0.03125 0.0 0.0 
0.6250000000000002 0.8750000000000002 1.0 1.0 1.0 1.0 1.0 1.0 1.0 1.0 1.0 1.0 1.0 1.0 0.96875 0.90625 0.84375 0.78125 0.65625 0.46875 
