0.0 0.0 0.0 0.0 0.17875000000000027 0.6287500000000009 1.0 1.0 1.0 1.0 1.0 1.0 1.0 1.0 0.6287499999999991 0.17874999999999985 0.0 0.0 0.0 0.0 
0.0 0.0 0.731250000000002 0.9749999999999994 0.9887499999999998 1.0 1.0 1.0 1.0 1.0 1.0 1.0 1.0 1.0 1.0 0.9887499999999998 0.9749999999999994 0.7312499999999995 0.0 0.0 
0.0 0.5312500000000012 0.9062500000000009 1.0 1.0 1.0 0.7812499999999993 0.37500000000000044 0.37500000000000044 0.37500000000000044 0.37500000000000044 0.37500000000000044 0.37500000000000044 0.7812500000000004 1.0 1.0 1.0 0.9062499999999999 0.5312500000000006 0.0 
0.26125000000000026 0.8912500000000019 1.0 1.0 0.8487499999999997 0.3987499999999989 0.0 0.0 0.0 0.0 0.0 0.0 0.0 0.0 0.3987500000000008 0.8487500000000001 1.0 1.0 1.0 0.9499999999999993 
0.9500000000000028 1.0 1.0 1.0 0.44999999999999796 0.0 0.0 0.0 0.0 0.0 0.0 0.0 0.0 0.0 0.0 0.4499999999999993 1.0 1.0 1.0 0.9499999999999993 
0.9500000000000028 1.0 1.0 1.0 0.44999999999999796 0.0 0.0 0.0 0.0 0.0 0.0 0.0 0.0 0.0 0.0 0.19125000000000003 0.4250000000000007 0.4250000000000007 0.4250000000000007 0.4037500000000004 
0.9500000000000028 1.0 1.0 1.0 0.44999999999999796 0.0 0.0 0.0 0.0 0.0 0.0 0.0 0.0 0.0 0.0 0.0 0.0 0.0 0.0 0.0 
0.9500000000000028 1.0 1.0 1.0 0.44999999999999796 0.0 0.0 0.0 0.0 0.0 0.0 0.0 0.0 0.0 0.0 0.0 0.0 0.0 0.0 0.0 
0.9500000000000028 1.0 1.0 1.0 0.44999999999999796 0.0 0.18375000000000086 0.5250000000000004 0.5250000000000004 0.5250000000000004 0.5250000000000004 0.5250000000000004 0.5250000000000004 0.5250000000000004 0.2362499999999998 0.0 0.0 0.0 0.0 0.0 
0.9500000000000028 1.0 1.0 1.0 1.0 1.0 1.0 1.0 1.0 1.0 1.0 1.0 1.0 1.0 1.0 1.0 0.7112500000000005 0.13125000000000053 0.0 0.0 
0.9500000000000028 1.0 1.0 1.0 1.0 1.0 1.0 0.7937499999999987 0.1750000000000007 0.1750000000000007 0.1750000000000007 0.1750000000000007 0.7937500000000002 1.0 1.0 1.0 1.0 0.9562499999999998 0.7012500000000006 0.0 
0.9500000000000028 1.0 1.0 1.0 1.0 0.549999999999998 0.0 0.0 0.0 0.0 0.0 0.0 0.0 0.3412499999999993 0.7862499999999997 1.0 1.0 1.0 0.8500000000000014 0.0 
0.9500000000000028 1.0 1.0 1.0 0.44999999999999796 0.0 0.0 0.0 0.0 0.0 0.0 0.0 0.0 0.0 0.0 0.4499999999999993 1.0 1.0 1.0 0.9499999999999993 
0.9500000000000028 1.0 1.0 1.0 0.44999999999999796 0.0 0.0 0.0 0.0 0.0 0.0 0.0 0.0 0.0 0.0 0.4499999999999993 1.0 1.0 1.0 0.9499999999999993 
0.9500000000000028 1.0 1.0 1.0 0.44999999999999796 0.0 0.0 0.0 0.0 0.0 0.0 0.0 0.0 0.0 0.0 0.4499999999999993 1.0 1.0 1.0 0.9499999999999993 
0.9500000000000028 1.0 1.0 1.0 0.44999999999999796 0.0 0.0 0.0 0.0 0.0 0.0 0.0 0.0 0.0 0.04125000000000162 0.4912500000000009 1.0 1.0 0.9887499999999997 0.8787499999999966 
0.9500000000000028 1.0 1.0 1.0 0.8487500000000002 0.3987499999999994 0.0 0.0 0.0 0.0 0.0 0.0 0.0 0.0 0.5500000000000007 1.0 1.0 1.0 0.8500000000000014 0.0 
0.0 0.5312500000000017 0.9062500000000009 1.0 1.0 1.0 0.7812499999999991 0.375 0.375 0.375 0.375 0.375 0.375 0.7812500000000002 1.0 1.0 1.0 0.75 0.0 0.0 
0.0 0.0 0.7312500000000007 0.9749999999999979 0.9887499999999991 1.0 1.0 1.0 1.0 1.0 1.0 1.0 1.0 1.0 0.9862499999999988 0.9749999999999979 0.6337499999999989 0.0 0.0 0.0 
0.0 0.0 0.0 0.0 0.17875000000000027 0.3249999999999993 0.5612500000000005 1.0 1.0 1.0 1.0 1.0 0.49374999999999947 0.3249999999999993 0.14624999999999944 0.0 0.0 0.0 0.0 0.0 
