0.0 0.0 0.0 0.0 0.2906250000000024 0.37500000000000355 0.7968750000000011 1.0 1.0 1.0 1.0 1.0 0.7656249999999991 0.2531250000000013 0.0 0.0 0.0 0.0 0.0 0.0 
0.0 0.0 0.10937500000000286 0.8468749999999993 1.0 1.0 1.0 0.9218749999999977 0.8749999999999964 0.8749999999999964 0.9343749999999983 1.0 1.0 1.0 1.0 0.8031249999999964 0.1031250000000024 0.0 0.0 0.0 
0.0 0.8093750000000007 0.9843750000000001 1.0 1.0 0.3656249999999981 0.12499999999999689 0.04687499999999872 0.0 0.0 0.0593749999999987 0.12499999999999689 0.12499999999999689 0.4093750000000004 1.0 1.0 0.978125 0.7656249999999964 0.0 0.0 
0.974999999999997 1.0 1.0 1.0 0.5156249999999986 0.1031249999999994 0.0 0.0 0.0 0.0 0.0 0.0 0.0 0.1218750000000002 0.5468750000000016 1.0 1.0 0.9531249999999977 0.5781249999999984 0.0 
0.974999999999997 1.0 1.0 1.0 0.22500000000000098 0.0 0.0 0.0 0.0 0.0 0.0 0.0 0.0 0.0 0.2750000000000057 1.0 1.0 1.0 0.9249999999999936 0.0 
0.0 0.0 0.0 0.0 0.0 0.0 0.0 0.0 0.0 0.0 0.0 0.0 0.0 0.0 0.2750000000000057 1.0 1.0 1.0 0.9249999999999936 0.0 
0.0 0.0 0.0 0.0 0.0 0.0 0.0 0.0 0.0 0.0 0.0 0.0 0.0 0.0 0.2750000000000057 1.0 1.0 1.0 0.9249999999999936 0.0 
0.0 0.0 0.0 0.0 0.0 0.0 0.0 0.0 0.0 0.0 0.0 0.0 0.2343750000000029 0.7468750000000023 1.0 1.0 1.0 0.8749999999999929 0.0 0.0 
0.0 0.0 0.0 0.0 0.0 0.0 0.0 0.0 0.0 0.0 0.0 0.15937500000000235 0.6093750000000033 1.0 1.0 1.0 0.8249999999999957 0.0 0.0 0.0 
0.0 0.0 0.0 0.0 0.0 0.0 0.0 0.0 0.0 0.0 0.4750000000000014 1.0 1.0 1.0 0.9656249999999993 0.6781249999999956 0.0 0.0 0.0 0.0 
0.0 0.0 0.0 0.0 0.0 0.0 0.0 0.0 0.0 0.45937500000000187 0.9343750000000002 1.0 1.0 1.0 0.7249999999999943 0.0 0.0 0.0 0.0 0.0 
0.0 0.0 0.0 0.0 0.0 0.0 0.0 0.0 0.5750000000000011 1.0 1.0 1.0 0.7656249999999978 0.25312499999999893 0.0 0.0 0.0 0.0 0.0 0.0 
0.0 0.0 0.0 0.0 0.0 0.0 0.25312499999999993 0.7656250000000006 1.0 1.0 1.0 0.8406249999999984 0.3906249999999978 0.0 0.0 0.0 0.0 0.0 0.0 0.0 
0.0 0.0 0.0 0.0 0.0 0.09062499999999996 0.7156249999999998 1.0 1.0 1.0 0.5249999999999986 0.0 0.0 0.0 0.0 0.0 0.0 0.0 0.0 0.0 
0.0 0.0 0.0 0.0 0.0 0.7249999999999996 1.0 1.0 1.0 0.5406249999999981 0.06562499999999982 0.0 0.0 0.0 0.0 0.0 0.0 0.0 0.0 0.0 
0.0 0.0 0.0 0.515624999999999 0.9156249999999997 1.0 1.0 1.0 0.42499999999999893 0.0 0.0 0.0 0.0 0.0 0.0 0.0 0.0 0.0 0.0 0.0 
0.0 0.0 0.3281249999999992 0.890624999999999 1.0 1.0 0.7468750000000001 0.23437499999999944 0.0 0.0 0.0 0.0 0.0 0.0 0.0 0.0 0.0 0.0 0.0 0.0 
0.0 0.9249999999999975 1.0 1.0 1.0 1.0 0.3250000000000002 0.0 0.0 0.0 0.0 0.0 0.0 0.0 0.0 0.0 0.0 0.0 0.0 0.0 
0.8531249999999974 0.9906249999999996 1.0 1.0 1.0 1.0 0.915625 0.875 0.875 0.875 0.875 0.875 0.875 0.875 0.875 0.875 0.875 0.875 0.875 0.8531249999999919 
0.6093749999999981 0.971874999999999 1.0 1.0 1.0 1.0 1.0 1.0 1.0 1.0 1.0 1.0 1.0 1.0 1.0 1.0 1.0 1.0 1.0 0.9749999999999908 
