0.0 0.9249999999999974 1.0 1.0 1.0 1.0 1.0 1.0 1.0 1.0 1.0 1.0 1.0 1.0 1.0 1.0 1.0 1.0 0.9531249999999962 0.365625 
0.0 0.9249999999999975 1.0 1.0 1.0 1.0 1.0 1.0 1.0 1.0 1.0 1.0 1.0 1.0 1.0 1.0 1.0 0.9843749999999987 0.8093749999999911 0.0 
0.0 0.9249999999999976 1.0 1.0 1.0 0.3656249999999981 0.12499999999999689 0.12499999999999689 0.12499999999999689 0.12499999999999689 0.12499999999999689 0.12499999999999689 0.12499999999999689 0.12499999999999689 0.12499999999999689 0.12499999999999689 0.12499999999999689 0.10937499999999639 0.0 0.0 
0.0 0.9249999999999975 1.0 1.0 1.0 0.27500000000000036 0.0 0.0 0.0 0.0 0.0 0.0 0.0 0.0 0.0 0.0 0.0 0.0 0.0 0.0 
0.0 0.9249999999999976 1.0 1.0 1.0 0.27500000000000036 0.0 0.0 0.0 0.0 0.0 0.0 0.0 0.0 0.0 0.0 0.0 0.0 0.0 0.0 
0.0 0.9249999999999975 1.0 1.0 1.0 0.27500000000000036 0.0 0.0 0.0 0.0 0.0 0.0 0.0 0.0 0.0 0.0 0.0 0.0 0.0 0.0 
0.0 0.9249999999999975 1.0 1.0 1.0 0.27500000000000036 0.0 0.0 0.5031250000000019 0.8750000000000018 0.8750000000000018 0.8750000000000018 0.8750000000000018 0.5906249999999987 0.0 0.0 0.0 0.0 0.0 0.0 
0.0 0.9249999999999976 1.0 1.0 1.0 1.0 1.0 1.0 1.0 1.0 1.0 1.0 1.0 1.0 1.0 0.9156249999999986 0.5156249999999988 0.0 0.0 0.0 
0.0 0.9249999999999975 1.0 1.0 1.0 1.0 0.7468749999999988 0.6249999999999982 0.6249999999999982 0.29687499999999784 0.0 0.2656250000000019 0.6249999999999982 0.7468749999999998 1.0 1.0 1.0 0.9218749999999958 0.34687499999999927 0.0 
0.0 0.8093749999999978 0.875 0.875 0.875 0.2406250000000003 0.0 0.0 0.0 0.0 0.0 0.0 0.0 0.0 0.24062500000000497 0.9031250000000006 1.0 1.0 1.0 0.9749999999999908 
0.0 0.0 0.0 0.0 0.0 0.0 0.0 0.0 0.0 0.0 0.0 0.0 0.0 0.0 0.0 0.22500000000000497 1.0 1.0 1.0 0.9749999999999908 
0.0 0.0 0.0 0.0 0.0 0.0 0.0 0.0 0.0 0.0 0.0 0.0 0.0 0.0 0.0 0.22500000000000497 1.0 1.0 1.0 0.9749999999999908 
0.0 0.0 0.0 0.0 0.0 0.0 0.0 0.0 0.0 0.0 0.0 0.0 0.0 0.0 0.0 0.22500000000000497 1.0 1.0 1.0 0.9749999999999908 
0.0 0.0 0.0 0.0 0.0 0.0 0.0 0.0 0.0 0.0 0.0 0.0 0.0 0.0 0.0 0.22500000000000497 1.0 1.0 1.0 0.9749999999999908 
0.0 0.0 0.7656249999999982 0.1531250000000014 0.0 0.0 0.0 0.0 0.0 0.0 0.0 0.0 0.0 0.0 0.0 0.22500000000000497 1.0 1.0 1.0 0.9749999999999908 
0.974999999999997 1.0 1.0 1.0 0.22500000000000098 0.0 0.0 0.0 0.0 0.0 0.0 0.0 0.0 0.0 0.0 0.22500000000000497 1.0 1.0 1.0 0.9749999999999908 
0.6093749999999981 0.971874999999999 1.0 1.0 0.5156250000000007 0.10312500000000013 0.0 0.0 0.0 0.0 0.0 0.0 0.0 0.0 0.0 0.22500000000000497 1.0 1.0 0.9718749999999976 0.6093749999999942 
0.0 0.8093749999999978 0.9843749999999998 1.0 1.0 0.3656250000000003 0.125 0.04687499999999989 0.0 0.0 0.0 0.0 0.046875000000000444 0.125 0.365625000000005 1.0 1.0 0.9843749999999991 0.8093749999999944 0.0 
0.0 0.0 0.10937499999999975 0.8468749999999986 1.0 1.0 1.0 0.9218749999999999 0.875 0.875 0.875 0.875 0.9218750000000004 1.0 1.0 1.0 0.8468749999999963 0.10937499999999911 0.0 0.0 
0.0 0.0 0.0 0.0 0.29062499999999963 0.375 0.7968749999999999 1.0 1.0 1.0 1.0 1.0 1.0 1.0 0.8281249999999964 0.29062499999999813 0.0 0.0 0.0 0.0 
