0.0 0.9999999999999973 1.0 1.0 1.0 2.6645352591003757e-15 0.0 0.0 0.0 0.0 0.0 0.0 0.0 0.0 0.0 0.0 0.9999999999999964 1.0 1.0 1.0 
0.12500000000000278 0.9999999999999977 1.0 1.0 1.0 1.0 2.6645352591003757e-15 0.0 0.0 0.0 0.0 0.0 0.0 0.0 0.0 0.0 0.9999999999999964 1.0 1.0 1.0 
0.9999999999999973 1.0 1.0 1.0 1.0 1.0 0.875000000000003 2.331468351712836e-15 0.0 0.0 0.0 0.0 0.0 0.0 0.0 0.0 0.9999999999999964 1.0 1.0 1.0 
0.9999999999999973 1.0 1.0 1.0 1.0 1.0 1.0 2.6645352591003757e-15 0.0 0.0 0.0 0.0 0.0 0.0 0.0 0.0 0.9999999999999964 1.0 1.0 1.0 
0.9999999999999973 1.0 1.0 1.0 1.0 1.0 1.0 1.0 2.6645352591003757e-15 0.0 0.0 0.0 0.0 0.0 0.0 0.0 0.9999999999999964 1.0 1.0 1.0 
0.9999999999999973 1.0 1.0 1.0 1.0 1.0 1.0 1.0 1.0 3.552713678800501e-15 0.0 0.0 0.0 0.0 0.0 0.0 0.9999999999999964 1.0 1.0 3.552713678800501e-15 
0.9999999999999973 1.0 1.0 1.0 1.0 1.0 1.0 1.0 1.0 0.8750000000000004 3.1086244689504383e-15 0.0 0.0 0.0 0.0 0.0 0.9999999999999964 1.0 1.0 3.552713678800501e-15 
0.9999999999999973 1.0 1.0 1.0 0.37500000000000167 0.375 0.9999999999999983 1.0 1.0 1.0 3.552713678800501e-15 0.0 0.0 0.0 0.0 0.0 0.9999999999999964 1.0 1.0 3.552713678800501e-15 
0.9999999999999973 1.0 1.0 1.0 2.6645352591003757e-15 0.0 0.6249999999999983 0.999999999999999 1.0 1.0 1.0 3.552713678800501e-15 0.0 0.0 0.0 0.0 0.9999999999999964 1.0 1.0 3.552713678800501e-15 
0.9999999999999973 1.0 1.0 1.0 2.6645352591003757e-15 0.0 0.0 0.8749999999999977 0.9999999999999997 1.0 1.0 1.0 3.552713678800501e-15 0.0 0.0 0.0 0.9999999999999964 1.0 1.0 3.552713678800501e-15 
0.9999999999999973 1.0 1.0 1.0 2.6645352591003757e-15 0.0 0.0 0.0 0.9999999999999973 1.0 1.0 1.0 3.552713678800501e-15 0.0 0.0 0.0 0.9999999999999964 1.0 1.0 3.552713678800501e-15 
0.9999999999999973 1.0 1.0 1.0 2.6645352591003757e-15 0.0 0.0 0.0 0.374999999999999 0.9999999999999978 1.0 1.0 1.0 3.552713678800501e-15 0.0 0.0 0.9999999999999964 1.0 1.0 3.552713678800501e-15 
0.9999999999999973 1.0 1.0 1.0 2.6645352591003757e-15 0.0 0.0 0.0 0.0 0.6250000000000013 0.9999999999999987 1.0 1.0 1.0 0.37499999999999867 0.9999999999999978 1.0 1.0 1.0 3.552713678800501e-15 
0.9999999999999973 1.0 1.0 1.0 2.6645352591003757e-15 0.0 0.0 0.0 0.0 0.0 0.9999999999999964 1.0 1.0 1.0 1.0 1.0 1.0 1.0 1.0 3.552713678800501e-15 
0.9999999999999973 1.0 1.0 1.0 2.6645352591003757e-15 0.0 0.0 0.0 0.0 0.0 0.1250000000000031 0.9999999999999969 1.0 1.0 1.0 1.0 1.0 1.0 1.0 3.552713678800501e-15 
0.9999999999999973 1.0 1.0 1.0 2.6645352591003757e-15 0.0 0.0 0.0 0.0 0.0 0.0 0.3750000000000022 0.9999999999999978 1.0 1.0 1.0 1.0 1.0 1.0 3.552713678800501e-15 
0.9999999999999973 1.0 1.0 1.0 2.6645352591003757e-15 0.0 0.0 0.0 0.0 0.0 0.0 0.0 0.6250000000000013 0.9999999999999987 1.0 1.0 1.0 1.0 1.0 3.552713678800501e-15 
0.9999999999999973 1.0 1.0 1.0 2.6645352591003757e-15 0.0 0.0 0.0 0.0 0.0 0.0 0.0 0.0 0.9999999999999964 1.0 1.0 1.0 1.0 1.0 3.552713678800501e-15 
0.9999999999999973 1.0 1.0 1.0 2.6645352591003757e-15 0.0 0.0 0.0 0.0 0.0 0.0 0.0 0.0 0.1250000000000031 0.9999999999999969 1.0 1.0 1.0 1.0 3.552713678800501e-15 
0.9999999999999973 1.0 1.0 0.37500000000000167 9.992007221626409e-16 0.0 0.0 0.0 0.0 0.0 0.0 0.0 0.0 0.0 0.37499999999999867 0.375 0.375 0.9999999999999978 0.3750000000000022 1.3322676295501878e-15 
