0.0 0.0 0.0 0.0 0.1512499999999989 0.2749999999999986 0.5287499999999982 1.0 1.0 1.0 1.0 1.0 1.0 1.0 0.6012500000000013 0.2749999999999986 0.17874999999999966 0.0 0.0 0.0 
0.0 0.0 0.0 0.5362499999999985 0.9212499999999992 1.0 1.0 1.0 1.0 1.0 1.0 1.0 1.0 1.0 1.0 1.0 0.93875 0.6187500000000006 0.0 0.0 
0.0 0.3187499999999989 0.8437499999999992 1.0 1.0 1.0 0.8687500000000008 0.4687500000000018 0.0 0.0 0.0 0.0 0.0 0.40624999999999967 0.8312499999999994 1.0 1.0 1.0 0.9062500000000008 0.35625000000000023 
0.0 0.8499999999999992 1.0 1.0 1.0 0.5837500000000011 0.048750000000000786 0.0 0.0 0.0 0.0 0.0 0.0 0.0 0.04125000000000037 0.4912499999999983 1.0 1.0 1.0 0.9500000000000028 
0.4512499999999993 0.9212499999999995 1.0 1.0 0.45000000000000107 0.0 0.0 0.0 0.0 0.0 0.0 0.0 0.0 0.0 0.0 0.23624999999999885 0.6912499999999993 1.0 1.0 0.9500000000000028 
0.0 0.8499999999999992 1.0 1.0 0.45000000000000107 0.0 0.0 0.0 0.0 0.0 0.0 0.0 0.0 0.0 0.0 0.4499999999999975 1.0 1.0 1.0 0.9500000000000028 
0.0 0.8499999999999992 1.0 1.0 0.7662500000000001 0.31625000000000003 0.0 0.0 0.0 0.0 0.0 0.0 0.0 0.0 0.0 0.4499999999999975 1.0 1.0 1.0 0.9500000000000028 
0.0 0.7437499999999992 0.9687499999999999 1.0 1.0 0.6062500000000006 0.08125000000000016 0.0 0.0 0.0 0.0 0.0 0.0 0.0 0.06874999999999964 0.5187499999999978 1.0 1.0 0.8500000000000014 0.0 
0.0 0.0 0.2437499999999992 0.763749999999999 1.0 1.0 0.8862500000000006 0.6750000000000007 0.6750000000000007 0.6412500000000014 0.033750000000000516 0.5737499999999992 0.6750000000000007 0.6750000000000007 0.8537499999999993 1.0 1.0 0.831250000000001 0.2762499999999999 0.0 
0.0 0.0 0.0 0.0 0.5499999999999989 1.0 1.0 1.0 1.0 1.0 1.0 1.0 1.0 1.0 1.0 0.8987499999999999 0.5037500000000007 0.0 0.0 0.0 
0.0 0.0 0.0 0.5037500000000006 0.8987500000000007 1.0 1.0 1.0 0.8837500000000008 0.22499999999999787 0.22499999999999787 0.22499999999999787 0.8062499999999981 1.0 1.0 0.8987500000000015 0.503750000000003 0.0 0.0 0.0 
0.0 0.8499999999999992 1.0 1.0 0.8212499999999988 0.6749999999999972 0.438749999999999 0.0 0.0 0.0 0.0 0.0 0.0 0.0 0.3712499999999965 0.8212499999999976 1.0 0.8312500000000019 0.2762500000000029 0.0 
0.8312499999999994 0.98125 1.0 1.0 0.45000000000000107 0.0 0.0 0.0 0.0 0.0 0.0 0.0 0.0 0.0 0.0 0.4499999999999975 1.0 1.0 0.9812500000000002 0.8312500000000025 
0.9499999999999993 1.0 1.0 0.7237499999999999 0.2587500000000003 0.0 0.0 0.0 0.0 0.0 0.0 0.0 0.0 0.0 0.0 0.0 0.34999999999999787 1.0 1.0 0.9500000000000028 
0.9499999999999993 1.0 1.0 0.350000000000001 0.0 0.0 0.0 0.0 0.0 0.0 0.0 0.0 0.0 0.0 0.0 0.0 0.34999999999999787 1.0 1.0 0.9500000000000028 
0.9499999999999993 1.0 1.0 0.350000000000001 0.0 0.0 0.0 0.0 0.0 0.0 0.0 0.0 0.0 0.0 0.0 0.23624999999999965 0.6912500000000004 1.0 1.0 0.9500000000000028 
0.8787499999999966 0.9887499999999996 1.0 1.0 0.4912500000000026 0.04125000000000162 0.0 0.0 0.0 0.0 0.0 0.0 0.0 0.0 0.04125000000000135 0.49124999999999924 1.0 1.0 0.9887499999999997 0.8787499999999999 
0.0 0.8499999999999992 1.0 1.0 1.0 0.8312500000000018 0.4062500000000031 0.0 0.0 0.0 0.0 0.0 0.0 0.40625000000000144 0.8312500000000005 1.0 1.0 0.8437500000000002 0.31874999999999754 0.0 
0.0 0.0 0.618749999999996 0.9387499999999983 1.0 1.0 1.0 1.0 1.0 1.0 1.0 1.0 1.0 1.0 1.0 0.9212499999999986 0.8249999999999957 0.6187499999999982 0.0 0.0 
0.0 0.0 0.0 0.1787499999999965 0.274999999999995 0.6012499999999967 1.0 1.0 1.0 1.0 1.0 1.0 1.0 0.5287499999999978 0.274999999999995 0.15124999999999794 0.0 0.0 0.0 0.0 
