0.0 0.0 0.0 0.0 0.1512499999999989 0.2749999999999986 0.5287499999999982 1.0 1.0 1.0 1.0 1.0 1.0 1.0 0.6012500000000013 0.2749999999999986 0.17874999999999966 0.0 0.0 0.0 
0.0 0.0 0.0 0.5362499999999985 0.9212499999999992 1.0 1.0 1.0 1.0 1.0 1.0 1.0 1.0 1.0 1.0 1.0 0.93875 0.6187500000000006 0.0 0.0 
0.0 0.3187499999999989 0.8437499999999992 1.0 1.0 0.8312500000000007 0.6250000000000009 0.4687500000000018 0.0 0.0 0.0 0.0 0.0 0.40624999999999967 0.8312499999999994 1.0 1.0 1.0 0.8500000000000014 0.0 
0.8787499999999984 0.9887499999999998 1.0 1.0 0.4912500000000016 0.04125000000000064 0.0 0.0 0.0 0.0 0.0 0.0 0.0 0.0 0.04125000000000037 0.4912499999999983 1.0 1.0 0.9887499999999999 0.8787500000000016 
0.9499999999999993 1.0 1.0 1.0 0.45000000000000107 0.0 0.0 0.0 0.0 0.0 0.0 0.0 0.0 0.0 0.0 0.4499999999999975 1.0 1.0 1.0 0.9500000000000028 
0.0 0.0 0.0 0.0 0.0 0.0 0.0 0.0 0.0 0.0 0.0 0.0 0.0 0.0 0.0 0.4499999999999975 1.0 1.0 1.0 0.9500000000000028 
0.0 0.0 0.0 0.0 0.0 0.0 0.0 0.0 0.0 0.0 0.0 0.0 0.0 0.0 0.316249999999998 0.7662499999999985 1.0 1.0 0.913750000000001 0.4037500000000019 
0.0 0.0 0.0 0.0 0.0 0.0 0.0 0.0 0.0 0.0 0.0 0.0 0.0 0.08124999999999982 0.6062499999999975 1.0 1.0 0.9687500000000002 0.7437500000000012 0.0 
0.0 0.0 0.0 0.0 0.0 0.0 0.0 0.0 0.0 0.0 0.0 0.0 0.5062499999999993 0.8862499999999998 1.0 1.0 0.7637500000000013 0.24375000000000005 0.0 0.0 
0.0 0.0 0.0 0.0 0.0 0.0 0.0 0.0 0.0 0.011249999999999831 0.2137500000000012 0.8837499999999986 1.0 1.0 1.0 0.5500000000000025 0.0 0.0 0.0 0.0 
0.0 0.0 0.0 0.0 0.0 0.0 0.0 0.0 0.0 0.049999999999998934 0.9499999999999993 1.0 1.0 1.0 0.5737500000000011 0.12374999999999939 0.0 0.0 0.0 0.0 
0.0 0.0 0.0 0.0 0.0 0.0 0.0 0.08125000000000013 0.42625000000000146 1.0 1.0 1.0 0.7562499999999984 0.23624999999999996 0.0 0.0 0.0 0.0 0.0 0.0 
0.0 0.0 0.0 0.0 0.0 0.0 0.3062499999999989 0.9062499999999998 1.0 1.0 1.0 0.25625000000000187 0.03125000000000022 0.0 0.0 0.0 0.0 0.0 0.0 0.0 
0.0 0.0 0.0 0.0 0.23374999999999993 0.68375 1.0 1.0 1.0 0.9787500000000005 0.5962499999999996 0.08625000000000112 0.0 0.0 0.0 0.0 0.0 0.0 0.0 0.0 
0.0 0.0 0.0 0.0 0.5499999999999989 1.0 1.0 1.0 0.8537500000000011 0.023749999999998675 0.0012499999999999467 0.0 0.0 0.0 0.0 0.0 0.0 0.0 0.0 0.0 
0.0 0.0 0.39375000000000115 0.8337500000000002 1.0 1.0 0.8162499999999999 0.35624999999999923 0.0 0.0 0.0 0.0 0.0 0.0 0.0 0.0 0.0 0.0 0.0 0.0 
0.07125000000000264 0.8612499999999997 1.0 1.0 1.0 0.9662499999999987 0.6012499999999993 0.0 0.0 0.0 0.0 0.0 0.0 0.0 0.0 0.0 0.0 0.0 0.0 0.0 
0.9499999999999993 1.0 1.0 1.0 1.0 0.5500000000000007 0.0 0.0 0.0 0.0 0.0 0.0 0.0 0.0 0.0 0.0 0.0 0.0 0.0 0.0 
0.9499999999999993 1.0 1.0 1.0 1.0 1.0 1.0 1.0 1.0 1.0 1.0 1.0 1.0 1.0 1.0 1.0 1.0 1.0 1.0 0.9500000000000028 
0.9499999999999993 1.0 1.0 1.0 1.0 1.0 1.0 1.0 1.0 1.0 1.0 1.0 1.0 1.0 1.0 1.0 1.0 1.0 0.8912500000000003 0.26124999999999604 
