0.0 0.0 0.0 0.0 0.0 0.0 0.0 0.0 0.0 0.5249999999999986 1.0 1.0 1.0 0.7562499999999994 0.18124999999999777 0.0 0.0 0.0 0.0 0.0 
0.0 0.0 0.0 0.0 0.0 0.0 0.0 0.0 0.43124999999999714 0.8812499999999983 1.0 1.0 1.0 1.0 0.7250000000000014 0.0 0.0 0.0 0.0 0.0 
0.0 0.0 0.0 0.0 0.0 0.0 0.0 0.0 0.5749999999999984 1.0 1.0 1.0 1.0 1.0 0.7250000000000014 0.0 0.0 0.0 0.0 0.0 
0.0 0.0 0.0 0.0 0.0 0.0 0.0 0.46874999999999756 0.8937499999999988 1.0 1.0 1.0 1.0 1.0 0.7250000000000014 0.0 0.0 0.0 0.0 0.0 
0.0 0.0 0.0 0.0 0.0 0.0 0.0 0.6249999999999982 1.0 1.0 1.0 1.0 1.0 1.0 1.0 0.7749999999999986 0.0 0.0 0.0 0.0 
0.0 0.0 0.0 0.0 0.0 0.0 0.5062499999999985 0.9062499999999996 1.0 1.0 1.0 1.0 1.0 1.0 1.0 0.7749999999999986 0.0 0.0 0.0 0.0 
0.0 0.0 0.0 0.0 0.0 0.0 0.674999999999998 1.0 1.0 1.0 1.0 1.0 1.0 1.0 1.0 0.7749999999999986 0.0 0.0 0.0 0.0 
0.0 0.0 0.0 0.0 0.0 0.0 0.674999999999998 1.0 1.0 0.6062500000000002 0.24999999999999822 0.24999999999999822 0.5312499999999989 1.0 1.0 0.7749999999999986 0.0 0.0 0.0 0.0 
0.0 0.0 0.0 0.0 0.0 0.7249999999999979 1.0 1.0 1.0 0.4750000000000014 0.0 0.0 0.375 1.0 1.0 1.0 0.8249999999999993 0.0 0.0 0.0 
0.0 0.0 0.0 0.0 0.0 0.7249999999999979 1.0 1.0 0.5687500000000002 0.11874999999999951 0.0 0.0 0.375 1.0 1.0 1.0 0.8249999999999993 0.0 0.0 0.0 
0.0 0.0 0.0 0.0 0.7749999999999977 1.0 1.0 1.0 0.4250000000000016 0.0 0.0 0.0 0.28124999999999867 0.8312499999999974 1.0 1.0 0.8249999999999993 0.0 0.0 0.0 
0.0 0.0 0.0 0.0 0.7749999999999977 1.0 1.0 0.5312499999999991 0.10624999999999889 0.0 0.0 0.0 0.0 0.3249999999999993 1.0 1.0 0.8249999999999993 0.0 0.0 0.0 
0.0 0.0 0.0 0.8249999999999975 1.0 1.0 1.0 0.3750000000000018 0.0 0.0 0.0 0.0 0.0 0.3249999999999993 1.0 1.0 1.0 0.875 0.0 0.0 
0.0 0.0 0.0 0.8249999999999975 1.0 1.0 0.4937499999999991 0.09374999999999911 0.0 0.0 0.0 0.0 0.0 0.3249999999999993 1.0 1.0 1.0 0.875 0.0 0.0 
0.0 0.0 0.8749999999999973 1.0 1.0 1.0 0.32500000000000195 0.0 0.0 0.0 0.0 0.0 0.0 0.3249999999999993 1.0 1.0 1.0 0.875 0.0 0.0 
0.0 0.0 0.8749999999999973 1.0 1.0 1.0 0.8312500000000053 0.281250000000004 0.0 0.0 0.0 0.0 0.28125000000000266 0.8312500000000046 1.0 1.0 1.0 0.9687500000000009 0.6937500000000071 0.0 
0.0 0.9249999999999972 1.0 1.0 1.0 1.0 1.0 1.0 1.0 1.0 1.0 1.0 1.0 1.0 1.0 1.0 1.0 1.0 0.9250000000000007 0.0 
0.0 0.9249999999999972 1.0 1.0 1.0 1.0 1.0 1.0 1.0 1.0 1.0 1.0 1.0 1.0 1.0 1.0 1.0 1.0 0.9250000000000007 0.0 
0.974999999999997 1.0 1.0 1.0 0.2250000000000023 0.0 0.0 0.0 0.0 0.0 0.0 0.0 0.0 0.0 0.206249999999997 0.8062499999999948 1.0 1.0 0.9437500000000011 0.2437500000000064 
0.974999999999997 1.0 1.0 1.0 0.2250000000000023 0.0 0.0 0.0 0.0 0.0 0.0 0.0 0.0 0.0 0.0 0.22500000000000142 1.0 1.0 1.0 0.9749999999999979 
