0.0 0.0 0.0 0.12999999999999934 0.6399999999999992 1.0 1.0 1.0 1.0 1.0 1.0 1.0 0.39999999999999947 0.1999999999999993 0.08999999999999954 0.0 0.0 0.0 0.0 0.0 
0.0 0.5099999999999987 0.5999999999999994 0.8599999999999994 1.0 1.0 1.0 1.0 1.0 1.0 1.0 1.0 1.0 1.0 0.7799999999999994 0.32999999999999796 0.0 0.0 0.0 0.0 
0.0 0.8499999999999986 1.0 1.0 1.0 1.0 0.6500000000000005 4.440892098500626e-16 4.440892098500626e-16 4.440892098500626e-16 4.440892098500626e-16 0.8500000000000015 1.0 1.0 1.0 0.9999999999999998 0.9999999999999996 0.7499999999999961 0.0 0.0 
0.9499999999999984 1.0 1.0 1.0 0.4500000000000006 0.0 0.0 0.0 0.0 0.0 0.0 0.0 0.4500000000000004 0.6000000000000005 0.8200000000000005 1.0 1.0 0.8499999999999978 0.3399999999999987 0.0 
0.9499999999999984 1.0 1.0 1.0 0.4500000000000006 0.0 0.0 0.0 0.0 0.0 0.0 0.0 0.0 0.0 0.5500000000000007 1.0 1.0 1.0 0.8499999999999979 0.0 
0.9499999999999984 1.0 1.0 0.350000000000001 0.0 0.0 0.0 0.0 0.0 0.0 0.0 0.0 0.0 0.0 0.0 0.3600000000000022 0.7999999999999998 0.7999999999999998 0.6799999999999982 0.0 
0.9499999999999984 1.0 1.0 0.7400000000000002 0.27000000000000024 0.0 0.0 0.0 0.0 0.0 0.0 0.0 0.0 0.0 0.0 0.0 0.0 0.0 0.0 0.0 
0.9499999999999984 1.0 1.0 1.0 0.4500000000000006 0.0 0.0 0.0 0.0 0.0 0.0 0.0 0.0 0.0 0.0 0.0 0.0 0.0 0.0 0.0 
0.9499999999999984 1.0 1.0 1.0 0.4500000000000006 0.0 0.0 0.0 0.0 0.0 0.0 0.0 0.0 0.0 0.0 0.0 0.0 0.0 0.0 0.0 
0.9499999999999984 1.0 1.0 1.0 0.4500000000000006 0.0 0.0 0.0 0.0 0.040000000000000605 0.7600000000000001 0.8000000000000007 0.8000000000000007 0.8000000000000007 0.8000000000000007 0.8000000000000007 0.8000000000000007 0.8000000000000007 0.8000000000000007 0.7599999999999972 
0.9499999999999984 1.0 1.0 1.0 0.4500000000000006 0.0 0.0 0.0 0.0 0.040000000000000514 0.7599999999999985 0.7999999999999989 0.9499999999999997 1.0 1.0 1.0 1.0 1.0 1.0 0.9499999999999957 
0.9499999999999984 1.0 1.0 1.0 0.4500000000000006 0.0 0.0 0.0 0.0 0.0 0.0 0.0 0.29999999999999893 0.3999999999999986 0.3999999999999986 0.6700000000000009 1.0 1.0 1.0 0.9499999999999957 
0.0 0.8499999999999986 1.0 1.0 0.4500000000000006 0.0 0.0 0.0 0.0 0.0 0.0 0.0 0.0 0.0 0.0 0.45000000000000284 1.0 1.0 1.0 0.9499999999999957 
0.0 0.8499999999999985 1.0 1.0 0.4500000000000006 0.0 0.0 0.0 0.0 0.0 0.0 0.0 0.0 0.0 0.0 0.45000000000000284 1.0 1.0 1.0 0.9499999999999957 
0.0 0.8499999999999986 1.0 1.0 0.8900000000000006 0.44000000000000095 0.0 0.0 0.0 0.0 0.0 0.0 0.0 0.0 0.0 0.45000000000000284 1.0 1.0 1.0 0.9499999999999957 
0.0 0.8499999999999986 1.0 1.0 1.0 0.5500000000000007 0.0 0.0 0.0 0.0 0.0 0.0 0.0 0.0 0.0 0.45000000000000284 1.0 1.0 1.0 0.9499999999999957 
0.0 0.33999999999999825 0.849999999999999 1.0 1.0 0.820000000000001 0.3900000000000011 0.0 0.0 0.0 0.0 0.0 0.0 0.0 0.0 0.45000000000000284 1.0 1.0 1.0 0.9499999999999957 
0.0 0.0 0.7499999999999989 1.0 1.0 1.0 1.0 0.75 0.0 0.0 0.0 0.0 0.0 0.0 0.5500000000000007 1.0 1.0 1.0 0.8499999999999979 0.0 
0.0 0.0 0.0 0.389999999999998 0.8199999999999987 1.0 1.0 1.0 1.0 1.0 1.0 1.0 1.0 1.0 1.0 1.0 1.0 0.899999999999998 0.5099999999999969 0.0 
0.0 0.0 0.0 0.0 0.10999999999999949 0.1999999999999993 0.1999999999999993 0.39999999999999947 1.0 1.0 1.0 1.0 1.0 1.0 1.0 0.6399999999999975 0.1999999999999993 0.14999999999999875 0.0 0.0 
