0.0 0.0 0.0 0.0 0.0 0.0 0.0 0.0 0.0 0.0 0.0 0.0 0.375 1.0 1.0 1.0 1.0 1.0 0.9250000000000007 0.0 
0.0 0.0 0.0 0.0 0.0 0.0 0.0 0.0 0.0 0.0 0.0 0.3187499999999993 0.8437499999999982 1.0 1.0 1.0 1.0 1.0 0.9250000000000007 0.0 
0.0 0.0 0.0 0.0 0.0 0.0 0.0 0.0 0.0 0.0 0.11874999999999841 0.5687499999999992 1.0 1.0 1.0 1.0 1.0 1.0 0.9250000000000007 0.0 
0.0 0.0 0.0 0.0 0.0 0.0 0.0 0.0 0.0 0.0 0.47499999999999787 1.0 1.0 1.0 1.0 1.0 1.0 1.0 0.9250000000000007 0.0 
0.0 0.0 0.0 0.0 0.0 0.0 0.0 0.0 0.0 0.5249999999999986 1.0 1.0 1.0 1.0 1.0 1.0 1.0 1.0 0.9250000000000007 0.0 
0.0 0.0 0.0 0.0 0.0 0.0 0.0 0.0 0.4312499999999988 0.8812499999999996 1.0 1.0 0.71875 0.25 0.45624999999999893 1.0 1.0 1.0 0.9250000000000007 0.0 
0.0 0.0 0.0 0.0 0.0 0.0 0.0 0.15624999999999956 0.6812499999999988 1.0 1.0 0.5749999999999993 0.0 0.0 0.2749999999999986 1.0 1.0 1.0 0.9250000000000007 0.0 
0.0 0.0 0.0 0.0 0.0 0.0 0.5062499999999998 0.9062500000000002 1.0 1.0 0.6437500000000007 0.1437499999999988 0.0 0.0 0.2749999999999986 1.0 1.0 1.0 0.9250000000000007 0.0 
0.0 0.0 0.0 0.0 0.0 0.18125000000000074 0.7562499999999991 1.0 1.0 0.8687499999999995 0.39375000000000066 0.0 0.0 0.0 0.2749999999999986 1.0 1.0 1.0 0.9250000000000007 0.0 
0.0 0.0 0.0 0.0 0.0 0.7249999999999979 1.0 1.0 1.0 0.4750000000000014 0.0 0.0 0.0 0.0 0.2749999999999986 1.0 1.0 1.0 0.9250000000000007 0.0 
0.0 0.0 0.0 0.0 0.7749999999999977 1.0 1.0 1.0 0.4250000000000016 0.0 0.0 0.0 0.0 0.0 0.2749999999999986 1.0 1.0 1.0 0.9250000000000007 0.0 
0.0 0.0 0.0 0.618750000000001 0.9437500000000002 1.0 1.0 0.5312499999999991 0.10624999999999889 0.0 0.0 0.0 0.0 0.0 0.2749999999999986 1.0 1.0 1.0 0.9250000000000007 0.0 
0.0 0.0 0.8749999999999973 1.0 1.0 1.0 0.32500000000000195 0.0 0.0 0.0 0.0 0.0 0.0 0.0 0.2749999999999986 1.0 1.0 1.0 0.9250000000000007 0.0 
0.0 0.6937500000000012 0.9687499999999998 1.0 1.0 0.45624999999999905 0.08124999999999934 0.0 0.0 0.0 0.0 0.0 0.0 0.0 0.2749999999999986 1.0 1.0 1.0 0.9250000000000007 0.0 
0.24375000000000618 0.9437499999999984 1.0 1.0 1.0 0.45625000000000676 0.2500000000000071 0.2500000000000071 0.2500000000000071 0.2500000000000071 0.2500000000000071 0.2500000000000071 0.2500000000000071 0.2500000000000071 0.4562500000000041 1.0 1.0 1.0 0.9437500000000011 0.2437500000000064 
0.974999999999997 1.0 1.0 1.0 1.0 1.0 1.0 1.0 1.0 1.0 1.0 1.0 1.0 1.0 1.0 1.0 1.0 1.0 1.0 0.9749999999999979 
0.7312499999999909 0.7499999999999929 0.7499999999999929 0.7499999999999929 0.7499999999999929 0.7499999999999929 0.7499999999999929 0.7499999999999929 0.7499999999999929 0.7499999999999929 0.7499999999999929 0.7499999999999929 0.7499999999999929 0.7499999999999929 0.8187499999999945 1.0 1.0 1.0 0.9812499999999996 0.7312499999999915 
0.0 0.0 0.0 0.0 0.0 0.0 0.0 0.0 0.0 0.0 0.0 0.0 0.0 0.0 0.2749999999999986 1.0 1.0 1.0 0.9250000000000007 0.0 
0.0 0.0 0.0 0.0 0.0 0.0 0.0 0.0 0.0 0.0 0.0 0.0 0.0 0.0 0.2749999999999986 1.0 1.0 1.0 0.9250000000000007 0.0 
0.0 0.0 0.0 0.0 0.0 0.0 0.0 0.0 0.0 0.0 0.0 0.0 0.0 0.0 0.2749999999999986 1.0 1.0 1.0 0.9250000000000007 0.0 
