0.0 0.849999999999999 1.0 1.0 1.0 1.0 1.0 1.0 1.0 1.0 1.0 1.0 1.0 1.0 1.0 1.0 0.7375000000000067 0.18750000000000666 0.0 0.0 
0.0 0.849999999999999 1.0 1.0 1.0 1.0 1.0 1.0 1.0 1.0 1.0 1.0 1.0 1.0 1.0 1.0 1.0 0.9375000000000031 0.6375000000000097 0.0 
0.0 0.849999999999999 1.0 1.0 0.8624999999999966 0.412499999999998 0.0 0.0 0.0 0.0 0.0 0.0 0.0 0.0 0.41249999999999265 0.8624999999999946 1.0 1.0 1.0 0.9500000000000064 
0.0 0.849999999999999 1.0 1.0 0.45000000000000195 0.0 0.0 0.0 0.0 0.0 0.0 0.0 0.0 0.0 0.0 0.44999999999999396 1.0 1.0 1.0 0.9500000000000064 
0.0 0.849999999999999 1.0 1.0 0.45000000000000195 0.0 0.0 0.0 0.0 0.0 0.0 0.0 0.0 0.0 0.0 0.44999999999999396 1.0 1.0 1.0 0.9500000000000064 
0.7125000000000062 0.9625000000000008 1.0 1.0 0.45000000000000195 0.0 0.0 0.0 0.0 0.0 0.0 0.0 0.0 0.0 0.0 0.44999999999999396 1.0 1.0 1.0 0.9500000000000064 
0.9499999999999993 1.0 1.0 1.0 0.45000000000000195 0.0 0.0 0.0 0.0 0.0 0.0 0.0 0.0 0.0 0.0 0.44999999999999396 1.0 1.0 1.0 0.9500000000000064 
0.9499999999999993 1.0 1.0 1.0 0.45000000000000195 0.0 0.0 0.0 0.0 0.0 0.0 0.0 0.0 0.0 0.0 0.44999999999999396 1.0 1.0 1.0 0.9500000000000064 
0.9499999999999993 1.0 1.0 1.0 0.45000000000000195 0.0 0.0 0.0 0.0 0.0 0.0 0.0 0.0 0.0 0.0 0.44999999999999396 1.0 1.0 1.0 0.9500000000000064 
0.9499999999999993 1.0 1.0 1.0 0.45000000000000195 0.0 0.0 0.0 0.0 0.0 0.0 0.0 0.0 0.0 0.0 0.44999999999999396 1.0 1.0 1.0 0.9500000000000064 
0.9499999999999993 1.0 1.0 1.0 0.45000000000000195 0.0 0.0 0.0 0.0 0.0 0.0 0.0 0.0 0.0 0.0 0.44999999999999396 1.0 1.0 1.0 0.9500000000000064 
0.9499999999999993 1.0 1.0 1.0 0.45000000000000195 0.0 0.0 0.0 0.0 0.0 0.0 0.0 0.0 0.0 0.0 0.44999999999999396 1.0 1.0 1.0 0.9500000000000064 
0.9499999999999993 1.0 1.0 1.0 0.45000000000000195 0.0 0.0 0.0 0.0 0.0 0.0 0.0 0.0 0.0 0.0 0.44999999999999396 1.0 1.0 0.9625000000000001 0.712499999999998 
0.9499999999999993 1.0 1.0 1.0 0.45000000000000195 0.0 0.0 0.0 0.0 0.0 0.0 0.0 0.0 0.0 0.0 0.44999999999999396 1.0 1.0 0.850000000000005 0.0 
0.9499999999999993 1.0 1.0 1.0 0.45000000000000195 0.0 0.0 0.0 0.0 0.0 0.0 0.0 0.0 0.0 0.0 0.44999999999999396 1.0 1.0 0.850000000000005 0.0 
0.9499999999999993 1.0 1.0 1.0 0.45000000000000195 0.0 0.0 0.0 0.0 0.0 0.0 0.0 0.0 0.0 0.0 0.44999999999999396 1.0 1.0 0.850000000000005 0.0 
0.9499999999999993 1.0 1.0 1.0 0.45000000000000195 0.0 0.0 0.0 0.0 0.0 0.0 0.0 0.0 0.0 0.5499999999999954 1.0 1.0 1.0 0.850000000000005 0.0 
0.9499999999999993 1.0 1.0 1.0 0.8625000000000044 0.41250000000000575 0.0 0.0 0.0 0.0 0.0 0.0 0.5625000000000027 0.7500000000000071 0.8875000000000021 1.0 1.0 0.8125000000000022 0.2124999999999952 0.0 
0.9499999999999993 1.0 1.0 1.0 1.0 1.0 1.0 1.0 1.0 1.0 1.0 1.0 1.0 1.0 1.0 0.8874999999999983 0.48749999999999966 0.0 0.0 0.0 
0.9499999999999993 1.0 1.0 1.0 1.0 1.0 1.0 1.0 0.8875000000000013 0.2499999999999929 0.2499999999999929 0.2499999999999929 0.2499999999999929 0.2499999999999929 0.2499999999999929 0.1374999999999976 0.0 0.0 0.0 0.0 
