0.0 0.0 0.24375000000000027 0.7637500000000013 1.0 1.0 1.0 1.0 1.0 1.0 1.0 1.0 1.0 1.0 1.0 1.0 1.0 0.8312499999999998 0.2762499999999999 0.0 
0.0 0.8287500000000021 0.9937499999999999 1.0 1.0 1.0 1.0 1.0 1.0 1.0 1.0 1.0 1.0 1.0 1.0 1.0 1.0 1.0 0.8500000000000014 0.0 
0.9500000000000028 1.0 1.0 1.0 1.0 0.718749999999999 0.37500000000000044 0.37500000000000044 0.37500000000000044 0.37500000000000044 0.37500000000000044 0.37500000000000044 0.8437500000000001 1.0 1.0 1.0 1.0 1.0 0.8500000000000014 0.0 
0.9500000000000028 1.0 1.0 1.0 1.0 0.549999999999998 0.0 0.0 0.0 0.0 0.0 0.0 0.0 0.6500000000000004 1.0 1.0 1.0 0.9312500000000001 0.6162500000000015 0.0 
0.9500000000000028 1.0 1.0 1.0 1.0 0.549999999999998 0.0 0.0 0.0 0.0 0.0 0.0 0.0 0.6500000000000004 1.0 1.0 1.0 0.75 0.0 0.0 
0.9500000000000028 1.0 1.0 1.0 1.0 0.549999999999998 0.0 0.0 0.0 0.0 0.0 0.0 0.0 0.6500000000000004 1.0 1.0 1.0 0.75 0.0 0.0 
0.9500000000000028 1.0 1.0 1.0 1.0 0.549999999999998 0.0 0.0 0.0 0.0 0.0 0.0 0.0 0.0 0.0 0.0 0.0 0.0 0.0 0.0 
0.9500000000000028 1.0 1.0 1.0 1.0 0.549999999999998 0.0 0.0 0.0 0.0 0.0 0.0 0.0 0.0 0.0 0.0 0.0 0.0 0.0 0.0 
0.9500000000000028 1.0 1.0 1.0 1.0 0.549999999999998 0.0 0.0 0.0 0.0 0.0 0.0 0.0 0.0 0.0 0.0 0.0 0.0 0.0 0.0 
0.9500000000000028 1.0 1.0 1.0 1.0 0.549999999999998 0.0 0.0 0.0 0.0 0.0 0.0 0.0 0.0 0.0 0.0 0.0 0.0 0.0 0.0 
0.9500000000000028 1.0 1.0 1.0 1.0 0.549999999999998 0.0 0.0 0.0 0.0 0.0 0.0 0.0 0.0 0.0 0.0 0.0 0.0 0.0 0.0 
0.9500000000000028 1.0 1.0 1.0 1.0 0.549999999999998 0.0 0.0 0.0 0.0 0.0 0.0 0.0 0.0 0.0 0.0 0.0 0.0 0.0 0.0 
0.9500000000000028 1.0 1.0 1.0 1.0 0.549999999999998 0.0 0.0 0.0 0.0 0.0 0.0 0.0 0.0 0.0 0.0 0.0 0.0 0.0 0.0 
0.9500000000000028 1.0 1.0 1.0 1.0 0.549999999999998 0.0 0.0 0.0 0.0 0.0 0.0 0.0 0.0 0.0 0.3487500000000004 0.7750000000000021 0.7750000000000021 0.7750000000000021 0.7362500000000015 
0.9500000000000028 1.0 1.0 1.0 1.0 0.549999999999998 0.0 0.0 0.0 0.0 0.0 0.0 0.0 0.0 0.23375000000000068 0.68375 1.0 1.0 1.0 0.9499999999999993 
0.9500000000000028 1.0 1.0 1.0 1.0 0.549999999999998 0.0 0.0 0.0 0.0 0.0 0.0 0.0 0.0 0.5500000000000007 1.0 1.0 1.0 1.0 0.9499999999999993 
0.2612499999999994 0.8912500000000017 1.0 1.0 1.0 0.8762500000000001 0.4712499999999999 0.0 0.0 0.0 0.0 0.0 0.0 0.0 0.5500000000000007 1.0 1.0 1.0 1.0 0.9499999999999993 
0.0 0.5312500000000017 0.9062500000000009 1.0 1.0 1.0 1.0 1.0 1.0 0.9687499999999996 0.40624999999999933 0.9062500000000009 1.0 1.0 1.0 1.0 1.0 0.90625 0.5312500000000009 0.0 
0.0 0.0 0.7312500000000007 0.9912499999999993 1.0 1.0 1.0 1.0 1.0 1.0 1.0 1.0 1.0 1.0 1.0 1.0 0.9912499999999993 0.7312499999999984 0.0 0.0 
0.0 0.0 0.0 0.21125000000000024 0.3249999999999993 0.6287500000000009 1.0 1.0 1.0 1.0 1.0 1.0 1.0 1.0 0.6287499999999991 0.3249999999999993 0.21124999999999966 0.0 0.0 0.0 
