0.0 0.0 0.0 0.0 0.19374999999999667 0.24999999999999645 0.7562499999999974 1.0 1.0 1.0 1.0 1.0 1.0 0.7562499999999994 0.24999999999999645 0.1937499999999969 0.0 0.0 0.0 0.0 
0.0 0.0 0.0 0.6187499999999958 0.9437499999999988 1.0 1.0 1.0 1.0 1.0 1.0 1.0 1.0 1.0 1.0 0.943749999999999 0.6187499999999971 0.0 0.0 0.0 
0.0 0.23124999999999724 0.9062499999999977 1.0 1.0 1.0 1.0 0.8437500000000018 0.7500000000000022 0.3562500000000021 0.35624999999999946 0.7500000000000022 0.8437500000000013 1.0 1.0 1.0 1.0 0.9062499999999998 0.23124999999999812 0.0 
0.0 0.9249999999999972 1.0 1.0 1.0 0.4562500000000029 0.2500000000000018 0.09375000000000111 0.0 0.0 0.0 0.0 0.09375000000000067 0.2500000000000018 0.4562500000000002 1.0 1.0 1.0 0.9250000000000007 0.0 
0.974999999999997 1.0 1.0 1.0 1.0 0.27500000000000213 0.0 0.0 0.0 0.0 0.0 0.0 0.0 0.0 0.2749999999999986 1.0 1.0 1.0 0.9812500000000002 0.7312499999999993 
0.974999999999997 1.0 1.0 1.0 1.0 0.27500000000000213 0.0 0.0 0.0 0.0 0.0 0.0 0.0 0.0 0.06874999999999964 0.25 0.25 0.25 0.23125000000000018 0.0 
0.974999999999997 1.0 1.0 1.0 1.0 0.27500000000000213 0.0 0.0 0.0 0.0 0.0 0.0 0.0 0.0 0.0 0.0 0.0 0.0 0.0 0.0 
0.974999999999997 1.0 1.0 1.0 1.0 0.27500000000000213 0.0 0.0 0.0 0.0 0.0 0.0 0.0 0.0 0.0 0.0 0.0 0.0 0.0 0.0 
0.731249999999996 0.9812499999999992 1.0 1.0 1.0 0.4562500000000029 0.2500000000000018 0.2500000000000018 0.6812499999999996 1.0 1.0 1.0 1.0 0.7562500000000011 0.2500000000000018 0.19375000000000103 0.0 0.0 0.0 0.0 
0.0 0.9249999999999972 1.0 1.0 1.0 1.0 1.0 1.0 1.0 1.0 1.0 1.0 1.0 1.0 1.0 0.9437500000000001 0.6187500000000009 0.0 0.0 0.0 
0.0 0.9249999999999972 1.0 1.0 1.0 1.0 0.831249999999998 0.7499999999999964 0.3187499999999997 0.0 0.0 0.0 0.28124999999999867 0.8312499999999974 1.0 1.0 1.0 1.0 0.9250000000000007 0.0 
0.0 0.9249999999999972 1.0 1.0 1.0 0.45624999999999905 0.08124999999999934 0.0 0.0 0.0 0.0 0.0 0.0 0.08124999999999867 0.4562499999999964 1.0 1.0 1.0 0.9812500000000004 0.7312500000000018 
0.0 0.9249999999999972 1.0 1.0 1.0 0.27500000000000213 0.0 0.0 0.0 0.0 0.0 0.0 0.0 0.0 0.20624999999999796 0.8062499999999976 1.0 1.0 1.0 0.9749999999999979 
0.0 0.9249999999999972 1.0 1.0 1.0 0.27500000000000213 0.0 0.0 0.0 0.0 0.0 0.0 0.0 0.0 0.0 0.22500000000000142 1.0 1.0 1.0 0.9749999999999979 
0.0 0.9249999999999972 1.0 1.0 1.0 0.27500000000000213 0.0 0.0 0.0 0.0 0.0 0.0 0.0 0.0 0.0687500000000016 0.41875000000000656 1.0 1.0 1.0 0.9749999999999979 
0.0 0.9249999999999972 1.0 1.0 1.0 0.8187500000000056 0.24375000000000377 0.0 0.0 0.0 0.0 0.0 0.0 0.0 0.2749999999999986 1.0 1.0 1.0 0.94375 0.24374999999999253 
0.0 0.0 0.6562499999999918 0.9562499999999982 1.0 1.0 1.0 0.5312500000000058 0.2500000000000071 0.11875000000000373 0.0 0.1062500000000032 0.2500000000000071 0.49375000000000424 1.0 1.0 1.0 1.0 0.9250000000000007 0.0 
0.0 0.0 0.0 0.8249999999999975 1.0 1.0 1.0 1.0 1.0 0.8687500000000041 0.7500000000000071 0.8562500000000043 1.0 1.0 1.0 1.0 1.0 0.9062499999999991 0.2312499999999936 0.0 
0.0 0.0 0.0 0.0 0.0 0.5437499999999933 0.7499999999999929 0.7499999999999929 0.8937499999999966 1.0 1.0 1.0 1.0 0.9187499999999978 0.7499999999999929 0.5812499999999934 0.0 0.0 0.0 0.0 
0.0 0.0 0.0 0.0 0.0 0.0 0.0 0.46875000000000533 0.46249999999999925 0.6437499999999938 1.0 0.6812499999999949 0.5312499999999933 0.9187500000000036 0.7500000000000107 0.7500000000000107 0.7500000000000107 0.7500000000000107 0.6937500000000104 0.0 
