0.0 0.0 0.0 0.0 0.0 0.0 0.0 0.0 0.10499999999999948 0.3499999999999943 0.3499999999999943 0.8050000000000013 1.0 0.8049999999999944 0.3149999999999931 0.03499999999999744 0.0 0.0 0.0 0.0 
0.0 0.0 0.0 0.0 0.0 0.0 0.0 0.02499999999999738 0.33499999999999935 1.0 1.0 1.0 1.0 0.9850000000000013 0.8550000000000002 0.09499999999999514 0.0 0.0 0.0 0.0 
0.0 0.0 0.0 0.0 0.0 0.0 0.0 0.5000000000000027 1.0 1.0 1.0 1.0 1.0 0.699999999999994 0.0 0.0 0.0 0.0 0.0 0.0 
0.0 0.0 0.0 0.0 0.0 0.0 0.31499999999999767 0.7249999999999989 1.0 1.0 1.0 1.0 0.49999999999999467 0.0 0.0 0.0 0.0 0.0 0.0 0.0 
0.0 0.0 0.0 0.0 0.014999999999999783 0.13499999999999585 0.7450000000000009 1.0 1.0 1.0 1.0 0.8950000000000028 0.42499999999999793 0.0 0.0 0.0 0.0 0.0 0.0 0.0 
0.0 0.0 0.0 0.0 0.10000000000000187 0.9000000000000021 1.0 1.0 1.0 1.0 1.0 0.2999999999999954 0.0 0.0 0.0 0.0 0.0 0.0 0.0 0.0 
0.0 0.0 0.0 0.16499999999999948 0.5949999999999966 0.9550000000000005 1.0 1.0 1.0 0.8999999999999959 0.09999999999999609 0.0 0.0 0.0 0.0 0.0 0.0 0.0 0.0 0.0 
0.0 0.0 0.0 0.3000000000000016 1.0 1.0 1.0 1.0 0.9250000000000003 0.6750000000000002 0.07499999999999743 0.0 0.0 0.0 0.0 0.0 0.0 0.0 0.0 0.0 
0.0 0.0 0.4749999999999989 0.9649999999999971 1.0 1.0 1.0 1.0 0.6999999999999966 0.0 0.0 0.0 0.4750000000000029 0.9499999999999957 0.9499999999999957 0.9499999999999957 0.9499999999999957 0.4749999999999911 0.0 0.0 
0.0 0.454999999999997 0.824999999999998 1.0 1.0 1.0 1.0 0.49999999999999734 0.0 0.0 0.0 0.0 0.5000000000000053 1.0 1.0 1.0 1.0 0.4999999999999929 0.0 0.0 
0.0 0.7000000000000007 1.0 1.0 1.0 1.0 0.755000000000003 0.3250000000000011 0.0 0.0 0.0 0.0 0.5000000000000053 1.0 1.0 1.0 1.0 0.4999999999999929 0.0 0.0 
0.9000000000000004 1.0 1.0 1.0 1.0 1.0 0.29999999999999716 0.0 0.0 0.0 0.0 0.0 0.5000000000000053 1.0 1.0 1.0 1.0 0.4999999999999929 0.0 0.0 
0.9000000000000004 1.0 1.0 1.0 0.9249999999999989 0.3250000000000016 0.07500000000000036 0.0 0.0 0.0 0.0 0.0 0.5000000000000053 1.0 1.0 1.0 1.0 0.4999999999999929 0.0 0.0 
0.9000000000000004 1.0 1.0 1.0 1.0 1.0 1.0 1.0 1.0 1.0 1.0 1.0 1.0 1.0 1.0 1.0 1.0 1.0 1.0 0.8999999999999932 
0.9000000000000004 1.0 1.0 1.0 1.0 1.0 1.0 1.0 1.0 1.0 1.0 1.0 1.0 1.0 1.0 1.0 1.0 1.0 1.0 0.8999999999999932 
0.9000000000000004 1.0 1.0 1.0 1.0 1.0 1.0 1.0 1.0 1.0 1.0 1.0 1.0 1.0 1.0 1.0 1.0 1.0 1.0 0.8999999999999932 
0.0 0.0 0.0 0.0 0.0 0.0 0.0 0.0 0.0 0.0 0.0 0.7000000000000046 1.0 1.0 1.0 1.0 1.0 0.4999999999999929 0.0 0.0 
0.0 0.0 0.0 0.0 0.0 0.0 0.0 0.0 0.0 0.0 0.0 0.7000000000000046 1.0 1.0 1.0 1.0 1.0 0.4999999999999929 0.0 0.0 
0.0 0.0 0.0 0.0 0.0 0.0 0.0 0.0 0.0 0.0 0.0 0.7000000000000046 1.0 1.0 1.0 1.0 1.0 0.4999999999999929 0.0 0.0 
0.0 0.0 0.0 0.0 0.0 0.0 0.0 0.0 0.0 0.0 0.0 0.2450000000000026 0.6750000000000042 1.0 0.934999999999997 0.4149999999999976 0.3500000000000014 0.1749999999999982 0.0 0.0 
