0.924999999999998 1.0 1.0 1.0 1.0 1.0 1.0 1.0 1.0 1.0 1.0 1.0 1.0 1.0 1.0 1.0 1.0 1.0 0.8425000000000032 0.2775000000000085 
0.924999999999998 1.0 1.0 1.0 1.0 1.0 1.0 1.0 1.0 1.0 1.0 1.0 1.0 1.0 1.0 1.0 1.0 1.0 1.0 0.9250000000000043 
0.924999999999998 1.0 1.0 1.0 0.8374999999999988 0.49999999999999334 0.49999999999999334 0.49999999999999334 0.49999999999999334 0.49999999999999334 0.49999999999999334 0.49999999999999334 0.5624999999999925 0.9874999999999987 1.0 1.0 1.0 1.0 0.8874999999999995 0.46249999999999597 
0.924999999999998 1.0 1.0 1.0 0.675000000000002 0.0 0.0 0.0 0.0 0.0 0.0 0.0 0.12499999999999645 0.9749999999999979 1.0 1.0 1.0 1.0 0.7750000000000021 0.0 
0.924999999999998 1.0 1.0 0.6674999999999989 0.2024999999999969 0.0 0.0 0.0 0.0 0.0 0.0 0.19250000000000053 0.7375000000000037 0.9924999999999995 1.0 1.0 1.0 1.0 0.7750000000000021 0.0 
0.0 0.0 0.0 0.0 0.0 0.0 0.0 0.0 0.0 0.0 0.12750000000000095 0.4925000000000021 1.0 1.0 1.0 1.0 1.0 0.8874999999999995 0.5424999999999982 0.0 
0.0 0.0 0.0 0.0 0.0 0.0 0.0 0.0 0.0 0.0 0.42499999999999716 1.0 1.0 1.0 1.0 1.0 0.5274999999999992 0.06249999999999791 0.0 0.0 
0.0 0.0 0.0 0.0 0.0 0.0 0.0 0.0 0.0 0.5749999999999975 1.0 1.0 1.0 1.0 1.0 0.662499999999999 0.23749999999999902 0.0 0.0 0.0 
0.0 0.0 0.0 0.0 0.0 0.0 0.0 0.0 0.7249999999999979 1.0 1.0 1.0 1.0 1.0 0.9174999999999974 0.29250000000000154 0.0 0.0 0.0 0.0 
0.0 0.0 0.0 0.0 0.0 0.0 0.017499999999998454 0.6125000000000013 0.9175000000000002 1.0 1.0 1.0 1.0 1.0 0.1750000000000007 0.0 0.0 0.0 0.0 0.0 
0.0 0.0 0.0 0.0 0.0 0.05250000000000016 0.31750000000000256 0.9124999999999993 1.0 1.0 1.0 1.0 0.8750000000000036 0.02500000000000213 0.0 0.0 0.0 0.0 0.0 0.0 
0.0 0.0 0.0 0.0 0.29249999999999887 0.9175000000000015 1.0 1.0 1.0 1.0 1.0 0.7525000000000007 0.0874999999999985 0.00250000000000016 0.0 0.0 0.0 0.0 0.0 0.0 
0.0 0.0 0.0 0.23749999999999893 0.662499999999999 1.0 1.0 1.0 1.0 1.0 0.5750000000000028 0.0 0.0 0.0 0.0 0.0 0.0 0.0 0.0 0.0 
0.0 0.0 0.0625000000000007 0.5274999999999987 1.0 1.0 1.0 1.0 1.0 0.4250000000000025 0.0 0.0 0.0 0.0 0.0 0.0 0.0 0.0 0.0 0.0 
0.0 0.0 0.624999999999998 1.0 1.0 1.0 1.0 1.0 0.49250000000000205 0.12750000000000106 0.0 0.0 0.0 0.0 0.0 0.0 0.0 0.0 0.0 0.0 
0.2775000000000001 0.8424999999999988 1.0 1.0 1.0 1.0 0.9925000000000006 0.7374999999999999 0.1925000000000013 0.0 0.0 0.0 0.0 0.0 0.0 0.0 0.0 0.0 0.0 0.0 
0.924999999999998 1.0 1.0 1.0 1.0 1.0 0.9750000000000023 0.12500000000000178 0.0 0.0 0.0 0.0 0.0 0.0 0.0 0.0 0.0 0.0 0.0 0.0 
0.924999999999998 1.0 1.0 1.0 1.0 0.825000000000002 0.0 0.0 0.0 0.0 0.0 0.0 0.0 0.0 0.0 0.0 0.0 0.0 0.0 0.0 
0.924999999999998 1.0 1.0 1.0 1.0 0.825000000000002 0.0 0.0 0.0 0.0 0.0 0.0 0.0 0.0 0.0 0.0 0.0 0.0 0.0 0.0 
0.924999999999998 1.0 1.0 1.0 1.0 0.825000000000002 0.0 0.0 0.0 0.0 0.0 0.0 0.0 0.0 0.0 0.0 0.0 0.0 0.0 0.0 
