0.0 0.0 0.0 0.0 0.0 0.0 0.0 0.0 0.0 0.0 0.0 0.0 0.2250000000000016 0.30000000000000426 0.6849999999999974 1.0 1.0 0.8250000000000061 0.25500000000000617 0.0 
0.0 0.0 0.0 0.0 0.0 0.0 0.0 0.0 0.0 0.0 0.0 0.0 0.7499999999999947 1.0 1.0 1.0 1.0 1.0 0.8500000000000085 0.0 
0.0 0.0 0.0 0.0 0.0 0.0 0.0 0.0 0.0 0.0 0.0 0.8499999999999943 1.0 1.0 1.0 1.0 1.0 1.0 0.8500000000000085 0.0 
0.0 0.0 0.0 0.0 0.0 0.0 0.0 0.0 0.0 0.04999999999999538 0.949999999999994 1.0 1.0 1.0 1.0 1.0 1.0 1.0 0.8500000000000085 0.0 
0.0 0.0 0.0 0.0 0.0 0.0 0.0 0.0 0.0 0.04999999999999538 0.949999999999994 1.0 1.0 1.0 1.0 1.0 1.0 1.0 0.8500000000000085 0.0 
0.0 0.0 0.0 0.0 0.0 0.0 0.0 0.07499999999999973 0.40500000000000014 1.0 1.0 1.0 0.7749999999999984 0.6999999999999957 0.8649999999999962 1.0 1.0 1.0 0.8500000000000085 0.0 
0.0 0.0 0.0 0.0 0.0 0.0 0.0 0.24999999999999556 1.0 1.0 1.0 1.0 0.25000000000000533 0.0 0.5499999999999936 1.0 1.0 1.0 0.8500000000000085 0.0 
0.0 0.0 0.0 0.0 0.0 0.0 0.3499999999999961 1.0 1.0 1.0 1.0 0.15000000000000568 0.0 0.0 0.27499999999999974 0.724999999999999 1.0 1.0 0.8500000000000085 0.0 
0.0 0.0 0.0 0.0 0.0 0.44999999999999574 1.0 1.0 0.9849999999999998 0.8549999999999994 0.04500000000000519 0.0 0.0 0.0 0.5499999999999936 1.0 1.0 1.0 0.8500000000000085 0.0 
0.0 0.0 0.0 0.0 0.38499999999999995 0.8350000000000013 1.0 1.0 0.850000000000005 0.0 0.0 0.0 0.0 0.0 0.16499999999999554 0.614999999999992 1.0 1.0 0.8500000000000085 0.0 
0.0 0.0 0.0 0.1950000000000018 0.6849999999999994 1.0 1.0 0.7500000000000044 0.0 0.0 0.0 0.0 0.0 0.0 0.0 0.4499999999999922 1.0 1.0 0.8500000000000085 0.0 
0.0 0.0 0.0 0.6499999999999968 1.0 1.0 0.6850000000000015 0.07499999999999618 0.0 0.0 0.0 0.0 0.0 0.0 0.0 0.4499999999999922 1.0 1.0 0.8500000000000085 0.0 
0.0 0.0 0.7499999999999969 1.0 1.0 0.7749999999999989 0.32499999999999735 0.0 0.0 0.0 0.0 0.0 0.0 0.0 0.5499999999999936 1.0 1.0 1.0 0.8500000000000085 0.0 
0.0 0.8499999999999972 1.0 1.0 1.0 0.5500000000000043 0.0 0.0 0.0 0.0 0.0 0.0 0.0 0.0 0.4949999999999915 0.9449999999999965 1.0 1.0 0.8500000000000085 0.0 
0.6650000000000044 0.9550000000000001 1.0 1.0 1.0 0.5500000000000043 0.0 0.0 0.0 0.0 0.0 0.0 0.0 0.0 0.38499999999999907 0.8350000000000012 1.0 1.0 0.8500000000000085 0.0 
0.9499999999999975 1.0 1.0 1.0 1.0 1.0 1.0 1.0 1.0 1.0 1.0 1.0 1.0 1.0 1.0 1.0 1.0 1.0 1.0 0.95000000000001 
0.9499999999999975 1.0 1.0 1.0 1.0 1.0 1.0 1.0 1.0 1.0 1.0 1.0 1.0 1.0 1.0 1.0 1.0 1.0 1.0 0.95000000000001 
0.0 0.0 0.0 0.0 0.0 0.0 0.0 0.0 0.0 0.0 0.0 0.0 0.0 0.0 0.2749999999999929 0.7249999999999922 1.0 1.0 0.8500000000000085 0.0 
0.0 0.0 0.0 0.0 0.0 0.0 0.0 0.0 0.0 0.0 0.0 0.0 0.0 0.0 0.0 0.4499999999999922 1.0 1.0 0.8500000000000085 0.0 
0.0 0.0 0.0 0.0 0.0 0.0 0.0 0.0 0.0 0.0 0.0 0.0 0.0 0.0 0.0 0.4499999999999922 1.0 0.8250000000000034 0.2549999999999971 0.0 
