0.9250000000000025 1.0 1.0 1.0 1.0 1.0 1.0 1.0 1.0 1.0 1.0 1.0 1.0 1.0 1.0 0.5106250000000045 0.1306250000000031 0.0 0.0 0.0 
0.9250000000000025 1.0 1.0 1.0 1.0 1.0 1.0 1.0 1.0 1.0 1.0 1.0 1.0 1.0 1.0 1.0 0.9081250000000032 0.5156250000000049 0.0 0.0 
0.9250000000000025 1.0 1.0 0.8218749999999968 0.42187499999999545 0.0 0.0 0.0 0.0 0.0 0.0 0.0 0.0 0.0 0.5156249999999951 0.8781249999999978 1.0 1.0 0.7750000000000021 0.0 
0.9250000000000025 1.0 1.0 0.5249999999999981 0.0 0.0 0.0 0.0 0.0 0.0 0.0 0.0 0.0 0.0 0.0 0.6749999999999989 1.0 1.0 0.9831250000000014 0.8556250000000087 
0.9250000000000025 1.0 1.0 0.5249999999999981 0.0 0.0 0.0 0.0 0.0 0.0 0.0 0.0 0.0 0.0 0.0 0.3543749999999961 0.7743749999999969 1.0 1.0 0.9250000000000043 
0.9250000000000025 1.0 1.0 0.5249999999999981 0.0 0.0 0.0 0.0 0.0 0.0 0.0 0.0 0.0 0.0 0.0 0.0 0.5249999999999986 1.0 1.0 0.9250000000000043 
0.9250000000000025 1.0 1.0 0.5249999999999981 0.0 0.0 0.0 0.0 0.0 0.0 0.0 0.0 0.0 0.0 0.0 0.0 0.5249999999999986 1.0 1.0 0.9250000000000043 
0.9250000000000025 1.0 1.0 0.5249999999999981 0.0 0.0 0.0 0.0 0.0 0.0 0.0 0.0 0.0 0.0 0.0 0.6749999999999989 1.0 1.0 0.9718749999999995 0.8093750000000004 
0.9250000000000025 1.0 1.0 0.8456250000000014 0.45562500000000183 0.0 0.0 0.0 0.0 0.0 0.0 0.0 0.0 0.0 0.556875000000003 0.894375000000001 1.0 1.0 0.7750000000000021 0.0 
0.9250000000000025 1.0 1.0 1.0 1.0 1.0 1.0 1.0 1.0 1.0 1.0 1.0 1.0 1.0 1.0 1.0 0.8818749999999977 0.4843749999999983 0.0 0.0 
0.9250000000000025 1.0 1.0 1.0 1.0 1.0 1.0 1.0 1.0 1.0 1.0 1.0 1.0 1.0 1.0 0.47687499999999816 0.10687499999999846 0.0 0.0 0.0 
0.9250000000000025 1.0 1.0 0.8456249999999981 0.45562499999999706 0.0 0.0 0.0 0.0 0.0 0.28687499999999927 0.764374999999998 1.0 1.0 1.0 0.32500000000000107 0.0 0.0 0.0 0.0 
0.9250000000000025 1.0 1.0 0.5249999999999981 0.0 0.0 0.0 0.0 0.0 0.0 0.0 0.27500000000000036 1.0 1.0 1.0 0.32500000000000107 0.0 0.0 0.0 0.0 
0.9250000000000025 1.0 1.0 0.5249999999999981 0.0 0.0 0.0 0.0 0.0 0.0 0.0 0.0 0.125 0.9749999999999996 1.0 1.0 0.4750000000000014 0.0 0.0 0.0 
0.9250000000000025 1.0 1.0 0.5249999999999981 0.0 0.0 0.0 0.0 0.0 0.0 0.0 0.0 0.125 0.9749999999999996 1.0 1.0 0.4750000000000014 0.0 0.0 0.0 
0.9250000000000025 1.0 1.0 0.5249999999999981 0.0 0.0 0.0 0.0 0.0 0.0 0.0 0.0 0.0 0.0 0.8249999999999993 1.0 1.0 0.6250000000000018 0.0 0.0 
0.9250000000000025 1.0 1.0 0.5606249999999997 0.05062500000000181 0.0 0.0 0.0 0.0 0.0 0.0 0.0 0.0 0.0 0.763124999999997 0.975624999999999 1.0 0.6531250000000027 0.05812500000000236 0.0 
0.9250000000000025 1.0 1.0 1.0 0.6749999999999985 0.0 0.0 0.0 0.0 0.0 0.0 0.0 0.0 0.0 0.0 0.6749999999999989 1.0 1.0 0.7750000000000021 0.0 
0.9250000000000025 1.0 1.0 1.0 0.6749999999999985 0.0 0.0 0.0 0.0 0.0 0.0 0.0 0.0 0.0 0.0 0.0 0.5249999999999986 1.0 0.8143750000000027 0.16187500000000468 
0.25437499999999935 0.8368750000000013 1.0 0.6556249999999979 0.18562499999999862 0.0 0.0 0.0 0.0 0.0 0.0 0.0 0.0 0.0 0.0 0.0 0.5249999999999986 1.0 1.0 0.9250000000000043 
