0.0 0.0 0.015625000000000284 0.04687500000000072 0.07812500000000115 0.10937500000000158 0.23437500000000175 0.4531250000000011 0.6718750000000007 0.890625 1.0 1.0 1.0 1.0 0.890625000000001 0.6718750000000014 0.4531250000000019 0.23437500000000233 0.10937500000000167 0.07812500000000122 
0.0 0.0 0.1250000000000005 0.37500000000000044 0.6250000000000003 0.8750000000000002 1.0 1.0 1.0 1.0 1.0 1.0 1.0 1.0 1.0 1.0 1.0 1.0 0.8750000000000009 0.6250000000000009 
0.3906250000000021 0.5468750000000027 0.6718750000000026 0.7656250000000018 0.8593750000000011 0.9531250000000004 1.0 1.0 1.0 1.0 1.0 1.0 1.0 1.0 1.0 1.0 1.0 1.0 0.8750000000000009 0.6250000000000009 
0.6250000000000007 0.8750000000000006 1.0 1.0 1.0 1.0 1.0 1.0 1.0 1.0 1.0 1.0 1.0 1.0 1.0 1.0 1.0 1.0 0.8750000000000009 0.6250000000000009 
0.0 0.0 0.10937499999999999 0.32812499999999906 0.5468749999999981 0.7656249999999971 0.8906249999999969 0.9218749999999978 0.9531249999999987 0.9843749999999996 1.0 1.0 1.0 1.0 1.0 1.0 1.0 1.0 0.8750000000000009 0.6250000000000009 
0.0 0.0 0.0 0.0 0.0 0.0 0.12500000000000022 0.375 0.625 0.8749999999999998 1.0 1.0 1.0 1.0 1.0 1.0 1.0 1.0 0.8750000000000009 0.6250000000000009 
0.0 0.0 0.0 0.0 0.0 0.0 0.12500000000000022 0.375 0.625 0.8749999999999998 1.0 1.0 1.0 1.0 1.0 1.0 1.0 1.0 0.8750000000000009 0.6250000000000009 
0.0 0.0 0.0 0.0 0.0 0.0 0.12500000000000022 0.375 0.625 0.8749999999999998 1.0 1.0 1.0 1.0 1.0 1.0 1.0 1.0 0.8750000000000009 0.6250000000000009 
0.0 0.0 0.0 0.0 0.0 0.0 0.12500000000000022 0.375 0.625 0.8749999999999998 1.0 1.0 1.0 1.0 1.0 1.0 1.0 1.0 0.8750000000000009 0.6250000000000009 
0.0 0.0 0.0 0.0 0.0 0.0 0.12500000000000022 0.375 0.625 0.8749999999999998 1.0 1.0 1.0 1.0 1.0 1.0 1.0 1.0 0.8750000000000009 0.6250000000000009 
0.0 0.0 0.0 0.0 0.0 0.0 0.12500000000000022 0.375 0.625 0.8749999999999998 1.0 1.0 1.0 1.0 1.0 1.0 1.0 1.0 0.8750000000000009 0.6250000000000009 
0.0 0.0 0.0 0.0 0.0 0.0 0.12500000000000022 0.375 0.625 0.8749999999999998 1.0 1.0 1.0 1.0 1.0 1.0 1.0 1.0 0.8750000000000009 0.6250000000000009 
0.0 0.0 0.0 0.0 0.0 0.0 0.1093749999999993 0.32812499999999734 0.5468749999999956 0.7656249999999936 0.8906249999999938 0.9218749999999956 0.9531249999999973 0.9843749999999991 1.0 1.0 1.0 1.0 0.8750000000000009 0.6250000000000009 
0.0 0.0 0.0 0.0 0.0 0.0 0.0 0.0 0.0 0.0 0.125 0.375 0.625 0.875 1.0 1.0 1.0 1.0 0.8750000000000009 0.6250000000000009 
0.0 0.0 0.0 0.0 0.0 0.0 0.0 0.0 0.0 0.0 0.125 0.375 0.625 0.875 1.0 1.0 1.0 1.0 0.8750000000000009 0.6250000000000009 
0.0 0.0 0.0 0.0 0.0 0.0 0.0 0.0 0.0 0.0 0.125 0.375 0.625 0.875 1.0 1.0 1.0 1.0 0.8750000000000009 0.6250000000000009 
0.0 0.0 0.0 0.0 0.0 0.0 0.0 0.0 0.0 0.0 0.125 0.375 0.625 0.875 1.0 1.0 1.0 1.0 0.8750000000000009 0.6250000000000009 
0.0 0.0 0.0 0.0 0.0 0.0 0.0 0.0 0.0 0.0 0.125 0.375 0.625 0.875 1.0 1.0 1.0 1.0 0.8750000000000009 0.6250000000000009 
0.0 0.0 0.0 0.0 0.0 0.0 0.0 0.0 0.0 0.0 0.125 0.375 0.625 0.875 1.0 1.0 1.0 1.0 0.8750000000000009 0.6250000000000009 
0.0 0.0 0.0 0.0 0.0 0.0 0.0 0.0 0.0 0.0 0.125 0.375 0.625 0.875 1.0 1.0 1.0 1.0 0.8750000000000009 0.6250000000000009 
