0.0 0.0 0.0 0.0 0.0 0.0 0.3750000000000009 1.0 1.0 1.0 1.0 0.8749999999999964 0.12499999999999645 0.0 0.0 0.0 0.0 0.0 0.0 0.0 
0.0 0.0 0.0 0.0 0.0 0.0 0.3750000000000009 1.0 1.0 1.0 1.0 0.8749999999999964 0.12499999999999645 0.0 0.0 0.0 0.0 0.0 0.0 0.0 
0.0 0.0 0.0 0.0 0.0 0.0 0.3750000000000009 1.0 1.0 1.0 1.0 0.8749999999999964 0.12499999999999645 0.0 0.0 0.0 0.0 0.0 0.0 0.0 
0.0 0.0 0.0 0.0 0.0 0.5468750000000016 0.9218750000000012 1.0 1.0 1.0 1.0 0.9843749999999998 0.8906250000000011 0.32812499999999756 0.0 0.0 0.0 0.0 0.0 0.0 
0.0 0.0 0.0 0.0 0.0 0.6250000000000004 1.0 1.0 1.0 1.0 1.0 1.0 1.0 0.37499999999999645 0.0 0.0 0.0 0.0 0.0 0.0 
0.0 0.0 0.0 0.0 0.0 0.6250000000000004 1.0 1.0 1.0 1.0 1.0 1.0 1.0 0.37499999999999645 0.0 0.0 0.0 0.0 0.0 0.0 
0.0 0.0 0.0 0.0 0.0 0.6250000000000004 1.0 1.0 1.0 0.6093749999999989 0.6093750000000017 1.0 1.0 0.7656249999999987 0.39062499999999667 0.0 0.0 0.0 0.0 0.0 
0.0 0.0 0.0 0.10937499999999939 0.7656249999999984 0.9531249999999993 1.0 0.8906249999999987 0.234375 0.046875000000000444 0.37500000000000266 1.0 1.0 1.0 0.6249999999999947 0.0 0.0 0.0 0.0 0.0 
0.0 0.0 0.0 0.12499999999999956 0.875 1.0 1.0 0.8749999999999982 0.12499999999999822 0.0 0.328125000000003 0.890625000000002 0.9843750000000007 1.0 0.6249999999999947 0.0 0.0 0.0 0.0 0.0 
0.0 0.0 0.0 0.12499999999999956 0.875 1.0 0.8593750000000003 0.5468750000000004 0.07812499999999911 0.0 0.0 0.12500000000000355 0.8750000000000036 1.0 0.765624999999996 0.32812499999999645 0.04687499999999778 0.0 0.0 0.0 
0.0 0.0 0.0 0.12499999999999956 0.875 1.0 0.6249999999999991 0.0 0.0 0.0 0.0 0.12500000000000355 0.8750000000000036 1.0 1.0 0.8749999999999947 0.12499999999999467 0.0 0.0 0.0 
0.0 0.0 0.3281249999999979 0.8906249999999969 0.9843749999999996 1.0 0.6249999999999991 0.0 0.0 0.0 0.0 0.12500000000000355 0.8750000000000036 1.0 1.0 0.8749999999999947 0.12499999999999467 0.0 0.0 0.0 
0.0 0.0 0.3749999999999991 1.0 1.0 1.0 0.6249999999999991 0.0 0.0 0.0 0.0 0.0 0.0 0.6250000000000036 1.0 0.8906249999999949 0.23437499999999223 0.046874999999998 0.0 0.0 
0.0 0.0 0.3749999999999991 1.0 1.0 0.765625000000002 0.39062500000000167 0.0 0.0 0.0 0.0 0.0 0.0 0.6250000000000036 1.0 1.0 1.0 0.37499999999999467 0.0 0.0 
0.0 0.0 0.3749999999999991 1.0 1.0 0.37499999999999956 0.0 0.0 0.0 0.0 0.0 0.0 0.0 0.6250000000000036 1.0 1.0 1.0 0.37499999999999467 0.0 0.0 
0.0 0.5468749999999944 0.9218749999999954 1.0 1.0 0.9218749999999956 0.5468749999999948 0.0 0.0 0.5468749999999971 0.8749999999999929 0.8749999999999929 0.8749999999999929 0.9531249999999978 1.0 1.0 1.0 0.37499999999999467 0.0 0.0 
0.0 0.6249999999999987 1.0 1.0 1.0 1.0 1.0 1.0 1.0 1.0 1.0 1.0 1.0 1.0 1.0 1.0 1.0 1.0 0.6249999999999947 0.0 
0.0 0.6249999999999987 1.0 1.0 1.0 0.7656250000000042 0.6250000000000071 0.6250000000000071 0.6250000000000071 0.6250000000000071 0.6250000000000071 0.6250000000000071 0.6250000000000071 0.6250000000000071 0.7656250000000064 1.0 1.0 1.0 0.6249999999999947 0.0 
0.5468749999999927 0.8593749999999969 1.0 0.9218750000000011 0.4531250000000062 0.1406250000000025 0.0 0.0 0.0 0.0 0.0 0.0 0.0 0.0 0.14062500000000466 0.45312500000000955 0.9218750000000042 1.0 0.8593749999999953 0.5468749999999893 
0.8749999999999982 1.0 1.0 0.8750000000000004 0.125 0.0 0.0 0.0 0.0 0.0 0.0 0.0 0.0 0.0 0.0 0.12500000000000533 0.8750000000000053 1.0 0.6718749999999993 0.10937500000000844 
