0.0 0.0 0.0 0.0 0.08124999999999895 0.4312499999999997 1.0 1.0 1.0 1.0 1.0 1.0 0.7812499999999964 0.16874999999999582 0.04374999999999889 0.0 0.0 0.0 0.0 0.0 
0.0 0.0 0.09374999999999964 0.35624999999999857 0.7812499999999999 1.0 0.9812499999999995 0.7187500000000007 0.6250000000000018 0.6250000000000018 0.6250000000000018 0.8312500000000017 1.0 1.0 0.5937499999999964 0.24374999999999764 0.0 0.0 0.0 0.0 
0.0 0.343749999999999 0.7187499999999988 0.9812500000000002 1.0 0.78125 0.35625000000000107 0.09374999999999978 0.0 0.0 0.0 0.2062500000000019 0.3750000000000018 0.3750000000000018 0.7812500000000031 0.8687499999999981 0.5937499999999957 0.15624999999999623 0.0 0.0 
0.0 0.5499999999999999 1.0 1.0 0.43125000000000047 0.08125000000000103 0.0 0.0 0.0 0.0 0.0 0.0 0.0 0.0 0.6500000000000039 1.0 0.9937499999999994 0.906249999999998 0.48124999999999496 0.0 
0.7437500000000012 0.9437500000000008 1.0 1.0 0.3499999999999992 0.0 0.0 0.0 0.0 0.0 0.0 0.0 0.0 0.0 0.0 0.3062500000000034 0.8750000000000018 0.8750000000000018 0.48124999999999696 0.0 
0.0 0.5499999999999999 1.0 1.0 0.3499999999999992 0.0 0.0 0.0 0.0 0.0 0.0 0.0 0.0 0.0 0.0 0.0 0.0 0.0 0.0 0.0 
0.0 0.5499999999999999 1.0 1.0 0.3499999999999992 0.0 0.0 0.0 0.0 0.0 0.0 0.0 0.0 0.0 0.0 0.0 0.0 0.0 0.0 0.0 
0.0 0.06875000000000096 0.34375000000000155 0.9562500000000006 0.9187499999999987 0.568749999999998 0.0 0.0 0.0 0.0 0.0 0.0 0.0 0.0 0.0 0.0 0.0 0.0 0.0 0.0 
0.0 0.0 0.0 0.0 0.5687500000000019 0.9187500000000013 1.0 1.0 0.6062499999999975 0.10624999999999822 0.018749999999999444 0.0 0.0 0.0 0.0 0.0 0.0 0.0 0.0 0.0 
0.0 0.0 0.0 0.0 0.0 0.21875000000000122 0.6437500000000023 0.9062500000000011 1.0 0.9062499999999984 0.46874999999999706 0.3749999999999982 0.28124999999999734 0.018749999999998844 0.0 0.0 0.0 0.0 0.0 0.0 
0.0 0.0 0.0 0.0 0.0 0.0 0.01875000000000069 0.281250000000002 0.3750000000000018 0.46875000000000283 0.9062500000000017 1.0 0.9062499999999982 0.6437499999999973 0.21874999999999695 0.0 0.0 0.0 0.0 0.0 
0.0 0.0 0.0 0.0 0.0 0.0 0.0 0.0 0.0 0.018750000000000534 0.1062500000000018 0.606250000000003 1.0 1.0 0.9187499999999984 0.5687499999999961 0.0 0.0 0.0 0.0 
0.0 0.0 0.0 0.0 0.0 0.0 0.0 0.0 0.0 0.0 0.0 0.0 0.0 0.0 0.5687500000000045 0.9187500000000015 1.0 1.0 0.5499999999999954 0.0 
0.0 0.0 0.0 0.0 0.0 0.0 0.0 0.0 0.0 0.0 0.0 0.0 0.0 0.0 0.0 0.3500000000000032 1.0 1.0 0.7187499999999971 0.31874999999999787 
0.0 0.0 0.0 0.0 0.0 0.0 0.0 0.0 0.0 0.0 0.0 0.0 0.0 0.0 0.0 0.1312500000000012 0.40625000000000266 0.8437500000000033 1.0 0.8499999999999943 
0.0 0.0 0.0 0.0 0.0 0.0 0.0 0.0 0.0 0.0 0.0 0.0 0.0 0.0 0.0 0.0 0.05000000000000426 0.7500000000000053 1.0 0.8499999999999943 
0.0 0.48124999999999996 0.90625 0.9937500000000001 0.4312499999999993 0.08124999999999988 0.0 0.0 0.0 0.0 0.0 0.0 0.0 0.0 0.0 0.0437500000000004 0.16875000000000373 0.7812500000000047 1.0 0.8499999999999943 
0.0 0.0 0.2500000000000002 0.9500000000000006 1.0 0.7812499999999993 0.3562499999999994 0.09374999999999933 0.0 0.0 0.0 0.0 0.0 0.0 0.24375000000000147 0.593750000000002 1.0 1.0 0.8312499999999983 0.5312499999999964 
0.0 0.0 0.09375000000000008 0.35625000000000023 0.7812500000000004 1.0 0.9812499999999994 0.7187499999999993 0.625 0.625 0.625 0.625 0.625 0.625 0.8687500000000015 1.0 0.9687499999999973 0.5312499999999967 0.20624999999999827 0.0 
0.0 0.0 0.0 0.0 0.0812500000000001 0.43125000000000085 1.0 1.0 1.0 1.0 1.0 1.0 1.0 1.0 1.0 0.6937499999999972 0.11874999999999947 0.031249999999999334 0.0 0.0 
