0.0 0.0 0.0 0.0 1.1546319456101855e-15 0.3250000000000064 0.32500000000000817 1.0 1.0 1.0 1.0 1.0 1.0 0.3250000000000064 0.3250000000000064 5.773159728050928e-16 0.0 0.0 0.0 0.0 
0.0 0.0 4.329869796038139e-15 0.9750000000000063 0.9750000000000064 1.0 1.0 1.0 1.0 1.0 1.0 1.0 1.0 1.0 1.0 0.9750000000000063 0.9750000000000063 0.0 0.0 0.0 
0.0 3.053113317719211e-15 0.6250000000000079 1.0 1.0 1.0 0.9999999999999983 0.3749999999999938 0.3749999999999938 0.3749999999999938 0.3749999999999938 0.3749999999999938 0.3749999999999938 1.0 1.0 1.0 1.0 0.6250000000000062 0.0 0.0 
5.329070518200751e-15 1.0 1.0 1.0 0.999999999999999 0.7249999999999918 0.0 0.0 0.0 0.0 0.0 0.0 0.0 0.0 0.724999999999993 0.9999999999999996 1.0 1.0 1.0 0.0 
5.329070518200751e-15 1.0 0.9999999999999959 0.07499999999999396 0.0749999999999937 0.0 0.0 0.0 0.0 0.0 0.0 0.0 0.0 0.0 0.0 0.9999999999999982 1.0 1.0 1.0 0.0 
0.42499999999999666 1.0 0.9999999999999981 0.5750000000000041 0.0 0.0 0.0 0.0 0.0 0.0 0.0 0.0 0.0 0.0 0.0 0.9999999999999982 1.0 1.0 1.0 0.0 
5.329070518200751e-15 1.0 1.0 0.999999999999996 0.0 0.0 0.0 0.0 0.0 0.0 0.0 0.0 0.0 0.0 0.0 0.9999999999999982 1.0 1.0 1.0 0.0 
0.8750000000000013 0.12499999999999895 1.0 0.999999999999996 0.0 0.0 0.0 0.0 0.0 0.0 0.0 0.0 0.0 0.0 0.0 0.12499999999999445 0.9999999999999984 1.0 1.0 0.0 
5.329070518200751e-15 1.0 1.0 0.999999999999996 0.0 0.0 0.0 0.0 0.0 0.0 0.0 0.0 0.0 0.0 0.0 0.9999999999999982 1.0 1.0 1.0 0.0 
5.329070518200751e-15 1.0 1.0 0.999999999999996 0.0 0.0 0.0 0.0 0.0 0.0 0.0 0.0 0.0 0.0 0.0 0.0 0.9999999999999982 1.0 1.0 0.0 
5.329070518200751e-15 1.0 1.0 0.999999999999996 0.0 0.0 0.0 0.0 0.0 0.0 0.0 0.0 0.0 0.0 0.0 0.0 0.9999999999999982 1.0 1.0 0.0 
5.329070518200751e-15 1.0 1.0 0.999999999999996 0.0 0.0 0.0 0.0 0.0 0.0 0.0 0.0 0.0 0.0 0.0 0.0 0.9999999999999982 1.0 1.0 0.0 
4.6629367034256385e-15 0.8749999999999971 1.0 0.999999999999996 0.0 0.0 0.0 0.0 0.0 0.0 0.0 0.0 0.0 0.0 0.0 0.0 0.9999999999999982 1.0 1.0 0.12500000000000355 
4.130029651605613e-15 0.7750000000000068 1.0 0.999999999999996 0.0 0.0 0.0 0.0 0.0 0.0 0.0 0.0 0.0 0.0 0.0 0.0 0.9999999999999982 1.0 1.0 1.0 
3.0642155479654093e-15 0.5749999999999978 0.9999999999999981 0.5749999999999951 0.42500000000000276 0.0 0.0 0.0 0.0 0.0 0.0 0.0 0.0 0.0 0.0 0.4250000000000035 0.999999999999999 1.0 1.0 1.0 
5.329070518200751e-15 1.0 1.0 1.0 0.9999999999999964 0.0 0.0 0.0 0.0 0.0 0.0 0.0 0.0 0.0 0.0 0.9249999999999919 0.9999999999999999 1.0 1.0 0.0 
1.4654943925051801e-15 0.2749999999999986 1.0 1.0 0.999999999999999 0.7250000000000024 0.0 0.0 0.0 0.0 0.0 0.0 0.0 0.0 0.7250000000000036 0.725000000000005 0.9999999999999996 1.0 1.0 0.0 
0.0 0.0 1.6653345369377506e-15 0.37500000000000605 1.0 1.0 1.0 0.9999999999999989 0.37500000000000355 0.37500000000000355 0.37500000000000355 0.37500000000000355 0.37500000000000355 1.0 1.0 0.6249999999999971 0.9999999999999993 1.0 0.0 0.0 
0.0 0.0 0.0 3.896882816434277e-15 0.9749999999999944 0.9999999999999966 0.025000000000005684 0.02500000000000737 0.9749999999999943 0.9749999999999943 1.0 1.0 1.0 0.025000000000005684 0.9999999999999982 1.0 0.9749999999999943 0.0 0.0 0.0 
0.0 0.0 0.0 0.0 1.1546319456101477e-15 0.32499999999999574 0.3249999999999975 0.9999999999999994 0.6750000000000043 0.6750000000000048 1.0 1.0 1.0 1.0 0.32499999999999696 0.32499999999999574 5.773159728050738e-16 0.0 0.0 0.0 
