0.0 0.0 0.0 0.0 0.02249999999999981 0.20249999999999807 0.22499999999999787 0.22499999999999787 0.45749999999999835 0.9225000000000001 0.3024999999999985 0.22499999999999787 0.22499999999999787 0.15749999999999875 0.0 0.0 0.0 0.0 0.0 0.0 
0.0 0.0 0.0 0.20249999999999965 0.7074999999999985 0.9674999999999998 1.0 1.0 1.0 1.0 1.0 1.0 1.0 0.9024999999999999 0.6749999999999983 0.6749999999999983 0.20249999999999996 0.0 0.0 0.0 
0.0 0.0874999999999991 0.5624999999999996 1.0 1.0 1.0 0.9125000000000009 0.8750000000000013 0.612500000000001 0.0 0.0 0.6125000000000003 0.8750000000000013 0.9125000000000008 1.0 1.0 1.0 0.5 0.0 0.0 
0.0 0.7000000000000003 1.0 1.0 0.9425 0.4825000000000007 0.12750000000000014 0.0 0.0 0.0 0.0 0.0 0.0 0.12749999999999975 0.48250000000000043 0.9424999999999992 1.0 0.7874999999999996 0.40250000000000014 0.0 
0.0 0.7000000000000003 1.0 1.0 0.8999999999999999 0.10000000000000009 0.0 0.0 0.0 0.0 0.0 0.0 0.0 0.0 0.09999999999999964 0.8999999999999986 1.0 1.0 0.7000000000000011 0.0 
0.0 0.7000000000000003 1.0 1.0 0.8999999999999999 0.10000000000000009 0.0 0.0 0.0 0.0 0.0 0.0 0.0 0.0 0.09999999999999964 0.8999999999999986 1.0 1.0 0.7000000000000011 0.0 
0.0 0.7000000000000003 1.0 1.0 0.8999999999999999 0.10000000000000009 0.0 0.0 0.0 0.0 0.0 0.0 0.0 0.0 0.09999999999999964 0.8999999999999986 1.0 1.0 0.7000000000000011 0.0 
0.0 0.7000000000000003 1.0 1.0 0.9375 0.43750000000000006 0.11249999999999993 0.0 0.0 0.0 0.0 0.0 0.0 0.1124999999999996 0.4374999999999998 0.9374999999999991 1.0 0.8125 0.43750000000000067 0.0 
0.0 0.1224999999999993 0.5874999999999997 1.0 1.0 1.0 0.8775000000000007 0.41250000000000053 0.0 0.0 0.0 0.0 0.41250000000000053 0.8775000000000006 1.0 1.0 1.0 0.5 0.0 0.0 
0.0 0.0 0.0 0.21749999999999955 0.7524999999999981 0.9724999999999997 1.0 1.0 1.0 1.0 1.0 1.0 1.0 1.0 0.9724999999999999 0.7524999999999985 0.2174999999999999 0.0 0.0 0.0 
0.0 0.0 0.0 0.2175000000000006 0.7525000000000013 0.9725000000000001 1.0 1.0 1.0 1.0 1.0 1.0 1.0 1.0 0.9725000000000003 0.7525000000000017 0.21750000000000094 0.0 0.0 0.0 
0.0 0.12250000000000304 0.5875000000000024 1.0 0.9824999999999996 0.8424999999999961 0.24749999999999858 0.0 0.0 0.0 0.0 0.0 0.41249999999999787 0.8774999999999968 1.0 1.0 1.0 0.5875000000000021 0.12250000000000318 0.0 
0.0 0.7000000000000003 1.0 1.0 0.8999999999999999 0.10000000000000009 0.0 0.0 0.0 0.0 0.0 0.0 0.0 0.11249999999999853 0.43749999999999656 0.9374999999999988 1.0 1.0 0.7000000000000011 0.0 
0.9000000000000004 1.0 1.0 0.6999999999999997 0.0 0.0 0.0 0.0 0.0 0.0 0.0 0.0 0.0 0.0 0.09999999999999964 0.8999999999999986 1.0 1.0 1.0 0.9000000000000004 
0.9000000000000004 1.0 1.0 0.6999999999999997 0.0 0.0 0.0 0.0 0.0 0.0 0.0 0.0 0.0 0.0 0.09999999999999964 0.8999999999999986 1.0 1.0 1.0 0.9000000000000004 
0.9000000000000004 1.0 1.0 0.6999999999999997 0.0 0.0 0.0 0.0 0.0 0.0 0.0 0.0 0.0 0.0 0.09999999999999964 0.8999999999999986 1.0 1.0 1.0 0.9000000000000004 
0.5174999999999964 0.8724999999999988 1.0 1.0 0.8999999999999999 0.10000000000000009 0.0 0.0 0.0 0.0 0.0 0.0 0.0 0.0 0.09999999999999964 0.8999999999999986 1.0 1.0 0.7000000000000011 0.0 
0.0 0.7000000000000003 1.0 1.0 0.8999999999999999 0.10000000000000009 0.0 0.0 0.0 0.0 0.0 0.0 0.0 0.2625000000000001 0.8875000000000032 0.9875000000000002 1.0 1.0 0.7000000000000011 0.0 
0.0 0.0 0.33749999999999697 0.7724999999999956 1.0 1.0 1.0 0.6625000000000032 0.3250000000000064 0.3250000000000064 0.3250000000000064 0.3250000000000064 0.6625000000000032 1.0 1.0 1.0 0.7724999999999957 0.3374999999999968 0.0 0.0 
0.0 0.0 0.0 0.06749999999999835 0.22499999999999432 0.22499999999999432 0.7674999999999984 1.0 1.0 1.0 1.0 1.0 1.0 0.7674999999999991 0.22499999999999432 0.22499999999999432 0.06749999999999845 0.0 0.0 0.0 
