0.0 0.0 0.0 0.0 0.0 0.0 0.0 0.0 0.0 0.0 0.027499999999999095 0.08249999999999799 0.09999999999999787 0.09999999999999787 0.527499999999997 0.9775000000000028 0.48250000000000104 0.08749999999999832 0.03249999999999959 0.0 
0.0 0.0 0.0 0.0 0.0 0.0 0.0 0.0 0.052499999999998846 0.2174999999999981 0.4924999999999965 0.877499999999998 1.0 1.0 1.0 1.0 1.0 0.912500000000001 0.5275000000000009 0.2324999999999993 
0.0 0.0 0.0 0.0 0.0 0.2624999999999979 0.49999999999999867 0.49999999999999867 0.5874999999999975 0.8624999999999985 1.0 1.0 1.0 1.0 1.0 1.0 1.0 1.0 1.0 0.7750000000000021 
0.0 0.0 0.0 0.2974999999999979 0.6824999999999976 0.8574999999999988 1.0 1.0 1.0 1.0 1.0 1.0 1.0 1.0 1.0 1.0 1.0 1.0 1.0 0.7750000000000021 
0.0 0.2924999999999974 0.7874999999999971 0.9424999999999994 0.9974999999999997 1.0 1.0 1.0 1.0 1.0 1.0 1.0 1.0 1.0 1.0 1.0 1.0 1.0 1.0 0.7750000000000021 
0.7749999999999972 1.0 1.0 1.0 1.0 1.0 1.0 1.0 1.0 1.0 1.0 1.0 1.0 1.0 1.0 1.0 1.0 0.8750000000000018 0.32500000000000284 0.0 
0.7749999999999972 1.0 1.0 1.0 1.0 0.8425000000000005 0.6999999999999993 0.6999999999999993 0.6999999999999993 0.6999999999999993 0.7824999999999985 0.9474999999999991 1.0 1.0 1.0 1.0 1.0 0.8750000000000018 0.32500000000000284 0.0 
0.3874999999999986 0.5 0.5 0.5 0.5 0.23750000000000138 0.0 0.0 0.0 0.0 0.2749999999999968 0.8249999999999975 1.0 1.0 1.0 1.0 1.0 0.8750000000000018 0.32500000000000284 0.0 
0.0 0.0 0.0 0.0 0.0 0.0 0.0 0.0 0.0 0.0 0.2749999999999968 0.8249999999999975 1.0 1.0 1.0 1.0 1.0 0.8750000000000018 0.32500000000000284 0.0 
0.0 0.0 0.0 0.0 0.0 0.0 0.0 0.0 0.0 0.0 0.2749999999999968 0.8249999999999975 1.0 1.0 1.0 1.0 1.0 0.8750000000000018 0.32500000000000284 0.0 
0.0 0.0 0.0 0.0 0.0 0.0 0.0 0.0 0.0 0.0 0.2749999999999968 0.8249999999999975 1.0 1.0 1.0 1.0 1.0 0.8750000000000018 0.32500000000000284 0.0 
0.0 0.0 0.0 0.0 0.0 0.0 0.0 0.0 0.0 0.0 0.2749999999999968 0.8249999999999975 1.0 1.0 1.0 1.0 1.0 0.8750000000000018 0.32500000000000284 0.0 
0.0 0.0 0.0 0.0 0.0 0.0 0.0 0.0 0.0 0.0 0.2749999999999968 0.8249999999999975 1.0 1.0 1.0 1.0 1.0 0.8750000000000018 0.32500000000000284 0.0 
0.0 0.0 0.0 0.0 0.0 0.0 0.0 0.0 0.0 0.0 0.2749999999999968 0.8249999999999975 1.0 1.0 1.0 1.0 1.0 0.8750000000000018 0.32500000000000284 0.0 
0.0 0.0 0.0 0.0 0.0 0.0 0.0 0.0 0.0 0.0 0.2749999999999968 0.8249999999999975 1.0 1.0 1.0 1.0 1.0 0.8750000000000018 0.32500000000000284 0.0 
0.0 0.0 0.0 0.0 0.0 0.0 0.0 0.0 0.0 0.0 0.2749999999999968 0.8249999999999975 1.0 1.0 1.0 1.0 1.0 0.8750000000000018 0.32500000000000284 0.0 
0.0 0.0 0.0 0.0 0.0 0.0 0.0 0.0 0.0 0.0 0.2749999999999968 0.8249999999999975 1.0 1.0 1.0 1.0 1.0 0.8750000000000018 0.32500000000000284 0.0 
0.0 0.0 0.0 0.0 0.0 0.0 0.0 0.0 0.0 0.0 0.2749999999999968 0.8249999999999975 1.0 1.0 1.0 1.0 1.0 0.8750000000000018 0.32500000000000284 0.0 
0.0 0.0 0.0 0.0 0.0 0.0 0.0 0.0 0.0 0.0 0.2749999999999968 0.8249999999999975 1.0 1.0 1.0 1.0 1.0 0.8750000000000018 0.32500000000000284 0.0 
0.0 0.0 0.0 0.0 0.0 0.0 0.0 0.0 0.0 0.0 0.2749999999999968 0.8249999999999975 1.0 1.0 1.0 0.9775000000000027 0.482499999999999 0.0874999999999952 0.03249999999999844 0.0 
