0.950000000000002 1.0 1.0 1.0 1.0 1.0 1.0 1.0 1.0 1.0 1.0 1.0 1.0 1.0 1.0 1.0 1.0 1.0 0.8649999999999949 0.09499999999999924 
0.950000000000002 1.0 1.0 1.0 1.0 1.0 1.0 1.0 1.0 1.0 1.0 1.0 1.0 1.0 1.0 1.0 1.0 1.0 0.9549999999999983 0.6649999999999974 
0.950000000000002 1.0 1.0 1.0 1.0 1.0 1.0 1.0 1.0 1.0 1.0 1.0 1.0 1.0 1.0 1.0 0.8249999999999977 0.5000000000000004 0.42499999999999755 0.0 
0.28500000000000125 0.3000000000000007 0.3000000000000007 0.3000000000000007 0.3000000000000007 0.3000000000000007 0.545000000000002 1.0 1.0 1.0 1.0 1.0 0.47499999999999803 0.3000000000000007 0.3000000000000007 0.3000000000000007 0.19499999999999898 0.0 0.0 0.0 
0.0 0.0 0.0 0.0 0.0 0.0 0.3500000000000023 1.0 1.0 1.0 1.0 1.0 0.24999999999999645 0.0 0.0 0.0 0.0 0.0 0.0 0.0 
0.0 0.0 0.0 0.0 0.0 0.0 0.3500000000000023 1.0 1.0 1.0 1.0 0.14999999999999503 0.0 0.0 0.0 0.0 0.0 0.0 0.0 0.0 
0.0 0.0 0.0 0.0 0.0 0.0 0.3500000000000023 1.0 1.0 1.0 1.0 0.14999999999999503 0.0 0.0 0.0 0.0 0.0 0.0 0.0 0.0 
0.0 0.0 0.0 0.0 0.0 0.0 0.3500000000000023 1.0 1.0 1.0 1.0 0.14999999999999503 0.0 0.0 0.0 0.0 0.0 0.0 0.0 0.0 
0.0 0.0 0.0 0.0 0.0 0.0 0.3500000000000023 1.0 1.0 1.0 1.0 0.14999999999999503 0.0 0.0 0.0 0.0 0.0 0.0 0.0 0.0 
0.0 0.0 0.0 0.0 0.0 0.0 0.3500000000000023 1.0 1.0 1.0 1.0 0.14999999999999503 0.0 0.0 0.0 0.0 0.0 0.0 0.0 0.0 
0.0 0.0 0.0 0.0 0.0 0.45000000000000284 1.0 1.0 1.0 1.0 1.0 0.14999999999999503 0.0 0.0 0.0 0.0 0.0 0.0 0.0 0.0 
0.0 0.0 0.0 0.0 0.0 0.45000000000000284 1.0 1.0 1.0 1.0 1.0 0.14999999999999503 0.0 0.0 0.0 0.0 0.0 0.0 0.0 0.0 
0.0 0.0 0.0 0.0 0.0 0.45000000000000284 1.0 1.0 1.0 1.0 1.0 0.14999999999999503 0.0 0.0 0.0 0.0 0.0 0.0 0.0 0.0 
0.0 0.0 0.0 0.0 0.0 0.45000000000000284 1.0 1.0 1.0 0.9649999999999971 0.3349999999999987 0.04499999999999862 0.0 0.0 0.0 0.0 0.0 0.0 0.0 0.0 
0.0 0.0 0.0 0.0 0.0 0.45000000000000284 1.0 1.0 1.0 0.9499999999999957 0.04999999999999716 0.0 0.0 0.0 0.0 0.0 0.0 0.0 0.0 0.0 
0.0 0.0 0.0 0.0 0.0 0.45000000000000284 1.0 1.0 1.0 0.9499999999999957 0.04999999999999716 0.0 0.0 0.0 0.0 0.0 0.0 0.0 0.0 0.0 
0.0 0.0 0.0 0.0 0.0 0.45000000000000284 1.0 1.0 1.0 0.9499999999999957 0.04999999999999716 0.0 0.0 0.0 0.0 0.0 0.0 0.0 0.0 0.0 
0.0 0.0 0.0 0.0 0.0 0.45000000000000284 1.0 1.0 1.0 0.9499999999999957 0.04999999999999716 0.0 0.0 0.0 0.0 0.0 0.0 0.0 0.0 0.0 
0.0 0.0 0.0 0.0 0.0 0.45000000000000284 1.0 1.0 1.0 0.9499999999999957 0.04999999999999716 0.0 0.0 0.0 0.0 0.0 0.0 0.0 0.0 0.0 
0.0 0.0 0.0 0.0 0.0 0.45000000000000284 1.0 1.0 0.8649999999999975 0.09500000000000092 0.004999999999999787 0.0 0.0 0.0 0.0 0.0 0.0 0.0 0.0 0.0 
