0.0 0.7000000000000035 1.0 1.0 1.0 1.0 1.0 1.0 1.0 1.0 1.0 1.0 1.0 1.0 1.0 1.0 1.0 1.0 1.0 0.9000000000000039 
0.0 0.7000000000000035 1.0 1.0 1.0 1.0 1.0 1.0 1.0 1.0 1.0 1.0 1.0 1.0 1.0 1.0 1.0 1.0 1.0 0.9000000000000039 
0.0 0.7000000000000035 1.0 1.0 1.0 1.0 0.6500000000000014 0.5000000000000027 0.5000000000000027 0.5000000000000027 0.5000000000000027 0.5000000000000027 0.5000000000000027 0.5000000000000027 0.5000000000000027 0.5000000000000027 0.5000000000000027 0.5000000000000027 0.3500000000000033 0.0 
0.0 0.7000000000000035 1.0 1.0 1.0 1.0 0.29999999999999893 0.0 0.0 0.0 0.0 0.0 0.0 0.0 0.0 0.0 0.0 0.0 0.0 0.0 
0.0 0.7000000000000035 1.0 1.0 0.9299999999999986 0.3700000000000008 0.09000000000000043 0.0 0.0 0.0 0.0 0.0 0.0 0.0 0.0 0.0 0.0 0.0 0.0 0.0 
0.0 0.7000000000000035 1.0 1.0 0.8999999999999977 0.09999999999999787 0.0 0.0 0.0 0.0 0.0 0.0 0.0 0.0 0.0 0.0 0.0 0.0 0.0 0.0 
0.0 0.7000000000000035 1.0 1.0 0.8999999999999977 0.09999999999999787 0.0 0.0 0.0 0.0 0.0 0.0 0.0 0.0 0.0 0.0 0.0 0.0 0.0 0.0 
0.0 0.7000000000000035 1.0 1.0 0.8999999999999977 0.09999999999999787 0.0 0.0 0.0 0.0 0.0 0.0 0.0 0.0 0.0 0.0 0.0 0.0 0.0 0.0 
0.9000000000000039 1.0 1.0 1.0 0.9099999999999977 0.18999999999999617 0.09999999999999787 0.09999999999999787 0.09999999999999787 0.09999999999999787 0.09999999999999787 0.09999999999999787 0.09999999999999787 0.09999999999999787 0.08999999999999829 0.009999999999999929 0.0 0.0 0.0 0.0 
0.9000000000000039 1.0 1.0 1.0 1.0 1.0 1.0 1.0 1.0 1.0 1.0 1.0 1.0 1.0 0.9000000000000021 0.10000000000000142 0.0 0.0 0.0 0.0 
0.9000000000000039 1.0 1.0 1.0 1.0 1.0 1.0 1.0 0.9100000000000006 0.7300000000000028 0.9700000000000004 1.0 1.0 0.9100000000000011 0.630000000000004 0.07000000000000128 0.0 0.0 0.0 0.0 
0.9000000000000039 1.0 1.0 1.0 0.909999999999998 0.18999999999999936 0.10000000000000142 0.10000000000000142 0.07000000000000092 0.010000000000000196 0.09000000000000132 0.10000000000000142 0.10000000000000142 0.0700000000000011 0.0 0.0 0.0 0.0 0.0 0.0 
0.9000000000000039 1.0 1.0 1.0 0.8999999999999977 0.09999999999999787 0.0 0.0 0.0 0.0 0.0 0.0 0.0 0.0 0.0 0.0 0.0 0.0 0.0 0.0 
0.9000000000000039 1.0 1.0 1.0 0.8999999999999977 0.09999999999999787 0.0 0.0 0.0 0.0 0.0 0.0 0.0 0.0 0.0 0.0 0.0 0.0 0.0 0.0 
0.9000000000000039 1.0 1.0 1.0 0.8999999999999977 0.09999999999999787 0.0 0.0 0.0 0.0 0.0 0.0 0.0 0.0 0.0 0.0 0.0 0.0 0.0 0.0 
0.9000000000000039 1.0 1.0 1.0 0.8999999999999977 0.09999999999999787 0.0 0.0 0.0 0.0 0.0 0.0 0.0 0.0 0.0 0.0 0.0 0.0 0.0 0.0 
0.9000000000000039 1.0 1.0 1.0 0.8999999999999977 0.09999999999999787 0.0 0.0 0.0 0.0 0.0 0.0 0.0 0.0 0.0 0.0 0.0 0.0 0.0 0.0 
0.9000000000000039 1.0 1.0 1.0 0.9499999999999988 0.5499999999999989 0.5 0.5 0.5 0.5 0.5 0.15000000000000036 0.2499999999999991 0.5 0.45000000000000107 0.05000000000000071 0.34999999999999876 0.2500000000000018 0.0 0.0 
0.9000000000000039 1.0 1.0 1.0 1.0 1.0 1.0 1.0 1.0 1.0 1.0 1.0 1.0 1.0 1.0 1.0 1.0 1.0 0.7000000000000028 0.0 
0.9000000000000039 0.509999999999998 0.3000000000000007 0.3000000000000007 0.3000000000000007 0.3000000000000007 0.3000000000000007 0.650000000000001 0.7899999999999997 0.370000000000001 0.9300000000000003 0.510000000000001 0.3000000000000007 0.3000000000000007 0.36999999999999916 0.929999999999999 0.5100000000000022 0.3000000000000007 0.21000000000000135 0.0 
