0.3412500000000019 0.9512500000000014 1.0 1.0 1.0 1.0 1.0 1.0 1.0 1.0 1.0 1.0 1.0 1.0 1.0 1.0 1.0 1.0 1.0 0.9749999999999872 
0.9750000000000014 1.0 1.0 1.0 1.0 1.0 1.0 1.0 1.0 1.0 1.0 1.0 1.0 1.0 1.0 1.0 1.0 1.0 1.0 0.9749999999999872 
0.24374999999999863 0.24999999999999822 0.24999999999999822 0.24999999999999822 0.24999999999999822 0.24999999999999822 0.24999999999999822 0.24999999999999822 0.24999999999999822 0.24999999999999822 0.24999999999999822 0.24999999999999822 0.24999999999999822 0.4937500000000049 1.0 1.0 1.0 1.0 0.9437499999999924 0.24374999999999508 
0.0 0.0 0.0 0.0 0.0 0.0 0.0 0.0 0.0 0.0 0.0 0.0 0.0 0.32500000000000817 1.0 1.0 1.0 1.0 0.92499999999999 0.0 
0.0 0.0 0.0 0.0 0.0 0.0 0.0 0.0 0.0 0.0 0.0 0.0 0.05625000000000187 0.4262500000000084 1.0 1.0 1.0 0.8749999999999893 0.0 0.0 
0.0 0.0 0.0 0.0 0.0 0.0 0.0 0.0 0.0 0.0 0.0 0.0 0.3750000000000071 1.0 1.0 1.0 0.8512499999999916 0.13124999999999715 0.0 0.0 
0.0 0.0 0.0 0.0 0.0 0.0 0.0 0.0 0.0 0.0 0.0 0.4250000000000078 1.0 1.0 1.0 0.8762499999999948 0.37124999999999364 0.0 0.0 0.0 
0.0 0.0 0.0 0.0 0.0 0.0 0.0 0.0 0.0 0.0 0.47500000000000675 1.0 1.0 1.0 0.9312499999999967 0.5812499999999908 0.0 0.0 0.0 0.0 
0.0 0.0 0.0 0.0 0.0 0.0 0.0 0.0 0.0 0.0 0.47500000000000675 1.0 1.0 1.0 0.7249999999999908 0.0 0.0 0.0 0.0 0.0 
0.0 0.0 0.0 0.0 0.0 0.0 0.0 0.0 0.0 0.5250000000000057 1.0 1.0 1.0 0.6749999999999918 0.0 0.0 0.0 0.0 0.0 0.0 
0.0 0.0 0.0 0.0 0.0 0.0 0.0 0.0 0.5750000000000055 1.0 1.0 1.0 0.868749999999997 0.43874999999999376 0.0 0.0 0.0 0.0 0.0 0.0 
0.0 0.0 0.0 0.0 0.0 0.0 0.0 0.6250000000000053 1.0 1.0 1.0 0.5749999999999922 0.0 0.0 0.0 0.0 0.0 0.0 0.0 0.0 
0.0 0.0 0.0 0.0 0.0 0.0 0.5062500000000056 0.9062500000000027 1.0 1.0 1.0 0.5749999999999922 0.0 0.0 0.0 0.0 0.0 0.0 0.0 0.0 
0.0 0.0 0.0 0.0 0.0 0.0 0.6750000000000043 1.0 1.0 1.0 0.5249999999999932 0.0 0.0 0.0 0.0 0.0 0.0 0.0 0.0 0.0 
0.0 0.0 0.0 0.0 0.0 0.7250000000000041 1.0 1.0 1.0 0.4749999999999943 0.0 0.0 0.0 0.0 0.0 0.0 0.0 0.0 0.0 0.0 
0.0 0.0 0.0 0.0 0.6587500000000068 0.958750000000002 1.0 1.0 0.5112499999999924 0.07124999999999679 0.0 0.0 0.0 0.0 0.0 0.0 0.0 0.0 0.0 0.0 
0.0 0.0 0.0 0.4537500000000051 0.8987500000000025 1.0 1.0 1.0 0.4249999999999945 0.0 0.0 0.0 0.0 0.0 0.0 0.0 0.0 0.0 0.0 0.0 
0.0 0.0 0.21875000000000372 0.8687500000000028 1.0 1.0 1.0 0.37499999999999467 0.0 0.0 0.0 0.0 0.0 0.0 0.0 0.0 0.0 0.0 0.0 0.0 
0.0 0.0 0.8750000000000024 1.0 1.0 1.0 0.358749999999994 0.018749999999998667 0.0 0.0 0.0 0.0 0.0 0.0 0.0 0.0 0.0 0.0 0.0 0.0 
0.0 0.6012500000000065 0.9562500000000016 1.0 1.0 0.5287499999999932 0.11374999999999666 0.0 0.0 0.0 0.0 0.0 0.0 0.0 0.0 0.0 0.0 0.0 0.0 0.0 
