0.0 0.0 0.0 0.0 0.07499999999999973 0.4249999999999998 0.7749999999999999 1.0 1.0 1.0 1.0 1.0 1.0 1.0 1.0 1.0 0.8212499999999991 0.5937499999999987 0.366249999999997 0.23624999999999818 
0.0 0.024999999999999467 0.37499999999999956 0.7249999999999996 1.0 1.0 1.0 1.0 1.0 1.0 1.0 1.0 1.0 1.0 1.0 1.0 1.0 1.0 1.0 0.6749999999999989 
0.0 0.024999999999999467 0.37499999999999956 0.7249999999999996 1.0 1.0 1.0 1.0 1.0 1.0 1.0 1.0 1.0 1.0 1.0 1.0 1.0 1.0 1.0 0.6749999999999989 
0.6749999999999994 1.0 1.0 1.0 1.0 1.0 1.0 1.0 1.0 1.0 1.0 1.0 1.0 1.0 1.0 1.0 0.87625 0.7187500000000004 0.56125 0.3712499999999999 
0.0 0.0 0.0 0.0 0.0637499999999998 0.36125000000000007 0.6587500000000004 0.8687500000000005 0.9212500000000003 0.9737500000000001 1.0 1.0 1.0 1.0 1.0 1.0 0.9587500000000001 0.9062500000000003 0.8537500000000003 0.5737499999999994 
0.0 0.0 0.0 0.0 0.0 0.0 0.0 0.125 0.4750000000000001 0.8250000000000002 1.0 1.0 1.0 1.0 1.0 1.0 0.7249999999999996 0.375 0.02499999999999858 0.0 
0.0 0.0 0.0 0.0 0.0 0.0 0.0 0.125 0.4750000000000001 0.8250000000000002 1.0 1.0 1.0 1.0 1.0 1.0 0.7249999999999996 0.375 0.02499999999999858 0.0 
0.0 0.0 0.0 0.0 0.0 0.0 0.0 0.125 0.4750000000000001 0.8250000000000002 1.0 1.0 1.0 1.0 1.0 1.0 0.7249999999999996 0.375 0.02499999999999858 0.0 
0.0 0.0 0.0 0.0 0.0 0.0 0.0 0.125 0.4750000000000001 0.8250000000000002 1.0 1.0 1.0 1.0 1.0 1.0 0.7249999999999996 0.375 0.02499999999999858 0.0 
0.0 0.0 0.0 0.0 0.0 0.0 0.0 0.125 0.4750000000000001 0.8250000000000002 1.0 1.0 1.0 1.0 1.0 1.0 0.7249999999999996 0.375 0.02499999999999858 0.0 
0.0 0.0 0.0 0.0 0.0 0.0 0.0 0.125 0.4750000000000001 0.8250000000000002 1.0 1.0 1.0 1.0 1.0 1.0 0.7249999999999996 0.375 0.02499999999999858 0.0 
0.0 0.0 0.0 0.0 0.0 0.0 0.0 0.125 0.4750000000000001 0.8250000000000002 1.0 1.0 1.0 1.0 1.0 1.0 0.7249999999999996 0.375 0.02499999999999858 0.0 
0.0 0.0 0.0 0.0 0.0 0.0 0.0 0.125 0.4750000000000001 0.8250000000000002 1.0 1.0 1.0 1.0 1.0 1.0 0.7249999999999996 0.375 0.02499999999999858 0.0 
0.0 0.0 0.0 0.0 0.0 0.0 0.0 0.125 0.4750000000000001 0.8250000000000002 1.0 1.0 1.0 1.0 1.0 1.0 0.7249999999999996 0.375 0.02499999999999858 0.0 
0.0 0.0 0.0 0.0 0.0 0.0 0.0 0.125 0.4750000000000001 0.8250000000000002 1.0 1.0 1.0 1.0 1.0 1.0 0.7249999999999996 0.375 0.02499999999999858 0.0 
0.0 0.0 0.0 0.0 0.0 0.0 0.0 0.125 0.4750000000000001 0.8250000000000002 1.0 1.0 1.0 1.0 1.0 1.0 0.7249999999999996 0.375 0.02499999999999858 0.0 
0.0 0.0 0.0 0.0 0.0 0.0 0.0 0.125 0.4750000000000001 0.8250000000000002 1.0 1.0 1.0 1.0 1.0 1.0 0.7249999999999996 0.375 0.02499999999999858 0.0 
0.0 0.0 0.0 0.0 0.0 0.0 0.0 0.125 0.4750000000000001 0.8250000000000002 1.0 1.0 1.0 1.0 1.0 1.0 0.7249999999999996 0.375 0.02499999999999858 0.0 
0.0 0.0 0.0 0.0 0.0 0.0 0.0 0.125 0.4750000000000001 0.8250000000000002 1.0 1.0 1.0 1.0 1.0 1.0 0.9862500000000017 0.968750000000004 0.9512500000000061 0.6412500000000033 
0.0 0.0 0.0 0.0 0.0 0.0 0.0 0.125 0.4750000000000001 0.8250000000000002 1.0 1.0 1.0 0.8537499999999989 0.626249999999996 0.3987499999999943 0.25374999999999576 0.13124999999999787 0.00874999999999936 0.0 
