0.3168750000000038 0.9493750000000026 0.7156249999999962 0.11812499999999639 0.0 0.0 0.0 0.0 0.0 0.0 0.0 0.0 0.0 0.0 0.0 0.22500000000000853 0.9431249999999964 0.5906249999999927 0.07500000000000995 0.9749999999999872 
0.9750000000000032 1.0 0.9781250000000024 0.17062499999999597 0.0 0.0 0.0 0.0 0.0 0.0 0.0 0.0 0.0 0.0 0.0 0.22500000000000853 0.9956250000000002 0.8531249999999955 0.07500000000000995 0.9749999999999872 
0.6093750000000046 0.9718750000000016 1.0 0.17499999999999538 0.0 0.0 0.0 0.0 0.0 0.0 0.0 0.0 0.0 0.0 0.0 0.22500000000000853 1.0 0.8749999999999929 0.07500000000000995 0.9749999999999872 
0.7068750000000003 0.9793750000000008 1.0 0.17499999999999538 0.0 0.0 0.0 0.0 0.0 0.0 0.0 0.0 0.0 0.0 0.0 0.22500000000000853 1.0 0.9093749999999952 0.3293750000000092 0.9749999999999872 
0.9018750000000054 0.9943750000000005 1.0 0.17499999999999538 0.0 0.0 0.0 0.0 0.0 0.0 0.0 0.0 0.0 0.0 0.0 0.22500000000000853 1.0 1.0 1.0 0.9749999999999872 
0.5606250000000046 0.9681250000000017 1.0 0.17499999999999538 0.0 0.0 0.0 0.0 0.0 0.0 0.0 0.0 0.0 0.0 0.0 0.22500000000000853 1.0 1.0 1.0 0.9749999999999872 
0.0 0.9250000000000036 1.0 0.17499999999999538 0.0 0.0 0.0 0.0 0.0 0.0 0.0 0.0 0.0 0.0 0.0 0.22500000000000853 0.9606249999999976 0.8031250000000003 1.0 0.9749999999999872 
0.8531250000000046 0.1812499999999958 0.8906250000000033 0.8968750000000009 0.1968749999999962 0.0 0.0 0.0 0.0 0.0 0.0 0.0 0.0 0.0 0.24062500000000858 0.9031250000000024 0.9781249999999991 0.8906250000000024 1.0 0.9749999999999872 
0.9750000000000032 1.0 0.540624999999996 0.47499999999999787 0.10687499999999724 0.0 0.3543750000000046 0.5250000000000021 0.5250000000000021 0.5250000000000021 0.5250000000000021 0.5250000000000021 0.5250000000000021 0.5250000000000021 0.6556250000000059 1.0 1.0 1.0 1.0 0.9749999999999872 
0.9750000000000032 1.0 1.0 1.0 0.360624999999998 0.7731250000000048 1.0 1.0 1.0 1.0 1.0 1.0 1.0 1.0 1.0 1.0 1.0 1.0 0.9868749999999981 0.8043749999999871 
0.9750000000000032 1.0 1.0 1.0 1.0 1.0 1.0 1.0 1.0 1.0 1.0 1.0 1.0 1.0 1.0 1.0 1.0 1.0 0.92499999999999 0.0 
0.9750000000000032 1.0 1.0 1.0 0.6318749999999966 0.144374999999997 0.0 0.0 0.0 0.0 0.0 0.0 0.0 0.0 0.27500000000000924 1.0 1.0 1.0 1.0 0.9749999999999872 
0.9750000000000032 1.0 1.0 0.27812499999999596 0.0281249999999994 0.0 0.0 0.0 0.0 0.0 0.0 0.0 0.0 0.0 0.27500000000000924 1.0 1.0 1.0 1.0 0.9749999999999872 
0.9750000000000032 1.0 1.0 1.0 0.2249999999999952 0.0 0.0 0.0 0.0 0.0 0.0 0.0 0.0 0.0 0.27500000000000924 1.0 1.0 1.0 1.0 0.9749999999999872 
0.9750000000000032 1.0 1.0 0.17499999999999538 0.0 0.0 0.0 0.0 0.0 0.0 0.0 0.0 0.0 0.0 0.27500000000000924 1.0 1.0 1.0 1.0 0.9749999999999872 
0.9750000000000032 1.0 1.0 1.0 0.2249999999999952 0.0 0.0 0.0 0.0 0.0 0.0 0.0 0.0 0.0 0.27500000000000924 1.0 1.0 0.9906249999999991 0.9306249999999981 0.9749999999999872 
0.9750000000000032 1.0 1.0 1.0 0.2249999999999952 0.0 0.0 0.0 0.0 0.0 0.0 0.0 0.0 0.0 0.27500000000000924 1.0 1.0 0.8749999999999929 0.07500000000000995 0.9749999999999872 
0.9750000000000032 1.0 1.0 1.0 0.2249999999999952 0.0 0.0 0.0 0.0 0.0 0.0 0.0 0.0 0.0 0.27500000000000924 1.0 1.0 0.9218749999999956 0.375 0.3656249999999952 
0.9750000000000032 1.0 1.0 1.0 0.2249999999999952 0.0 0.0 0.0 0.0 0.0 0.0 0.0 0.0 0.0 0.27500000000000924 1.0 1.0 0.8781249999999934 0.023125000000001724 0.0 
0.9750000000000032 1.0 1.0 1.0 0.2249999999999952 0.0 0.0 0.0 0.0 0.0 0.0 0.0 0.0 0.0 0.27500000000000924 1.0 1.0 1.0 0.9756249999999969 0.6581249999999921 
