0.0 0.0 0.0 0.02500000000000089 0.17500000000000568 0.7000000000000027 1.0 1.0 1.0 1.0 1.0 1.0 1.0 1.0 0.700000000000001 0.17500000000000523 0.025000000000000445 0.0 0.0 0.0 
0.0 0.0 0.22500000000000242 0.6500000000000055 0.950000000000001 1.0 1.0 0.9249999999999987 0.47499999999999415 0.3999999999999939 0.3999999999999939 0.47499999999999576 0.9250000000000003 1.0 1.0 0.9500000000000001 0.6500000000000046 0.22500000000000123 0.0 0.0 
5.051514762044462e-15 0.6250000000000022 1.0 0.9999999999999992 0.9999999999999949 0.3749999999999974 0.0 0.0 0.0 0.0 0.0 0.0 0.0 0.0 0.3749999999999996 0.999999999999995 0.9999999999999993 1.0 0.6250000000000004 5.051514762044452e-15 
0.875 1.0 1.0 0.8749999999999996 0.12499999999999956 0.0 0.0 0.0 0.0 0.0 0.0 0.0 0.0 0.0 0.0 0.12500000000000178 0.8750000000000018 1.0 1.0 0.8749999999999982 
0.875 1.0 1.0 0.8749999999999996 0.12499999999999956 0.0 0.0 0.0 0.0 0.0 0.0 0.0 0.0 0.0 0.0 0.12500000000000178 0.8750000000000018 1.0 1.0 0.8749999999999982 
0.875 1.0 1.0 0.8749999999999996 0.12499999999999956 0.0 0.0 0.0 0.0 0.0 0.0 0.0 0.0 0.0 0.0 0.0 0.0 0.0 0.0 0.0 
0.875 1.0 1.0 0.8749999999999996 0.12499999999999956 0.0 0.0 0.0 0.0 0.0 0.0 0.0 0.0 0.0 0.0 0.0 0.0 0.0 0.0 0.0 
0.875 1.0 1.0 0.8749999999999996 0.12499999999999956 0.0 0.0 0.0 0.0 0.0 0.0 0.0 0.0 0.0 0.0 0.0 0.0 0.0 0.0 0.0 
0.875 1.0 1.0 0.8749999999999996 0.12499999999999956 0.0 0.0 0.0 0.0 0.0 0.0 0.0 0.0 0.0 0.0 0.0 0.0 0.0 0.0 0.0 
0.875 1.0 1.0 0.8749999999999996 0.12499999999999956 0.0 0.0 0.0 0.0 0.0 0.3000000000000023 0.8000000000000043 0.8000000000000043 0.8000000000000043 0.8000000000000043 0.8000000000000043 0.8000000000000043 0.8000000000000043 0.8000000000000043 0.7000000000000023 
0.875 1.0 1.0 0.8749999999999996 0.12499999999999956 0.0 0.0 0.0 0.0 0.0 0.29999999999999966 0.7999999999999972 0.7999999999999972 0.7999999999999972 0.8749999999999986 1.0 1.0 1.0 1.0 0.8749999999999982 
0.875 1.0 1.0 0.8749999999999996 0.12499999999999956 0.0 0.0 0.0 0.0 0.0 0.0 0.0 0.0 0.0 0.14999999999999952 0.47499999999999826 0.9250000000000007 1.0 1.0 0.8749999999999982 
0.875 1.0 1.0 0.8749999999999996 0.12499999999999956 0.0 0.0 0.0 0.0 0.0 0.0 0.0 0.0 0.0 0.0 0.12500000000000178 0.8750000000000018 1.0 1.0 0.8749999999999982 
0.875 1.0 1.0 0.8749999999999996 0.12499999999999956 0.0 0.0 0.0 0.0 0.0 0.0 0.0 0.0 0.0 0.0 0.12500000000000178 0.8750000000000018 1.0 1.0 0.8749999999999982 
0.875 1.0 1.0 0.8749999999999996 0.12499999999999956 0.0 0.0 0.0 0.0 0.0 0.0 0.0 0.0 0.0 0.0 0.12500000000000178 0.8750000000000018 1.0 1.0 0.8749999999999982 
0.875 1.0 1.0 0.8749999999999996 0.12499999999999956 0.0 0.0 0.0 0.0 0.0 0.0 0.0 0.0 0.0 0.0 0.12500000000000178 0.8750000000000018 1.0 1.0 0.8749999999999982 
0.34999999999999876 0.7749999999999995 1.0 0.8749999999999996 0.12499999999999956 0.0 0.0 0.0 0.0 0.0 0.0 0.0 0.0 0.0 0.0 0.12500000000000178 0.8750000000000018 1.0 1.0 0.8749999999999982 
0.0 0.6250000000000001 1.0 1.0 1.0 0.37499999999999956 0.0 0.0 0.0 0.0 0.0 0.0 0.0 0.0 0.3750000000000018 1.0 1.0 1.0 0.6249999999999982 0.0 
0.0 0.0 0.3750000000000002 1.0 1.0 1.0 1.0 0.9249999999999997 0.4750000000000013 0.40000000000000213 0.40000000000000213 0.4750000000000029 0.9250000000000014 1.0 1.0 0.9499999999999991 0.6499999999999975 0.22499999999999815 0.0 0.0 
0.0 0.0 0.07499999999999978 0.1999999999999993 0.1999999999999993 0.7000000000000001 1.0 1.0 1.0 1.0 1.0 1.0 1.0 1.0 0.6999999999999983 0.17499999999999902 0.024999999999999557 0.0 0.0 0.0 
