0.0 0.0 0.0 0.0 0.09750000000000193 0.3000000000000078 0.3000000000000078 0.3000000000000078 0.8075000000000007 1.0 0.7025000000000052 0.3000000000000078 0.3000000000000078 0.3000000000000078 0.05250000000000158 0.0 0.0 0.0 0.0 0.0 
0.0 0.0 0.0 0.42750000000000155 0.9325000000000047 1.0 1.0 1.0 1.0 1.0 1.0 1.0 1.0 1.0 0.9175000000000061 0.9000000000000072 0.4275000000000047 0.0 0.0 0.0 
0.0 0.774999999999998 1.0 1.0 1.0 1.0 1.0 1.0 1.0 1.0 1.0 1.0 1.0 1.0 1.0 1.0 1.0 0.8125000000000042 0.38750000000000623 0.0 
0.924999999999998 1.0 1.0 1.0 0.9674999999999983 0.7424999999999969 0.0 0.0 0.0 0.0 0.0 0.0 0.11249999999999608 0.8774999999999924 0.9824999999999989 1.0 1.0 1.0 0.7975000000000032 0.09250000000000586 
0.924999999999998 1.0 1.0 1.0 0.675000000000002 0.0 0.0 0.0 0.0 0.0 0.0 0.0 0.0 0.0 0.8249999999999993 1.0 1.0 1.0 1.0 0.9250000000000043 
0.924999999999998 1.0 1.0 1.0 0.675000000000002 0.0 0.0 0.0 0.0 0.0 0.0 0.0 0.0 0.0 0.8249999999999993 1.0 1.0 1.0 1.0 0.9250000000000043 
0.924999999999998 1.0 1.0 1.0 0.9675000000000015 0.7425000000000049 0.0 0.0 0.0 0.0 0.0 0.0 0.0 0.0 0.8249999999999993 1.0 1.0 1.0 0.797500000000001 0.09249999999999681 
0.46249999999999575 0.8874999999999982 1.0 1.0 1.0 1.0 0.9750000000000023 0.12500000000000178 0.0 0.2875000000000008 0.5000000000000036 0.5000000000000036 0.5625000000000013 0.987499999999999 1.0 1.0 1.0 1.0 0.7750000000000021 0.0 
0.0 0.0 0.624999999999998 1.0 1.0 1.0 1.0 1.0 1.0 1.0 1.0 1.0 1.0 1.0 1.0 1.0 0.9474999999999985 0.5625000000000012 0.0 0.0 
0.0 0.5425000000000009 0.8875000000000004 1.0 1.0 1.0 1.0 1.0 1.0 1.0 1.0 1.0 1.0 1.0 1.0 1.0 0.8425000000000019 0.4375000000000043 0.0 0.0 
0.27750000000000336 0.8424999999999996 1.0 1.0 1.0 0.9474999999999998 0.6999999999999957 0.6999999999999957 0.1925000000000003 0.4024999999999958 0.6999999999999957 0.6999999999999957 0.7374999999999952 0.9924999999999993 1.0 1.0 1.0 0.737500000000004 0.23250000000000395 0.0 
0.924999999999998 1.0 1.0 1.0 0.7075000000000011 0.08249999999999844 0.0 0.0 0.0 0.0 0.0 0.0 0.012499999999999378 0.09749999999999771 0.842499999999999 1.0 1.0 1.0 0.7750000000000021 0.0 
0.924999999999998 1.0 1.0 1.0 0.675000000000002 0.0 0.0 0.0 0.0 0.0 0.0 0.0 0.0 0.0 0.8249999999999993 1.0 1.0 1.0 1.0 0.9250000000000043 
0.924999999999998 1.0 1.0 1.0 0.675000000000002 0.0 0.0 0.0 0.0 0.0 0.0 0.0 0.0 0.0 0.8249999999999993 1.0 1.0 1.0 1.0 0.9250000000000043 
0.924999999999998 1.0 1.0 1.0 0.675000000000002 0.0 0.0 0.0 0.0 0.0 0.0 0.0 0.0 0.0 0.8249999999999993 1.0 1.0 1.0 1.0 0.9250000000000043 
0.924999999999998 1.0 1.0 1.0 0.675000000000002 0.0 0.0 0.0 0.0 0.0 0.0 0.0 0.0 0.0 0.8249999999999993 1.0 1.0 1.0 0.7750000000000021 0.0 
0.924999999999998 1.0 1.0 1.0 0.675000000000002 0.0 0.0 0.0 0.0 0.0 0.0 0.0 0.11249999999999663 0.8774999999999967 0.9824999999999997 1.0 1.0 1.0 0.7750000000000021 0.0 
0.4625000000000023 0.8874999999999997 1.0 1.0 1.0 0.9125000000000003 0.4874999999999977 0.06250000000000044 0.3624999999999964 0.49999999999999645 0.49999999999999645 0.6374999999999967 1.0 1.0 1.0 1.0 1.0 0.8125000000000031 0.38750000000000384 0.0 
0.0 0.6974999999999999 0.9000000000000021 0.9475000000000009 1.0 1.0 1.0 1.0 1.0 1.0 1.0 1.0 1.0 1.0 1.0 0.9325000000000018 0.42750000000000227 0.0 0.0 0.0 
0.0 0.0 0.0 0.14250000000000138 0.5275000000000014 1.0 1.0 1.0 1.0 1.0 1.0 1.0 0.912500000000003 0.31750000000000567 0.30000000000000426 0.09750000000000224 0.0 0.0 0.0 0.0 
