0.0 0.0 0.0 0.0 0.09750000000000193 0.3000000000000078 0.3000000000000078 0.3000000000000078 0.8075000000000007 1.0 0.7025000000000052 0.3000000000000078 0.3000000000000078 0.3000000000000078 0.05250000000000158 0.0 0.0 0.0 0.0 0.0 
0.0 0.0 0.0 0.42750000000000155 0.9325000000000047 1.0 1.0 1.0 1.0 1.0 1.0 1.0 1.0 1.0 0.9175000000000061 0.9000000000000072 0.4275000000000047 0.0 0.0 0.0 
0.0 0.3875000000000042 0.8125000000000016 1.0 1.0 1.0 1.0 1.0 0.6374999999999962 0.49999999999999334 0.7124999999999948 1.0 1.0 1.0 1.0 1.0 1.0 0.8125000000000042 0.38750000000000623 0.0 
0.924999999999998 1.0 1.0 1.0 0.9674999999999983 0.7424999999999969 0.0 0.0 0.0 0.0 0.0 0.0 0.11249999999999608 0.8774999999999924 0.9824999999999989 1.0 1.0 1.0 0.7750000000000021 0.0 
0.924999999999998 1.0 1.0 1.0 0.675000000000002 0.0 0.0 0.0 0.0 0.0 0.0 0.0 0.0 0.0 0.8249999999999993 1.0 1.0 1.0 0.9325000000000019 0.6475000000000081 
0.924999999999998 1.0 1.0 1.0 0.675000000000002 0.0 0.0 0.0 0.0 0.0 0.0 0.0 0.0 0.0 0.0 0.6749999999999972 1.0 1.0 1.0 0.9250000000000043 
0.924999999999998 1.0 1.0 1.0 0.675000000000002 0.0 0.0 0.0 0.0 0.0 0.0 0.0 0.0 0.0 0.7425000000000026 0.967500000000001 1.0 1.0 1.0 0.9250000000000043 
0.924999999999998 1.0 1.0 1.0 0.675000000000002 0.0 0.0 0.0 0.0 0.0 0.0 0.0 0.0 0.0 0.8249999999999993 1.0 1.0 1.0 0.8875000000000003 0.46249999999999886 
0.924999999999998 1.0 1.0 1.0 0.675000000000002 0.0 0.0 0.0 0.0 0.0 0.0 0.0 0.0 0.0 0.8249999999999993 1.0 1.0 1.0 0.7750000000000021 0.0 
0.924999999999998 1.0 1.0 1.0 0.9025000000000015 0.5775000000000037 0.0 0.0 0.0 0.0 0.0 0.0 0.08749999999999787 0.6825000000000013 0.9475000000000002 1.0 1.0 1.0 0.7750000000000021 0.0 
0.0 0.5424999999999953 0.8874999999999977 1.0 1.0 1.0 0.9825000000000017 0.38750000000000495 0.30000000000000426 0.7025000000000001 1.0 1.0 1.0 1.0 1.0 1.0 1.0 1.0 0.7750000000000021 0.0 
0.0 0.0 0.062499999999998467 0.527499999999997 1.0 1.0 1.0 1.0 1.0 1.0 1.0 1.0 1.0 1.0 1.0 1.0 1.0 1.0 0.7750000000000021 0.0 
0.0 0.0 0.0 0.0 0.16249999999999898 0.5 0.5 0.5 0.5 0.5 0.5 0.5 0.5 0.5 0.9124999999999996 1.0 1.0 1.0 0.7750000000000021 0.0 
0.0 0.0 0.0 0.0 0.0 0.0 0.0 0.0 0.0 0.0 0.0 0.0 0.0 0.0 0.8249999999999993 1.0 1.0 1.0 0.7750000000000021 0.0 
0.0 0.0 0.0 0.0 0.0 0.0 0.0 0.0 0.0 0.0 0.0 0.0 0.0 0.0 0.8249999999999993 1.0 1.0 1.0 0.7750000000000021 0.0 
0.0 0.0 0.0 0.0 0.0 0.0 0.0 0.0 0.0 0.0 0.0 0.0 0.0 0.0 0.8249999999999993 1.0 1.0 1.0 0.7750000000000021 0.0 
0.0 0.0 0.0 0.0 0.0 0.0 0.0 0.0 0.0 0.0 0.0 0.0 0.11249999999999663 0.8774999999999967 0.9824999999999997 1.0 1.0 1.0 0.7750000000000021 0.0 
0.0 0.38749999999999624 0.8124999999999977 1.0 1.0 0.9125000000000003 0.4874999999999977 0.06250000000000044 0.3624999999999964 0.49999999999999645 0.49999999999999645 0.6374999999999967 1.0 1.0 1.0 1.0 1.0 0.6250000000000036 0.0 0.0 
0.0 0.6974999999999999 0.9625000000000006 1.0 1.0 1.0 1.0 1.0 1.0 1.0 1.0 1.0 1.0 1.0 1.0 0.9325000000000018 0.42750000000000227 0.0 0.0 0.0 
0.0 0.0 0.18750000000000205 0.30000000000000426 0.5275000000000014 1.0 1.0 1.0 1.0 1.0 1.0 1.0 0.912500000000003 0.31750000000000567 0.30000000000000426 0.09750000000000224 0.0 0.0 0.0 0.0 
