0.0 0.0 0.0 0.0 0.08937500000000226 0.40187500000000587 1.0 1.0 1.0 1.0 1.0 1.0 1.0 1.0 1.0 0.5106250000000045 0.1306250000000031 0.0 0.0 0.0 
0.0 0.0 0.0 0.39187500000000414 0.881875000000004 1.0 1.0 1.0 1.0 1.0 1.0 1.0 1.0 1.0 1.0 1.0 0.9081250000000032 0.5156250000000049 0.0 0.0 
0.0 0.29062500000000496 0.7656250000000032 1.0 1.0 1.0 0.9906249999999994 0.671874999999995 0.6249999999999947 0.6249999999999947 0.6249999999999947 0.6249999999999947 0.6249999999999947 0.6249999999999947 0.9343749999999988 1.0 1.0 1.0 0.8593750000000026 0.34687500000000654 
0.0 0.7750000000000022 1.0 1.0 1.0 0.8381249999999976 0.07312499999999489 0.00937499999999929 0.0 0.0 0.0 0.0 0.0 0.0 0.0618749999999957 0.6993749999999973 1.0 1.0 1.0 0.9250000000000043 
0.0 0.7750000000000022 1.0 1.0 1.0 0.8249999999999984 0.0 0.0 0.0 0.0 0.0 0.0 0.0 0.0 0.0 0.6749999999999989 1.0 1.0 1.0 0.9250000000000043 
0.0 0.7750000000000022 1.0 1.0 1.0 0.8249999999999984 0.0 0.0 0.0 0.0 0.0 0.0 0.0 0.0 0.0 0.6749999999999989 1.0 1.0 1.0 0.9250000000000043 
0.5318750000000056 0.9043750000000019 1.0 1.0 1.0 0.8249999999999984 0.0 0.0 0.0 0.0 0.0 0.0 0.0 0.0 0.0 0.6749999999999989 1.0 1.0 1.0 0.9250000000000043 
0.9250000000000025 1.0 1.0 1.0 1.0 0.8249999999999984 0.0 0.0 0.0 0.0 0.0 0.0 0.0 0.0 0.0 0.6749999999999989 1.0 1.0 1.0 0.9250000000000043 
0.9250000000000025 1.0 1.0 1.0 1.0 0.8249999999999984 0.0 0.0 0.0 0.0 0.0 0.0 0.0 0.0 0.0 0.6749999999999989 1.0 1.0 1.0 0.9250000000000043 
0.9250000000000025 1.0 1.0 1.0 0.926874999999998 0.6393749999999947 0.0 0.0 0.0 0.0 0.0 0.0 0.0 0.0 0.0 0.6749999999999989 1.0 1.0 1.0 0.9250000000000043 
0.9250000000000025 1.0 1.0 1.0 0.6749999999999985 0.0 0.0 0.0 0.0 0.0 0.0 0.0 0.0 0.0 0.0 0.6749999999999989 1.0 1.0 1.0 0.9250000000000043 
0.9250000000000025 1.0 1.0 1.0 0.6749999999999985 0.0 0.0 0.0 0.0 0.0 0.0 0.0 0.0 0.0 0.0 0.6749999999999989 1.0 1.0 1.0 0.9250000000000043 
0.9250000000000025 1.0 1.0 1.0 0.6749999999999985 0.0 0.0 0.0 0.0 0.0 0.0 0.0 0.0 0.0 0.0 0.6749999999999989 1.0 1.0 1.0 0.9250000000000043 
0.9250000000000025 1.0 1.0 1.0 0.6749999999999985 0.0 0.0 0.0 0.0 0.0 0.0 0.0 0.0 0.0 0.0 0.6749999999999989 1.0 1.0 1.0 0.9250000000000043 
0.9250000000000025 1.0 1.0 1.0 0.6749999999999985 0.0 0.0 0.0 0.0 0.0 0.0 0.0 0.0 0.0 0.0 0.6749999999999989 1.0 1.0 1.0 0.9250000000000043 
0.9250000000000025 1.0 1.0 1.0 0.6749999999999985 0.0 0.0 0.0 0.0 0.0 0.0 0.0 0.0 0.0 0.0 0.6749999999999989 1.0 1.0 1.0 0.9250000000000043 
0.8556249999999996 0.9831249999999996 1.0 1.0 1.0 0.838124999999999 0.07312500000000267 0.00937500000000029 0.0 0.0 0.0 0.0 0.009375000000000355 0.07312500000000274 0.8381249999999998 1.0 1.0 1.0 0.7750000000000021 0.0 
0.0 0.7750000000000022 1.0 1.0 1.0 1.0 0.9906249999999996 0.6718750000000028 0.17187500000000064 0.0 0.26562500000000194 0.6250000000000036 0.6718750000000031 0.990625 1.0 1.0 1.0 1.0 0.7750000000000021 0.0 
0.0 0.0 0.515624999999999 0.9081249999999981 1.0 1.0 1.0 1.0 1.0 1.0 1.0 1.0 1.0 1.0 1.0 1.0 0.9081249999999981 0.5156249999999988 0.0 0.0 
0.0 0.0 0.0 0.13062499999999982 0.5106250000000001 1.0 1.0 1.0 1.0 1.0 1.0 1.0 1.0 1.0 0.4018749999999993 0.2749999999999986 0.1306249999999997 0.0 0.0 0.0 
