0.0 0.2125000000000058 0.8125000000000008 1.0 1.0 1.0 0.737500000000004 0.2500000000000071 0.2500000000000071 0.2500000000000071 0.2500000000000071 0.2500000000000071 0.2500000000000071 0.2500000000000071 0.2500000000000071 0.2500000000000071 0.2500000000000071 0.2500000000000071 0.2125000000000073 0.0 
0.0 0.849999999999999 1.0 1.0 1.0 1.0 1.0 1.0 1.0 1.0 1.0 1.0 1.0 1.0 1.0 1.0 1.0 1.0 0.850000000000005 0.0 
0.0 0.849999999999999 1.0 1.0 1.0 0.5500000000000025 0.0 0.0 0.0 0.0 0.0 0.0 0.0 0.0 0.0 0.0 0.0 0.0 0.0 0.0 
0.0 0.849999999999999 1.0 1.0 1.0 0.5500000000000025 0.0 0.0 0.0 0.0 0.0 0.0 0.0 0.0 0.0 0.0 0.0 0.0 0.0 0.0 
0.0 0.849999999999999 1.0 1.0 0.8624999999999966 0.412499999999998 0.0 0.0 0.0 0.0 0.0 0.0 0.0 0.0 0.0 0.0 0.0 0.0 0.0 0.0 
0.0 0.849999999999999 1.0 1.0 0.8625000000000044 0.41250000000000575 0.0 0.0 0.0 0.0 0.0 0.0 0.0 0.0 0.0 0.0 0.0 0.0 0.0 0.0 
0.0 0.849999999999999 1.0 1.0 1.0 0.6625000000000051 0.2500000000000071 0.2500000000000071 0.2500000000000071 0.2500000000000071 0.2500000000000071 0.2500000000000071 0.2500000000000071 0.2500000000000071 0.11250000000000435 0.0 0.0 0.0 0.0 0.0 
0.0 0.849999999999999 1.0 1.0 1.0 1.0 1.0 1.0 1.0 1.0 1.0 1.0 1.0 1.0 0.862500000000005 0.7500000000000071 0.48750000000000887 0.0 0.0 0.0 
0.0 0.849999999999999 1.0 1.0 1.0 0.8874999999999974 0.7499999999999929 0.5624999999999967 0.0 0.0 0.0 0.6374999999999911 0.7499999999999929 0.7499999999999929 0.8874999999999956 1.0 1.0 0.8125000000000058 0.2125000000000073 0.0 
0.0 0.849999999999999 1.0 1.0 0.5874999999999976 0.1374999999999967 0.0 0.0 0.0 0.0 0.0 0.0 0.0 0.0 0.13749999999999493 0.5874999999999916 1.0 1.0 0.850000000000005 0.0 
0.0 0.0 0.0 0.0 0.0 0.0 0.0 0.0 0.0 0.0 0.0 0.0 0.0 0.0 0.0 0.44999999999999396 1.0 1.0 0.8875000000000048 0.23750000000000834 
0.0 0.0 0.0 0.0 0.0 0.0 0.0 0.0 0.0 0.0 0.0 0.0 0.0 0.0 0.0 0.44999999999999396 1.0 1.0 1.0 0.9500000000000064 
0.0 0.0 0.0 0.0 0.0 0.0 0.0 0.0 0.0 0.0 0.0 0.0 0.0 0.0 0.0 0.44999999999999396 1.0 1.0 1.0 0.9500000000000064 
0.0 0.0 0.0 0.0 0.0 0.0 0.0 0.0 0.0 0.0 0.0 0.0 0.0 0.0 0.0 0.44999999999999396 1.0 1.0 1.0 0.9500000000000064 
0.23750000000000657 0.2500000000000071 0.2500000000000071 0.2500000000000071 0.11250000000000368 0.0 0.0 0.0 0.0 0.0 0.0 0.0 0.0 0.0 0.0 0.44999999999999396 1.0 1.0 1.0 0.9500000000000064 
0.9499999999999993 1.0 1.0 1.0 0.45000000000000195 0.0 0.0 0.0 0.0 0.0 0.0 0.0 0.0 0.0 0.0 0.44999999999999396 1.0 1.0 0.8875000000000026 0.23749999999999485 
0.0 0.849999999999999 1.0 1.0 0.5875000000000054 0.13750000000000454 0.0 0.0 0.0 0.0 0.0 0.0 0.0 0.0 0.13750000000000276 0.5874999999999994 1.0 1.0 0.850000000000005 0.0 
0.0 0.2124999999999937 0.8124999999999972 1.0 1.0 0.8875000000000038 0.4875000000000062 0.0 0.0 0.0 0.0 0.0 0.0 0.4875000000000009 0.8875000000000021 1.0 1.0 0.8125000000000022 0.2124999999999952 0.0 
0.0 0.0 0.0 0.4874999999999943 0.8874999999999963 1.0 1.0 1.0 1.0 1.0 1.0 1.0 1.0 1.0 1.0 0.8874999999999983 0.48749999999999966 0.0 0.0 0.0 
0.0 0.0 0.0 0.0 0.1374999999999956 0.2499999999999929 0.5124999999999937 1.0 1.0 1.0 1.0 1.0 1.0 0.5124999999999991 0.2499999999999929 0.1374999999999976 0.0 0.0 0.0 0.0 
