0.0 0.0 0.07500000000000244 0.2000000000000064 0.2000000000000064 0.7000000000000027 1.0 1.0 1.0 1.0 1.0 1.0 1.0 1.0 0.700000000000001 0.17500000000000523 0.025000000000000445 0.0 0.0 0.0 
0.0 0.0 0.3750000000000002 1.0 1.0 1.0 1.0 0.9249999999999987 0.47499999999999415 0.3999999999999939 0.6249999999999967 1.0 1.0 1.0 1.0 0.9500000000000001 0.6500000000000046 0.22500000000000123 0.0 0.0 
5.051514762044462e-15 0.6250000000000022 1.0 1.0 1.0 0.37499999999999956 0.0 0.0 0.0 0.0 0.0 0.0 0.0 0.6249999999999981 0.9999999999999964 1.0 1.0 1.0 0.6249999999999982 0.0 
0.875 1.0 1.0 0.9499999999999991 0.6499999999999948 0.2249999999999976 0.0 0.0 0.0 0.0 0.0 0.0 0.0 0.0 0.3750000000000018 1.0 1.0 1.0 0.775000000000001 0.35000000000000425 
0.875 1.0 1.0 0.8749999999999996 0.12499999999999956 0.0 0.0 0.0 0.0 0.0 0.0 0.0 0.0 0.0 0.07499999999999843 0.29999999999999694 0.9000000000000008 1.0 1.0 0.8749999999999982 
0.0 0.0 0.0 0.0 0.0 0.0 0.0 0.0 0.0 0.0 0.0 0.0 0.0 0.0 0.07500000000000209 0.3000000000000055 0.900000000000002 1.0 0.9249999999999979 0.6999999999999945 
0.0 0.0 0.0 0.0 0.0 0.0 0.0 0.0 0.0 0.0 0.0 0.0 0.0 0.0 0.3750000000000018 1.0 1.0 1.0 0.6249999999999982 0.0 
0.0 0.0 0.0 0.0 0.0 0.0 0.0 0.0 0.0 0.0 0.0 4.440892098500689e-16 3.1086244689504446e-15 0.6250000000000031 1.0 1.0 1.0 0.9999999999999978 0.624999999999996 0.0 
0.0 0.0 0.0 0.0 0.0 0.0 0.0 0.0 0.0 0.0 0.0 0.12500000000000178 0.8750000000000018 1.0 1.0 0.9499999999999988 0.6499999999999959 0.22499999999999748 0.0 0.0 
0.0 0.0 0.0 0.0 0.0 0.0 0.0 0.0 0.0 0.0 0.3000000000000023 0.8250000000000041 0.9750000000000009 1.0 1.0 0.8749999999999982 0.12499999999999822 0.0 0.0 0.0 
0.0 0.0 0.0 0.0 0.0 0.0 0.0 0.0 0.0 0.6250000000000009 1.0 1.0 1.0 0.8749999999999979 0.4999999999999968 0.0 0.0 0.0 0.0 0.0 
0.0 0.0 0.0 0.0 0.0 0.0 0.0 0.07500000000000093 0.5250000000000034 0.8500000000000015 1.0 0.9249999999999985 0.47499999999999615 0.14999999999999808 0.0 0.0 0.0 0.0 0.0 0.0 
0.0 0.0 0.0 0.0 0.0 0.0 0.3750000000000009 1.0 1.0 1.0 0.9999999999999987 0.8749999999999951 0.12499999999999778 0.0 0.0 0.0 0.0 0.0 0.0 0.0 
0.0 0.0 0.0 0.0 0.0 0.2500000000000015 0.6250000000000019 1.0 1.0 0.7499999999999983 0.3749999999999981 0.0 0.0 0.0 0.0 0.0 0.0 0.0 0.0 0.0 
0.0 0.0 0.0 0.10000000000000045 0.700000000000001 0.9250000000000004 1.0 1.0 1.0 0.3749999999999991 0.0 0.0 0.0 0.0 0.0 0.0 0.0 0.0 0.0 0.0 
0.0 0.0 0.07500000000000111 0.3000000000000028 0.9000000000000007 1.0 0.9249999999999987 0.6999999999999968 0.09999999999999894 0.0 0.0 0.0 0.0 0.0 0.0 0.0 0.0 0.0 0.0 0.0 
0.0 0.37500000000000094 0.750000000000001 1.0 1.0 1.0 0.6249999999999991 0.0 0.0 0.0 0.0 0.0 0.0 0.0 0.0 0.0 0.0 0.0 0.0 0.0 
0.0 0.6250000000000001 1.0 1.0 1.0 1.0 0.6249999999999991 0.0 0.0 0.0 0.0 0.0 0.0 0.0 0.0 0.0 0.0 0.0 0.0 0.0 
0.875 1.0 1.0 1.0 1.0 1.0 0.7750000000000002 0.40000000000000213 0.40000000000000213 0.40000000000000213 0.40000000000000213 0.40000000000000213 0.40000000000000213 0.40000000000000213 0.40000000000000213 0.40000000000000213 0.40000000000000213 0.40000000000000213 0.40000000000000213 0.35000000000000114 
0.875 1.0 1.0 1.0 1.0 1.0 1.0 1.0 1.0 1.0 1.0 1.0 1.0 1.0 1.0 1.0 1.0 1.0 1.0 0.8749999999999982 
