0.0 0.0 0.0 0.0 0.0 0.0 0.0 0.0 0.0 0.05000000000000604 0.9500000000000064 1.0 1.0 1.0 0.4499999999999922 0.0 0.0 0.0 0.0 0.0 
0.0 0.0 0.0 0.0 0.0 0.0 0.0 0.0 0.1012500000000039 0.6912500000000062 0.9837500000000023 1.0 1.0 1.0 0.4499999999999922 0.0 0.0 0.0 0.0 0.0 
0.0 0.0 0.0 0.0 0.0 0.0 0.0 0.0 0.1500000000000048 1.0 1.0 1.0 1.0 1.0 1.0 0.5499999999999918 0.0 0.0 0.0 0.0 
0.0 0.0 0.0 0.0 0.0 0.0 0.0 0.14375000000000349 0.6387500000000053 1.0 1.0 1.0 1.0 1.0 1.0 0.5499999999999918 0.0 0.0 0.0 0.0 
0.0 0.0 0.0 0.0 0.0 0.0 0.0 0.25000000000000444 1.0 1.0 1.0 1.0 1.0 1.0 1.0 0.5499999999999918 0.0 0.0 0.0 0.0 
0.0 0.0 0.0 0.0 0.0 0.0 0.16625000000000276 0.6062500000000041 1.0 1.0 1.0 1.0 1.0 1.0 1.0 0.5499999999999918 0.0 0.0 0.0 0.0 
0.0 0.0 0.0 0.0 0.0 0.0 0.3500000000000041 1.0 1.0 1.0 1.0 1.0 1.0 1.0 1.0 0.9662500000000005 0.6012499999999937 0.0 0.0 0.0 
0.0 0.0 0.0 0.0 0.0 0.1687500000000022 0.5937500000000038 1.0 1.0 0.9812499999999976 0.6437499999999959 0.09374999999999552 0.7500000000000071 1.0 1.0 1.0 0.6499999999999915 0.0 0.0 0.0 
0.0 0.0 0.0 0.0 0.0 0.45000000000000373 1.0 1.0 1.0 0.949999999999994 0.049999999999993605 0.0 0.13125000000000045 0.7112500000000058 1.0 1.0 0.6499999999999915 0.0 0.0 0.0 
0.0 0.0 0.0 0.0 0.151250000000001 0.601250000000003 1.0 1.0 0.8499999999999952 0.0 0.0 0.0 0.0 0.6500000000000075 1.0 1.0 0.6499999999999915 0.0 0.0 0.0 
0.0 0.0 0.0 0.0 0.5500000000000029 1.0 1.0 1.0 0.8499999999999952 0.0 0.0 0.0 0.0 0.6500000000000075 1.0 1.0 0.9037499999999975 0.5437499999999933 0.0 0.0 
0.0 0.0 0.0 0.1137499999999986 0.6287500000000011 1.0 1.0 0.7499999999999956 0.0 0.0 0.0 0.0 0.0 0.6500000000000075 1.0 1.0 1.0 0.7499999999999911 0.0 0.0 
0.0 0.0 0.0 0.6500000000000026 1.0 1.0 1.0 0.7499999999999956 0.0 0.0 0.0 0.0 0.0 0.2437500000000028 0.7187500000000049 1.0 1.0 0.7499999999999911 0.0 0.0 
0.0 0.0 0.05624999999999962 0.6762500000000021 1.0 1.0 0.6499999999999959 0.0 0.0 0.0 0.0 0.0 0.0 0.0 0.5500000000000078 1.0 1.0 0.7499999999999911 0.0 0.0 
0.0 0.0 0.750000000000002 1.0 1.0 1.0 0.6499999999999959 0.0 0.0 0.0 0.0 0.0 0.0 0.0 0.5500000000000078 1.0 1.0 0.8812499999999954 0.4462499999999921 0.0 
0.0 0.0 0.750000000000002 1.0 1.0 1.0 0.6499999999999959 0.0 0.0 0.0 0.0 0.0 0.0 0.6337500000000059 0.9887499999999992 1.0 1.0 1.0 0.8499999999999872 0.0 
0.0 0.36124999999999824 0.8562500000000004 1.0 1.0 1.0 1.0 1.0 1.0 1.0 1.0 1.0 1.0 1.0 1.0 1.0 1.0 1.0 0.8499999999999872 0.0 
0.0 0.8500000000000015 1.0 1.0 1.0 0.6062499999999984 0.12500000000000355 0.12500000000000355 0.12500000000000355 0.12500000000000355 0.12500000000000355 0.12500000000000355 0.12500000000000355 0.12500000000000355 0.6062500000000084 1.0 1.0 1.0 0.8499999999999872 0.0 
0.3087499999999963 0.8987500000000004 1.0 1.0 0.44999999999999707 0.0 0.0 0.0 0.0 0.0 0.0 0.0 0.0 0.0 0.0 0.45000000000000817 1.0 1.0 0.8987499999999907 0.30874999999999225 
0.9500000000000011 1.0 1.0 0.49625000000000125 0.10125000000000157 0.0 0.0 0.0 0.0 0.0 0.0 0.0 0.0 0.0 0.0 0.45000000000000817 1.0 1.0 1.0 0.9499999999999886 
