0.0 0.0 0.0 0.0 0.41249999999999465 0.8624999999999955 1.0 0.8125000000000038 0.2500000000000071 0.2500000000000071 0.2500000000000071 0.8874999999999982 0.8124999999999956 0.26250000000000123 0.0 0.0 0.0 0.0 0.0 0.0 
0.0 0.0 0.0 0.0 0.0 0.4499999999999975 1.0 1.0 1.0 1.0 1.0 1.0 0.8125000000000062 0.26250000000000623 0.0 0.0 0.0 0.0 0.0 0.0 
0.0 0.0 0.187500000000005 0.7375000000000014 1.0 1.0 1.0 1.0 1.0 1.0 1.0 1.0 1.0 1.0 0.5875000000000073 0.2500000000000071 0.16250000000000603 0.0 0.0 0.0 
0.0 0.6375000000000053 0.9375000000000014 1.0 1.0 1.0 0.7374999999999992 0.2499999999999929 0.2499999999999929 0.2499999999999929 0.2499999999999929 0.2499999999999929 0.8124999999999956 1.0 1.0 1.0 0.9125000000000039 0.5625000000000093 0.0 0.0 
0.9499999999999993 1.0 1.0 1.0 0.45000000000000195 0.0 0.0 0.0 0.0 0.0 0.0 0.0 0.0 0.0 0.41249999999999265 0.8624999999999946 1.0 0.8125000000000058 0.2125000000000073 0.0 
0.9499999999999993 1.0 1.0 0.5124999999999964 0.1124999999999973 0.0 0.0 0.0 0.0 0.0 0.0 0.0 0.0 0.0 0.0 0.44999999999999396 1.0 1.0 0.850000000000005 0.0 
0.9499999999999993 1.0 1.0 0.3500000000000014 0.0 0.0 0.0 0.0 0.0 0.0 0.0 0.0 0.0 0.0 0.0 0.33749999999999225 0.48749999999999966 0.0 0.0 0.0 
0.9499999999999993 1.0 1.0 0.837500000000005 0.3375000000000047 0.0 0.0 0.0 0.0 0.0 0.0 0.0 0.0 0.0 0.0 0.0 0.0 0.0 0.0 0.0 
0.0 0.849999999999999 1.0 1.0 1.0 0.6625000000000051 0.16250000000000514 0.0 0.0 0.0 0.0 0.0 0.0 0.0 0.0 0.0 0.0 0.0 0.0 0.0 
0.0 0.2124999999999937 0.8124999999999972 1.0 1.0 1.0 0.912500000000003 0.7500000000000071 0.7500000000000071 0.7125000000000089 0.03750000000000355 0.0 0.0 0.0 0.0 0.0 0.0 0.0 0.0 0.0 
0.0 0.0 0.0 0.0 0.41249999999999465 0.8624999999999955 1.0 1.0 1.0 1.0 1.0 1.0 1.0 0.5125000000000084 0.2500000000000071 0.13750000000000542 0.0 0.0 0.0 0.0 
0.0 0.0 0.0 0.0 0.0 0.11249999999999619 0.2499999999999929 0.2499999999999929 0.2499999999999929 0.2874999999999911 0.9624999999999965 1.0 1.0 1.0 1.0 0.8875000000000047 0.7500000000000071 0.5625000000000093 0.0 0.0 
0.0 0.0 0.0 0.0 0.0 0.0 0.0 0.0 0.0 0.0 0.0 0.0 0.0 0.48749999999999166 0.7499999999999929 0.8624999999999946 1.0 1.0 0.850000000000005 0.0 
0.0 0.0 0.0 0.0 0.0 0.0 0.0 0.0 0.0 0.0 0.0 0.0 0.0 0.0 0.0 0.1124999999999953 0.5124999999999911 1.0 0.9625000000000024 0.7125000000000116 
0.0 0.0 0.0 0.0 0.0 0.0 0.0 0.0 0.0 0.0 0.0 0.0 0.0 0.0 0.0 0.0 0.3499999999999943 1.0 1.0 0.9500000000000064 
0.0 0.6375000000000053 0.7500000000000071 0.7500000000000071 0.3375000000000047 0.0 0.0 0.0 0.0 0.0 0.0 0.0 0.0 0.0 0.0 0.0 0.3499999999999943 1.0 1.0 0.9500000000000064 
0.0 0.6374999999999932 0.9374999999999979 1.0 1.0 0.6625000000000051 0.16250000000000514 0.0 0.0 0.0 0.0 0.0 0.0 0.0 0.0 0.11250000000000168 0.5125000000000004 1.0 1.0 0.9500000000000064 
0.0 0.0 0.7499999999999987 1.0 1.0 1.0 0.912500000000003 0.5625000000000073 0.0 0.0 0.0 0.0 0.0 0.4875000000000009 0.7500000000000071 0.8625000000000024 1.0 1.0 0.8875000000000026 0.23749999999999485 
0.0 0.0 0.0 0.4874999999999943 0.7499999999999929 0.8624999999999955 1.0 1.0 1.0 1.0 1.0 1.0 1.0 1.0 1.0 1.0 0.912499999999999 0.5624999999999987 0.0 0.0 
0.0 0.0 0.0 0.0 0.0 0.11249999999999619 0.2499999999999929 0.2499999999999929 0.36249999999999155 1.0 1.0 1.0 1.0 0.5124999999999991 0.2499999999999929 0.2499999999999929 0.1624999999999968 0.0 0.0 0.0 
