0.0 0.0 0.0 0.0 0.0 0.0 0.1274999999999967 0.26249999999999374 0.527499999999994 0.8424999999999964 1.0 1.0 1.0 1.0 1.0 1.0 1.0 0.6250000000000053 0.17500000000000604 0.0 
0.0 0.0 0.0 0.06749999999999858 0.472499999999996 0.8774999999999934 0.9424999999999968 0.9874999999999992 1.0 1.0 1.0 1.0 1.0 1.0 1.0 1.0 1.0 0.6250000000000053 0.17500000000000604 0.0 
0.36249999999999694 0.5874999999999964 0.812499999999998 1.0 1.0 1.0 1.0 1.0 1.0 1.0 1.0 1.0 1.0 1.0 1.0 1.0 1.0 0.6250000000000053 0.17500000000000604 0.0 
0.7249999999999996 1.0 1.0 1.0 1.0 1.0 1.0 1.0 1.0 1.0 1.0 1.0 1.0 1.0 1.0 1.0 1.0 0.6625000000000036 0.25750000000000295 0.0724999999999983 
0.7249999999999996 1.0 1.0 0.9475000000000009 0.6325000000000018 0.3175000000000027 0.3000000000000016 0.3000000000000016 0.3000000000000016 0.3000000000000016 0.45749999999999913 0.7724999999999985 1.0 1.0 1.0 1.0 1.0 1.0 1.0 0.725000000000005 
0.0 0.0 0.0 0.0 0.0 0.0 0.0 0.0 0.0 0.0 0.22499999999999698 0.6749999999999972 1.0 1.0 1.0 1.0 1.0 1.0 1.0 0.725000000000005 
0.0 0.0 0.0 0.0 0.0 0.0 0.0 0.0 0.0 0.0 0.22499999999999698 0.6749999999999972 1.0 1.0 1.0 1.0 1.0 1.0 1.0 0.725000000000005 
0.0 0.0 0.0 0.0 0.0 0.0 0.0 0.0 0.0 0.0 0.22499999999999698 0.6749999999999972 1.0 1.0 1.0 1.0 1.0 1.0 1.0 0.725000000000005 
0.0 0.0 0.0 0.0 0.0 0.0 0.0 0.0 0.0 0.0 0.22499999999999698 0.6749999999999972 1.0 1.0 1.0 1.0 1.0 1.0 1.0 0.725000000000005 
0.0 0.0 0.0 0.0 0.0 0.0 0.0 0.0 0.0 0.0 0.22499999999999698 0.6749999999999972 1.0 1.0 1.0 1.0 1.0 1.0 1.0 0.725000000000005 
0.0 0.0 0.0 0.0 0.0 0.0 0.0 0.0 0.0 0.0 0.22499999999999698 0.6749999999999972 1.0 1.0 1.0 1.0 1.0 1.0 1.0 0.725000000000005 
0.0 0.0 0.0 0.0 0.0 0.0 0.0 0.0 0.0 0.0 0.22499999999999698 0.6749999999999972 1.0 1.0 1.0 1.0 1.0 1.0 1.0 0.725000000000005 
0.0 0.0 0.0 0.0 0.0 0.0 0.0 0.0 0.0 0.0 0.22499999999999698 0.6749999999999972 1.0 1.0 1.0 1.0 1.0 1.0 1.0 0.725000000000005 
0.0 0.0 0.0 0.0 0.0 0.0 0.0 0.0 0.0 0.0 0.22499999999999698 0.6749999999999972 1.0 1.0 1.0 1.0 1.0 1.0 1.0 0.725000000000005 
0.0 0.0 0.0 0.0 0.0 0.0 0.0 0.0 0.0 0.0 0.22499999999999698 0.6749999999999972 1.0 1.0 1.0 1.0 1.0 1.0 1.0 0.725000000000005 
0.0 0.0 0.0 0.0 0.0 0.0 0.0 0.0 0.0 0.0 0.22499999999999698 0.6749999999999972 1.0 1.0 1.0 1.0 1.0 1.0 1.0 0.725000000000005 
0.0 0.0 0.0 0.0 0.0 0.0 0.0 0.0 0.0 0.0 0.22499999999999698 0.6749999999999972 1.0 1.0 1.0 1.0 1.0 1.0 1.0 0.725000000000005 
0.0 0.0 0.0 0.0 0.0 0.0 0.0 0.0 0.0 0.0 0.22499999999999698 0.6749999999999972 1.0 1.0 1.0 1.0 1.0 1.0 1.0 0.725000000000005 
0.0 0.0 0.0 0.0 0.0 0.0 0.0 0.0 0.0 0.0 0.22499999999999698 0.6749999999999972 1.0 1.0 1.0 1.0 1.0 1.0 1.0 0.725000000000005 
0.0 0.0 0.0 0.0 0.0 0.0 0.0 0.0 0.0 0.0 0.22499999999999698 0.6749999999999972 1.0 1.0 1.0 1.0 1.0 1.0 1.0 0.725000000000005 
