0.0 0.0 0.0 0.0 0.0 0.7249999999999979 1.0 1.0 0.5687499999999992 0.24999999999999645 0.6062499999999965 1.0 0.9062500000000013 0.506250000000003 0.0 0.0 0.0 0.0 0.0 0.0 
0.0 0.0 0.0 0.0 0.0 0.7249999999999979 1.0 1.0 1.0 1.0 1.0 1.0 0.625 0.0 0.0 0.0 0.0 0.0 0.0 0.0 
0.0 0.0 0.0 0.20624999999999755 0.8312499999999977 1.0 1.0 1.0 1.0 1.0 1.0 1.0 1.0 1.0 0.7937500000000005 0.24999999999999778 0.206249999999998 0.0 0.0 0.0 
0.0 0.0 0.6562499999999964 0.956249999999999 1.0 1.0 1.0 0.5312500000000024 0.2500000000000018 0.2500000000000018 0.2500000000000018 0.5687500000000015 1.0 1.0 1.0 1.0 0.8249999999999993 0.0 0.0 0.0 
0.0 0.9249999999999972 1.0 1.0 1.0 0.27500000000000213 0.0 0.0 0.0 0.0 0.0 0.0 0.0 0.24374999999999974 0.8187500000000003 1.0 1.0 0.9062499999999999 0.23124999999999934 0.0 
0.7312499999999977 0.9812499999999993 1.0 1.0 0.41875000000000173 0.06875000000000053 0.0 0.0 0.0 0.0 0.0 0.0 0.0 0.0 0.2749999999999986 1.0 1.0 1.0 0.9250000000000007 0.0 
0.7312499999999977 0.9812499999999993 1.0 1.0 0.2250000000000023 0.0 0.0 0.0 0.0 0.0 0.0 0.0 0.0 0.0 0.0 0.16875000000000107 0.75 0.75 0.6937500000000005 0.0 
0.0 0.9249999999999972 1.0 1.0 0.8062500000000019 0.2062500000000021 0.0 0.0 0.0 0.0 0.0 0.0 0.0 0.0 0.0 0.0 0.0 0.0 0.0 0.0 
0.0 0.6937499999999962 0.9687499999999991 1.0 1.0 0.4562500000000029 0.08125000000000107 0.0 0.0 0.0 0.0 0.0 0.0 0.0 0.0 0.0 0.0 0.0 0.0 0.0 
0.0 0.0 0.21874999999999778 0.8687499999999978 1.0 1.0 0.8312500000000017 0.7500000000000018 0.7500000000000018 0.3562500000000019 0.0 0.0 0.0 0.0 0.0 0.0 0.0 0.0 0.0 0.0 
0.0 0.0 0.0 0.0 0.5812499999999955 0.7499999999999964 0.9187499999999984 1.0 1.0 1.0 1.0 1.0 1.0 0.7562500000000016 0.25000000000000355 0.1937500000000024 0.0 0.0 0.0 0.0 
0.0 0.0 0.0 0.0 0.0 0.0 0.16874999999999712 0.24999999999999645 0.24999999999999645 0.6437499999999973 1.0 1.0 1.0 1.0 1.0 0.9437500000000004 0.7500000000000036 0.6562500000000031 0.0 0.0 
0.0 0.0 0.0 0.0 0.0 0.0 0.0 0.0 0.0 0.0 0.0 0.0 0.28124999999999867 0.7499999999999964 0.8187499999999971 1.0 1.0 1.0 0.9250000000000007 0.0 
0.0 0.0 0.0 0.0 0.0 0.0 0.0 0.0 0.0 0.0 0.0 0.0 0.0 0.0 0.06874999999999867 0.4187499999999983 1.0 1.0 0.9812500000000004 0.7312500000000018 
0.0 0.0 0.0 0.0 0.0 0.0 0.0 0.0 0.0 0.0 0.0 0.0 0.0 0.0 0.0 0.22500000000000142 1.0 1.0 1.0 0.9749999999999979 
0.0 0.6937500000000044 0.7500000000000071 0.7500000000000071 0.7500000000000071 0.20625000000000354 0.0 0.0 0.0 0.0 0.0 0.0 0.0 0.0 0.0 0.22500000000000142 1.0 1.0 1.0 0.9749999999999979 
0.0 0.0 0.8749999999999973 1.0 1.0 1.0 0.49375000000000624 0.09375000000000311 0.0 0.0 0.0 0.0 0.0 0.0 0.0687500000000016 0.41875000000000656 1.0 1.0 1.0 0.9749999999999979 
0.0 0.0 0.21874999999999312 0.8687499999999969 1.0 1.0 1.0 0.8437500000000049 0.3187500000000042 0.0 0.0 0.0 0.0 0.24375000000000177 0.8187500000000048 1.0 1.0 1.0 0.94375 0.24374999999999253 
0.0 0.0 0.0 0.0 0.5812499999999927 0.9312499999999975 1.0 1.0 1.0 1.0 1.0 1.0 1.0 1.0 1.0 1.0 0.9562499999999986 0.6562499999999938 0.0 0.0 
0.0 0.0 0.0 0.0 0.0 0.18124999999999175 0.24999999999998934 0.7187499999999947 1.0 1.0 1.0 1.0 1.0 1.0 0.7937499999999982 0.24999999999998934 0.20624999999999102 0.0 0.0 0.0 
