0.0 0.0 0.0 0.02500000000000089 0.17500000000000568 0.2000000000000064 0.5000000000000047 1.0 1.0 1.0 1.0 1.0 1.0 1.0 1.0 0.8999999999999994 0.30000000000000415 0.07500000000000204 0.0 0.0 
0.0 0.0 0.22500000000000242 0.6500000000000055 0.950000000000001 1.0 1.0 1.0 1.0 0.6249999999999957 0.3999999999999939 0.47499999999999576 0.9250000000000003 1.0 1.0 1.0 1.0 0.7500000000000031 0.3750000000000027 0.0 
0.0 0.6250000000000001 1.0 1.0 1.0 0.9999999999999963 0.6249999999999956 0.0 0.0 0.0 0.0 0.0 0.0 0.0 0.3749999999999996 0.999999999999995 0.9999999999999993 1.0 1.0 0.8749999999999982 
0.0 0.6250000000000001 1.0 1.0 1.0 0.37499999999999956 0.0 0.0 0.0 0.0 0.0 0.0 0.0 0.0 0.0 0.12500000000000178 0.8750000000000018 1.0 1.0 0.8749999999999982 
0.7000000000000045 0.9250000000000019 1.0 0.899999999999999 0.29999999999999516 0.07499999999999798 0.0 0.0 0.0 0.0 0.0 0.0 0.0 0.0 0.0 0.12500000000000178 0.8750000000000018 1.0 1.0 0.8749999999999982 
0.875 1.0 1.0 0.8749999999999996 0.12499999999999956 0.0 0.0 0.0 0.0 0.0 0.0 0.0 0.0 0.0 0.0 0.12500000000000178 0.8750000000000018 1.0 1.0 0.8749999999999982 
0.875 1.0 1.0 0.8749999999999996 0.12499999999999956 0.0 0.0 0.0 0.0 0.0 0.0 0.0 0.0 0.0 0.0 0.12500000000000178 0.8750000000000018 1.0 1.0 0.8749999999999982 
0.8749999999999969 0.9999999999999987 1.0 0.875 0.12500000000000266 1.3322676295501863e-15 0.0 0.0 0.0 0.0 0.0 0.0 0.0 0.0 0.0 0.12500000000000178 0.8750000000000018 1.0 1.0 0.8749999999999982 
0.0 0.6250000000000001 1.0 1.0 1.0 0.6250000000000022 0.2500000000000021 0.0 0.0 0.0 0.0 0.0 0.0 0.0 0.1500000000000022 0.4750000000000045 0.9250000000000016 1.0 1.0 0.8749999999999982 
0.0 0.12499999999999736 0.4999999999999975 1.0 1.0 1.0 0.9250000000000014 0.7000000000000031 0.09999999999999983 0.0 0.0 0.0 0.0 0.5000000000000041 0.875000000000003 1.0 1.0 1.0 1.0 0.8749999999999982 
0.0 0.0 0.0 0.1 0.6999999999999978 0.7999999999999972 0.8749999999999984 1.0 1.0 1.0 1.0 1.0 1.0 0.8749999999999979 0.7999999999999972 0.8249999999999978 0.975 1.0 1.0 0.8749999999999982 
0.0 0.0 0.0 0.0 0.0 0.0 0.14999999999999916 0.3999999999999968 0.3999999999999968 0.3999999999999968 0.3999999999999968 0.3999999999999968 0.3999999999999968 0.14999999999999808 0.0 0.12500000000000178 0.8750000000000018 1.0 1.0 0.8749999999999982 
0.0 0.0 0.0 0.0 0.0 0.0 0.0 0.0 0.0 0.0 0.0 0.0 0.0 0.0 0.0 0.12500000000000178 0.8750000000000018 1.0 1.0 0.8749999999999982 
0.0 0.0 0.0 0.0 0.0 0.0 0.0 0.0 0.0 0.0 0.0 0.0 0.0 0.0 0.0 0.12500000000000178 0.8750000000000018 1.0 1.0 0.8749999999999982 
0.0 0.0 0.0 0.0 0.0 0.0 0.0 0.0 0.0 0.0 0.0 0.0 0.0 0.0 0.0 0.12500000000000178 0.8750000000000018 1.0 1.0 0.8749999999999982 
0.875 1.0 1.0 0.8749999999999996 0.12499999999999956 0.0 0.0 0.0 0.0 0.0 0.0 0.0 0.0 0.0 0.0 0.12500000000000178 0.8750000000000018 1.0 1.0 0.8749999999999982 
0.875 1.0 1.0 0.95 0.650000000000001 0.22500000000000026 0.0 0.0 0.0 0.0 0.0 0.0 0.0 0.0 0.0 0.12500000000000178 0.8750000000000018 1.0 1.0 0.8749999999999982 
0.0 0.6250000000000001 1.0 1.0 1.0 0.37499999999999956 0.0 0.0 0.0 0.0 0.0 0.0 0.0 0.0 0.3750000000000018 1.0 1.0 1.0 0.6249999999999982 0.0 
0.0 0.0 0.22499999999999934 0.6499999999999984 0.95 1.0 0.7750000000000002 0.40000000000000213 0.40000000000000213 0.40000000000000213 0.40000000000000213 0.40000000000000213 0.40000000000000213 0.7750000000000019 1.0 1.0 1.0 0.749999999999998 0.3749999999999976 0.0 
0.0 0.0 0.0 0.025 0.17499999999999946 0.7000000000000001 1.0 1.0 1.0 1.0 1.0 1.0 1.0 1.0 0.6999999999999983 0.1999999999999993 0.1999999999999993 0.07499999999999937 0.0 0.0 
