0.20812500000000517 0.8256250000000027 0.5156250000000019 0.5931250000000033 1.0 1.0 1.0 1.0 1.0 1.0 1.0 1.0 1.0 1.0 0.3606250000000074 0.22500000000000497 0.6318749999999985 0.709375000000006 0.17437500000000514 0.0 
0.9250000000000025 1.0 1.0 1.0 1.0 1.0 1.0 1.0 1.0 1.0 1.0 1.0 1.0 1.0 1.0 1.0 1.0 1.0 0.7750000000000057 0.0 
0.9250000000000025 1.0 1.0 0.9406249999999979 0.5906249999999967 0.0 0.0 0.0 0.0 0.0 0.0 0.0 0.0 0.0 0.0 0.0 0.0 0.0 0.0 0.0 
0.9250000000000025 1.0 1.0 0.524999999999999 0.0 0.0 0.0 0.0 0.0 0.0 0.0 0.0 0.0 0.0 0.0 0.0 0.0 0.0 0.0 0.0 
0.9250000000000025 1.0 1.0 0.524999999999999 0.0 0.0 0.0 0.0 0.0 0.0 0.0 0.0 0.0 0.0 0.0 0.0 0.0 0.0 0.0 0.0 
0.9250000000000025 1.0 1.0 0.524999999999999 0.0 0.0 0.0 0.0 0.0 0.0 0.0 0.0 0.0 0.0 0.0 0.0 0.0 0.0 0.0 0.0 
0.9250000000000025 1.0 1.0 0.524999999999999 0.0 0.0 0.0 0.0 0.0 0.0 0.0 0.0 0.0 0.0 0.0 0.0 0.0 0.0 0.0 0.0 
0.9250000000000025 1.0 1.0 1.0 1.0 1.0 1.0 1.0 1.0 1.0 1.0 1.0 1.0 1.0 1.0 0.5781250000000041 0.1781250000000027 0.0 0.0 0.0 
0.9250000000000025 1.0 1.0 1.0 1.0 0.855625 0.17499999999999893 0.17499999999999893 0.17499999999999893 0.17499999999999893 0.17499999999999893 0.17499999999999893 0.2781249999999961 0.9793749999999968 1.0 1.0 0.9081250000000014 0.5156250000000051 0.0 0.0 
0.6706250000000015 0.7249999999999996 0.7249999999999996 0.7249999999999996 0.4893749999999993 0.0 0.0 0.0 0.0 0.0 0.0 0.0 0.0 0.0 0.5981249999999966 0.9106249999999986 1.0 1.0 0.7750000000000057 0.0 
0.0 0.0 0.0 0.0 0.0 0.0 0.0 0.0 0.0 0.0 0.0 0.0 0.0 0.0 0.0 0.6749999999999954 1.0 1.0 0.9381250000000014 0.6706250000000028 
0.0 0.0 0.0 0.0 0.0 0.0 0.0 0.0 0.0 0.0 0.0 0.0 0.0 0.0 0.0 0.0 0.524999999999995 1.0 1.0 0.9250000000000043 
0.0 0.0 0.0 0.0 0.0 0.0 0.0 0.0 0.0 0.0 0.0 0.0 0.0 0.0 0.0 0.0 0.524999999999995 1.0 1.0 0.9250000000000043 
0.0 0.0 0.0 0.0 0.0 0.0 0.0 0.0 0.0 0.0 0.0 0.0 0.0 0.0 0.0 0.0 0.524999999999995 1.0 1.0 0.9250000000000043 
0.485625 0.11812499999999862 0.32812499999999994 0.27562499999999873 0.0 0.0 0.0 0.0 0.0 0.0 0.0 0.0 0.0 0.0 0.0 0.0 0.524999999999995 1.0 1.0 0.9250000000000043 
0.9250000000000025 0.9806249999999983 0.9906249999999992 0.524999999999999 0.0 0.0 0.0 0.0 0.0 0.0 0.0 0.0 0.0 0.0 0.0 0.0 0.524999999999995 1.0 1.0 0.9250000000000043 
0.9250000000000025 1.0 1.0 0.7268749999999982 0.2868749999999978 0.0 0.0 0.0 0.0 0.0 0.0 0.0 0.0 0.0 0.0 0.6749999999999954 1.0 1.0 0.904375000000003 0.5318750000000051 
0.1156250000000036 0.8031250000000025 1.0 1.0 0.6749999999999994 0.0 0.0 0.0 0.0 0.0 0.0 0.0 0.0 0.0 0.7218749999999934 0.9593749999999983 1.0 1.0 0.7750000000000057 0.0 
0.0 0.0 0.4218750000000037 0.8293750000000025 1.0 1.0 0.9831250000000002 0.4093749999999969 0.32499999999999574 0.32499999999999574 0.32499999999999574 0.5106249999999948 1.0 1.0 1.0 1.0 0.8293750000000039 0.4218750000000063 0.0 0.0 
0.0 0.0 0.0 0.10687500000000258 0.4768750000000038 1.0 1.0 1.0 1.0 1.0 1.0 1.0 1.0 1.0 0.3606250000000074 0.22500000000000497 0.10687500000000348 0.0 0.0 0.0 
