0.0 0.0 0.0 0.0 0.13750000000000343 0.2500000000000071 0.2500000000000071 0.43750000000000333 1.0 1.0 1.0 0.362500000000009 0.2500000000000071 0.2500000000000071 0.2500000000000071 0.13750000000000542 0.0 0.0 0.0 0.0 
0.0 0.0 0.0 0.48750000000000354 0.8875000000000027 1.0 1.0 1.0 1.0 1.0 1.0 1.0 1.0 1.0 1.0 0.8875000000000047 0.48750000000000887 0.0 0.0 0.0 
0.0 0.2125000000000058 0.8125000000000008 1.0 0.8624999999999966 0.7499999999999929 0.487499999999997 0.0 0.0 0.0 0.0 0.0 0.562499999999992 0.7499999999999929 0.8874999999999956 1.0 1.0 0.8125000000000058 0.2125000000000073 0.0 
0.7125000000000062 0.9625000000000008 1.0 1.0 0.45000000000000195 0.0 0.0 0.0 0.0 0.0 0.0 0.0 0.0 0.0 0.13749999999999493 0.5874999999999916 1.0 1.0 0.850000000000005 0.0 
0.9499999999999993 1.0 1.0 0.8374999999999957 0.33749999999999825 0.0 0.0 0.0 0.0 0.0 0.0 0.0 0.0 0.0 0.0 0.44999999999999396 1.0 1.0 0.850000000000005 0.0 
0.9499999999999993 1.0 1.0 0.3500000000000014 0.0 0.0 0.0 0.0 0.0 0.0 0.0 0.0 0.0 0.0 0.0 0.1124999999999953 0.2499999999999929 0.2499999999999929 0.2124999999999952 0.0 
0.9499999999999993 1.0 1.0 0.3500000000000014 0.0 0.0 0.0 0.0 0.0 0.0 0.0 0.0 0.0 0.0 0.0 0.0 0.0 0.0 0.0 0.0 
0.9499999999999993 1.0 1.0 0.3500000000000014 0.0 0.0 0.0 0.0 0.0 0.0 0.0 0.0 0.0 0.0 0.0 0.0 0.0 0.0 0.0 0.0 
0.9499999999999993 1.0 1.0 0.5125000000000057 0.11250000000000368 0.0 0.08750000000000195 0.2500000000000071 0.2500000000000071 0.2500000000000071 0.2500000000000071 0.2500000000000071 0.2500000000000071 0.2500000000000071 0.11250000000000435 0.0 0.0 0.0 0.0 0.0 
0.9499999999999993 1.0 1.0 1.0 0.8625000000000044 0.7500000000000071 0.8375000000000041 1.0 1.0 1.0 1.0 1.0 1.0 1.0 0.862500000000005 0.7500000000000071 0.48750000000000887 0.0 0.0 0.0 
0.9499999999999993 1.0 1.0 1.0 1.0 0.8874999999999974 0.7499999999999929 0.5624999999999967 0.0 0.0 0.0 0.0 0.562499999999992 0.9124999999999963 1.0 1.0 1.0 0.8125000000000058 0.2125000000000073 0.0 
0.9499999999999993 1.0 1.0 1.0 0.5874999999999976 0.1374999999999967 0.0 0.0 0.0 0.0 0.0 0.0 0.0 0.16249999999999415 0.6624999999999933 1.0 1.0 1.0 0.850000000000005 0.0 
0.9499999999999993 1.0 1.0 0.8374999999999957 0.33749999999999825 0.0 0.0 0.0 0.0 0.0 0.0 0.0 0.0 0.0 0.0 0.44999999999999396 1.0 1.0 0.8875000000000048 0.23750000000000834 
0.9499999999999993 1.0 1.0 0.3500000000000014 0.0 0.0 0.0 0.0 0.0 0.0 0.0 0.0 0.0 0.0 0.0 0.44999999999999396 1.0 1.0 1.0 0.9500000000000064 
0.9499999999999993 1.0 1.0 0.3500000000000014 0.0 0.0 0.0 0.0 0.0 0.0 0.0 0.0 0.0 0.0 0.0 0.44999999999999396 1.0 1.0 0.9625000000000001 0.712499999999998 
0.9499999999999993 1.0 1.0 0.837500000000005 0.3375000000000047 0.0 0.0 0.0 0.0 0.0 0.0 0.0 0.0 0.0 0.0 0.44999999999999396 1.0 1.0 0.850000000000005 0.0 
0.7124999999999927 0.9624999999999987 1.0 1.0 0.5875000000000054 0.13750000000000454 0.0 0.0 0.0 0.0 0.0 0.0 0.0 0.0 0.13750000000000276 0.5874999999999994 1.0 0.9374999999999996 0.6374999999999977 0.0 
0.0 0.2124999999999937 0.8124999999999972 1.0 1.0 0.8875000000000038 0.4875000000000062 0.0 0.0 0.0 0.0 0.0 0.5625000000000027 0.7500000000000071 0.8875000000000021 1.0 1.0 0.7500000000000053 0.0 0.0 
0.0 0.0 0.0 0.4874999999999943 0.8874999999999963 1.0 1.0 1.0 1.0 1.0 1.0 1.0 1.0 1.0 0.8624999999999973 0.7499999999999929 0.48749999999999966 0.0 0.0 0.0 
0.0 0.0 0.0 0.0 0.1374999999999956 0.2499999999999929 0.2499999999999929 0.2499999999999929 0.2499999999999929 0.2874999999999911 0.9624999999999965 0.3624999999999969 0.2499999999999929 0.2499999999999929 0.11249999999999796 0.0 0.0 0.0 0.0 0.0 
