0.0 0.0 0.8749999999999993 1.0 1.0 1.0 1.0 1.0 1.0 1.0 1.0 1.0 1.0 1.0 1.0 1.0 0.8600000000000021 0.1999999999999993 0.1850000000000002 0.0 
0.0 0.0 0.8749999999999993 1.0 1.0 1.0 0.5950000000000013 0.400000000000001 0.400000000000001 0.400000000000001 0.400000000000001 0.400000000000001 0.400000000000001 0.400000000000001 0.5649999999999988 1.0 1.0 1.0 0.9700000000000016 0.5849999999999999 
0.0 0.0 0.8749999999999993 1.0 1.0 0.2750000000000022 4.3298697960381247e-16 0.0 0.0 0.0 0.0 0.0 0.0 0.0 3.663735981262974e-16 0.2249999999999989 1.0 1.0 1.0 0.9750000000000014 
0.0 0.0 0.8749999999999993 1.0 1.0 0.27500000000000124 0.0 0.0 0.0 0.0 0.0 0.0 0.0 0.0 0.0 0.0 0.17499999999999716 1.0 1.0 0.9750000000000014 
0.0 0.0 0.8749999999999993 1.0 1.0 0.27500000000000124 0.0 0.0 0.0 0.0 0.0 0.0 0.0 0.0 0.0 0.0 0.17499999999999716 1.0 1.0 0.9750000000000014 
0.0 0.0 0.8749999999999993 1.0 1.0 0.27500000000000124 0.0 0.0 0.0 0.0 0.0 0.0 0.0 0.0 0.0 0.0 0.17499999999999716 1.0 1.0 0.9750000000000014 
0.0 0.0 0.8749999999999993 1.0 1.0 0.27500000000000124 0.0 0.0 0.0 0.0 0.0 0.0 0.0 0.0 0.0 0.0 0.17499999999999716 1.0 1.0 0.9750000000000014 
0.0 0.0 0.8749999999999993 1.0 1.0 0.27500000000000124 0.0 0.0 0.0 0.0 0.0 0.0 0.0 0.0 0.0 0.0 0.17499999999999716 1.0 1.0 0.9750000000000014 
0.0 0.0 0.8749999999999993 1.0 1.0 0.27500000000000124 0.0 0.0 0.0 0.0 0.0 0.0 0.0 0.0 0.0 0.0 0.17499999999999716 1.0 1.0 0.9750000000000014 
0.0 0.0 0.8749999999999993 1.0 1.0 0.27500000000000124 0.0 0.0 0.0 0.0 0.0 0.0 0.0 0.0 0.0 0.0 0.17499999999999716 1.0 1.0 0.9750000000000014 
0.0 0.9249999999999995 1.0 1.0 1.0 0.27500000000000124 0.0 0.0 0.0 0.0 0.0 0.0 0.0 0.0 0.0 0.04499999999999862 0.3399999999999942 1.0 1.0 0.9750000000000014 
0.0 0.9249999999999995 1.0 1.0 1.0 0.27500000000000124 0.0 0.0 0.0 0.0 0.0 0.0 0.0 0.0 0.0 0.22499999999999787 1.0 1.0 1.0 0.9750000000000014 
0.0 0.9249999999999995 1.0 1.0 0.22500000000000372 9.769962616701422e-16 0.0 0.0 0.0 0.0 0.0 0.0 0.0 0.0 0.0 0.22499999999999787 1.0 1.0 1.0 0.9750000000000014 
0.0 0.9249999999999995 1.0 1.0 0.22500000000000098 0.0 0.0 0.0 0.0 0.0 0.0 0.0 0.0 0.0 0.0 0.22499999999999787 1.0 1.0 0.9700000000000021 0.5850000000000057 
0.0 0.9249999999999995 1.0 1.0 0.22500000000000098 0.0 0.0 0.0 0.0 0.0 0.0 0.0 0.0 0.0 0.0 0.22499999999999787 1.0 1.0 0.9250000000000043 0.0 
0.0 0.9249999999999995 1.0 1.0 0.22500000000000098 0.0 0.0 0.0 0.0 0.0 0.0 0.0 0.0 0.0 0.0 0.22499999999999787 1.0 1.0 0.9250000000000043 0.0 
0.0 0.9249999999999994 1.0 1.0 0.22500000000000098 0.0 0.0 0.0 0.0 0.0 0.0 0.0 0.0 0.0 0.1649999999999965 0.6899999999999947 1.0 1.0 0.9250000000000043 0.0 
0.0 0.9249999999999995 1.0 1.0 0.22500000000000098 0.0 0.0 0.0 0.0 0.0 0.0 0.0 0.0 0.0 0.2749999999999968 1.0 1.0 1.0 0.9250000000000043 0.0 
0.9749999999999996 1.0 1.0 1.0 1.0 0.5649999999999972 0.399999999999995 0.399999999999995 0.399999999999995 0.399999999999995 0.399999999999995 0.6549999999999954 1.0 1.0 1.0 1.0 0.9300000000000019 0.5250000000000044 0.0 0.0 
0.9749999999999996 1.0 1.0 1.0 1.0 1.0 1.0 1.0 1.0 1.0 1.0 1.0 1.0 1.0 0.7800000000000044 0.2000000000000064 0.16500000000000584 0.0 0.0 0.0 
