0.0 0.0 0.0 0.048125000000001056 0.27500000000000213 0.4743750000000031 1.0 1.0 1.0 1.0 1.0 1.0 0.5468749999999988 0.27500000000000213 0.27500000000000213 0.061874999999999895 0.0 0.0 0.0 0.0 
0.0 0.06187500000000198 0.8250000000000024 0.8556250000000024 1.0 1.0 1.0 1.0 1.0 1.0 1.0 1.0 1.0 1.0 1.0 0.8643750000000014 0.1443749999999981 0.0 0.0 0.0 
0.02500000000000213 1.0 1.0 1.0 1.0 1.0 1.0 1.0 0.840624999999998 0.6249999999999973 0.8218749999999995 1.0 1.0 1.0 1.0 1.0 1.0 0.4531250000000001 0.028124999999998603 0.0 
0.9268750000000026 1.0 1.0 1.0 1.0 0.7456249999999973 0.07499999999999751 0.07499999999999751 0.04312499999999839 0.0 0.039374999999998855 0.07499999999999751 0.07499999999999751 0.6993750000000015 1.0 1.0 1.0 1.0 0.930625000000002 0.023124999999998747 
0.5249999999999968 0.5249999999999968 0.5249999999999968 0.5249999999999968 0.4068749999999963 0.0 0.0 0.0 0.0 0.0 0.0 0.0 0.0 0.0 0.3806249999999994 0.8931250000000003 1.0 1.0 1.0 0.48812500000000236 
0.0 0.0 0.0 0.0 0.0 0.0 0.0 0.0 0.0 0.0 0.0 0.0 0.0 0.0 0.0 0.7750000000000021 1.0 1.0 1.0 1.0 
0.0 0.0 0.0 0.0 0.0 0.0 0.0 0.0 0.0 0.0 0.0 0.0 0.0 0.0 0.0 0.7750000000000021 1.0 1.0 1.0 1.0 
0.0 0.0 0.0 0.0 0.0 0.0 0.0 0.0 0.0 0.0 0.0 0.0 0.0 0.08437500000000271 0.7593750000000038 1.0 1.0 1.0 1.0 0.02499999999999858 
0.0 0.0 0.0 0.0 0.0 0.0 0.0 0.2531250000000034 0.6750000000000043 0.6750000000000043 0.6750000000000043 0.6750000000000043 0.6750000000000043 0.8943750000000021 1.0 1.0 1.0 1.0 0.37562499999999316 0.008124999999999431 
0.0 0.0 0.0 0.0 0.0 0.0 0.0 0.37500000000000266 1.0 1.0 1.0 1.0 1.0 1.0 1.0 1.0 1.0 0.12499999999999645 0.0 0.0 
0.0 0.0 0.0 0.0 0.0 0.0 0.0 0.37500000000000266 1.0 1.0 1.0 1.0 1.0 1.0 1.0 1.0 1.0 0.12499999999999645 0.0 0.0 
0.0 0.0 0.0 0.0 0.0 0.0 0.0 0.0 0.28687499999999894 0.6749999999999936 0.6749999999999936 0.6749999999999936 0.6749999999999936 0.8943749999999987 1.0 1.0 1.0 1.0 0.37562500000000304 0.008124999999999698 
0.0 0.0 0.0 0.0 0.0 0.0 0.0 0.0 0.0 0.0 0.0 0.0 0.0 0.08437499999999791 0.7593750000000018 1.0 1.0 1.0 1.0 0.8781250000000033 
0.0 0.0 0.0 0.0 0.0 0.0 0.0 0.0 0.0 0.0 0.0 0.0 0.0 0.0 0.0 0.7750000000000021 1.0 1.0 1.0 1.0 
0.0 0.0 0.0 0.0 0.0 0.0 0.0 0.0 0.0 0.0 0.0 0.0 0.0 0.0 0.0 0.7750000000000021 1.0 1.0 1.0 1.0 
0.0 0.03937500000000157 0.5250000000000057 0.5250000000000057 0.5250000000000057 0.5250000000000057 0.3543750000000023 0.0 0.0 0.0 0.0 0.0 0.0 0.0 0.0 0.7750000000000021 1.0 1.0 1.0 1.0 
0.0 0.07500000000000218 1.0 1.0 1.0 1.0 1.0 0.653125 0.0750000000000064 0.0750000000000064 0.03562500000000288 0.04312500000000389 0.0750000000000064 0.0750000000000064 0.7456250000000048 1.0 1.0 1.0 1.0 1.0 
0.0 0.02812500000000028 0.45312499999999517 1.0 1.0 1.0 1.0 1.0 1.0 1.0 0.803125000000003 0.8406250000000041 1.0 1.0 1.0 1.0 1.0 1.0 1.0 0.3906249999999922 
0.0 0.0 0.0 0.0 0.18562500000000015 0.8731249999999947 1.0 1.0 1.0 1.0 1.0 1.0 1.0 1.0 1.0 1.0 1.0 0.8468749999999925 0.0618749999999959 0.0 
0.0 0.0 0.0 0.0 0.0 0.07562499999999824 0.2749999999999915 0.2749999999999915 0.5831249999999969 1.0 1.0 1.0 1.0 1.0 0.4743749999999915 0.2749999999999915 0.2749999999999915 0.034374999999997956 0.0 0.0 
