0.0 0.0 0.0 0.0 0.0 0.0 0.08937500000000148 0.27500000000000213 0.27500000000000213 0.27500000000000213 0.6556250000000026 0.5831249999999992 0.27500000000000213 0.27500000000000213 0.27500000000000213 0.061874999999999895 0.0 0.0 0.0 0.0 
0.0 0.0 0.0 0.0 0.18562500000000245 0.8250000000000024 0.8818750000000021 1.0 1.0 1.0 1.0 1.0 1.0 1.0 1.0 0.8643750000000014 0.8250000000000024 0.10312499999999737 0.0 0.0 
0.0 0.0 0.046875000000001166 0.4843750000000038 1.0 1.0 1.0 1.0 1.0 1.0 0.8031249999999979 0.840625 1.0 1.0 1.0 1.0 1.0 1.0 0.4218749999999998 0.009374999999999533 
0.0 0.0 0.12500000000000222 1.0 1.0 1.0 1.0 0.6531249999999966 0.07499999999999751 0.07499999999999751 0.03562499999999866 0.04312499999999878 0.07499999999999751 0.07499999999999751 0.7456250000000023 1.0 1.0 1.0 1.0 0.9268750000000023 
0.011875000000001093 0.5143750000000041 1.0 1.0 1.0 0.7249999999999979 0.0 0.0 0.0 0.0 0.0 0.0 0.0 0.0 0.0 0.40687499999999865 0.5249999999999968 0.5249999999999968 0.5249999999999968 0.5249999999999968 
0.02500000000000213 1.0 1.0 1.0 0.7749999999999977 0.0 0.0 0.0 0.0 0.0 0.0 0.0 0.0 0.0 0.0 0.0 0.0 0.0 0.0 0.0 
0.02500000000000213 1.0 1.0 1.0 0.7749999999999977 0.0 0.0 0.0 0.0 0.0 0.0 0.0 0.0 0.0 0.0 0.0 0.0 0.0 0.0 0.0 
0.02500000000000213 1.0 1.0 1.0 0.8031249999999988 0.12500000000000355 0.12500000000000355 0.12500000000000355 0.12500000000000355 0.12500000000000355 0.12500000000000355 0.12500000000000355 0.12500000000000355 0.12500000000000355 0.03437500000000058 0.0 0.0 0.0 0.0 0.0 
0.02500000000000213 1.0 1.0 1.0 1.0 1.0 1.0 1.0 1.0 1.0 1.0 1.0 1.0 1.0 0.764375000000002 0.6750000000000043 0.11812499999999883 0.0 0.0 0.0 
0.02500000000000213 1.0 1.0 1.0 1.0 1.0 1.0 1.0 1.0 1.0 1.0 1.0 1.0 1.0 1.0 1.0 1.0 0.3218750000000016 0.016874999999999415 0.0 
0.02500000000000213 1.0 1.0 1.0 1.0 1.0 0.7481249999999959 0.22499999999999432 0.22499999999999432 0.22499999999999432 0.22499999999999432 0.22499999999999432 0.22499999999999432 0.748125 1.0 1.0 1.0 1.0 0.7918750000000043 0.019374999999999042 
0.3418750000000077 1.0 1.0 1.0 0.9268749999999978 0.4893749999999939 0.0 0.0 0.0 0.0 0.0 0.0 0.0 0.0 0.4893749999999975 0.9268749999999992 1.0 1.0 1.0 0.02499999999999858 
1.0 1.0 1.0 1.0 0.7749999999999977 0.0 0.0 0.0 0.0 0.0 0.0 0.0 0.0 0.0 0.0 0.7750000000000021 1.0 1.0 1.0 0.8781250000000033 
1.0 1.0 1.0 1.0 0.7749999999999977 0.0 0.0 0.0 0.0 0.0 0.0 0.0 0.0 0.0 0.0 0.7750000000000021 1.0 1.0 1.0 1.0 
1.0 1.0 1.0 1.0 0.7749999999999977 0.0 0.0 0.0 0.0 0.0 0.0 0.0 0.0 0.0 0.0 0.7750000000000021 1.0 1.0 1.0 1.0 
1.0 1.0 1.0 1.0 0.7749999999999977 0.0 0.0 0.0 0.0 0.0 0.0 0.0 0.0 0.0 0.3806250000000058 0.8931250000000023 1.0 1.0 1.0 0.02499999999999858 
0.02500000000000213 1.0 1.0 1.0 1.0 0.7456249999999998 0.0750000000000064 0.046875000000003796 0.0 0.0 0.0 0.0 0.04687500000000426 0.0750000000000064 0.7456250000000048 1.0 1.0 1.0 0.9306249999999938 0.023124999999998525 
0.009375000000000622 0.4218749999999948 1.0 1.0 1.0 1.0 1.0 0.8593750000000017 0.6250000000000071 0.6250000000000071 0.6250000000000071 0.6250000000000071 0.859375000000004 1.0 1.0 1.0 1.0 1.0 0.07499999999999574 0.0 
0.0 0.0 0.10312500000000085 0.855624999999994 1.0 1.0 1.0 1.0 1.0 1.0 1.0 1.0 1.0 1.0 1.0 0.8643749999999936 0.14437499999999628 0.0 0.0 0.0 
0.0 0.0 0.0 0.04812499999999919 0.2749999999999915 0.47437499999999533 1.0 1.0 1.0 1.0 1.0 1.0 1.0 0.5106249999999924 0.2749999999999915 0.061874999999997495 0.0 0.0 0.0 0.0 
