0.0 0.0 0.0 0.0 0.0 0.15749999999999684 0.34999999999999076 0.5124999999999954 1.0 1.0 1.0 1.0 1.0 0.5774999999999904 0.34999999999999076 0.19249999999999268 0.0 0.0 0.0 0.0 
0.0 0.0 0.0 0.03249999999999482 0.5724999999999991 1.0 1.0 1.0 1.0 1.0 1.0 1.0 1.0 1.0 1.0 1.0 1.0 0.7624999999999912 0.04249999999999277 0.0 
0.0 0.0 0.5624999999999961 0.912499999999998 1.0 1.0 1.0 0.8124999999999992 0.25000000000000755 0.25000000000000755 0.25000000000000755 0.25000000000000755 0.25000000000000755 0.7375000000000069 1.0 1.0 1.0 1.0 0.8499999999999943 0.0 
0.0 0.3824999999999951 0.8624999999999996 1.0 1.0 0.7975000000000019 0.35750000000000276 0.0 0.0 0.0 0.0 0.0 0.0 0.0 0.30250000000000615 0.7525000000000067 1.0 1.0 1.0 0.9499999999999922 
0.0 0.8500000000000021 1.0 1.0 0.44999999999999707 0.0 0.0 0.0 0.0 0.0 0.0 0.0 0.0 0.0 0.0 0.38250000000000806 0.9025000000000045 1.0 1.0 0.9499999999999922 
0.0 0.8500000000000022 1.0 1.0 0.44999999999999707 0.0 0.0 0.0 0.0 0.0 0.0 0.0 0.0 0.0 0.0 0.0 0.05250000000000274 0.15000000000000568 0.15000000000000568 0.14250000000000423 
0.0 0.8500000000000022 1.0 1.0 0.44999999999999707 0.0 0.0 0.0 0.0 0.0 0.0 0.0 0.0 0.0 0.0 0.0 0.0 0.0 0.0 0.0 
0.2374999999999971 0.8875000000000011 1.0 1.0 0.44999999999999707 0.0 0.0 0.0 0.0 0.0 0.0 0.0 0.0 0.0 0.0 0.0 0.0 0.0 0.0 0.0 
0.950000000000002 1.0 1.0 1.0 0.44999999999999707 0.0 0.0 0.0 0.0 0.0 0.0 0.0 0.0 0.0 0.0 0.0 0.0 0.0 0.0 0.0 
0.950000000000002 1.0 1.0 1.0 0.44999999999999707 0.0 0.0 0.0 0.0 0.0 0.0 0.0 0.0 0.0 0.0 0.0 0.0 0.0 0.0 0.0 
0.950000000000002 1.0 1.0 1.0 0.44999999999999707 0.0 0.0 0.0 0.0 0.0 0.0 0.0 0.0 0.0 0.0 0.0 0.0 0.0 0.0 0.0 
0.950000000000002 1.0 1.0 1.0 0.44999999999999707 0.0 0.0 0.0 0.0 0.0 0.0 0.0 0.0 0.0 0.0 0.0 0.0 0.0 0.0 0.0 
0.950000000000002 1.0 1.0 1.0 0.44999999999999707 0.0 0.0 0.0 0.0 0.0 0.0 0.0 0.0 0.0 0.0 0.0 0.0 0.0 0.0 0.0 
0.950000000000002 1.0 1.0 1.0 0.44999999999999707 0.0 0.0 0.0 0.0 0.0 0.0 0.0 0.0 0.0 0.0 0.0 0.0 0.0 0.0 0.0 
0.950000000000002 1.0 1.0 1.0 0.44999999999999707 0.0 0.0 0.0 0.0 0.0 0.0 0.0 0.0 0.0 0.0 0.0 0.0 0.0 0.0 0.0 
0.950000000000002 1.0 1.0 1.0 0.44999999999999707 0.0 0.0 0.0 0.0 0.0 0.0 0.0 0.0 0.0 0.0 0.38250000000000767 0.850000000000005 0.850000000000005 0.850000000000005 0.8074999999999981 
0.4274999999999968 0.9175000000000006 1.0 1.0 0.44999999999999707 0.0 0.0 0.0 0.0 0.0 0.0 0.0 0.0 0.0 0.3025000000000047 0.7525000000000053 1.0 1.0 0.8499999999999943 0.0 
0.0 0.6374999999999986 0.9374999999999998 1.0 1.0 0.6624999999999994 0.1625000000000015 0.0 0.0 0.0 0.0 0.0 0.18750000000000355 0.25000000000000355 0.6625000000000048 1.0 1.0 0.9374999999999973 0.6374999999999927 0.0 
0.0 0.0 0.7500000000000024 1.0 1.0 1.0 0.982500000000002 0.9500000000000064 0.9500000000000064 0.9500000000000064 0.9500000000000064 0.9500000000000064 0.9875000000000018 1.0 1.0 1.0 0.667499999999993 0.03749999999999485 0.0 0.0 
0.0 0.0 0.0 0.0 0.1924999999999979 0.6424999999999987 1.0 1.0 1.0 1.0 1.0 1.0 1.0 0.5774999999999926 0.15749999999999595 0.0 0.0 0.0 0.0 0.0 
