0.24374999999999578 0.9437499999999976 1.0 1.0 1.0 1.0 1.0 1.0 1.0 1.0 1.0 1.0 0.7187499999999987 0.24999999999999645 0.24999999999999645 0.1937499999999969 0.0 0.0 0.0 0.0 
0.974999999999997 1.0 1.0 1.0 1.0 1.0 1.0 1.0 1.0 1.0 1.0 1.0 1.0 1.0 1.0 0.943749999999999 0.6187499999999971 0.0 0.0 0.0 
0.974999999999997 1.0 1.0 1.0 0.8062500000000024 0.2062500000000022 0.0 0.0 0.0 0.0 0.0 0.0 0.28125000000000083 0.7500000000000022 0.8187500000000012 1.0 1.0 0.9062499999999998 0.23124999999999812 0.0 
0.974999999999997 1.0 1.0 1.0 0.2250000000000023 0.0 0.0 0.0 0.0 0.0 0.0 0.0 0.0 0.0 0.2749999999999986 1.0 1.0 1.0 0.9250000000000007 0.0 
0.7312499999999986 0.9812499999999993 1.0 1.0 0.2250000000000023 0.0 0.0 0.0 0.0 0.0 0.0 0.0 0.0 0.0 0.0 0.22500000000000142 1.0 1.0 0.9250000000000007 0.0 
0.0 0.9249999999999972 1.0 1.0 0.2250000000000023 0.0 0.0 0.0 0.0 0.0 0.0 0.0 0.0 0.0 0.0 0.22500000000000142 1.0 1.0 0.9250000000000007 0.0 
0.0 0.9249999999999972 1.0 1.0 0.2250000000000023 0.0 0.0 0.0 0.0 0.0 0.0 0.0 0.0 0.0 0.0 0.22500000000000142 1.0 1.0 0.9250000000000007 0.0 
0.0 0.9249999999999972 1.0 1.0 0.2250000000000023 0.0 0.0 0.0 0.0 0.0 0.0 0.0 0.0 0.0 0.0 0.22500000000000142 1.0 1.0 0.9250000000000007 0.0 
0.0 0.9249999999999972 1.0 1.0 0.4187500000000031 0.06875000000000102 0.0 0.0 0.0 0.0 0.0 0.0 0.0 0.0812500000000004 0.4562500000000002 1.0 1.0 0.9687499999999998 0.6937499999999989 0.0 
0.0 0.9249999999999972 1.0 1.0 1.0 0.8187500000000019 0.7500000000000018 0.7500000000000018 0.7500000000000018 0.7500000000000018 0.7500000000000018 0.7500000000000018 0.7500000000000018 0.831250000000001 1.0 1.0 0.8687499999999991 0.21874999999999845 0.0 0.0 
0.0 0.9249999999999972 1.0 1.0 1.0 0.818749999999998 0.7499999999999964 0.7499999999999964 0.7499999999999964 0.7499999999999964 0.8687499999999976 1.0 1.0 1.0 0.9312499999999994 0.5812499999999962 0.0 0.0 0.0 0.0 
0.0 0.9249999999999972 1.0 1.0 1.0 0.27500000000000213 0.0 0.0 0.0 0.0 0.11874999999999777 0.5687499999999985 1.0 1.0 0.7250000000000014 0.0 0.0 0.0 0.0 0.0 
0.0 0.9249999999999972 1.0 1.0 0.2250000000000023 0.0 0.0 0.0 0.0 0.0 0.0 0.31874999999999903 0.8437499999999978 1.0 1.0 0.7749999999999986 0.0 0.0 0.0 0.0 
0.0 0.9249999999999972 1.0 1.0 0.2250000000000023 0.0 0.0 0.0 0.0 0.0 0.0 0.0 0.375 1.0 1.0 0.7749999999999986 0.0 0.0 0.0 0.0 
0.0 0.9249999999999972 1.0 1.0 0.2250000000000023 0.0 0.0 0.0 0.0 0.0 0.0 0.0 0.0 0.3249999999999993 1.0 1.0 0.8249999999999993 0.0 0.0 0.0 
0.0 0.9249999999999972 1.0 1.0 0.2250000000000023 0.0 0.0 0.0 0.0 0.0 0.0 0.0 0.0 0.3249999999999993 1.0 1.0 0.956250000000001 0.6562500000000062 0.0 0.0 
0.0 0.9249999999999972 1.0 1.0 1.0 0.27500000000000213 0.0 0.0 0.0 0.0 0.0 0.0 0.0 0.0 0.2749999999999986 1.0 1.0 0.875 0.0 0.0 
0.0 0.9249999999999972 1.0 1.0 1.0 0.27500000000000213 0.0 0.0 0.0 0.0 0.0 0.0 0.0 0.0 0.06874999999999769 0.41874999999999557 1.0 0.9687500000000009 0.6937500000000071 0.0 
0.0 0.9249999999999972 1.0 1.0 1.0 0.27500000000000213 0.0 0.0 0.0 0.0 0.0 0.0 0.0 0.0 0.0 0.22500000000000142 1.0 1.0 0.9437500000000011 0.2437500000000064 
0.0 0.23124999999998944 0.9062499999999967 1.0 1.0 0.27500000000000213 0.0 0.0 0.0 0.0 0.0 0.0 0.0 0.0 0.0 0.056249999999997954 0.38124999999999176 1.0 1.0 0.9749999999999979 
