0.0 0.0 0.0 0.0 0.0 0.11250000000000257 0.2500000000000071 0.43750000000000333 1.0 1.0 1.0 1.0 1.0 1.0 0.5875000000000073 0.2500000000000071 0.16250000000000603 0.0 0.0 0.0 
0.0 0.0 0.0 0.0 0.4125000000000024 0.8625000000000033 1.0 1.0 1.0 1.0 1.0 1.0 1.0 1.0 1.0 1.0 0.9125000000000039 0.5625000000000093 0.0 0.0 
0.0 0.0 0.187500000000005 0.7375000000000014 1.0 1.0 1.0 0.9374999999999989 0.7499999999999929 0.7499999999999929 0.7499999999999929 0.7499999999999929 0.7499999999999929 0.9124999999999963 1.0 1.0 1.0 1.0 0.850000000000005 0.0 
0.0 0.0 0.7499999999999987 1.0 1.0 1.0 0.7374999999999992 0.18749999999999534 0.0 0.0 0.0 0.0 0.0 0.16249999999999415 0.6624999999999933 1.0 1.0 1.0 0.9625000000000024 0.7125000000000116 
0.0 0.849999999999999 1.0 1.0 1.0 0.5500000000000025 0.0 0.0 0.0 0.0 0.0 0.0 0.0 0.0 0.0 0.44999999999999396 1.0 1.0 1.0 0.9500000000000064 
0.0 0.849999999999999 1.0 1.0 1.0 0.5500000000000025 0.0 0.0 0.0 0.0 0.0 0.0 0.0 0.0 0.0 0.1124999999999953 0.2499999999999929 0.2499999999999929 0.2499999999999929 0.23749999999999485 
0.0 0.849999999999999 1.0 1.0 1.0 0.5500000000000025 0.0 0.0 0.0 0.0 0.0 0.0 0.0 0.0 0.0 0.0 0.0 0.0 0.0 0.0 
0.0 0.849999999999999 1.0 1.0 0.5874999999999976 0.1374999999999967 0.0 0.0 0.0 0.0 0.0 0.0 0.0 0.0 0.0 0.0 0.0 0.0 0.0 0.0 
0.0 0.849999999999999 1.0 1.0 0.45000000000000195 0.0 0.0 0.0 0.0 0.0 0.0 0.0 0.0 0.0 0.0 0.0 0.0 0.0 0.0 0.0 
0.0 0.849999999999999 1.0 1.0 0.45000000000000195 0.0 0.0 0.0 0.0 0.0 0.0 0.0 0.0 0.0 0.0 0.0 0.0 0.0 0.0 0.0 
0.9499999999999993 1.0 1.0 1.0 0.45000000000000195 0.0 0.0 0.0 0.0 0.0 0.0 0.0 0.0 0.0 0.0 0.0 0.0 0.0 0.0 0.0 
0.9499999999999993 1.0 1.0 1.0 0.45000000000000195 0.0 0.0 0.0 0.0 0.0 0.0 0.0 0.0 0.0 0.0 0.0 0.0 0.0 0.0 0.0 
0.9499999999999993 1.0 1.0 1.0 0.45000000000000195 0.0 0.0 0.0 0.0 0.0 0.0 0.0 0.0 0.0 0.0 0.0 0.0 0.0 0.0 0.0 
0.9499999999999993 1.0 1.0 1.0 0.45000000000000195 0.0 0.0 0.0 0.0 0.0 0.0 0.0 0.0 0.0 0.0 0.0 0.0 0.0 0.0 0.0 
0.9499999999999993 1.0 1.0 1.0 0.45000000000000195 0.0 0.0 0.0 0.0 0.0 0.0 0.0 0.0 0.0 0.13750000000000276 0.2500000000000071 0.2500000000000071 0.2500000000000071 0.2125000000000073 0.0 
0.9499999999999993 1.0 1.0 1.0 0.45000000000000195 0.0 0.0 0.0 0.0 0.0 0.0 0.0 0.0 0.0 0.5499999999999954 1.0 1.0 1.0 0.850000000000005 0.0 
0.7124999999999927 0.9624999999999987 1.0 1.0 0.5875000000000054 0.13750000000000454 0.0 0.0 0.0 0.0 0.0 0.0 0.0 0.649999999999995 1.0 1.0 1.0 0.7500000000000053 0.0 0.0 
0.0 0.849999999999999 1.0 1.0 1.0 0.8875000000000038 0.4875000000000062 0.0 0.0 0.0 0.0 0.6375000000000031 0.7500000000000071 0.9125000000000012 1.0 1.0 0.7375000000000018 0.187499999999996 0.0 0.0 
0.0 0.0 0.5624999999999937 0.9124999999999972 1.0 1.0 1.0 1.0 1.0 1.0 1.0 1.0 1.0 1.0 0.8624999999999973 0.41250000000000064 0.0 0.0 0.0 0.0 
0.0 0.0 0.0 0.16249999999999504 0.2499999999999929 0.5874999999999942 1.0 1.0 1.0 1.0 1.0 1.0 0.43749999999999734 0.2499999999999929 0.11249999999999796 0.0 0.0 0.0 0.0 0.0 
