0.0 0.0 0.0 0.0 0.0 0.0 0.0 0.0 0.0 0.0 0.0 0.0 0.0 0.6500000000000075 1.0 1.0 1.0 1.0 1.0 0.9499999999999886 
0.0 0.0 0.0 0.0 0.0 0.0 0.0 0.0 0.0 0.0 0.0 0.0 0.5062500000000082 0.886250000000004 1.0 1.0 1.0 1.0 1.0 0.9499999999999886 
0.0 0.0 0.0 0.0 0.0 0.0 0.0 0.0 0.0 0.0 0.0 0.8500000000000068 1.0 1.0 1.0 1.0 1.0 1.0 0.9812499999999978 0.8312499999999863 
0.0 0.0 0.0 0.0 0.0 0.0 0.0 0.0 0.0 0.028750000000003658 0.5462500000000072 0.9362500000000034 1.0 1.0 1.0 1.0 1.0 1.0 0.8499999999999872 0.0 
0.0 0.0 0.0 0.0 0.0 0.0 0.0 0.0 0.0037500000000005728 0.07375000000000875 0.9512500000000064 1.0 1.0 1.0 1.0 1.0 1.0 1.0 0.8499999999999872 0.0 
0.0 0.0 0.0 0.0 0.0 0.0 0.0 0.11875000000000269 0.5537500000000045 1.0 1.0 1.0 1.0 0.6912499999999949 0.7862500000000027 1.0 1.0 1.0 0.8499999999999872 0.0 
0.0 0.0 0.0 0.0 0.0 0.0 0.0 0.25000000000000444 1.0 1.0 1.0 1.0 0.3062499999999916 0.02624999999999857 0.04124999999999922 0.4912500000000062 1.0 1.0 0.8499999999999872 0.0 
0.0 0.0 0.0 0.0 0.0 0.0 0.3500000000000041 1.0 1.0 1.0 1.0 0.14999999999999325 0.0 0.0 0.0 0.45000000000000817 1.0 1.0 0.8499999999999872 0.0 
0.0 0.0 0.0 0.0 0.0 0.3712500000000036 0.8862500000000014 1.0 1.0 0.958749999999995 0.21624999999999373 0.02624999999999866 0.0 0.0 0.0 0.45000000000000817 1.0 1.0 0.8499999999999872 0.0 
0.0 0.0 0.0 0.0 0.5500000000000029 1.0 1.0 1.0 0.9587499999999987 0.6887499999999953 0.03624999999999535 0.0 0.0 0.0 0.5500000000000078 1.0 1.0 1.0 0.8499999999999872 0.0 
0.0 0.0 0.0 0.4712500000000016 0.8762500000000006 1.0 1.0 0.8187499999999969 0.233749999999999 0.0 0.0 0.0 0.0 0.0 0.5500000000000078 1.0 1.0 1.0 0.8499999999999872 0.0 
0.0 0.0 0.13124999999999823 0.7112500000000012 1.0 1.0 0.9387500000000003 0.6187499999999985 0.0 0.0 0.0 0.0 0.0 0.0 0.5500000000000078 1.0 1.0 1.0 0.8499999999999872 0.0 
0.0 0.531250000000001 0.9062500000000008 1.0 1.0 0.7187499999999977 0.24374999999999847 0.0 0.0 0.0 0.0 0.0 0.0 0.0 0.5500000000000078 1.0 1.0 1.0 0.8499999999999872 0.0 
0.07124999999999941 0.8612500000000013 1.0 1.0 1.0 0.5499999999999963 0.0 0.0 0.0 0.0 0.0 0.0 0.0 0.0 0.5500000000000078 1.0 1.0 1.0 0.8499999999999872 0.0 
0.9500000000000011 1.0 1.0 1.0 1.0 0.7862499999999976 0.5249999999999986 0.5249999999999986 0.5249999999999986 0.5249999999999986 0.5249999999999986 0.5249999999999986 0.5249999999999986 0.5249999999999986 0.786250000000003 1.0 1.0 1.0 0.8499999999999872 0.0 
0.9500000000000011 1.0 1.0 1.0 1.0 1.0 1.0 1.0 1.0 1.0 1.0 1.0 1.0 1.0 1.0 1.0 1.0 1.0 0.9962499999999994 0.9262499999999869 
0.5462500000000033 0.5750000000000028 0.5750000000000028 0.5750000000000028 0.5750000000000028 0.5750000000000028 0.5750000000000028 0.5750000000000028 0.5750000000000028 0.5750000000000028 0.5750000000000028 0.5750000000000028 0.5750000000000028 0.5750000000000028 0.8087500000000046 1.0 1.0 1.0 0.9362499999999949 0.5462499999999961 
0.0 0.0 0.0 0.0 0.0 0.0 0.0 0.0 0.0 0.0 0.0 0.0 0.0 0.0 0.5500000000000078 1.0 1.0 1.0 0.8499999999999872 0.0 
0.0 0.0 0.0 0.0 0.0 0.0 0.0 0.0 0.0 0.0 0.0 0.0 0.0 0.0 0.5500000000000078 1.0 1.0 0.7499999999999911 0.0 0.0 
0.0 0.0 0.0 0.0 0.0 0.0 0.0 0.0 0.0 0.0 0.0 0.0 0.0 0.0 0.5500000000000078 1.0 1.0 0.7499999999999911 0.0 0.0 
