0.0 0.9250000000000036 1.0 1.0 1.0 1.0 1.0 1.0 1.0 1.0 1.0 1.0 1.0 1.0 1.0 1.0 1.0 1.0 0.9493749999999935 0.31687499999999863 
0.0 0.9250000000000036 1.0 1.0 1.0 1.0 1.0 1.0 1.0 1.0 1.0 1.0 1.0 1.0 1.0 1.0 1.0 1.0 0.9268749999999901 0.024374999999996996 
0.0 0.3468749999999989 0.37499999999999734 0.37499999999999734 0.37499999999999734 0.37499999999999734 0.37499999999999734 0.37499999999999734 0.37499999999999734 0.37499999999999734 0.37499999999999734 0.37499999999999734 0.37499999999999734 0.5781250000000033 1.0 1.0 1.0 1.0 0.92499999999999 0.0 
0.0 0.0 0.0 0.0 0.0 0.0 0.0 0.0 0.0 0.0 0.0 0.0 0.10312500000000324 0.5106250000000073 1.0 1.0 1.0 0.9656249999999977 0.6706249999999908 0.0 
0.0 0.0 0.0 0.0 0.0 0.0 0.0 0.0 0.0 0.0 0.0 0.0 0.3750000000000089 1.0 1.0 1.0 1.0 0.8749999999999929 0.0 0.0 
0.0 0.0 0.0 0.0 0.0 0.0 0.0 0.0 0.0 0.0 0.0 0.4250000000000078 1.0 1.0 1.0 1.0 0.8249999999999904 0.0 0.0 0.0 
0.0 0.0 0.0 0.0 0.0 0.0 0.0 0.0 0.0 0.11812500000000242 0.5931250000000059 1.0 1.0 1.0 1.0 0.7749999999999915 0.0 0.0 0.0 0.0 
0.0 0.0 0.0 0.0 0.0 0.0 0.0 0.0 0.0 0.5250000000000075 1.0 1.0 1.0 1.0 0.7593749999999915 0.09687499999999756 0.0 0.0 0.0 0.0 
0.0 0.0 0.0 0.0 0.0 0.0 0.0 0.0 0.5750000000000064 1.0 1.0 1.0 1.0 0.6749999999999918 0.0 0.0 0.0 0.0 0.0 0.0 
0.0 0.0 0.0 0.0 0.0 0.0 0.0 0.6250000000000062 1.0 1.0 1.0 1.0 0.6249999999999911 0.0 0.0 0.0 0.0 0.0 0.0 0.0 
0.0 0.0 0.0 0.0 0.0 0.0 0.5568750000000069 0.9343750000000022 1.0 1.0 1.0 0.6493749999999923 0.10937499999999667 0.0 0.0 0.0 0.0 0.0 0.0 0.0 
0.0 0.0 0.0 0.0 0.0 0.3443750000000034 0.8293750000000036 1.0 1.0 1.0 0.7743749999999961 0.30187499999999506 0.0 0.0 0.0 0.0 0.0 0.0 0.0 0.0 
0.0 0.0 0.0 0.0 0.0968750000000006 0.7593750000000044 1.0 1.0 1.0 0.9343749999999991 0.4593749999999941 0.0 0.0 0.0 0.0 0.0 0.0 0.0 0.0 0.0 
0.0 0.0 0.0 0.0 0.7750000000000048 1.0 1.0 1.0 1.0 0.47499999999999254 0.0 0.0 0.0 0.0 0.0 0.0 0.0 0.0 0.0 0.0 
0.0 0.0 0.0 0.8250000000000046 1.0 1.0 1.0 1.0 0.4249999999999936 0.0 0.0 0.0 0.0 0.0 0.0 0.0 0.0 0.0 0.0 0.0 
0.0 0.06937500000000289 0.884375000000004 1.0 1.0 1.0 1.0 0.3749999999999938 0.0 0.0 0.0 0.0 0.0 0.0 0.0 0.0 0.0 0.0 0.0 0.0 
0.0 0.9250000000000036 1.0 1.0 1.0 1.0 1.0 0.3749999999999938 0.0 0.0 0.0 0.0 0.0 0.0 0.0 0.0 0.0 0.0 0.0 0.0 
0.3656250000000012 0.9531250000000022 1.0 1.0 1.0 1.0 1.0 1.0 0.640624999999996 0.375 0.375 0.375 0.375 0.375 0.375 0.375 0.375 0.375 0.375 0.3656249999999952 
0.9750000000000032 1.0 1.0 1.0 1.0 1.0 1.0 1.0 1.0 1.0 1.0 1.0 1.0 1.0 1.0 1.0 1.0 1.0 0.92499999999999 0.0 
0.31687500000000035 0.9493750000000024 0.4093749999999967 0.881875000000003 1.0 1.0 0.5443749999999954 0.746875000000004 1.0 1.0 1.0 1.0 1.0 1.0 1.0 1.0 1.0 1.0 0.92499999999999 0.0 
