0.0 0.0 0.0 0.0 0.0 0.15749999999999684 0.34999999999999076 0.34999999999999076 0.34999999999999076 0.382499999999994 0.9675000000000014 1.0 0.5124999999999907 0.34999999999999076 0.15749999999999434 0.0 0.0 0.0 0.0 0.0 
0.0 0.0 0.0 0.03249999999999482 0.5724999999999991 1.0 1.0 1.0 1.0 1.0 1.0 1.0 1.0 1.0 1.0 1.0 0.6674999999999924 0.03749999999999352 0.0 0.0 
0.0 0.0 0.5624999999999961 0.912499999999998 1.0 1.0 1.0 1.0 0.8874999999999982 0.25000000000000755 0.25000000000000755 0.25000000000000755 0.8125000000000046 1.0 1.0 1.0 1.0 0.9374999999999963 0.6374999999999893 0.0 
0.0 0.3824999999999951 0.8624999999999996 1.0 1.0 1.0 0.8425000000000009 0.41250000000000325 0.0 0.0 0.0 0.0 0.0 0.0 0.5500000000000043 1.0 1.0 1.0 0.9174999999999958 0.4274999999999899 
0.0 0.8500000000000021 1.0 1.0 1.0 0.5499999999999972 0.0 0.0 0.0 0.0 0.0 0.0 0.0 0.0 0.0 0.4500000000000064 1.0 1.0 1.0 0.9499999999999922 
0.0 0.8500000000000022 1.0 1.0 1.0 0.5499999999999972 0.0 0.0 0.0 0.0 0.0 0.0 0.0 0.0 0.0 0.4500000000000064 1.0 1.0 1.0 0.9499999999999922 
0.0 0.8500000000000022 1.0 1.0 1.0 0.5499999999999972 0.0 0.0 0.0 0.0 0.0 0.0 0.0 0.0 0.3024999999999998 0.7525000000000004 1.0 1.0 1.0 0.9499999999999922 
0.0 0.6375000000000046 0.9375000000000016 1.0 1.0 1.0 0.7374999999999964 0.18749999999999645 0.0 0.0 0.0 0.0 0.0 0.16249999999999912 0.6625000000000016 1.0 1.0 1.0 0.8499999999999943 0.0 
0.0 0.0 0.7500000000000024 1.0 1.0 1.0 1.0 0.9874999999999992 0.9499999999999975 0.9024999999999936 0.047499999999997176 0.8075000000000027 0.9499999999999975 0.9824999999999994 1.0 1.0 1.0 0.7624999999999938 0.04250000000000183 0.0 
0.0 0.0 0.0 0.0 0.5500000000000029 1.0 1.0 1.0 1.0 1.0 1.0 1.0 1.0 1.0 1.0 1.0 0.7724999999999973 0.26249999999999857 0.0 0.0 
0.0 0.0 0.26249999999999923 0.7725000000000009 1.0 1.0 1.0 1.0 0.9474999999999989 0.6500000000000021 0.6500000000000021 0.6500000000000021 0.9125000000000018 1.0 1.0 1.0 0.772499999999996 0.2624999999999959 0.0 0.0 
0.0 0.8500000000000022 1.0 1.0 1.0 0.9774999999999996 0.6174999999999965 0.0 0.0 0.0 0.0 0.0 0.0 0.6175000000000049 0.9774999999999999 1.0 1.0 1.0 0.8499999999999943 0.0 
0.7125000000000015 0.9625000000000006 1.0 1.0 1.0 0.5499999999999972 0.0 0.0 0.0 0.0 0.0 0.0 0.0 0.0 0.5500000000000043 1.0 1.0 1.0 0.9624999999999986 0.7124999999999941 
0.950000000000002 1.0 1.0 1.0 0.44999999999999707 0.0 0.0 0.0 0.0 0.0 0.0 0.0 0.0 0.0 0.0 0.4500000000000064 1.0 1.0 1.0 0.9499999999999922 
0.950000000000002 1.0 1.0 1.0 0.44999999999999707 0.0 0.0 0.0 0.0 0.0 0.0 0.0 0.0 0.0 0.0 0.4500000000000064 1.0 1.0 1.0 0.9499999999999922 
0.950000000000002 1.0 1.0 1.0 0.44999999999999707 0.0 0.0 0.0 0.0 0.0 0.0 0.0 0.0 0.0 0.46750000000000635 0.9175000000000038 1.0 1.0 1.0 0.9499999999999922 
0.4274999999999968 0.9175000000000006 1.0 1.0 1.0 0.7975000000000007 0.35750000000000104 0.0 0.0 0.0 0.0 0.0 0.0 0.0 0.5500000000000043 1.0 1.0 1.0 0.9174999999999962 0.42749999999999244 
0.0 0.6374999999999986 0.9374999999999998 1.0 1.0 1.0 1.0 0.8124999999999982 0.25000000000000355 0.25000000000000355 0.25000000000000355 0.25000000000000355 0.8125000000000036 1.0 1.0 1.0 1.0 0.9374999999999973 0.6374999999999927 0.0 
0.0 0.0 0.03749999999999533 0.6675000000000002 1.0 1.0 1.0 1.0 1.0 1.0 1.0 1.0 1.0 1.0 1.0 1.0 0.667499999999993 0.03749999999999485 0.0 0.0 
0.0 0.0 0.0 0.0 0.1924999999999979 0.3499999999999943 0.3499999999999943 0.5124999999999981 1.0 1.0 1.0 1.0 0.5124999999999934 0.3499999999999943 0.3499999999999943 0.19249999999999465 0.0 0.0 0.0 0.0 
