0.0 0.0 0.0 0.0 0.024374999999999182 0.13812499999999647 0.25187499999999363 0.40937499999999255 0.6456249999999953 0.8818749999999982 1.0 1.0 1.0 1.0 1.0 1.0 0.8143749999999987 0.5781249999999963 0.3418749999999926 0.21937499999999496 
0.0 0.024374999999999192 0.36562499999999665 0.7068749999999939 0.9768749999999933 0.9856249999999959 0.9943749999999983 1.0 1.0 1.0 1.0 1.0 1.0 1.0 1.0 1.0 1.0 1.0 1.0 0.6750000000000007 
0.4218749999999951 0.6343749999999932 0.7656249999999956 0.8968749999999979 1.0 1.0 1.0 1.0 1.0 1.0 1.0 1.0 1.0 1.0 1.0 1.0 1.0 1.0 1.0 0.6750000000000007 
0.6749999999999994 1.0 1.0 1.0 1.0 1.0 1.0 1.0 1.0 1.0 1.0 1.0 1.0 1.0 1.0 1.0 1.0 1.0 1.0 0.6750000000000007 
0.05062500000000367 0.09812500000000478 0.42187500000000283 0.7456250000000008 1.0 1.0 1.0 1.0 1.0 1.0 1.0 1.0 1.0 1.0 1.0 1.0 1.0 1.0 1.0 0.6750000000000007 
0.0 0.0 0.0 0.0 0.07499999999999929 0.4249999999999994 0.774999999999999 1.0 1.0 1.0 1.0 1.0 1.0 1.0 1.0 1.0 1.0 1.0 1.0 0.6750000000000007 
0.0 0.0 0.0 0.0 0.07499999999999929 0.4249999999999994 0.774999999999999 1.0 1.0 1.0 1.0 1.0 1.0 1.0 1.0 1.0 0.7250000000000014 0.3750000000000018 0.025000000000000355 0.0 
0.0 0.0 0.0 0.0 0.07499999999999929 0.4249999999999994 0.774999999999999 1.0 1.0 1.0 1.0 1.0 1.0 1.0 1.0 1.0 0.7250000000000014 0.3750000000000018 0.025000000000000355 0.0 
0.0 0.0 0.0 0.0 0.07499999999999929 0.4249999999999994 0.774999999999999 1.0 1.0 1.0 1.0 1.0 1.0 1.0 1.0 1.0 0.7250000000000014 0.3750000000000018 0.025000000000000355 0.0 
0.0 0.0 0.0 0.0 0.07499999999999929 0.4249999999999994 0.774999999999999 1.0 1.0 1.0 1.0 1.0 1.0 1.0 1.0 1.0 0.7250000000000014 0.3750000000000018 0.025000000000000355 0.0 
0.0 0.0 0.0 0.0 0.07499999999999929 0.4249999999999994 0.774999999999999 1.0 1.0 1.0 1.0 1.0 1.0 1.0 1.0 1.0 0.7250000000000014 0.3750000000000018 0.025000000000000355 0.0 
0.0 0.0 0.0 0.0 0.07499999999999929 0.4249999999999994 0.774999999999999 1.0 1.0 1.0 1.0 1.0 1.0 1.0 1.0 1.0 0.7250000000000014 0.3750000000000018 0.025000000000000355 0.0 
0.0 0.0 0.0 0.0 0.07499999999999929 0.4249999999999994 0.774999999999999 1.0 1.0 1.0 1.0 1.0 1.0 1.0 1.0 1.0 0.7250000000000014 0.3750000000000018 0.025000000000000355 0.0 
0.0 0.0 0.0 0.0 0.07499999999999929 0.4249999999999994 0.774999999999999 1.0 1.0 1.0 1.0 1.0 1.0 1.0 1.0 1.0 0.7250000000000014 0.3750000000000018 0.025000000000000355 0.0 
0.0 0.0 0.0 0.0 0.07499999999999929 0.4249999999999994 0.774999999999999 1.0 1.0 1.0 1.0 1.0 1.0 1.0 1.0 1.0 0.7250000000000014 0.3750000000000018 0.025000000000000355 0.0 
0.0 0.0 0.0 0.0 0.07499999999999929 0.4249999999999994 0.774999999999999 1.0 1.0 1.0 1.0 1.0 1.0 1.0 1.0 1.0 0.7250000000000014 0.3750000000000018 0.025000000000000355 0.0 
0.0 0.0 0.0 0.0 0.07499999999999929 0.4249999999999994 0.774999999999999 1.0 1.0 1.0 1.0 1.0 1.0 1.0 1.0 1.0 0.7250000000000014 0.3750000000000018 0.025000000000000355 0.0 
0.0 0.0 0.0 0.0 0.07499999999999929 0.4249999999999994 0.774999999999999 1.0 1.0 1.0 1.0 1.0 1.0 1.0 1.0 1.0 0.7250000000000014 0.3750000000000018 0.025000000000000355 0.0 
0.0 0.0 0.0 0.0 0.07499999999999929 0.4249999999999994 0.774999999999999 1.0 1.0 1.0 1.0 1.0 1.0 1.0 1.0 1.0 0.7250000000000014 0.3750000000000018 0.025000000000000355 0.0 
0.0 0.0 0.0 0.0 0.07499999999999929 0.4249999999999994 0.774999999999999 0.915625 0.6793749999999985 0.443124999999997 0.32499999999999574 0.32499999999999574 0.32499999999999574 0.32499999999999574 0.32499999999999574 0.32499999999999574 0.23562499999999736 0.12187499999999898 0.008125000000000009 0.0 
