0.0 0.0 0.0 0.0 0.25187500000000373 0.32500000000000284 0.780625000000005 1.0 1.0 1.0 1.0 1.0 1.0 1.0 0.8143749999999945 0.32500000000000284 0.2681249999999992 0.0 0.0 0.0 
0.0 0.0 0.0 0.0 0.7750000000000048 1.0 1.0 1.0 1.0 1.0 1.0 1.0 1.0 1.0 1.0 1.0 0.9956250000000002 0.8531249999999955 0.0 0.0 
0.0 0.0 0.5468750000000049 0.9343750000000022 1.0 1.0 1.0 0.6093749999999944 0.37499999999999734 0.37499999999999734 0.37499999999999734 0.37499999999999734 0.6093750000000039 1.0 1.0 1.0 1.0 0.9531249999999977 0.5781249999999962 0.0 
0.0 0.9250000000000036 1.0 1.0 1.0 0.800624999999997 0.23562499999999492 0.0 0.0 0.0 0.0 0.0 0.0 0.23562500000000522 0.800625000000001 1.0 1.0 1.0 0.92499999999999 0.0 
0.0 0.9250000000000036 1.0 1.0 1.0 0.274999999999995 0.0 0.0 0.0 0.0 0.0 0.0 0.0 0.0 0.27500000000000924 1.0 1.0 1.0 0.9943749999999995 0.9018749999999905 
0.0 0.9250000000000036 1.0 1.0 1.0 0.274999999999995 0.0 0.0 0.0 0.0 0.0 0.0 0.0 0.0 0.11687500000000314 0.42499999999999716 0.42499999999999716 0.42499999999999716 0.3931249999999931 0.0 
0.0 0.9250000000000036 1.0 1.0 1.0 0.274999999999995 0.0 0.0 0.0 0.0 0.0 0.0 0.0 0.0 0.0 0.0 0.0 0.0 0.0 0.0 
0.8531250000000046 0.9906250000000005 1.0 1.0 1.0 0.274999999999995 0.0 0.0 0.0 0.0 0.0 0.0 0.0 0.0 0.0 0.0 0.0 0.0 0.0 0.0 
0.9750000000000032 1.0 1.0 1.0 1.0 0.274999999999995 0.0 0.0 0.0 0.27562500000000506 0.5250000000000021 0.5250000000000021 0.5250000000000021 0.5250000000000021 0.5250000000000021 0.5250000000000021 0.5250000000000021 0.5250000000000021 0.48562499999999675 0.0 
0.9750000000000032 1.0 1.0 1.0 1.0 0.274999999999995 0.0 0.0 0.0 0.5250000000000075 1.0 1.0 1.0 1.0 1.0 1.0 1.0 1.0 0.92499999999999 0.0 
0.9750000000000032 1.0 1.0 1.0 1.0 0.274999999999995 0.0 0.0 0.0 0.5250000000000075 1.0 1.0 1.0 1.0 1.0 1.0 1.0 1.0 0.92499999999999 0.0 
0.9750000000000032 1.0 1.0 1.0 0.6318749999999966 0.144374999999997 0.0 0.0 0.0 0.0 0.0 0.0 0.0 0.17062500000000383 0.6556250000000033 1.0 1.0 1.0 0.92499999999999 0.0 
0.9750000000000032 1.0 1.0 1.0 0.2249999999999952 0.0 0.0 0.0 0.0 0.0 0.0 0.0 0.0 0.0 0.27500000000000924 1.0 1.0 1.0 0.92499999999999 0.0 
0.9750000000000032 1.0 1.0 1.0 0.2249999999999952 0.0 0.0 0.0 0.0 0.0 0.0 0.0 0.0 0.251875000000007 0.8368750000000036 1.0 1.0 1.0 0.92499999999999 0.0 
0.9750000000000032 1.0 1.0 1.0 0.2249999999999952 0.0 0.0 0.0 0.0 0.0 0.0 0.0 0.0 0.32500000000000817 1.0 1.0 1.0 1.0 0.92499999999999 0.0 
0.9750000000000032 1.0 1.0 1.0 0.28312499999999774 0.020625000000000407 0.0 0.0 0.0 0.0 0.0 0.0 0.0 0.32500000000000817 1.0 1.0 1.0 0.9906249999999991 0.8556249999999882 0.0 
0.2681249999999995 0.9456250000000025 1.0 1.0 1.0 0.8006249999999997 0.2356249999999961 0.0 0.0 0.0 0.0 0.0 0.27187500000000697 0.8143750000000032 1.0 1.0 1.0 0.8749999999999929 0.0 0.0 
0.0 0.5781250000000022 0.9531250000000016 1.0 1.0 1.0 1.0 0.6093749999999961 0.375 0.375 0.6718750000000042 1.0 1.0 1.0 1.0 1.0 0.9343749999999964 0.5468749999999956 0.0 0.0 
0.0 0.0 0.0 0.8043750000000027 0.9943749999999997 1.0 1.0 1.0 1.0 1.0 1.0 1.0 1.0 0.9918749999999991 0.9749999999999979 0.75562499999999 0.0 0.0 0.0 0.0 
0.0 0.0 0.0 0.0 0.251875000000001 0.3249999999999993 0.7806250000000039 1.0 1.0 1.0 1.0 0.7131249999999945 0.3249999999999993 0.21937499999999688 0.0 0.0 0.0 0.0 0.0 0.0 
