0.0 0.0 0.0 0.0 0.0 0.0 0.0 0.26562500000000566 0.4250000000000078 0.7268750000000049 1.0 1.0 1.0 1.0 0.8418750000000009 0.4250000000000078 0.3506250000000054 0.0 0.0 0.0 
0.0 0.0 0.0 0.0 0.0 0.19937500000000644 0.7643750000000038 1.0 1.0 1.0 1.0 1.0 1.0 1.0 1.0 1.0 1.0 0.9093749999999985 0.25437500000000696 0.0 
0.0 0.0 0.0 0.10312500000000752 0.8031250000000034 1.0 1.0 0.9218749999999942 0.8749999999999911 0.4156249999999939 0.0 0.0 0.0 0.0 0.24062499999999942 0.9031249999999935 1.0 1.0 0.9343749999999982 0.1218750000000084 
0.0 0.0 0.0 0.8250000000000015 1.0 1.0 1.0 0.3749999999999982 0.0 0.0 0.0 0.0 0.0 0.0 0.0 0.2250000000000032 1.0 1.0 1.0 0.9749999999999979 
0.0 0.0 0.8750000000000016 1.0 1.0 1.0 0.3249999999999984 0.0 0.0 0.0 0.0 0.0 0.0 0.0 0.0 0.0 0.1750000000000025 1.0 1.0 0.9749999999999979 
0.0 0.0 0.2843749999999921 0.3249999999999904 0.3249999999999904 0.0893749999999969 0.0 0.0 0.0 0.0 0.0 0.0 0.0 0.0 0.0 0.0 0.1750000000000025 1.0 1.0 0.9749999999999979 
0.0 0.0 0.0 0.0 0.0 0.0 0.0 0.0 0.0 0.0 0.0 0.0 0.0 0.0 0.0 0.2250000000000032 1.0 1.0 0.9606249999999978 0.46312499999998996 
0.0 0.0 0.0 0.0 0.0 0.0 0.0 0.0 0.0 0.0 0.0 0.0 0.0 0.12187500000000454 0.5468750000000091 1.0 1.0 0.9531249999999973 0.5781249999999883 0.0 
0.0 0.0 0.0 0.0 0.0 0.0 0.0 0.0 0.0 0.0 0.0 0.0 0.08437500000000427 0.47687500000000915 1.0 1.0 0.9606249999999976 0.6781249999999882 0.0 0.0 
0.0 0.0 0.0 0.0 0.0 0.0 0.0 0.0 0.0 0.0 0.0 0.4250000000000025 1.0 1.0 1.0 0.7749999999999968 0.0 0.0 0.0 0.0 
0.0 0.0 0.0 0.0 0.0 0.0 0.0 0.0 0.0 0.0 0.43937500000000673 0.9568750000000067 1.0 1.0 0.7456249999999949 0.05812499999999095 0.0 0.0 0.0 0.0 
0.0 0.0 0.0 0.0 0.0 0.0 0.0 0.0 0.0 0.5250000000000021 1.0 1.0 0.7093749999999939 0.15187499999999074 0.0 0.0 0.0 0.0 0.0 0.0 
0.0 0.0 0.0 0.0 0.0 0.0 0.0 0.39062500000000777 0.8406250000000053 1.0 1.0 0.7343749999999939 0.23437499999999267 0.0 0.0 0.0 0.0 0.0 0.0 0.0 
0.0 0.0 0.0 0.0 0.0 0.0 0.6750000000000016 1.0 1.0 1.0 0.5249999999999986 0.0 0.0 0.0 0.0 0.0 0.0 0.0 0.0 0.0 
0.0 0.0 0.0 0.0 0.251875000000011 0.8143750000000047 1.0 1.0 0.8131249999999917 0.32062499999999217 0.0 0.0 0.0 0.0 0.0 0.0 0.0 0.0 0.0 0.0 
0.0 0.0 0.0 0.14437500000000963 0.814375000000004 1.0 1.0 0.8906249999999926 0.3506249999999936 0.0 0.0 0.0 0.0 0.0 0.0 0.0 0.0 0.0 0.0 0.0 
0.0 0.0 0.8750000000000016 1.0 1.0 1.0 0.3249999999999984 0.0 0.0 0.0 0.0 0.0 0.0 0.0 0.0 0.0 0.0 0.0 0.0 0.0 
0.0 0.8093750000000145 0.984375000000002 1.0 1.0 1.0 0.3249999999999984 0.0 0.0 0.0 0.0 0.0 0.0 0.0 0.0 0.0 0.0 0.0 0.0 0.0 
0.9750000000000014 1.0 1.0 1.0 1.0 1.0 1.0 1.0 1.0 1.0 1.0 1.0 1.0 1.0 1.0 1.0 1.0 1.0 0.9249999999999972 0.0 
0.9750000000000014 1.0 1.0 1.0 1.0 1.0 1.0 1.0 1.0 1.0 0.7268749999999911 0.42499999999998295 0.42499999999998295 0.42499999999998295 0.42499999999998295 0.42499999999998295 0.42499999999998295 0.42499999999998295 0.393124999999983 0.0 
