0.0 0.0 0.0 0.0 0.0 0.12500000000000408 0.2000000000000064 0.2000000000000064 0.2000000000000064 0.7000000000000031 0.7000000000000017 0.2000000000000064 0.2000000000000064 0.2000000000000064 0.2000000000000064 0.17500000000000523 0.025000000000000445 0.0 0.0 0.0 
0.0 0.0 0.0 0.07500000000000102 0.5250000000000056 0.8500000000000024 1.0 1.0 1.0 1.0 1.0 1.0 1.0 1.0 1.0 0.9500000000000001 0.6500000000000046 0.22500000000000123 0.0 0.0 
0.0 3.6082248300317595e-15 0.37500000000000383 1.0 1.0 1.0 0.9999999999999978 0.8749999999999941 0.12499999999999839 0.0 0.0 0.0 0.0 0.6249999999999981 0.9999999999999964 1.0 1.0 1.0 0.6250000000000004 5.051514762044452e-15 
0.0 0.6250000000000001 1.0 1.0 1.0 0.7499999999999962 0.3749999999999959 0.0 0.0 0.0 0.0 0.0 0.0 0.0 0.22499999999999892 0.6499999999999957 0.95 1.0 1.0 0.8749999999999982 
0.0 0.6250000000000001 1.0 1.0 1.0 0.37499999999999956 0.0 0.0 0.0 0.0 0.0 0.0 0.0 0.0 0.0 0.12500000000000178 0.8750000000000018 1.0 1.0 0.8749999999999982 
0.0 0.0 0.0 0.0 0.0 0.0 0.0 0.0 0.0 0.0 0.0 0.0 0.0 0.0 0.0 0.12500000000000178 0.8750000000000018 1.0 1.0 0.8749999999999982 
0.0 0.0 0.0 0.0 0.0 0.0 0.0 0.0 0.0 0.0 0.0 0.0 0.0 0.0 0.0 0.12500000000000178 0.8750000000000018 1.0 1.0 0.8749999999999982 
0.0 0.0 0.0 0.0 0.0 0.0 0.0 0.0 0.0 0.0 0.0 0.0 0.0 0.0 1.3322676295501942e-15 0.12500000000000488 0.8750000000000022 1.0 0.9999999999999987 0.8749999999999951 
0.0 0.0 0.0 0.0 0.0 0.0 0.0 0.05000000000000084 0.35000000000000375 0.1500000000000011 0.15000000000000183 0.4000000000000039 0.4000000000000039 0.4000000000000039 0.6250000000000036 1.0 1.0 0.7499999999999969 0.3749999999999965 0.0 
0.0 0.0 0.0 0.0 0.0 0.0 0.0 0.1250000000000009 0.8750000000000009 0.8750000000000024 0.8750000000000029 1.0 1.0 1.0 1.0 0.899999999999998 0.2999999999999948 0.07499999999999804 0.0 0.0 
0.0 0.0 0.0 0.0 0.0 0.0 0.0 0.10000000000000035 0.6999999999999982 0.7999999999999972 0.7999999999999972 0.7999999999999972 0.7999999999999972 0.7999999999999972 0.8749999999999986 0.8999999999999989 0.30000000000000104 0.0750000000000007 0.0 0.0 
0.0 0.0 0.0 0.0 0.0 0.0 0.0 0.0 0.0 0.0 0.0 0.0 0.0 0.0 0.14999999999999952 0.47499999999999826 0.9250000000000007 0.7500000000000013 0.6000000000000032 0.5250000000000017 
0.0 0.0 0.0 0.0 0.0 0.0 0.0 0.0 0.0 0.0 0.0 0.0 0.0 0.0 0.0 0.12500000000000178 0.8750000000000018 1.0 1.0 0.8749999999999982 
0.0 0.0 0.0 0.0 0.0 0.0 0.0 0.0 0.0 0.0 0.0 0.0 0.0 0.0 0.0 0.0750000000000008 0.5249999999999992 0.8499999999999999 1.0 0.8749999999999982 
0.0 0.5000000000000006 0.8000000000000007 0.7000000000000003 0.09999999999999973 0.0 0.0 0.0 0.0 0.0 0.0 0.0 0.0 0.0 0.0 0.0 0.0 0.6250000000000018 1.0 0.8749999999999982 
0.6999999999999975 0.9249999999999989 1.0 0.8749999999999996 0.12499999999999956 0.0 0.0 0.0 0.0 0.0 0.0 0.0 0.0 0.0 0.0 0.02500000000000071 0.17500000000000285 0.7000000000000025 1.0 0.8749999999999982 
0.0 0.6250000000000001 1.0 0.95 0.650000000000001 0.22500000000000026 0.0 0.0 0.0 0.0 0.0 0.0 0.0 0.0 0.0 0.12500000000000178 0.8750000000000018 1.0 1.0 0.8749999999999982 
0.0 0.0 0.3750000000000002 1.0 1.0 1.0 0.6249999999999991 0.0 0.0 0.0 0.0 0.0 0.0 0.0 0.3750000000000018 1.0 1.0 1.0 0.6249999999999982 0.0 
0.0 0.0 0.22499999999999934 0.5999999999999979 0.5999999999999979 0.8499999999999994 1.0 1.0 1.0 0.6250000000000008 0.40000000000000213 0.4750000000000029 0.9250000000000014 1.0 1.0 0.9499999999999991 0.6499999999999975 0.22499999999999815 0.0 0.0 
0.0 0.0 0.0 0.0 0.0 0.12499999999999964 0.1999999999999993 0.3000000000000001 0.9000000000000006 1.0 1.0 1.0 1.0 0.4999999999999981 0.1999999999999993 0.17499999999999902 0.024999999999999557 0.0 0.0 0.0 
