0.0 0.0 0.0 0.0 0.0 0.0 0.28687500000000593 0.7843750000000039 1.0 1.0 1.0 1.0 1.0 1.0 1.0 0.870625 0.3506250000000054 0.0 0.0 0.0 
0.0 0.0 0.0 0.0 0.21312500000000695 0.8006250000000034 1.0 1.0 1.0 1.0 0.8693749999999957 0.7249999999999917 0.8281249999999952 1.0 1.0 1.0 1.0 0.9093749999999985 0.25437500000000696 0.0 
0.0 0.0 0.0 0.10312500000000752 0.8031250000000034 1.0 1.0 0.9218749999999942 0.3718749999999945 0.0 0.0 0.0 0.0 0.0 0.24062499999999942 0.9031249999999935 1.0 1.0 1.0 0.9749999999999979 
0.0 0.0 0.853125000000009 0.9956250000000015 1.0 1.0 0.3418749999999927 0.009374999999996757 0.0 0.0 0.0 0.0 0.0 0.0 0.0 0.2250000000000032 1.0 1.0 1.0 0.9749999999999979 
0.0 0.0 0.7218750000000093 0.9693750000000019 1.0 1.0 0.3249999999999984 0.0 0.0 0.0 0.0 0.0 0.0 0.0 0.0 0.03937499999999852 0.3193749999999946 1.0 1.0 0.9749999999999979 
0.0 0.0 0.8750000000000016 1.0 1.0 0.5106249999999921 0.10562499999999636 0.0 0.0 0.0 0.0 0.0 0.0 0.0 0.0 0.1518750000000043 0.7318750000000087 1.0 1.0 0.9749999999999979 
0.0 0.4393749999999922 0.9343749999999997 1.0 1.0 0.655625000000006 0.17062500000000216 0.0 0.0 0.0 0.0 0.0 0.0 0.0 0.0 0.2250000000000032 1.0 1.0 1.0 0.9749999999999979 
0.0 0.0 0.8750000000000016 1.0 1.0 1.0 0.5781250000000062 0.14062500000000333 0.0 0.0 0.0 0.0 0.0 0.0 0.10312500000000373 0.5156250000000102 1.0 1.0 0.9249999999999972 0.0 
0.0 0.0 0.0 0.6393749999999927 0.9493749999999981 1.0 1.0 1.0 0.5543750000000044 0.2250000000000103 0.2250000000000103 0.2250000000000103 0.5156250000000078 1.0 1.0 0.949374999999997 0.7749999999999897 0.6781249999999882 0.0 0.0 
0.0 0.0 0.0 0.0 0.0 0.7250000000000014 1.0 1.0 1.0 1.0 1.0 1.0 1.0 1.0 1.0 0.7749999999999968 0.0 0.0 0.0 0.0 
0.0 0.0 0.0 0.0 0.7168750000000104 0.9793750000000032 1.0 1.0 1.0 0.514374999999992 0.5143749999999954 1.0 1.0 1.0 1.0 0.9831250000000024 0.9250000000000114 0.8093750000000066 0.0 0.0 
0.0 0.0 0.8750000000000016 1.0 1.0 0.43812499999998966 0.2249999999999872 0.0843749999999948 0.0 0.0 0.0 0.0 0.0 0.07312499999999648 0.4381249999999924 1.0 1.0 0.9718750000000008 0.7168750000000096 0.0 
0.0 0.9250000000000015 1.0 1.0 0.5156249999999907 0.10312499999999654 0.0 0.0 0.0 0.0 0.0 0.0 0.0 0.0 0.10312499999999787 0.5156249999999938 1.0 1.0 0.9718749999999997 0.6093750000000091 
0.9750000000000014 1.0 1.0 1.0 0.2249999999999983 0.0 0.0 0.0 0.0 0.0 0.0 0.0 0.0 0.0 0.0 0.2250000000000032 1.0 1.0 0.9249999999999972 0.0 
0.9750000000000014 1.0 1.0 1.0 0.2249999999999983 0.0 0.0 0.0 0.0 0.0 0.0 0.0 0.0 0.0 0.0 0.2250000000000032 1.0 1.0 0.9249999999999972 0.0 
0.9750000000000014 1.0 1.0 1.0 0.2249999999999983 0.0 0.0 0.0 0.0 0.0 0.0 0.0 0.0 0.0 0.0481250000000035 0.3606250000000114 1.0 1.0 0.9249999999999972 0.0 
0.9750000000000014 1.0 1.0 1.0 0.24437500000000828 0.006875000000003482 0.0 0.0 0.0 0.0 0.0 0.0 0.0 0.008125000000004228 0.29312500000001135 1.0 1.0 0.8749999999999964 0.0 0.0 
0.12187499999998633 0.9343750000000003 1.0 1.0 1.0 0.9093750000000101 0.2843750000000032 0.0 0.0 0.0 0.0 0.3718750000000082 0.8750000000000142 0.9156250000000099 1.0 1.0 0.8468749999999954 0.10937499999998712 0.0 0.0 
0.0 0.2543749999999925 0.909375 1.0 1.0 1.0 1.0 1.0 1.0 1.0 1.0 1.0 1.0 1.0 0.8006249999999961 0.21312499999999251 0.0 0.0 0.0 0.0 
0.0 0.0 0.0 0.0 0.3293749999999875 0.42499999999998295 0.8131249999999954 1.0 1.0 1.0 1.0 0.7556249999999913 0.42499999999998295 0.2868749999999873 0.0 0.0 0.0 0.0 0.0 0.0 
