0.011249999999999254 0.44999999999999574 0.44999999999999574 0.37124999999999814 0.12374999999999832 0.5500000000000043 0.6962500000000001 1.0 1.0 0.7862500000000062 0.5500000000000043 0.8087499999999967 1.0 0.6962500000000081 0.5500000000000043 0.47249999999999903 0.07875000000000597 0.0 0.0 0.0 
0.02499999999999858 1.0 0.9187500000000015 0.28874999999999806 0.07874999999999745 0.3499999999999961 0.3499999999999961 0.5937499999999929 1.0 0.6912500000000041 0.3499999999999961 0.3499999999999961 0.3499999999999961 0.7887499999999912 1.0 0.22500000000001386 0.0 0.8749999999999858 0.07500000000001705 0.0 
0.02499999999999858 0.9250000000000023 0.03124999999999878 0.24999999999999645 0.36249999999999566 0.543750000000007 0.0 0.0 0.0 0.0 0.0 0.0 0.0 0.0 0.543749999999993 0.7500000000000036 0.7500000000000036 0.31250000000000444 0.018750000000003996 0.24374999999999244 
0.02499999999999858 0.9250000000000023 0.0 0.17499999999999627 0.7750000000000048 0.0 0.0 0.0 0.0 0.0 0.0 0.0 0.0 0.0 0.0 0.0 0.8249999999999851 0.1250000000000142 0.1387499999999945 0.0037500000000023712 
0.02499999999999858 0.9250000000000023 0.0 0.17499999999999627 0.7750000000000048 0.0 0.0 0.0 0.0 0.0 0.0 0.0 0.0 0.0 0.0 0.0 0.8249999999999851 1.0 0.07500000000001705 0.9749999999999837 
0.02499999999999858 0.99625 0.8312500000000008 0.17499999999999627 0.7750000000000048 0.0 0.0 0.0 0.0 0.0 0.0 0.0 0.0 0.0 0.0 0.0 0.8249999999999851 0.16875000000001567 0.003750000000001039 0.9749999999999837 
0.02499999999999858 1.0 0.9812500000000002 0.8762499999999976 0.7750000000000048 0.0 0.0 0.0 0.0 0.0 0.0 0.0 0.0 0.0 0.0 0.0 0.8249999999999851 1.0 1.0 1.0 
0.02499999999999858 1.0 0.9687500000000006 0.7937499999999976 0.7750000000000048 0.0 0.0 0.0 0.0 0.0 0.0 0.0 0.0 0.0 0.0 0.0 0.8249999999999851 1.0 1.0 1.0 
0.02499999999999858 1.0 1.0 1.0 0.7750000000000048 0.0 0.0 0.0 0.0 0.0 0.0 0.0 0.0 0.0 0.0 0.7749999999999861 0.711250000000004 0.9562499999999948 1.0 0.025000000000016342 
0.02499999999999858 1.0 1.0 1.0 1.0 1.0 1.0 1.0 1.0 1.0 1.0 1.0 0.718750000000003 0.8537499999999938 0.6737500000000037 0.898749999999993 1.0 0.5187500000000103 0.033750000000007885 0.0 
0.02499999999999858 1.0 1.0 1.0 1.0 1.0 1.0 1.0 1.0 1.0 1.0 1.0 1.0 1.0 1.0 0.6512500000000068 0.09625000000000833 0.0 0.0 0.0 
1.0 1.0 1.0 1.0 0.7750000000000048 0.0 0.0 0.0 0.0 0.0 0.34124999999999256 0.8512499999999954 1.0 1.0 1.0 0.22500000000001386 0.0 0.0 0.0 0.0 
1.0 1.0 0.8750000000000031 0.1312499999999972 0.5812500000000036 0.0 0.0 0.0 0.0 0.0 0.0 0.5749999999999886 1.0 1.0 1.0 0.22500000000001386 0.0 0.0 0.0 0.0 
1.0 1.0 1.0 0.8250000000000037 0.0 0.0 0.0 0.0 0.0 0.0 0.0 0.0 0.6249999999999893 1.0 1.0 0.3412500000000107 0.02625000000000199 0.0 0.0 0.0 
1.0 1.0 1.0 0.8250000000000037 0.0 0.0 0.0 0.0 0.0 0.0 0.0 0.0 0.6249999999999893 1.0 1.0 1.0 0.21625000000001476 0.006250000000000799 0.0 0.0 
1.0 1.0 1.0 0.8250000000000037 0.0 0.0 0.0 0.0 0.0 0.0 0.0 0.0 0.03124999999999769 0.6912499999999879 1.0 1.0 1.0 0.1250000000000142 0.0 0.0 
1.0 1.0 1.0 0.8250000000000037 0.0 0.0 0.0 0.0 0.0 0.0 0.0 0.0 0.0 0.6749999999999883 1.0 1.0 1.0 0.8687500000000034 0.0637500000000146 0.0 
1.0 1.0 1.0 0.8250000000000037 0.0 0.0 0.0 0.0 0.0 0.0 0.0 0.0 0.0 0.0 0.7249999999999872 1.0 1.0 1.0 0.07500000000001705 0.0 
1.0 1.0 1.0 0.8250000000000037 0.0 0.0 0.0 0.0 0.0 0.0 0.0 0.0 0.0 0.0 0.25374999999999653 0.8537499999999913 1.0 1.0 1.0 0.025000000000016342 
1.0 1.0 1.0 0.8250000000000037 0.0 0.0 0.0 0.0 0.0 0.0 0.0 0.0 0.0 0.0 0.0 0.7749999999999861 1.0 1.0 1.0 0.025000000000016342 
