0.0 0.0 0.0 0.0 0.0 0.0 0.0 0.11250000000000186 0.30000000000000426 0.6325000000000032 1.0 1.0 1.0 1.0 0.4924999999999996 0.30000000000000426 0.30000000000000426 0.0374999999999984 0.0 0.0 
0.0 0.0 0.0 0.0 0.0 0.24750000000000077 0.9000000000000046 0.937500000000003 1.0 1.0 1.0 1.0 1.0 1.0 1.0 1.0 1.0 0.9125000000000033 0.06749999999999332 0.0 
0.0 0.0 0.0 0.08749999999999988 0.6125000000000032 1.0 1.0 0.8124999999999978 0.4999999999999951 0.26249999999999674 0.0 0.0 0.0 0.0 0.36249999999999893 0.8875000000000017 1.0 1.0 0.5375000000000006 0.012499999999995858 
0.0 0.0 0.12499999999999734 1.0 1.0 0.9724999999999987 0.6074999999999965 0.0 0.0 0.0 0.0 0.0 0.0 0.0 0.0 0.0 0.8250000000000064 1.0 1.0 0.12249999999999718 
0.0 0.0 0.12499999999999734 1.0 1.0 0.7250000000000005 0.0 0.0 0.0 0.0 0.0 0.0 0.0 0.0 0.0 0.0 0.8250000000000064 1.0 1.0 0.3174999999999887 
0.0 0.07499999999999662 1.0 1.0 0.7750000000000012 0.0 0.0 0.0 0.0 0.0 0.0 0.0 0.0 0.0 0.0 0.0 0.0 0.0 0.0 0.0 
0.0 0.07499999999999662 1.0 1.0 0.7750000000000012 0.0 0.0 0.0 0.0 0.0 0.0 0.0 0.0 0.0 0.0 0.0 0.0 0.0 0.0 0.0 
0.024999999999995914 1.0 1.0 1.0 0.7750000000000012 0.0 0.0 0.0 0.0 0.0 0.0 0.0 0.0 0.0 0.0 0.0 0.0 0.0 0.0 0.0 
0.024999999999995914 1.0 1.0 1.0 0.7750000000000012 0.0 0.0 0.0 0.0 0.0 0.0 0.0 0.0 0.0 0.0 0.0 0.0 0.0 0.0 0.0 
0.024999999999995914 1.0 1.0 0.8775000000000003 0.2324999999999954 0.0 0.0 0.0 0.0 0.0 0.0 0.0 0.0 0.0 0.0 0.0 0.0 0.0 0.0 0.0 
0.024999999999995914 1.0 1.0 0.825000000000002 0.0 0.0 0.0 0.0 0.0 0.0 0.0 0.0 0.0 0.0 0.0 0.0 0.0 0.0 0.0 0.0 
0.024999999999995914 1.0 1.0 0.825000000000002 0.0 0.0 0.0 0.0 0.0 0.0 0.0 0.0 0.0 0.0 0.0 0.0 0.0 0.0 0.0 0.0 
1.0 1.0 1.0 0.825000000000002 0.0 0.0 0.0 0.0 0.0 0.0 0.0 0.0 0.0 0.0 0.0 0.0 0.0 0.0 0.0 0.0 
1.0 1.0 0.8750000000000027 0.0 0.0 0.0 0.0 0.0 0.0 0.0 0.0 0.0 0.0 0.0 0.0 0.0 0.0 0.0 0.0 0.0 
1.0 1.0 0.8750000000000027 0.0 0.0 0.0 0.0 0.0 0.0 0.0 0.0 0.0 0.0 0.0 0.0 0.0 0.0 0.0 0.0 0.0 
1.0 1.0 0.8750000000000027 0.0 0.0 0.0 0.0 0.0 0.0 0.0 0.0 0.0 0.0 0.6750000000000043 1.0 1.0 0.7524999999999916 0.08749999999999405 0.0 0.0 
1.0 1.0 0.8750000000000027 0.0 0.0 0.0 0.0 0.0 0.0 0.0 0.0 0.0 0.562500000000009 0.9675000000000035 1.0 0.3024999999999877 0.017499999999997743 0.0 0.0 0.0 
0.5124999999999875 1.0 1.0 0.9125000000000029 0.3875000000000089 0.0 0.0 0.0 0.0 0.0 0.2625000000000067 0.5000000000000107 0.8125000000000058 1.0 0.6374999999999897 0.11249999999999476 0.0 0.0 0.0 0.0 
0.02249999999999611 0.8999999999999915 0.9124999999999923 1.0 1.0 1.0 1.0 1.0 1.0 1.0 1.0 0.9424999999999948 0.8999999999999915 0.2924999999999934 0.0 0.0 0.0 0.0 0.0 0.0 
0.0 0.0 0.03749999999999796 0.29999999999999005 0.4574999999999914 1.0 1.0 1.0 0.7024999999999952 0.29999999999999005 0.29999999999999005 0.12749999999999492 0.0 0.0 0.0 0.0 0.0 0.0 0.0 0.0 
