0.0 0.0 0.0 0.0 0.06187500000000112 0.4743750000000031 1.0 1.0 1.0 1.0 1.0 1.0 1.0 1.0 1.0 1.0 1.0 1.0 1.0 1.0 
0.0 0.0 0.0 0.0 0.2250000000000023 1.0 1.0 1.0 1.0 1.0 1.0 1.0 1.0 1.0 1.0 1.0 1.0 1.0 1.0 1.0 
0.0 0.0 0.0 0.0 0.2250000000000023 1.0 1.0 0.859374999999998 0.3593749999999969 0.0 0.0 0.0 0.0 0.0 0.0 0.0 0.0 0.0 0.0 0.0 
0.0 0.0 0.0 0.0 0.2250000000000023 1.0 1.0 0.6249999999999973 0.0 0.0 0.0 0.0 0.0 0.0 0.0 0.0 0.0 0.0 0.0 0.0 
0.0 0.0 0.0 0.1750000000000025 1.0 1.0 0.8456249999999976 0.3281249999999966 0.0 0.0 0.0 0.0 0.0 0.0 0.0 0.0 0.0 0.0 0.0 0.0 
0.0 0.0 0.0 0.1750000000000025 1.0 1.0 0.6749999999999972 0.0 0.0 0.0 0.0 0.0 0.0 0.0 0.0 0.0 0.0 0.0 0.0 0.0 
0.0 0.0 0.0 0.1750000000000025 1.0 1.0 0.6749999999999972 0.0 0.0 0.0 0.0 0.0 0.0 0.0 0.0 0.0 0.0 0.0 0.0 0.0 
0.0 0.0 0.12500000000000222 1.0 1.0 1.0 0.6749999999999972 0.0 0.0 0.0 0.0 0.0 0.0 0.0 0.0 0.0 0.0 0.0 0.0 0.0 
0.0 0.0 0.12500000000000222 1.0 1.0 1.0 0.6749999999999972 0.0 0.0 0.0 0.0 0.0 0.0 0.0 0.0 0.0 0.0 0.0 0.0 0.0 
0.0 0.0 0.12500000000000222 1.0 1.0 1.0 1.0 0.7093749999999999 0.22500000000000497 0.22500000000000497 0.22500000000000497 0.22500000000000497 0.22500000000000497 0.07312500000000105 0.0 0.0 0.0 0.0 0.0 0.0 
0.0 0.0 0.12500000000000222 1.0 1.0 1.0 1.0 1.0 1.0 1.0 1.0 1.0 1.0 0.3249999999999975 0.0 0.0 0.0 0.0 0.0 0.0 
0.0 0.07500000000000218 1.0 1.0 1.0 0.7249999999999979 0.0 0.0 0.0 0.0 0.0 0.0 0.0 0.0 0.0 0.0 0.0 0.0 0.0 0.0 
0.0 0.07500000000000218 1.0 1.0 0.8031249999999972 0.09062499999999715 0.0 0.0 0.0 0.0 0.0 0.0 0.0 0.0 0.0 0.0 0.0 0.0 0.0 0.0 
0.0 0.07500000000000218 1.0 1.0 0.7749999999999977 0.0 0.0 0.0 0.0 0.0 0.0 0.0 0.0 0.0 0.0 0.0 0.0 0.0 0.0 0.0 
0.024375000000002204 0.9768750000000046 1.0 1.0 0.7749999999999977 0.0 0.0 0.0 0.0 0.0 0.0 0.0 0.0 0.0 0.0 0.0 0.0 0.0 0.0 0.0 
0.02500000000000213 1.0 1.0 0.9081249999999976 0.3681249999999945 0.0 0.0 0.0 0.0 0.0 0.0 0.0 0.0 0.0 0.0 0.0 0.0 0.0 0.0 0.0 
0.02500000000000213 1.0 1.0 0.8249999999999975 0.0 0.0 0.0 0.0 0.0 0.0 0.0 0.0 0.0 0.0 0.0 0.0 0.0 0.0 0.0 0.0 
0.02500000000000213 1.0 1.0 0.8249999999999975 0.0 0.0 0.0 0.0 0.0 0.0 0.0 0.0 0.0 0.0 0.0 0.0 0.0 0.0 0.0 0.0 
1.0 1.0 1.0 1.0 1.0 1.0 1.0 1.0 1.0 1.0 1.0 1.0 1.0 1.0 1.0 0.22499999999999787 0.0 0.0 0.0 0.0 
1.0 1.0 1.0 1.0 1.0 1.0 1.0 1.0 1.0 1.0 1.0 1.0 1.0 1.0 0.4743749999999915 0.061874999999997495 0.0 0.0 0.0 0.0 
