1.0 1.0 1.0 0.6500000000000075 0.0 0.0 0.0 0.0 0.0 0.0 0.0 0.0 0.0 0.0 0.0 0.20625000000000018 0.7812499999999971 1.0 1.0 1.0 
1.0 1.0 1.0 1.0 0.5500000000000078 0.0 0.0 0.0 0.0 0.0 0.0 0.0 0.0 0.0 0.0 0.54999999999999 1.0 1.0 1.0 0.050000000000007816 
1.0 1.0 1.0 1.0 0.5500000000000078 0.0 0.0 0.0 0.0 0.0 0.0 0.0 0.0 0.0 0.3937499999999964 0.943750000000002 1.0 1.0 1.0 0.050000000000007816 
0.04999999999999272 1.0 1.0 1.0 0.5500000000000078 0.0 0.0 0.0 0.0 0.0 0.0 0.0 0.0 0.0 0.4499999999999922 1.0 1.0 1.0 0.4687499999999997 0.018750000000002577 
0.04999999999999272 1.0 1.0 1.0 0.7187500000000081 0.16875000000000626 0.0 0.0 0.0 0.0 0.0 0.0 0.0 0.34999999999999076 1.0 1.0 1.0 1.0 0.15000000000000924 0.0 
0.04374999999999327 0.893749999999993 1.0 1.0 1.0 0.45000000000000817 0.0 0.0 0.0 0.0 0.0 0.0 0.03125000000000089 0.4312499999999965 1.0 1.0 1.0 0.2500000000000071 0.0 0.0 
0.0 0.14999999999999258 1.0 1.0 1.0 0.45000000000000817 0.0 0.0 0.0 0.0 0.0 0.0 0.2499999999999929 1.0 1.0 1.0 1.0 0.2500000000000071 0.0 0.0 
0.0 0.14999999999999258 1.0 1.0 1.0 0.45000000000000817 0.0 0.0 0.0 0.0 0.0 0.0 0.2499999999999929 1.0 1.0 1.0 0.3500000000000085 0.0 0.0 0.0 
0.0 0.14999999999999258 1.0 1.0 1.0 1.0 0.35000000000000764 0.0 0.0 0.0 0.0 0.14999999999999147 1.0 1.0 1.0 0.7937499999999998 0.21875000000000283 0.0 0.0 0.0 
0.0 0.0 0.24999999999999245 1.0 1.0 1.0 0.35000000000000764 0.0 0.0 0.0 0.04999999999999005 1.0 1.0 1.0 1.0 0.45000000000000995 0.0 0.0 0.0 0.0 
0.0 0.0 0.24999999999999245 1.0 1.0 1.0 0.35000000000000764 0.0 0.0 0.0 0.04999999999999005 1.0 1.0 1.0 0.6062500000000036 0.056249999999998045 0.0 0.0 0.0 0.0 
0.0 0.0 0.24999999999999245 1.0 1.0 1.0 1.0 0.250000000000008 0.0 0.0 0.643750000000003 1.0 1.0 1.0 0.5500000000000078 0.0 0.0 0.0 0.0 0.0 
0.0 0.0 0.0 0.34999999999999254 1.0 1.0 1.0 0.250000000000008 0.0 0.35625000000000384 1.0 1.0 1.0 0.868750000000001 0.343750000000001 0.0 0.0 0.0 0.0 0.0 
0.0 0.0 0.0 0.34999999999999254 1.0 1.0 1.0 1.0 1.0 1.0 1.0 1.0 1.0 0.6500000000000092 0.0 0.0 0.0 0.0 0.0 0.0 
0.0 0.0 0.0 0.34999999999999254 1.0 1.0 1.0 1.0 1.0 1.0 1.0 1.0 0.7812500000000044 0.08124999999999653 0.0 0.0 0.0 0.0 0.0 0.0 
0.0 0.0 0.0 0.1312499999999947 0.6562499999999912 1.0 1.0 1.0 1.0 1.0 1.0 1.0 0.7500000000000071 0.0 0.0 0.0 0.0 0.0 0.0 0.0 
0.0 0.0 0.0 0.0 0.4499999999999922 1.0 1.0 1.0 1.0 1.0 1.0 0.8500000000000085 0.0 0.0 0.0 0.0 0.0 0.0 0.0 0.0 
0.0 0.0 0.0 0.0 0.4499999999999922 1.0 1.0 1.0 1.0 1.0 0.9937500000000009 0.7437500000000015 0.0 0.0 0.0 0.0 0.0 0.0 0.0 0.0 
0.0 0.0 0.0 0.0 0.056249999999995824 0.6062499999999896 1.0 1.0 1.0 1.0 0.95000000000001 0.0 0.0 0.0 0.0 0.0 0.0 0.0 0.0 0.0 
0.0 0.0 0.0 0.0 0.0 0.20624999999999302 0.3749999999999929 0.3749999999999929 0.3749999999999929 0.9687499999999948 0.35624999999999696 0.0 0.0 0.0 0.0 0.0 0.0 0.0 0.0 0.0 
