0.0 0.0 0.0 0.0 0.0 0.0 0.0 0.0 0.0 0.0 0.0 0.0 0.0 0.32500000000000817 1.0 1.0 1.0 1.0 0.92499999999999 0.0 
0.0 0.0 0.0 0.0 0.0 0.0 0.0 0.0 0.0 0.0 0.0 0.0 0.3656250000000097 0.983125000000002 1.0 1.0 1.0 1.0 0.92499999999999 0.0 
0.0 0.0 0.0 0.0 0.0 0.0 0.0 0.0 0.0 0.0 0.0 0.265625000000006 0.765625000000005 1.0 1.0 1.0 1.0 1.0 0.92499999999999 0.0 
0.0 0.0 0.0 0.0 0.0 0.0 0.0 0.0 0.0 0.0 0.0 0.4250000000000078 1.0 1.0 1.0 1.0 1.0 1.0 0.92499999999999 0.0 
0.0 0.0 0.0 0.0 0.0 0.0 0.0 0.0 0.0 0.0 0.4393750000000074 0.956875000000002 1.0 1.0 1.0 1.0 1.0 1.0 0.92499999999999 0.0 
0.0 0.0 0.0 0.0 0.0 0.0 0.0 0.0 0.0 0.3018750000000058 0.7768750000000044 1.0 1.0 1.0 1.0 1.0 1.0 1.0 0.92499999999999 0.0 
0.0 0.0 0.0 0.0 0.0 0.0 0.0 0.0 0.12937500000000227 0.6318750000000064 1.0 1.0 1.0 0.9268749999999977 0.836875000000001 1.0 1.0 1.0 0.92499999999999 0.0 
0.0 0.0 0.0 0.0 0.0 0.0 0.0 0.0 0.5750000000000064 1.0 1.0 1.0 0.6718749999999916 0.08437499999999779 0.27500000000000924 1.0 1.0 1.0 0.92499999999999 0.0 
0.0 0.0 0.0 0.0 0.0 0.0 0.0 0.3281250000000046 0.798125000000004 1.0 1.0 0.5749999999999922 0.0 0.0 0.27500000000000924 1.0 1.0 1.0 0.92499999999999 0.0 
0.0 0.0 0.0 0.0 0.0 0.0 0.11812500000000274 0.690625000000006 1.0 1.0 0.9168749999999977 0.4743749999999921 0.0 0.0 0.27500000000000924 1.0 1.0 1.0 0.92499999999999 0.0 
0.0 0.0 0.0 0.0 0.0 0.0 0.675000000000006 1.0 1.0 1.0 0.5249999999999932 0.0 0.0 0.0 0.27500000000000924 1.0 1.0 1.0 0.92499999999999 0.0 
0.0 0.0 0.0 0.0 0.0 0.725000000000005 1.0 1.0 1.0 0.47499999999999254 0.0 0.0 0.0 0.0 0.14437500000000447 0.631875000000003 1.0 1.0 0.92499999999999 0.0 
0.0 0.0 0.0 0.0 0.0968750000000006 0.7593750000000044 1.0 1.0 0.4249999999999936 0.0 0.0 0.0 0.0 0.0 0.0 0.22500000000000853 1.0 1.0 0.92499999999999 0.0 
0.0 0.0 0.0 0.0 0.7750000000000048 1.0 1.0 1.0 0.4249999999999936 0.0 0.0 0.0 0.0 0.0 0.0 0.22500000000000853 1.0 1.0 0.9831249999999979 0.7556249999999922 
0.0 0.0 0.0 0.8250000000000046 1.0 1.0 1.0 0.3749999999999938 0.0 0.0 0.0 0.0 0.0 0.0 0.0 0.22500000000000853 1.0 1.0 1.0 0.9749999999999872 
0.0 0.0 0.06562500000000279 0.8381250000000048 1.0 1.0 1.0 1.0 1.0 1.0 1.0 1.0 1.0 1.0 1.0 1.0 1.0 1.0 1.0 0.9749999999999872 
0.0 0.0 0.875000000000004 1.0 1.0 1.0 1.0 1.0 1.0 1.0 1.0 1.0 1.0 1.0 1.0 1.0 1.0 1.0 1.0 0.9749999999999872 
0.0 0.9250000000000036 1.0 1.0 1.0 0.7281249999999981 0.625 0.625 0.625 0.625 0.625 0.3593749999999951 0.23437500000000555 0.625 0.625 0.7093750000000032 1.0 1.0 1.0 0.9749999999999872 
0.9750000000000032 1.0 1.0 1.0 0.2249999999999952 0.0 0.0 0.0 0.0 0.0 0.0 0.0 0.0 0.0 0.0 0.22500000000000853 1.0 1.0 1.0 0.9749999999999872 
0.9750000000000032 1.0 1.0 0.4431249999999963 0.07312499999999827 0.0 0.0 0.0 0.0 0.0 0.0 0.0 0.0 0.0 0.0 0.0731250000000026 0.3249999999999993 0.3249999999999993 0.3249999999999993 0.31687499999999513 
