0.0 0.0 0.0 0.0 0.0 0.0 0.0 0.0 0.0 0.0 0.4750000000000014 0.4750000000000014 0.7375000000000063 1.0 0.5274999999999964 0.4750000000000014 0.3324999999999956 0.0 0.0 0.0 
0.0 0.0 0.0 0.0 0.0 0.0 0.0 0.21250000000000382 0.8275000000000052 1.0 1.0 1.0 1.0 1.0 1.0 1.0 1.0 0.7124999999999947 0.12749999999999473 0.0 
0.0 0.0 0.0 0.0 0.0 0.0 0.3000000000000078 1.0 1.0 0.662499999999995 0.5624999999999931 0.0 0.0 0.0 0.5625000000000042 0.662500000000003 1.0 1.0 0.5624999999999928 0.037499999999995384 
0.0 0.0 0.0 0.0 0.0 1.0 1.0 0.8374999999999967 0.2024999999999939 0.0 0.0 0.0 0.0 0.0 0.0 0.0 0.30000000000001137 1.0 1.0 0.39249999999999313 
0.0 0.0 0.0 0.0 0.9000000000000066 1.0 1.0 0.4999999999999929 0.0 0.0 0.0 0.0 0.0 0.0 0.0 0.0 0.30000000000001137 1.0 1.0 0.7524999999999946 
0.0 0.0 0.0 0.0 0.0 0.0 0.0 0.0 0.0 0.0 0.0 0.0 0.0 0.0 0.0 0.0 0.30000000000001137 1.0 1.0 0.09999999999998721 
0.0 0.0 0.0 0.0 0.0 0.0 0.0 0.0 0.0 0.0 0.0 0.0 0.0 0.0 0.0 0.10000000000001208 1.0 0.9124999999999969 0.24749999999998812 0.0 
0.0 0.0 0.0 0.0 0.0 0.0 0.0 0.0 0.0 0.0 0.0 0.0 0.0 0.0 0.11250000000000435 1.0 0.9624999999999975 0.4374999999999889 0.0 0.0 
0.0 0.0 0.0 0.0 0.0 0.0 0.0 0.0 0.0 0.0 0.0 0.0 0.03750000000000222 0.72250000000001 1.0 1.0 0.6999999999999886 0.0 0.0 0.0 
0.0 0.0 0.0 0.0 0.0 0.0 0.0 0.0 0.0 0.0 0.0 0.007500000000000879 0.5125000000000115 1.0 0.9774999999999978 0.0 0.0 0.0 0.0 0.0 
0.0 0.0 0.0 0.0 0.0 0.0 0.0 0.0 0.0 0.0 0.09750000000000845 0.9825000000000013 1.0 1.0 0.09999999999999076 0.0 0.0 0.0 0.0 0.0 
0.0 0.0 0.0 0.0 0.0 0.0 0.0 0.0 0.0 0.8325000000000123 1.0 1.0 0.537499999999988 0.022499999999997976 0.0 0.0 0.0 0.0 0.0 0.0 
0.0 0.0 0.0 0.0 0.0 0.0 0.0 0.437500000000008 0.9625000000000021 1.0 0.9124999999999922 0.08749999999999632 0.0 0.0 0.0 0.0 0.0 0.0 0.0 0.0 
0.0 0.0 0.0 0.0 0.0 0.0 0.2475000000000073 0.9125000000000026 1.0 1.0 0.15749999999999595 0.0 0.0 0.0 0.0 0.0 0.0 0.0 0.0 0.0 
0.0 0.0 0.0 0.0 0.0 0.7975000000000066 1.0 1.0 0.4574999999999897 0.022499999999997352 0.0 0.0 0.0 0.0 0.0 0.0 0.0 0.0 0.0 0.0 
0.0 0.0 0.0 0.5075000000000082 0.9725000000000024 1.0 0.7824999999999929 0.13749999999999557 0.0 0.0 0.0 0.0 0.0 0.0 0.0 0.0 0.0 0.0 0.0 0.0 
0.0 0.2025000000000049 0.837500000000004 1.0 1.0 0.932499999999995 0.22749999999999448 0.0 0.0 0.0 0.0 0.0 0.0 0.0 0.0 0.0 0.0 0.0 0.0 0.0 
0.06250000000000382 0.7375000000000069 1.0 1.0 0.4374999999999895 0.0 0.0 0.0 0.0 0.0 0.0 0.0 0.0 0.0 0.0 0.0 0.0 0.0 0.0 0.0 
1.0 1.0 1.0 1.0 1.0 0.9574999999999974 0.5750000000000028 0.5750000000000028 0.5750000000000028 0.5750000000000028 0.5750000000000028 0.5750000000000028 0.5750000000000028 0.5750000000000028 0.5750000000000028 0.0 0.0 0.0 0.0 0.0 
1.0 1.0 1.0 1.0 1.0 1.0 1.0 1.0 1.0 1.0 1.0 1.0 1.0 1.0 1.0 0.0 0.0 0.0 0.0 0.0 
