0.0 0.0 0.0 0.0 0.0 0.0 0.0 0.0 0.0 0.0 0.0 0.0 0.0 0.0 0.27500000000000213 1.0 1.0 1.0 1.0 0.9749999999999979 
0.0 0.0 0.0 0.0 0.0 0.0 0.0 0.0 0.0 0.0 0.0 0.0 0.0 0.0 0.27500000000000213 1.0 1.0 1.0 1.0 0.9749999999999979 
0.0 0.0 0.0 0.0 0.0 0.0 0.0 0.0 0.0 0.0 0.0 0.0 0.0 0.32500000000000284 1.0 1.0 1.0 1.0 1.0 0.9749999999999979 
0.0 0.0 0.0 0.0 0.0 0.0 0.0 0.0 0.0 0.0 0.0 0.0 0.3656250000000049 0.9831250000000058 1.0 1.0 1.0 1.0 1.0 0.9749999999999979 
0.0 0.0 0.0 0.0 0.0 0.0 0.0 0.0 0.0 0.0 0.0 0.3506250000000059 0.890625000000006 1.0 1.0 1.0 1.0 1.0 1.0 0.9749999999999979 
0.0 0.0 0.0 0.0 0.0 0.0 0.0 0.0 0.0 0.0 0.3206250000000055 0.8131250000000063 1.0 1.0 1.0 1.0 1.0 1.0 0.9493749999999974 0.31687499999998997 
0.0 0.0 0.0 0.0 0.0 0.0 0.0 0.0 0.0 0.0 0.4750000000000014 1.0 1.0 1.0 1.0 1.0 1.0 1.0 0.9249999999999972 0.0 
0.0 0.0 0.0 0.0 0.0 0.0 0.0 0.0 0.0 0.5250000000000021 1.0 1.0 0.8593749999999953 0.421874999999991 0.0 0.2250000000000032 1.0 1.0 0.9249999999999972 0.0 
0.0 0.0 0.0 0.0 0.0 0.0 0.0 0.0 0.12937500000000637 0.6318750000000066 1.0 0.904374999999995 0.4843749999999922 0.0 0.0 0.2250000000000032 1.0 1.0 0.9249999999999972 0.0 
0.0 0.0 0.0 0.0 0.0 0.0 0.0 0.04687500000000635 0.606875000000006 1.0 0.9643749999999952 0.531874999999992 0.0 0.0 0.0 0.2250000000000032 1.0 1.0 0.9249999999999972 0.0 
0.0 0.0 0.0 0.0 0.0 0.0 0.0 0.6250000000000018 1.0 1.0 0.5249999999999986 0.0 0.0 0.0 0.0 0.2250000000000032 1.0 1.0 0.9249999999999972 0.0 
0.0 0.0 0.0 0.0 0.0 0.0 0.6750000000000016 1.0 1.0 0.47499999999999787 0.0 0.0 0.0 0.0 0.0 0.2250000000000032 1.0 1.0 0.9249999999999972 0.0 
0.0 0.0 0.0 0.0 0.0 0.7250000000000014 1.0 1.0 0.42499999999999805 0.0 0.0 0.0 0.0 0.0 0.0 0.2250000000000032 1.0 1.0 0.9249999999999972 0.0 
0.0 0.0 0.0 0.0 0.36812500000001014 0.8556250000000041 1.0 0.7031249999999916 0.22312499999999383 0.0 0.0 0.0 0.0 0.0 0.0 0.2250000000000032 1.0 1.0 0.9249999999999972 0.0 
0.0 0.0 0.0 0.0 0.7750000000000017 1.0 1.0 0.3749999999999982 0.0 0.0 0.0 0.0 0.0 0.0 0.0 0.2250000000000032 1.0 1.0 0.9249999999999972 0.0 
0.0 0.0 0.0 0.8250000000000015 1.0 1.0 1.0 0.48437500000000566 0.17500000000001137 0.17500000000001137 0.17500000000001137 0.17500000000001137 0.17500000000001137 0.17500000000001137 0.40187500000001 1.0 1.0 1.0 0.9249999999999972 0.0 
0.0 0.0 0.8750000000000016 1.0 1.0 1.0 1.0 1.0 1.0 1.0 1.0 1.0 1.0 1.0 1.0 1.0 1.0 0.9968749999999983 0.9018749999999854 0.0 
0.0 0.8093750000000145 0.984375000000002 1.0 1.0 1.0 1.0 1.0 1.0 0.5406249999999907 0.12499999999998579 0.12499999999998579 0.12499999999998579 0.12499999999998579 0.36562499999999154 1.0 1.0 0.8749999999999964 0.0 0.0 
0.7068750000000094 0.979375000000001 1.0 1.0 0.2249999999999983 0.0 0.0 0.0 0.0 0.0 0.0 0.0 0.0 0.0 0.07562499999999824 0.4381249999999957 1.0 0.8749999999999964 0.0 0.0 
0.9750000000000014 1.0 0.4968749999999842 0.07437499999999637 0.0 0.0 0.0 0.0 0.0 0.0 0.0 0.0 0.0 0.0 0.0 0.2250000000000032 1.0 0.9281249999999959 0.393124999999983 0.0 
