0.8499999999999979 1.0 1.0 1.0 1.0 1.0 1.0 1.0 1.0 1.0 1.0 1.0 0.9062500000000002 0.6437500000000029 0.6250000000000036 0.5375000000000008 0.37499999999999645 0.37499999999999645 0.37499999999999645 0.31874999999999554 
0.8499999999999979 1.0 1.0 1.0 1.0 1.0 0.9937500000000001 0.9062500000000023 0.9312500000000017 1.0 1.0 1.0 0.7812499999999977 0.16874999999999613 0.043749999999998644 0.04374999999999909 0.16874999999999923 0.7812500000000023 0.5499999999999972 0.0 
0.8499999999999979 1.0 1.0 1.0 1.0 1.0 0.9937499999999999 0.906249999999998 0.9312499999999986 1.0 1.0 0.5187500000000008 0.12500000000000266 0.12500000000000266 0.04375000000000066 0.04375000000000111 0.12500000000000266 0.12500000000000266 0.06875000000000112 0.0 
0.8499999999999979 1.0 1.0 1.0 1.0 1.0 1.0 1.0 1.0 1.0 1.0 0.7937499999999987 0.6249999999999982 0.6249999999999982 0.6249999999999982 0.6249999999999982 0.6437499999999993 0.9062500000000009 1.0 0.8499999999999961 
0.8499999999999979 1.0 1.0 1.0 1.0 1.0 1.0 1.0 1.0 1.0 1.0 1.0 0.7499999999999982 0.049999999999998934 0.4062500000000025 0.6250000000000018 0.6437500000000026 0.9062500000000018 0.5499999999999972 0.0 
0.8499999999999979 1.0 1.0 1.0 1.0 1.0 1.0 1.0 1.0 1.0 1.0 0.4499999999999993 0.0 0.0 0.0 0.0 0.0 0.0 0.0 0.0 
0.8499999999999979 1.0 1.0 1.0 1.0 1.0 1.0 1.0 1.0 1.0 1.0 0.4499999999999993 0.0 0.0 0.0 0.0 0.0 0.0 0.0 0.0 
0.8499999999999979 1.0 1.0 1.0 1.0 1.0 1.0 1.0 1.0 0.9062499999999998 0.46874999999999967 0.16874999999999973 0.09375000000000067 0.3562500000000004 0.1312499999999992 0.0 0.0 0.0 0.0 0.0 
0.8499999999999979 1.0 1.0 1.0 1.0 1.0 1.0 1.0 0.7187499999999999 0.375 0.375 0.7187500000000004 1.0 1.0 0.34999999999999787 0.0 0.0 0.0 0.0 0.0 
0.8499999999999979 1.0 1.0 1.0 1.0 1.0 1.0 1.0 1.0 1.0 1.0 1.0 1.0 1.0 1.0 0.6499999999999986 0.0 0.0 0.0 0.0 
0.8499999999999979 1.0 1.0 1.0 1.0 1.0 0.9562500000000002 0.34375 0.5187500000000002 1.0 1.0 1.0 1.0 1.0 0.43124999999999813 0.08124999999999982 0.0 0.0 0.0 0.0 
0.8499999999999979 1.0 1.0 1.0 1.0 1.0 1.0 1.0 1.0 0.8499999999999996 0.14999999999999947 0.0 0.0 0.0 0.0 0.0 0.0 0.0 0.0 0.0 
0.8499999999999979 1.0 1.0 1.0 1.0 1.0 1.0 1.0 0.5499999999999998 0.0 0.0 0.0 0.0 0.0 0.0 0.0 0.0 0.0 0.0 0.0 
0.8499999999999979 1.0 1.0 1.0 1.0 1.0 0.9500000000000002 0.25 0.0 0.0 0.0 0.0 0.0 0.0 0.0 0.0 0.0 0.0 0.0 0.0 
0.8499999999999979 1.0 1.0 1.0 0.4312499999999985 0.12499999999999645 0.11874999999999665 0.031249999999999112 0.0 0.0 0.0 0.0 0.0 0.0 0.0 0.0 0.0 0.0 0.0 0.0 
0.8499999999999979 1.0 1.0 1.0 0.350000000000001 0.0 0.0 0.0 0.0 0.0 0.0 0.0 0.0 0.0 0.0 0.0 0.0 0.0 0.0 0.0 
0.8499999999999979 1.0 0.7500000000000016 0.050000000000001155 0.0 0.0 0.0 0.0 0.0 0.0 0.0 0.0 0.0 0.0 0.0 0.0 0.0 0.0 0.0 0.0 
0.8499999999999979 1.0 0.7500000000000016 0.050000000000001155 0.0 0.0 0.0 0.0 0.0 0.0 0.0 0.0 0.0 0.0 0.0 0.0 0.0 0.0 0.0 0.0 
0.8499999999999979 1.0 0.9687500000000011 0.8812500000000035 0.3062500000000021 0.0 0.0 0.0 0.0 0.0 0.0 0.0 0.0 0.0 0.0 0.0 0.0 0.0 0.0 0.0 
0.8499999999999979 1.0 0.843750000000001 0.4062500000000007 0.13125000000000037 0.0 0.0 0.0 0.0 0.0 0.0 0.0 0.0 0.0 0.0 0.0 0.0 0.0 0.0 0.0 
