0.0 0.29749999999999294 0.34999999999999076 0.7724999999999984 0.642499999999993 0.34999999999999076 0.5774999999999961 1.0 1.0 1.0 1.0 1.0 1.0 1.0 1.0 1.0 1.0 1.0 1.0 0.9499999999999922 
0.0 0.8500000000000022 1.0 1.0 1.0 1.0 1.0 1.0 1.0 0.9975000000000002 0.9525000000000077 0.9500000000000082 0.9500000000000082 0.9500000000000082 0.9500000000000082 0.9500000000000082 0.9500000000000082 0.9500000000000082 0.9500000000000082 0.9025000000000003 
0.0 0.8500000000000021 1.0 1.0 1.0 0.6625000000000012 0.25000000000000755 0.25000000000000755 0.25000000000000755 0.2375000000000061 0.012499999999999668 0.0 0.0 0.0 0.0 0.0 0.0 0.0 0.0 0.0 
0.0 0.8500000000000022 1.0 1.0 1.0 0.5499999999999972 0.0 0.0 0.0 0.0 0.0 0.0 0.0 0.0 0.0 0.0 0.0 0.0 0.0 0.0 
0.0 0.8500000000000021 1.0 1.0 1.0 0.5499999999999972 0.0 0.0 0.0 0.0 0.0 0.0 0.0 0.0 0.0 0.0 0.0 0.0 0.0 0.0 
0.0 0.8500000000000022 1.0 1.0 1.0 0.5499999999999972 0.0 0.0 0.0 0.0 0.0 0.0 0.0 0.0 0.0 0.0 0.0 0.0 0.0 0.0 
0.0 0.8500000000000022 1.0 1.0 1.0 0.5499999999999972 0.0 0.0 0.08250000000000146 0.5499999999999954 0.5499999999999954 0.5499999999999954 0.5499999999999954 0.19249999999999526 0.0 0.0 0.0 0.0 0.0 0.0 
0.0 0.8500000000000021 1.0 1.0 1.0 1.0 1.0 1.0 1.0 1.0 1.0 1.0 1.0 1.0 1.0 1.0 0.737499999999995 0.18749999999999556 0.0 0.0 
0.0 0.8500000000000022 1.0 1.0 1.0 1.0 0.6674999999999979 0.05000000000000249 0.05000000000000249 0.05000000000000249 0.05000000000000249 0.05000000000000249 0.05000000000000249 0.05000000000000249 0.5725000000000051 1.0 1.0 0.987499999999999 0.8074999999999924 0.0 
0.0 0.8500000000000022 1.0 1.0 0.6424999999999988 0.19249999999999978 0.0 0.0 0.0 0.0 0.0 0.0 0.0 0.0 0.0 0.4500000000000064 1.0 1.0 1.0 0.9499999999999922 
0.0 0.0 0.0 0.0 0.0 0.0 0.0 0.0 0.0 0.0 0.0 0.0 0.0 0.0 0.0 0.0 0.350000000000005 1.0 1.0 0.9499999999999922 
0.0 0.0 0.0 0.0 0.0 0.0 0.0 0.0 0.0 0.0 0.0 0.0 0.0 0.0 0.0 0.0 0.350000000000005 1.0 1.0 0.9499999999999922 
0.0 0.0 0.0 0.0 0.0 0.0 0.0 0.0 0.0 0.0 0.0 0.0 0.0 0.0 0.0 0.0 0.350000000000005 1.0 1.0 0.9499999999999922 
0.0 0.0 0.0 0.0 0.0 0.0 0.0 0.0 0.0 0.0 0.0 0.0 0.0 0.0 0.0 0.0 0.350000000000005 1.0 1.0 0.9499999999999922 
0.14250000000000232 0.15000000000000213 0.15000000000000213 0.15000000000000213 0.06750000000000052 0.0 0.0 0.0 0.0 0.0 0.0 0.0 0.0 0.0 0.0 0.0 0.350000000000005 1.0 1.0 0.9499999999999922 
0.950000000000002 1.0 1.0 1.0 0.44999999999999707 0.0 0.0 0.0 0.0 0.0 0.0 0.0 0.0 0.0 0.0 0.0 0.350000000000005 1.0 1.0 0.9499999999999922 
0.4274999999999968 0.9175000000000006 1.0 1.0 0.44999999999999707 0.0 0.0 0.0 0.0 0.0 0.0 0.0 0.0 0.0 0.0 0.24750000000000544 0.707500000000005 1.0 0.9174999999999962 0.42749999999999244 
0.0 0.6374999999999986 0.9374999999999998 1.0 1.0 0.6624999999999994 0.25000000000000355 0.18750000000000178 0.0 0.0 0.0 0.0 0.0 0.16250000000000372 0.6625000000000048 1.0 1.0 0.9374999999999973 0.6374999999999927 0.0 
0.0 0.0 0.03749999999999533 0.6675000000000002 1.0 1.0 1.0 0.9875000000000014 0.9500000000000064 0.9500000000000064 0.9500000000000064 0.9500000000000064 0.9500000000000064 0.9825000000000025 1.0 1.0 0.667499999999993 0.03749999999999485 0.0 0.0 
0.0 0.0 0.0 0.0 0.1924999999999979 0.3499999999999943 0.3499999999999943 0.5124999999999981 1.0 1.0 1.0 1.0 0.5124999999999934 0.3499999999999943 0.15749999999999595 0.0 0.0 0.0 0.0 0.0 
