0.0 0.0 0.0 0.0 0.0 0.10312500000000047 0.375 0.375 0.375 0.6718750000000009 0.6718749999999998 0.15937500000000027 0.234375 0.375 0.10312500000000013 0.0 0.0 0.0 0.0 0.0 
0.0 0.0 0.015625000000000222 0.2781250000000014 1.0 1.0 1.0 1.0 1.0 1.0 1.0 1.0 1.0 1.0 1.0 0.32187500000000124 0.125 0.015625 0.0 0.0 
0.0 0.06562500000000174 0.8906250000000007 1.0 1.0 1.0 1.0 1.0 0.6281249999999992 0.12499999999999956 0.5843750000000001 1.0 1.0 1.0 1.0 1.0 1.0 0.8906250000000004 0.0656249999999994 0.0 
0.02500000000000213 1.0 1.0 1.0 0.8593749999999989 0.27187499999999887 0.0 0.0 0.0 0.0 0.0 0.0 0.0 0.25312499999999966 0.8281249999999996 1.0 1.0 1.0 1.0 0.02500000000000213 
0.0 0.0 0.0 0.0 0.0 0.0 0.0 0.0 0.0 0.0 0.0 0.0 0.0 0.0 0.0 0.7749999999999986 1.0 1.0 1.0 1.0 
0.0 0.0 0.0 0.0 0.0 0.0 0.0 0.0 0.0 0.0 0.0 0.0 0.0 0.0 0.0 0.0 0.8249999999999993 1.0 1.0 1.0 
0.0 0.0 0.0 0.0 0.0 0.0 0.0 0.0 0.0 0.0 0.0 0.0 0.0 0.0 0.0 0.0 0.8249999999999993 1.0 1.0 1.0 
0.0 0.0 0.0 0.0 0.0 0.0 0.0 0.0 0.0 0.0 0.0 0.0 0.0 0.0 0.0 0.7749999999999986 1.0 1.0 1.0 0.3906249999999996 
0.0 0.0 0.0 0.0 0.0 0.0 0.0 0.0 0.0 0.0 0.0 0.0 0.2343750000000011 0.3750000000000018 0.8281250000000002 1.0 1.0 1.0 0.6531249999999981 0.015625000000001287 
0.0 0.0 0.0 0.0 0.0 0.0 0.0 0.0 0.0 0.4750000000000014 1.0 1.0 1.0 1.0 1.0 1.0 0.8968750000000001 0.109375 0.0 0.0 
0.0 0.0 0.0 0.0 0.0 0.0 0.0 0.0 0.0 0.4750000000000014 1.0 1.0 1.0 1.0 1.0 1.0 0.1750000000000007 0.0 0.0 0.0 
0.0 0.0 0.0 0.0 0.0 0.0 0.0 0.0 0.0 0.17812499999999884 0.37499999999999645 0.734374999999998 1.0 1.0 1.0 1.0 1.0 0.6718750000000031 0.04687499999999982 0.0 
0.0 0.0 0.0 0.0 0.0 0.0 0.0 0.0 0.0 0.0 0.0 0.0 0.0 0.42187499999999806 0.8968749999999989 1.0 1.0 1.0 0.42187500000000283 0.009375000000000888 
0.0 0.0 0.0 0.0 0.0 0.0 0.0 0.0 0.0 0.0 0.0 0.0 0.0 0.0 0.0 0.7749999999999986 1.0 1.0 1.0 0.02500000000000213 
0.0 0.0 0.0 0.0 0.0 0.0 0.0 0.0 0.0 0.0 0.0 0.0 0.0 0.0 0.0 0.7749999999999986 1.0 1.0 1.0 0.8781250000000037 
0.0 0.0 0.0 0.0 0.0 0.0 0.0 0.0 0.0 0.0 0.0 0.0 0.0 0.0 0.0 0.7749999999999986 1.0 1.0 1.0 0.02500000000000213 
0.009375000000000888 0.37500000000000355 0.37500000000000355 0.37500000000000355 0.29062500000000224 0.0 0.0 0.0 0.0 0.0 0.0 0.0 0.0 0.0 0.7249999999999996 1.0 1.0 1.0 1.0 0.02500000000000213 
0.8781249999999968 1.0 1.0 1.0 1.0 0.7593749999999999 0.12500000000000355 0.12500000000000355 0.07187500000000195 0.0 0.0656250000000019 0.12500000000000355 0.12500000000000355 0.7156250000000017 1.0 1.0 1.0 0.8906249999999969 0.06562499999999911 0.0 
0.0031250000000001775 0.19062499999999843 1.0 1.0 1.0 1.0 1.0 1.0 0.9468750000000015 0.8750000000000036 0.9406250000000017 1.0 1.0 1.0 1.0 1.0 0.2781249999999977 0.015624999999999556 0.0 0.0 
0.0 0.0 0.04687499999999978 0.3749999999999929 0.5156249999999953 1.0 1.0 1.0 1.0 1.0 1.0 1.0 1.0 0.5781249999999948 0.3749999999999929 0.08437499999999894 0.0 0.0 0.0 0.0 
