0.0 0.0 0.37500000000000255 0.9999999999999983 1.0 1.0 1.0 1.0 1.0 1.0 1.0 1.0 1.0 1.0 1.0 1.0 1.0 1.0 1.0 1.0 
0.0 0.0 0.9999999999999973 1.0 1.0 1.0 1.0 1.0 1.0 1.0 1.0 1.0 1.0 1.0 1.0 1.0 1.0 1.0 1.0 1.0 
0.0 0.0 0.9999999999999973 1.0 1.0 1.0 1.0 0.12499999999999967 0.12499999999999734 0.12499999999999734 0.12499999999999734 0.12499999999999734 0.12499999999999734 0.12499999999999734 0.12499999999999734 0.12499999999999734 0.12499999999999734 0.12499999999999734 0.12499999999999734 0.12499999999999734 
0.0 0.0 0.9999999999999973 1.0 1.0 1.0 2.6645352591003757e-15 0.0 0.0 0.0 0.0 0.0 0.0 0.0 0.0 0.0 0.0 0.0 0.0 0.0 
0.0 0.0 0.9999999999999973 1.0 1.0 1.0 2.6645352591003757e-15 0.0 0.0 0.0 0.0 0.0 0.0 0.0 0.0 0.0 0.0 0.0 0.0 0.0 
0.0 0.0 0.9999999999999973 1.0 1.0 1.0 2.6645352591003757e-15 0.0 0.0 0.0 0.0 0.0 0.0 0.0 0.0 0.0 0.0 0.0 0.0 0.0 
0.0 0.0 0.9999999999999973 1.0 1.0 1.0 2.6645352591003757e-15 0.0 0.0 0.0 0.0 0.0 0.0 0.0 0.0 0.0 0.0 0.0 0.0 0.0 
0.0 0.0 0.9999999999999973 1.0 1.0 1.0 0.625000000000001 0.625 0.625 0.625 0.625 0.625 0.625 2.220446049250313e-15 0.0 0.0 0.0 0.0 0.0 0.0 
0.0 0.0 0.6249999999999983 0.999999999999999 1.0 1.0 1.0 1.0 1.0 1.0 1.0 1.0 1.0 1.0 1.0 0.3750000000000022 0.375 1.3322676295501878e-15 0.0 0.0 
0.0 0.0 0.0 0.8749999999999977 0.875 0.875 0.875 0.875 0.875 0.875 0.875 0.875 0.9999999999999996 1.0 1.0 1.0 1.0 1.0 0.1250000000000031 4.440892098500626e-16 
0.0 0.0 0.0 0.0 0.0 0.0 0.0 0.0 0.0 0.0 0.0 0.0 0.12499999999999956 0.125 0.9999999999999969 1.0 1.0 1.0 1.0 3.552713678800501e-15 
0.0 0.0 0.0 0.0 0.0 0.0 0.0 0.0 0.0 0.0 0.0 0.0 0.0 0.0 0.0 0.9999999999999964 1.0 1.0 1.0 1.0 
0.0 0.0 0.0 0.0 0.0 0.0 0.0 0.0 0.0 0.0 0.0 0.0 0.0 0.0 0.0 0.0 0.9999999999999964 1.0 1.0 1.0 
0.0 0.0 0.0 0.0 0.0 0.0 0.0 0.0 0.0 0.0 0.0 0.0 0.0 0.0 0.0 0.0 0.9999999999999964 1.0 1.0 1.0 
0.0 0.0 0.0 0.0 0.0 0.0 0.0 0.0 0.0 0.0 0.0 0.0 0.0 0.0 0.0 0.0 0.9999999999999964 1.0 1.0 1.0 
0.0 0.0 0.0 0.0 0.0 0.0 0.0 0.0 0.0 0.0 0.0 0.0 0.0 0.0 0.0 0.9999999999999964 1.0 1.0 1.0 0.3750000000000058 
0.0 0.0 0.0 0.0 0.0 0.0 0.0 0.0 0.0 0.0 0.0 0.0 0.0 0.3749999999999951 0.9999999999999978 1.0 1.0 1.0 0.6250000000000049 2.2204460492503257e-15 
0.0 0.12499999999999611 0.9999999999999977 1.0 0.12499999999999878 0.12499999999999645 0.12499999999999645 0.12499999999999645 0.12499999999999645 0.12499999999999645 0.12499999999999645 0.9999999999999969 1.0 1.0 1.0 1.0 0.875000000000004 3.108624468950451e-15 0.0 0.0 
0.8749999999999941 0.9999999999999997 1.0 1.0 1.0 1.0 1.0 1.0 1.0 1.0 1.0 1.0 1.0 1.0 1.0 0.12500000000000666 4.440892098500752e-16 0.0 0.0 0.0 
0.0 0.374999999999999 0.375 0.375 0.9999999999999983 1.0 1.0 1.0 1.0 1.0 1.0 0.3750000000000022 0.375 1.3322676295501878e-15 0.0 0.0 0.0 0.0 0.0 0.0 
