1.0 1.0 1.0 1.0 1.0 1.0 1.0 1.0 1.0 1.0 1.0 1.0 1.0 0.04999999999999005 1.0 1.0 1.0 1.0 0.03374999999999137 1.0 
1.0 1.0 1.0 0.9137500000000028 0.8500000000000085 0.8500000000000085 0.8500000000000085 0.8500000000000085 0.8500000000000085 0.8500000000000085 0.8500000000000085 0.8500000000000085 0.8500000000000085 0.8500000000000085 0.8500000000000085 0.8500000000000085 0.8500000000000085 0.8500000000000085 0.0 0.6587500000000356 
1.0 1.0 1.0 0.5687499999999858 0.0 0.0 0.0 0.0 0.0 0.0 0.0 0.0 0.0 0.0 0.0 0.0 0.0 0.0 0.0 0.0 
1.0 1.0 1.0 1.0 0.0 0.0 0.0 0.0 0.0 0.0 0.0 0.0 0.0 0.0 0.0 0.0 0.0 0.0 0.0 0.0 
1.0 1.0 1.0 1.0 0.0 0.0 0.0 0.0 0.0 0.0 0.0 0.0 0.0 0.0 0.0 0.0 0.0 0.0 0.0 0.0 
1.0 1.0 1.0 0.4249999999999865 0.0 0.0 0.0 0.0 0.0 0.0 0.0 0.0 0.0 0.0 0.0 0.0 0.0 0.0 0.0 0.0 
1.0 1.0 1.0 0.14874999999999589 0.0 0.0 0.0 0.0 0.0 0.0 0.0 0.0 0.0 0.0 0.0 0.0 0.0 0.0 0.0 0.0 
1.0 1.0 1.0 0.0 0.0 0.0 0.0 0.0 0.0 0.0 0.0 0.0 0.0 0.0 0.0 0.0 0.0 0.0 0.0 0.0 
1.0 1.0 1.0 0.4249999999999865 0.0 0.0 0.0 0.0 0.0 0.0 0.0 0.0 0.0 0.138749999999994 0.0 0.0 0.08624999999999428 0.0 0.0 0.0 
1.0 1.0 1.0 0.0 0.0 0.0 0.0 0.0 0.0 0.0 0.0 0.0 0.0 0.0 0.0 0.0 0.0 0.0 0.0 0.0 
1.0 1.0 1.0 0.4249999999999865 0.0 0.0 0.0 0.0 0.0 0.0 0.0 0.0 0.0 0.0 0.0 0.0 0.0 0.0 0.0 0.0 
1.0 1.0 1.0 0.4249999999999865 0.0 0.0 0.0 0.0 0.0 0.0 0.0 0.0 0.0 0.0 0.0 0.0 0.0 0.0 0.0 0.0 
1.0 1.0 1.0 0.0 0.0 0.0 0.0 0.0 0.0 0.0 0.0 0.0 0.0 0.0 0.0 0.0 0.0 0.0 0.0 0.0 
1.0 1.0 1.0 0.0 0.0 0.0 0.0 0.0 0.0 0.0 0.0 0.0 0.0 0.0 0.0 0.0 0.0 0.0 0.0 0.0 
1.0 1.0 1.0 0.0 0.0 0.0 0.0 0.0 0.0 0.0 0.0 0.0 0.0 0.0 0.0 0.0 0.0 0.0 0.0 0.0 
1.0 1.0 1.0 0.0 0.0 0.0 0.0 0.0 0.0 0.0 0.0 0.0 0.0 0.0 0.0 0.0 0.0 0.0 0.0 0.0 
1.0 1.0 1.0 0.0 0.0 0.0 0.0 0.0 0.0 0.0 0.0 0.0 0.0 0.0 0.0 0.0 0.0 0.0 0.0 0.0 
1.0 1.0 1.0 0.0 0.731250000000003 0.0 0.0 0.0 0.0 0.0 0.0 0.0 0.0 0.0 0.0 0.0 0.0 0.0 0.0 0.0 
1.0 1.0 0.14999999999998437 0.0 0.0 0.0 0.8500000000000156 0.0 0.0 0.0 0.0 0.0 0.0 0.011250000000003518 0.0 0.0 0.0 0.0 0.0 0.0 
1.0 0.0 0.9562500000000155 0.950000000000017 0.9987499999999997 0.950000000000017 0.950000000000017 0.950000000000017 0.950000000000017 0.950000000000017 0.950000000000017 0.950000000000017 0.950000000000017 0.950000000000017 0.950000000000017 0.950000000000017 0.950000000000017 0.950000000000017 0.0 0.0 
