0.0 0.0 0.0 0.0 0.0 0.06562500000000156 0.37500000000000355 0.37500000000000355 0.37500000000000355 0.7343750000000033 1.0 0.8281249999999986 0.37500000000000355 0.37500000000000355 0.06562499999999889 0.0 0.0 0.0 0.0 0.0 
0.0 0.0 0.0 0.47500000000000275 1.0 1.0 1.0 1.0 0.909374999999997 0.8749999999999964 0.8749999999999964 0.9093749999999979 1.0 1.0 1.0 1.0 0.5406249999999985 0.07812500000000178 0.0 0.0 
0.0 0.0 0.5468750000000043 0.934375000000002 1.0 0.8468749999999973 0.12499999999999689 0.12499999999999689 0.03437499999999875 0.0 0.0 0.034374999999999635 0.12499999999999689 0.12499999999999689 0.8468750000000035 1.0 1.0 0.9531250000000007 0.6781249999999996 0.0 
0.0 0.48437500000000366 0.859375000000002 1.0 0.6749999999999972 0.0 0.0 0.0 0.0 0.0 0.0 0.0 0.0 0.0 0.0 0.2531249999999998 0.7031250000000011 1.0 0.9156249999999995 0.5781250000000007 
0.3468750000000034 0.8593750000000022 1.0 0.8218749999999977 0.42187499999999645 0.0 0.0 0.0 0.0 0.0 0.0 0.0 0.0 0.0 0.0 0.0 0.5250000000000039 1.0 1.0 0.9249999999999972 
0.0 0.0 0.0 0.0 0.0 0.0 0.0 0.0 0.0 0.0 0.0 0.0 0.0 0.0 0.0 0.0 0.4593750000000025 0.9218749999999993 1.0 0.9249999999999972 
0.0 0.0 0.0 0.0 0.0 0.0 0.0 0.0 0.0 0.0 0.0 0.0 0.0 0.0 0.0 0.0 0.45937500000000436 0.9218750000000016 1.0 0.9249999999999972 
0.0 0.0 0.0 0.0 0.0 0.0 0.0 0.0 0.0 0.0 0.0 0.0 0.0 0.0 0.0 0.0 0.5250000000000039 1.0 0.8593749999999976 0.34687499999999727 
0.0 0.0 0.0 0.0 0.0 0.0 0.0 0.0 0.0 0.0 0.15937500000000168 0.3750000000000018 0.3750000000000018 0.3750000000000018 0.8906250000000032 1.0 0.8031249999999976 0.39062499999999667 0.0 0.0 
0.0 0.0 0.0 0.0 0.0 0.0 0.0 0.0 0.7250000000000032 1.0 1.0 1.0 1.0 1.0 1.0 0.9156249999999995 0.4156249999999966 0.0 0.0 0.0 
0.0 0.0 0.0 0.0 0.0 0.0 0.0 0.0 0.0906250000000004 0.125 0.125 0.3656250000000034 1.0 1.0 1.0 0.9156249999999995 0.4156249999999966 0.0 0.0 0.0 
0.0 0.0 0.0 0.0 0.0 0.0 0.0 0.0 0.0 0.0 0.0 0.0 0.0 0.0 0.30937500000000173 0.7968750000000027 1.0 0.8593749999999987 0.484374999999998 0.0 
0.0 0.0 0.0 0.0 0.0 0.0 0.0 0.0 0.0 0.0 0.0 0.0 0.0 0.0 0.0 0.0 0.19687500000000147 0.6093750000000022 1.0 0.9249999999999972 
0.0 0.0 0.0 0.0 0.0 0.0 0.0 0.0 0.0 0.0 0.0 0.0 0.0 0.0 0.0 0.0 0.5250000000000039 1.0 1.0 0.9249999999999972 
0.8093750000000022 0.875 0.875 0.4593749999999976 0.0 0.0 0.0 0.0 0.0 0.0 0.0 0.0 0.0 0.0 0.0 0.0 0.5250000000000039 1.0 1.0 0.9249999999999972 
0.9250000000000025 1.0 1.0 0.5249999999999972 0.0 0.0 0.0 0.0 0.0 0.0 0.0 0.0 0.0 0.0 0.0 0.0 0.5250000000000039 1.0 1.0 0.9249999999999972 
0.0 0.7750000000000026 1.0 0.5249999999999972 0.0 0.0 0.0 0.0 0.0 0.0 0.0 0.0 0.0 0.0 0.0 0.2531250000000016 0.7031250000000024 1.0 0.9156249999999988 0.5781249999999982 
0.0 0.6781250000000023 0.406249999999998 0.5406250000000024 1.0 0.8468749999999978 0.125 0.125 0.0343749999999996 0.0 0.0 0.0 0.015625000000000444 0.1218750000000004 0.125 0.7156250000000037 1.0 0.9531249999999996 0.6781249999999972 0.0 
0.0 0.0 0.07812500000000033 0.5406250000000024 1.0 1.0 1.0 1.0 0.9093749999999996 0.875 0.875 0.875 0.8906250000000004 0.9968750000000004 1.0 1.0 0.5406249999999966 0.07812499999999956 0.0 0.0 
0.0 0.0 0.0 0.0 0.12187500000000107 0.30937499999999907 0.02500000000000302 0.8750000000000036 1.0 1.0 1.0 1.0 0.9218749999999978 0.390624999999998 0.375 0.1218749999999984 0.0 0.0 0.0 0.0 
