0.0 0.16999999999999912 0.1999999999999993 0.1999999999999993 0.1999999999999993 0.1999999999999993 0.1999999999999993 0.1999999999999993 0.1999999999999993 0.1999999999999993 0.1999999999999993 0.1999999999999993 0.1999999999999993 0.7200000000000014 1.0 1.0 1.0 1.0 1.0 0.9499999999999957 
0.5699999999999985 0.9399999999999994 1.0 1.0 1.0 1.0 1.0 1.0 1.0 1.0 1.0 1.0 1.0 1.0 1.0 1.0 1.0 1.0 1.0 0.9499999999999957 
0.9499999999999984 1.0 1.0 1.0 1.0 1.0 1.0 1.0 1.0 1.0 1.0 1.0 1.0 1.0 1.0 1.0 1.0 1.0 1.0 0.9499999999999957 
0.0 0.5099999999999997 0.1500000000000008 0.0 0.0 0.0 0.20999999999999996 0.7000000000000004 1.0 1.0 1.0 1.0 0.25 0.0 0.0 0.0 0.0 0.0 0.0 0.0 
0.0 0.0 0.0 0.0 0.0 0.0 0.0 0.25 1.0 1.0 1.0 1.0 0.25 0.0 0.0 0.0 0.0 0.0 0.0 0.0 
0.0 0.0 0.0 0.0 0.0 0.0 0.0 0.25 1.0 1.0 1.0 1.0 0.25 0.0 0.0 0.0 0.0 0.0 0.0 0.0 
0.0 0.0 0.0 0.0 0.0 0.0 0.0 0.25 1.0 1.0 1.0 1.0 0.25 0.0 0.0 0.0 0.0 0.0 0.0 0.0 
0.0 0.0 0.0 0.0 0.0 0.0 0.0 0.25 1.0 1.0 1.0 1.0 0.25 0.0 0.0 0.0 0.0 0.0 0.0 0.0 
0.0 0.0 0.0 0.0 0.0 0.0 0.0 0.25 1.0 1.0 1.0 1.0 0.25 0.0 0.0 0.0 0.0 0.0 0.0 0.0 
0.0 0.0 0.0 0.0 0.0 0.0 0.0 0.25 1.0 1.0 1.0 1.0 0.25 0.0 0.0 0.0 0.0 0.0 0.0 0.0 
0.0 0.0 0.0 0.0 0.0 0.0 0.0 0.25 1.0 1.0 1.0 1.0 0.25 0.0 0.0 0.0 0.0 0.0 0.0 0.0 
0.0 0.0 0.0 0.0 0.0 0.0 0.0 0.25 1.0 1.0 1.0 1.0 0.25 0.0 0.0 0.0 0.0 0.0 0.0 0.0 
0.0 0.0 0.0 0.0 0.0 0.0 0.0 0.25 1.0 1.0 1.0 0.14999999999999858 0.0 0.0 0.0 0.0 0.0 0.0 0.0 0.0 
0.0 0.0 0.0 0.0 0.0 0.0 0.1400000000000006 0.5500000000000016 1.0 1.0 1.0 0.14999999999999858 0.0 0.0 0.0 0.0 0.0 0.0 0.0 0.0 
0.0 0.0 0.0 0.0 0.0 0.0 0.34999999999999964 1.0 1.0 1.0 1.0 0.14999999999999858 0.0 0.0 0.0 0.0 0.0 0.0 0.0 0.0 
0.0 0.0 0.0 0.0 0.0 0.0 0.34999999999999964 1.0 1.0 1.0 1.0 0.14999999999999858 0.0 0.0 0.0 0.0 0.0 0.0 0.0 0.0 
0.0 0.0 0.0 0.0 0.0 0.0 0.34999999999999964 1.0 1.0 1.0 1.0 0.14999999999999858 0.0 0.0 0.0 0.0 0.0 0.0 0.0 0.0 
0.0 0.0 0.0 0.0 0.0 0.0 0.34999999999999964 1.0 1.0 1.0 1.0 0.14999999999999858 0.0 0.0 0.0 0.0 0.0 0.0 0.0 0.0 
0.0 0.0 0.0 0.0 0.0 0.0 0.34999999999999964 1.0 1.0 1.0 1.0 0.14999999999999858 0.0 0.0 0.0 0.0 0.0 0.0 0.0 0.0 
0.0 0.0 0.0 0.0 0.0 0.0 0.34999999999999964 1.0 1.0 1.0 1.0 0.14999999999999858 0.0 0.0 0.0 0.0 0.0 0.0 0.0 0.0 
