0.07500000000000018 1.0 1.0 1.0 1.0 0.4843749999999986 0.009375000000001044 0.0 0.0 0.0 0.0 0.0 0.0 0.0 0.06562499999999698 0.5781249999999927 1.0 1.0 1.0 1.0 
0.07500000000000018 1.0 1.0 1.0 1.0 1.0 0.02500000000000302 0.0 0.0 0.0 0.0 0.0 0.0 0.0 0.1749999999999936 1.0 1.0 1.0 1.0 1.0 
0.07500000000000018 1.0 1.0 1.0 1.0 0.2781250000000044 0.0031250000000004443 0.0 0.0 0.0 0.0 0.0 0.0 0.0 0.1749999999999936 1.0 1.0 1.0 1.0 1.0 
0.07500000000000018 1.0 1.0 1.0 1.0 0.1750000000000025 0.0 0.0 0.0 0.0 0.0 0.0 0.0 0.0 0.1749999999999936 1.0 1.0 1.0 1.0 1.0 
0.07500000000000018 1.0 1.0 1.0 1.0 0.1750000000000025 0.0 0.0 0.0 0.0 0.0 0.0 0.0 0.0 0.1749999999999936 1.0 1.0 1.0 1.0 1.0 
0.07500000000000018 1.0 1.0 1.0 1.0 0.1750000000000025 0.0 0.0 0.0 0.0 0.0 0.0 0.0 0.0 0.1749999999999936 1.0 1.0 1.0 1.0 1.0 
0.07500000000000018 1.0 1.0 1.0 1.0 0.1750000000000025 0.0 0.0 0.0 0.0 0.0 0.0 0.0 0.0 0.1749999999999936 1.0 1.0 1.0 1.0 1.0 
0.07500000000000018 1.0 1.0 1.0 1.0 0.6906250000000009 0.625 0.625 0.625 0.625 0.625 0.625 0.625 0.625 0.6906249999999976 1.0 1.0 1.0 1.0 1.0 
0.07500000000000018 1.0 1.0 1.0 1.0 1.0 1.0 1.0 1.0 1.0 1.0 1.0 1.0 1.0 1.0 1.0 1.0 1.0 1.0 1.0 
0.07500000000000018 1.0 1.0 1.0 1.0 1.0 1.0 1.0 1.0 1.0 1.0 1.0 1.0 1.0 1.0 1.0 1.0 1.0 1.0 1.0 
0.07500000000000018 1.0 1.0 1.0 1.0 1.0 1.0 1.0 1.0 1.0 1.0 1.0 1.0 1.0 1.0 1.0 1.0 0.4531250000000093 0.8031249999999894 1.0 
0.07500000000000018 1.0 1.0 1.0 1.0 0.1750000000000025 0.0 0.0 0.0 0.0 0.0 0.0 0.0 0.0 0.1749999999999936 1.0 1.0 1.0 1.0 1.0 
0.07500000000000018 1.0 1.0 1.0 1.0 0.1750000000000025 0.0 0.0 0.0 0.0 0.0 0.0 0.0 0.0 0.1749999999999936 1.0 1.0 1.0 1.0 1.0 
0.07500000000000018 1.0 1.0 1.0 1.0 0.1750000000000025 0.0 0.0 0.0 0.0 0.0 0.0 0.0 0.0 0.1749999999999936 1.0 1.0 1.0 1.0 0.8843749999999979 
0.07500000000000018 1.0 1.0 1.0 1.0 0.1750000000000025 0.0 0.0 0.0 0.0 0.0 0.0 0.0 0.0 0.1749999999999936 1.0 1.0 1.0 1.0 0.07500000000000995 
0.07500000000000018 1.0 1.0 1.0 1.0 0.1750000000000025 0.0 0.0 0.0 0.0 0.0 0.0 0.0 0.0 0.1749999999999936 1.0 1.0 1.0 1.0 0.07500000000000995 
0.4218750000000034 1.0 1.0 1.0 1.0 0.1750000000000025 0.0 0.0 0.0 0.0 0.0 0.0 0.0 0.0 0.1749999999999936 1.0 1.0 1.0 1.0 0.07500000000000995 
0.8843749999999967 1.0 1.0 1.0 1.0 0.1750000000000025 0.0 0.0 0.0 0.0 0.0 0.0 0.0 0.0 0.1749999999999936 1.0 1.0 1.0 1.0 0.07500000000000995 
0.8843750000000034 1.0 1.0 1.0 1.0 0.1750000000000025 0.0 0.0 0.0 0.0 0.0 0.0 0.0 0.0 0.1749999999999936 1.0 1.0 1.0 1.0 0.07500000000000995 
0.07500000000000018 1.0 1.0 1.0 1.0 0.1750000000000025 0.0 0.0 0.0 0.0 0.0 0.0 0.0 0.0 0.1749999999999936 1.0 1.0 1.0 1.0 0.07500000000000995 
