0.018749999999997623 0.4687500000000014 1.0 1.0 1.0 1.0 1.0 1.0 1.0 1.0 1.0 1.0 1.0 1.0 1.0 1.0 1.0 0.5312500000000098 0.05625000000000453 0.0 
0.04999999999999272 1.0 1.0 1.0 1.0 1.0 1.0 1.0 1.0 1.0 1.0 1.0 1.0 1.0 1.0 1.0 1.0 1.0 1.0 0.050000000000007816 
0.04999999999999272 1.0 1.0 1.0 1.0 1.0 1.0 1.0 1.0 1.0 1.0 1.0 1.0 1.0 1.0 1.0 1.0 1.0 1.0 0.050000000000007816 
0.04999999999999272 1.0 1.0 1.0 1.0 0.45000000000000817 0.0 0.0 0.0 0.0 0.0 0.0 0.0 0.13124999999999404 0.6562499999999912 1.0 1.0 1.0 1.0 0.050000000000007816 
0.04999999999999272 1.0 1.0 1.0 1.0 0.45000000000000817 0.0 0.0 0.0 0.0 0.0 0.0 0.0 0.0 0.4499999999999922 1.0 1.0 1.0 1.0 0.050000000000007816 
0.04999999999999272 1.0 1.0 1.0 1.0 0.45000000000000817 0.0 0.0 0.0 0.0 0.0 0.0 0.0 0.0 0.4499999999999922 1.0 1.0 1.0 1.0 0.050000000000007816 
0.04999999999999272 1.0 1.0 1.0 1.0 0.45000000000000817 0.0 0.0 0.0 0.0 0.0 0.0 0.0 0.0 0.4499999999999922 1.0 1.0 1.0 1.0 0.050000000000007816 
0.04999999999999272 1.0 1.0 1.0 1.0 0.45000000000000817 0.0 0.0 0.0 0.0 0.0 0.0 0.0 0.34999999999999076 1.0 1.0 1.0 1.0 1.0 0.050000000000007816 
0.04999999999999272 1.0 1.0 1.0 1.0 0.45000000000000817 0.0 0.0 0.3187500000000026 0.3750000000000071 0.3750000000000071 0.3750000000000071 0.5312500000000009 1.0 1.0 1.0 1.0 0.7187499999999973 0.0937500000000047 0.0 
0.04999999999999272 1.0 1.0 1.0 1.0 0.45000000000000817 0.0 0.749999999999992 1.0 1.0 1.0 1.0 1.0 1.0 0.9437499999999978 0.3937500000000055 0.0 0.0 0.0 0.0 
0.04999999999999272 1.0 1.0 1.0 1.0 0.45000000000000817 0.0 0.749999999999992 1.0 1.0 1.0 1.0 0.7812500000000044 0.1249999999999929 0.06874999999999706 0.0 0.0 0.0 0.0 0.0 
0.04999999999999272 1.0 1.0 1.0 1.0 0.45000000000000817 0.0 0.2812499999999917 0.9062499999999931 1.0 1.0 1.0 0.7500000000000071 0.0 0.0 0.0 0.0 0.0 0.0 0.0 
0.04999999999999272 1.0 1.0 1.0 1.0 0.45000000000000817 0.0 0.0 0.5312499999999882 0.9812499999999967 1.0 1.0 1.0 0.7812500000000082 0.20625000000000684 0.0 0.0 0.0 0.0 0.0 
0.04999999999999272 1.0 1.0 1.0 1.0 0.45000000000000817 0.0 0.0 0.0 0.8312499999999864 1.0 1.0 1.0 1.0 0.6062500000000101 0.05625000000000444 0.0 0.0 0.0 0.0 
0.04999999999999272 1.0 1.0 1.0 1.0 0.45000000000000817 0.0 0.0 0.0 0.0 0.16874999999998455 1.0 1.0 1.0 1.0 0.45000000000000995 0.0 0.0 0.0 0.0 
0.04999999999999272 1.0 1.0 1.0 1.0 0.45000000000000817 0.0 0.0 0.0 0.0 0.018749999999995916 0.4687499999999886 1.0 1.0 1.0 1.0 0.7562500000000079 0.15625000000000622 0.0 0.0 
1.0 1.0 1.0 1.0 1.0 0.45000000000000817 0.0 0.0 0.0 0.0 0.0 0.0937499999999936 0.718749999999992 1.0 1.0 1.0 1.0 0.5312500000000098 0.05625000000000453 0.0 
1.0 1.0 1.0 1.0 0.5500000000000078 0.0 0.0 0.0 0.0 0.0 0.0 0.0 0.0 0.34999999999999076 1.0 1.0 1.0 1.0 1.0 0.050000000000007816 
1.0 1.0 1.0 1.0 0.9437500000000042 0.39375000000001037 0.0 0.0 0.0 0.0 0.0 0.0 0.0 0.04374999999999636 0.5187499999999893 1.0 1.0 1.0 1.0 0.8812500000000077 
0.4062499999999887 1.0 1.0 1.0 0.5500000000000078 0.0 0.0 0.0 0.0 0.0 0.0 0.0 0.0 0.0 0.16874999999999388 0.7187499999999906 1.0 1.0 1.0 1.0 
