0.0 0.27500000000000135 0.9999999999999979 1.0 1.0 1.0 1.0 1.0 1.0 1.0 1.0 1.0 1.0 1.0 0.2750000000000047 0.27500000000000213 9.769962616701453e-16 0.0 0.0 0.0 
0.0 0.9999999999999972 1.0 1.0 1.0 1.0 1.0 1.0 1.0 1.0 1.0 1.0 1.0 1.0 1.0 1.0 0.8250000000000028 5.861977570020842e-15 0.0 0.0 
0.9999999999999973 1.0 1.0 1.0 1.0 1.0 1.0 1.0 1.0 1.0 1.0 1.0 1.0 1.0 1.0 1.0 1.0 1.0 7.105427357601002e-15 0.0 
0.9999999999999973 1.0 1.0 1.0 1.0 1.0 1.0 0.0750000000000008 0.07499999999999751 0.07499999999999751 0.07499999999999751 0.9999999999999967 1.0 1.0 1.0 1.0 1.0 1.0 7.105427357601002e-15 0.0 
0.0 0.9999999999999972 1.0 1.0 1.0 1.0 3.552713678800501e-15 0.0 0.0 0.0 0.0 0.0 0.0 0.9999999999999964 1.0 1.0 1.0 1.0 7.105427357601002e-15 0.0 
0.0 0.9999999999999972 1.0 1.0 1.0 1.0 3.552713678800501e-15 0.0 0.0 0.0 0.0 0.0 0.0 0.9999999999999964 1.0 1.0 1.0 1.0 7.105427357601002e-15 0.0 
0.0 0.9999999999999973 1.0 1.0 1.0 1.0 3.552713678800501e-15 0.0 0.0 0.0 0.0 0.0 0.0 0.9999999999999964 1.0 1.0 1.0 1.0 7.105427357601002e-15 0.0 
0.0 0.8749999999999958 0.9999999999999997 1.0 1.0 1.0 1.0 0.12500000000000488 0.12500000000000178 0.12500000000000178 0.12500000000000178 0.12500000000000178 0.12500000000000178 0.9999999999999969 1.0 1.0 1.0 1.0 0.8749999999999991 6.217248937900864e-15 
0.0 0.0 0.9999999999999971 1.0 1.0 1.0 1.0 1.0 1.0 1.0 1.0 1.0 1.0 1.0 1.0 1.0 1.0 1.0 7.105427357601002e-15 0.0 
0.0 0.0 0.0 0.9999999999999969 1.0 1.0 1.0 1.0 1.0 1.0 1.0 1.0 1.0 1.0 1.0 1.0 1.0 1.0 7.105427357601002e-15 0.0 
0.0 0.0 0.7749999999999999 0.9999999999999993 1.0 1.0 1.0 1.0 1.0 1.0 1.0 1.0 1.0 1.0 1.0 1.0 1.0 1.0 0.7750000000000037 5.5067062021407916e-15 
0.0 0.0 0.9999999999999971 1.0 1.0 1.0 1.0 3.552713678800501e-15 0.0 0.0 0.0 0.0 0.0 0.0 0.9999999999999964 1.0 1.0 1.0 1.0 7.105427357601002e-15 
0.0 0.0 0.9999999999999971 1.0 1.0 1.0 1.0 3.552713678800501e-15 0.0 0.0 0.0 0.0 0.0 0.0 0.9999999999999964 1.0 1.0 1.0 1.0 7.105427357601002e-15 
0.0 0.0 0.0 0.9999999999999969 1.0 1.0 1.0 1.0 3.552713678800501e-15 0.0 0.0 0.0 0.0 0.0 0.5749999999999937 0.9999999999999984 1.0 1.0 1.0 1.0 
0.0 0.0 0.0 0.9999999999999969 1.0 1.0 1.0 1.0 3.552713678800501e-15 0.0 0.0 0.0 0.0 0.0 0.0 0.9999999999999964 1.0 1.0 1.0 1.0 
0.0 0.0 0.0 0.9999999999999969 1.0 1.0 1.0 1.0 3.552713678800501e-15 0.0 0.0 0.0 0.0 0.0 0.0 0.9999999999999964 1.0 1.0 1.0 1.0 
0.0 0.0 0.0 0.9999999999999969 1.0 1.0 1.0 1.0 0.07500000000000613 0.07500000000000284 0.07500000000000284 0.07500000000000284 0.07500000000000284 0.07500000000000284 0.07500000000000284 0.9999999999999967 1.0 1.0 1.0 1.0 
0.0 0.0 0.0 0.3749999999999953 0.999999999999998 1.0 1.0 1.0 1.0 1.0 1.0 1.0 1.0 1.0 1.0 1.0 1.0 1.0 1.0 1.0 
0.0 0.0 0.0 0.0 0.9999999999999969 1.0 1.0 1.0 1.0 1.0 1.0 1.0 1.0 1.0 1.0 1.0 1.0 1.0 1.0 1.0 
0.0 0.0 0.0 0.0 0.27499999999999775 0.2749999999999986 0.9999999999999974 1.0 1.0 1.0 1.0 1.0 1.0 1.0 1.0 1.0 1.0 1.0 1.0 0.27500000000000374 
