0.0 0.7749999999999972 1.0 1.0 1.0 1.0 1.0 1.0 1.0 1.0 1.0 1.0 1.0 1.0 1.0 1.0 1.0 1.0 0.8200000000000037 0.1850000000000035 
0.0 0.7749999999999971 1.0 1.0 1.0 1.0 1.0 1.0 1.0 1.0 1.0 1.0 1.0 1.0 1.0 1.0 1.0 1.0 1.0 0.9250000000000043 
0.0 0.7749999999999971 1.0 1.0 1.0 0.9999999999999996 0.9999999999999973 0.9999999999999973 0.9999999999999973 0.9999999999999973 0.9999999999999973 0.9999999999999973 0.9999999999999973 0.9999999999999973 0.9999999999999973 0.9999999999999973 0.9999999999999973 0.9999999999999973 0.7750000000000018 0.0 
0.0 0.7749999999999971 1.0 1.0 1.0 0.8250000000000028 0.0 0.0 0.0 0.0 0.0 0.0 0.0 0.0 0.0 0.0 0.0 0.0 0.0 0.0 
0.0 0.7749999999999971 1.0 1.0 1.0 0.8250000000000028 0.0 0.0 0.0 0.0 0.0 0.0 0.0 0.0 0.0 0.0 0.0 0.0 0.0 0.0 
0.0 0.7749999999999972 1.0 1.0 1.0 0.8250000000000028 0.0 0.0 0.0 0.0 0.0 0.0 0.0 0.0 0.0 0.0 0.0 0.0 0.0 0.0 
0.0 0.7749999999999971 1.0 1.0 1.0 0.8250000000000028 0.0 0.0 0.0 0.0 0.0 0.0 0.0 0.0 0.0 0.0 0.0 0.0 0.0 0.0 
0.0 0.7749999999999971 1.0 1.0 1.0 0.8250000000000028 0.0 0.0 0.0 0.0 0.0 0.0 0.0 0.0 0.0 0.0 0.0 0.0 0.0 0.0 
0.0 0.7749999999999971 1.0 1.0 1.0 0.895000000000002 0.40000000000000213 0.40000000000000213 0.11000000000000179 0.22999999999999987 0.23000000000000237 0.0 0.0 0.0 0.0 0.0 0.0 0.0 0.0 0.0 
0.74 0.955 1.0 1.0 1.0 1.0 1.0 1.0 0.8550000000000024 0.9150000000000004 0.9150000000000016 0.8000000000000025 0.8000000000000025 0.8000000000000025 0.14000000000000243 0.0 0.0 0.0 0.0 0.0 
0.9249999999999972 1.0 1.0 1.0 1.0 1.0 1.0 1.0 1.0 1.0 1.0 1.0 1.0 1.0 0.1750000000000025 0.0 0.0 0.0 0.0 0.0 
0.9249999999999972 1.0 1.0 1.0 0.8050000000000013 0.3999999999999986 0.3999999999999986 0.3999999999999986 0.3999999999999986 0.3999999999999986 0.3999999999999986 0.3999999999999986 0.3999999999999986 0.3999999999999986 0.07000000000000074 0.0 0.0 0.0 0.0 0.0 
0.9249999999999972 1.0 1.0 1.0 0.6750000000000029 0.0 0.0 0.0 0.0 0.0 0.0 0.0 0.0 0.0 0.0 0.0 0.0 0.0 0.0 0.0 
0.9249999999999972 1.0 1.0 1.0 0.6750000000000029 0.0 0.0 0.0 0.0 0.0 0.0 0.0 0.0 0.0 0.0 0.0 0.0 0.0 0.0 0.0 
0.9249999999999972 1.0 1.0 1.0 0.6750000000000029 0.0 0.0 0.0 0.0 0.0 0.0 0.0 0.0 0.0 0.0 0.0 0.0 0.0 0.0 0.0 
0.9249999999999972 1.0 1.0 1.0 0.6750000000000029 0.0 0.0 0.0 0.0 0.0 0.0 0.0 0.0 0.0 0.0 0.0 0.0 0.0 0.0 0.0 
0.9249999999999972 1.0 1.0 1.0 0.6750000000000029 0.0 0.0 0.0 0.0 0.0 0.0 0.0 0.0 0.0 0.0 0.0 0.0 0.0 0.0 0.0 
0.9249999999999972 1.0 1.0 1.0 0.6750000000000029 0.0 0.0 0.0 0.0 0.0 0.0 0.0 0.0 0.0 0.0 0.0 0.0 0.0 0.0 0.0 
0.9249999999999972 1.0 1.0 1.0 0.6750000000000029 0.0 0.0 0.0 0.0 0.0 0.0 0.0 0.0 0.0 0.0 0.0 0.0 0.0 0.0 0.0 
0.9249999999999972 1.0 1.0 0.6200000000000021 0.13500000000000012 0.0 0.0 0.0 0.0 0.0 0.0 0.0 0.0 0.0 0.0 0.0 0.0 0.0 0.0 0.0 
