0.02500000000000213 1.0 1.0 1.0 1.0 1.0 1.0 1.0 1.0 1.0 1.0 1.0 1.0 1.0 1.0 1.0 1.0 1.0 1.0 1.0 
0.02500000000000213 1.0 1.0 1.0 1.0 1.0 1.0 1.0 1.0 1.0 1.0 1.0 1.0 1.0 1.0 1.0 1.0 1.0 1.0 1.0 
0.02500000000000213 1.0 1.0 1.0 1.0 1.0 1.0 1.0 1.0 1.0 1.0 1.0 1.0 1.0 1.0 1.0 1.0 1.0 1.0 1.0 
0.02500000000000213 1.0 1.0 1.0 1.0 0.7249999999999988 0.0 0.0 0.0 0.0 0.0 0.0 0.0 0.0 0.0 0.0 0.0 0.0 0.0 0.0 
0.02500000000000213 1.0 1.0 1.0 1.0 0.7249999999999988 0.0 0.0 0.0 0.0 0.0 0.0 0.0 0.0 0.0 0.0 0.0 0.0 0.0 0.0 
0.02500000000000213 1.0 1.0 1.0 1.0 0.7249999999999988 0.0 0.0 0.0 0.0 0.0 0.0 0.0 0.0 0.0 0.0 0.0 0.0 0.0 0.0 
0.02500000000000213 1.0 1.0 1.0 1.0 0.7249999999999988 0.0 0.0 0.0 0.0 0.0 0.0 0.0 0.0 0.0 0.0 0.0 0.0 0.0 0.0 
0.3906249999999996 1.0 1.0 1.0 1.0 0.8968750000000001 0.6250000000000018 0.6250000000000018 0.7843750000000013 1.0 1.0 1.0 1.0 1.0 1.0 1.0 0.6906250000000017 0.07812500000000022 0.0 0.0 
0.02500000000000213 1.0 1.0 1.0 1.0 1.0 1.0 1.0 1.0 1.0 1.0 1.0 1.0 1.0 1.0 1.0 1.0 1.0 0.4218750000000012 0.009375000000000844 
0.02500000000000213 1.0 1.0 1.0 1.0 1.0 0.9593749999999999 0.875 0.875 0.45937499999999876 0.4593750000000003 0.875 0.875 0.9593750000000001 1.0 1.0 1.0 1.0 1.0 0.02500000000000213 
0.0031250000000001775 0.12499999999999645 0.12499999999999645 0.12499999999999645 0.12499999999999645 0.12499999999999645 0.08437499999999747 0.0 0.0 0.0 0.0 0.0 0.0 0.6750000000000007 1.0 1.0 1.0 1.0 1.0 0.02500000000000213 
0.0 0.0 0.0 0.0 0.0 0.0 0.0 0.0 0.0 0.0 0.0 0.0 0.0 0.0 0.7249999999999996 1.0 1.0 1.0 1.0 1.0 
0.0 0.0 0.0 0.0 0.0 0.0 0.0 0.0 0.0 0.0 0.0 0.0 0.0 0.0 0.7249999999999996 1.0 1.0 1.0 1.0 1.0 
0.0 0.0 0.0 0.0 0.0 0.0 0.0 0.0 0.0 0.0 0.0 0.0 0.0 0.0 0.7249999999999996 1.0 1.0 1.0 1.0 0.8781249999999968 
0.0 0.0 0.0 0.0 0.0 0.0 0.0 0.0 0.0 0.0 0.0 0.0 0.0 0.0 0.7249999999999996 1.0 1.0 1.0 1.0 0.02500000000000213 
0.6343750000000042 1.0 1.0 1.0 0.7749999999999986 0.0 0.0 0.0 0.0 0.0 0.0 0.0 0.0 0.42187500000000283 0.8968750000000009 1.0 1.0 1.0 1.0 0.02500000000000213 
1.0 1.0 1.0 1.0 1.0 0.8281250000000002 0.37500000000000355 0.37500000000000355 0.37500000000000355 0.37500000000000355 0.37500000000000355 0.37500000000000355 0.7656250000000013 1.0 1.0 1.0 1.0 1.0 0.6531249999999964 0.015625000000001242 
0.02500000000000213 1.0 1.0 1.0 1.0 1.0 1.0 1.0 1.0 1.0 1.0 1.0 1.0 1.0 1.0 1.0 1.0 0.8906249999999969 0.06562499999999911 0.0 
0.0031250000000001775 0.19062499999999843 1.0 1.0 1.0 1.0 1.0 1.0 1.0 1.0 1.0 1.0 1.0 1.0 1.0 1.0 0.2781249999999977 0.015624999999999556 0.0 0.0 
0.0 0.0 0.04687499999999978 0.3749999999999929 0.3749999999999929 0.3749999999999929 0.3749999999999929 0.6093749999999961 1.0 0.7031249999999958 0.3749999999999929 0.3749999999999929 0.3749999999999929 0.3749999999999929 0.10312499999999818 0.0 0.0 0.0 0.0 0.0 
