0.0 0.0 0.0 0.0656250000000006 0.5156250000000009 1.0 1.0 1.0 1.0 1.0 1.0 1.0 1.0 1.0 1.0 1.0 0.48437500000000044 0.375 0.028124999999999734 0.0 
0.0 0.009375000000000244 0.23437500000000155 1.0 1.0 1.0 1.0 1.0 1.0 1.0 1.0 1.0 1.0 1.0 1.0 1.0 1.0 1.0 0.19062499999999938 0.0031250000000002665 
0.021875000000001876 0.8843750000000007 1.0 1.0 1.0 1.0 1.0 1.0 1.0 1.0 1.0 1.0 1.0 1.0 1.0 1.0 1.0 1.0 1.0 0.02500000000000213 
0.02500000000000213 1.0 1.0 1.0 1.0 0.828124999999999 0.253124999999999 0.0 0.0 0.0 0.0 0.0 0.0 0.0 0.0 0.7749999999999986 1.0 0.4531249999999992 0.028124999999999668 0.0 
0.02500000000000213 1.0 1.0 1.0 1.0 0.7249999999999988 0.0 0.0 0.0 0.0 0.0 0.0 0.0 0.0 0.0 0.48437499999999845 0.10937500000000029 0.0 0.3468750000000011 0.3750000000000009 
0.02500000000000213 1.0 1.0 1.0 1.0 0.7249999999999988 0.0 0.0 0.0 0.0 0.0 0.0 0.0 0.0 0.0 0.0 0.10312500000000138 0.8906250000000002 1.0 1.0 
0.02500000000000213 1.0 1.0 1.0 1.0 0.7249999999999988 0.0 0.0 0.0 0.0 0.0 0.0 0.0 0.0 0.0 0.6781250000000001 0.9781250000000002 1.0 1.0 1.0 
0.02500000000000213 1.0 1.0 1.0 1.0 0.7249999999999988 0.0 0.0 0.0 0.0 0.0 0.0 0.0 0.0 0.0 0.7749999999999986 1.0 1.0 1.0 1.0 
0.02500000000000213 1.0 1.0 1.0 1.0 0.7249999999999988 0.0 0.0 0.0 0.0 0.0 0.0 0.0 0.0 0.27187500000000114 0.8593749999999996 1.0 1.0 1.0 1.0 
0.02500000000000213 1.0 1.0 1.0 1.0 0.7249999999999988 0.0 0.0 0.0 0.0 0.0 0.0 0.0 0.0 0.7249999999999996 1.0 1.0 1.0 1.0 1.0 
0.02500000000000213 1.0 1.0 1.0 1.0 0.7249999999999988 0.0 0.0 0.0 0.0 0.0 0.0 0.0 0.0 0.7249999999999996 1.0 1.0 1.0 1.0 1.0 
1.0 1.0 1.0 1.0 1.0 0.7249999999999988 0.0 0.0 0.0 0.0 0.0 0.0 0.0 0.0 0.7249999999999996 1.0 1.0 1.0 1.0 1.0 
1.0 1.0 1.0 1.0 1.0 0.7249999999999988 0.0 0.0 0.0 0.0 0.0 0.0 0.0 0.0 0.7249999999999996 1.0 1.0 1.0 1.0 1.0 
1.0 1.0 1.0 1.0 1.0 0.7249999999999988 0.0 0.0 0.0 0.0 0.0 0.0 0.0 0.0 0.7249999999999996 1.0 1.0 1.0 1.0 1.0 
1.0 1.0 1.0 1.0 1.0 0.7249999999999988 0.0 0.0 0.0 0.0 0.0 0.0 0.0 0.0 0.7249999999999996 1.0 1.0 1.0 1.0 1.0 
1.0 1.0 1.0 1.0 1.0 0.7249999999999988 0.0 0.0 0.0 0.0 0.0 0.0 0.0 0.0 0.7249999999999996 1.0 1.0 1.0 1.0 1.0 
0.6343749999999974 1.0 1.0 1.0 1.0 0.8281250000000002 0.37500000000000355 0.37500000000000355 0.37500000000000355 0.37500000000000355 0.37500000000000355 0.37500000000000355 0.37500000000000355 0.37500000000000355 0.8281250000000008 1.0 1.0 1.0 1.0 0.02500000000000213 
0.02500000000000213 1.0 1.0 1.0 1.0 1.0 1.0 1.0 1.0 1.0 1.0 1.0 1.0 1.0 1.0 1.0 1.0 1.0 0.8843749999999966 0.021875000000001775 
0.0031250000000001775 0.19062499999999843 1.0 1.0 1.0 1.0 1.0 1.0 1.0 1.0 1.0 1.0 1.0 1.0 1.0 1.0 1.0 0.2343749999999969 0.009374999999999644 0.0 
0.0 0.0 0.04687499999999978 0.3749999999999929 0.3749999999999929 0.5468749999999956 1.0 1.0 1.0 1.0 1.0 0.6406249999999963 0.3749999999999929 0.3749999999999929 0.3749999999999929 0.3749999999999929 0.06562499999999902 0.0 0.0 0.0 
