0.3750000000000071 0.3750000000000071 0.3750000000000071 0.3750000000000071 0.3750000000000071 0.16875000000000626 0.0 0.0 0.0 0.0 0.0 0.0 0.0 0.0 0.0 0.0 0.2437500000000014 0.8437499999999973 1.0 1.0 
1.0 1.0 1.0 1.0 1.0 0.45000000000000817 0.0 0.0 0.0 0.0 0.0 0.0 0.0 0.0 0.0 0.54999999999999 1.0 1.0 1.0 1.0 
1.0 1.0 1.0 1.0 1.0 0.45000000000000817 0.0 0.0 0.0 0.0 0.0 0.0 0.0 0.0 0.0 0.54999999999999 1.0 1.0 1.0 1.0 
1.0 1.0 1.0 1.0 1.0 0.45000000000000817 0.0 0.0 0.0 0.0 0.0 0.0 0.0 0.0 0.0 0.54999999999999 1.0 1.0 1.0 1.0 
1.0 1.0 1.0 1.0 1.0 0.45000000000000817 0.0 0.0 0.0 0.0 0.0 0.0 0.0 0.0 0.0 0.54999999999999 1.0 1.0 1.0 0.050000000000007816 
0.8812499999999923 1.0 1.0 1.0 1.0 0.45000000000000817 0.0 0.0 0.0 0.0 0.0 0.0 0.0 0.0 0.0 0.54999999999999 1.0 1.0 1.0 0.050000000000007816 
0.04999999999999272 1.0 1.0 1.0 1.0 0.45000000000000817 0.0 0.0 0.0 0.0 0.0 0.0 0.0 0.0 0.3937499999999964 0.943750000000002 1.0 1.0 1.0 0.050000000000007816 
0.04999999999999272 1.0 1.0 1.0 1.0 0.45000000000000817 0.0 0.0 0.0 0.0 0.0 0.0 0.0 0.0 0.4499999999999922 1.0 1.0 1.0 1.0 0.050000000000007816 
0.04999999999999272 1.0 1.0 1.0 1.0 0.45000000000000817 0.0 0.0 0.0 0.35625000000000384 0.9687500000000066 0.31875000000000925 0.0 0.0 0.4499999999999922 1.0 1.0 1.0 1.0 0.050000000000007816 
0.04999999999999272 1.0 1.0 1.0 1.0 0.45000000000000817 0.0 0.0 0.8499999999999908 1.0 1.0 0.8500000000000085 0.0 0.0 0.4499999999999922 1.0 1.0 1.0 0.15000000000000924 0.0 
0.04999999999999272 1.0 1.0 1.0 1.0 0.45000000000000817 0.0 0.0 0.8499999999999908 1.0 1.0 0.8500000000000085 0.0 0.0 0.4499999999999922 1.0 1.0 1.0 0.15000000000000924 0.0 
0.0 0.14999999999999258 1.0 1.0 1.0 1.0 0.35000000000000764 0.0 0.8499999999999908 1.0 1.0 0.8500000000000085 0.0 0.21874999999999672 0.793750000000001 1.0 1.0 1.0 0.15000000000000924 0.0 
0.0 0.14999999999999258 1.0 1.0 1.0 1.0 1.0 1.0 1.0 1.0 1.0 0.9062500000000064 0.3750000000000071 0.5937499999999989 1.0 1.0 1.0 1.0 0.15000000000000924 0.0 
0.0 0.14999999999999258 1.0 1.0 1.0 1.0 1.0 1.0 1.0 1.0 1.0 1.0 1.0 1.0 1.0 1.0 1.0 0.2500000000000071 0.0 0.0 
0.0 0.14999999999999258 1.0 1.0 1.0 1.0 1.0 1.0 1.0 1.0 1.0 1.0 1.0 1.0 1.0 1.0 1.0 0.2500000000000071 0.0 0.0 
0.0 0.14999999999999258 1.0 1.0 1.0 1.0 1.0 1.0 1.0 0.4062499999999981 0.406249999999987 1.0 1.0 1.0 1.0 1.0 1.0 0.2500000000000071 0.0 0.0 
0.0 0.0 0.24999999999999245 1.0 1.0 1.0 1.0 1.0 0.15000000000000924 0.0 0.0 0.14999999999999147 1.0 1.0 1.0 1.0 1.0 0.2500000000000071 0.0 0.0 
0.0 0.0 0.24999999999999245 1.0 1.0 1.0 1.0 0.9062499999999957 0.13125000000000703 0.0 0.0 0.14999999999999147 1.0 1.0 1.0 1.0 0.3500000000000085 0.0 0.0 0.0 
0.0 0.0 0.24999999999999245 1.0 1.0 1.0 1.0 0.250000000000008 0.0 0.0 0.0 0.01874999999999787 0.34374999999998845 1.0 1.0 1.0 0.3500000000000085 0.0 0.0 0.0 
0.0 0.0 0.24999999999999245 1.0 1.0 1.0 0.5937500000000002 0.09375000000000122 0.0 0.0 0.0 0.0 0.2499999999999929 1.0 1.0 1.0 0.3500000000000085 0.0 0.0 0.0 
