1.0 1.0 1.0 1.0 1.0 1.0 1.0 1.0 1.0 1.0 1.0 1.0 1.0 1.0 0.8906250000000033 0.37499999999999645 0.1968750000000016 0.0 0.0 0.0 
1.0 1.0 1.0 1.0 1.0 1.0 1.0 1.0 1.0 1.0 1.0 1.0 1.0 1.0 1.0 1.0 1.0 0.4531250000000074 0.02812500000000081 0.0 
1.0 1.0 1.0 1.0 1.0 1.0 1.0 0.23437499999999922 1.0 1.0 1.0 1.0 1.0 1.0 1.0 1.0 1.0 1.0 0.22500000000001208 0.0 
1.0 1.0 1.0 1.0 1.0 0.484375000000003 0.009375000000001178 0.0 0.0 0.0 0.0 0.27187499999999915 0.3750000000000018 1.0 1.0 1.0 1.0 1.0 0.22500000000001208 0.0 
1.0 1.0 1.0 1.0 1.0 0.1750000000000025 0.0 0.0 0.0 0.0 0.0 0.0 0.0 1.0 1.0 1.0 1.0 1.0 0.22500000000001208 0.0 
1.0 1.0 1.0 1.0 1.0 0.1750000000000025 0.0 0.0 0.0 0.0 0.0 0.0 0.0 1.0 1.0 1.0 1.0 1.0 0.22500000000001208 0.0 
1.0 1.0 1.0 1.0 1.0 0.1750000000000025 0.0 0.0 0.0 0.0 0.0 0.0 0.0 1.0 1.0 1.0 1.0 1.0 0.22500000000001208 0.0 
1.0 1.0 1.0 1.0 1.0 0.6906250000000009 0.015625000000001887 0.0 0.0 0.0 0.0 0.45312499999999645 0.625 1.0 1.0 1.0 0.7031250000000058 0.140625000000004 0.0 0.0 
1.0 1.0 1.0 1.0 1.0 1.0 1.0 1.0 1.0 1.0 1.0 1.0 1.0 1.0 1.0 0.6750000000000078 0.0 0.0 0.0 0.0 
0.07500000000000018 1.0 1.0 1.0 1.0 1.0 1.0 1.0 1.0 1.0 1.0 1.0 1.0 1.0 1.0 1.0 0.5843750000000081 0.04687500000000133 0.0 0.0 
0.07500000000000018 1.0 1.0 1.0 1.0 1.0 0.14687500000000264 0.125 0.125 0.125 0.125 0.125 0.8906249999999938 1.0 1.0 1.0 1.0 0.9218750000000013 0.19687500000001057 0.0 
0.07500000000000018 1.0 1.0 1.0 1.0 0.1750000000000025 0.0 0.0 0.0 0.0 0.0 0.0 0.0 0.009374999999996803 0.484374999999996 1.0 1.0 1.0 1.0 0.6531250000000037 
0.07500000000000018 1.0 1.0 1.0 1.0 0.1750000000000025 0.0 0.0 0.0 0.0 0.0 0.0 0.0 0.0 0.1749999999999936 1.0 1.0 1.0 1.0 1.0 
0.07500000000000018 1.0 1.0 1.0 1.0 0.1750000000000025 0.0 0.0 0.0 0.0 0.0 0.0 0.0 0.0 0.1749999999999936 1.0 1.0 1.0 1.0 1.0 
0.07500000000000018 1.0 1.0 1.0 1.0 0.1750000000000025 0.0 0.0 0.0 0.0 0.0 0.0 0.0 0.0 0.1749999999999936 1.0 1.0 1.0 1.0 1.0 
0.07500000000000018 1.0 1.0 1.0 1.0 0.1750000000000025 0.0 0.0 0.0 0.0 0.0 0.0 0.0 0.01562499999999476 0.6906250000000005 1.0 1.0 1.0 1.0 1.0 
0.07500000000000018 1.0 1.0 1.0 1.0 1.0 0.39062500000000533 0.0 0.1031249999999991 0.37500000000000355 0.37500000000000355 0.37500000000000355 0.37500000000000355 1.0 1.0 1.0 1.0 1.0 1.0 0.07500000000000995 
0.07500000000000018 1.0 1.0 1.0 1.0 1.0 1.0 1.0 1.0 1.0 1.0 1.0 1.0 1.0 1.0 1.0 1.0 1.0 0.9031249999999987 0.06562500000000844 
0.07500000000000018 1.0 1.0 1.0 1.0 1.0 1.0 1.0 1.0 1.0 1.0 1.0 1.0 1.0 1.0 1.0 0.5843750000000064 0.12499999999999645 0.028125000000000712 0.0 
0.028125000000000067 0.375 0.375 0.375 0.375 0.375 0.375 0.375 0.375 0.640624999999996 0.6406250000000027 0.375 0.375 0.375 0.375 0.25312500000000293 0.0 0.0 0.0 0.0 
