0.0 0.0 0.0 0.0 0.08437500000000053 0.5468750000000008 1.0 1.0 1.0 1.0 1.0 1.0 1.0 1.0 1.0 1.0 0.48437500000000044 0.375 0.028124999999999734 0.0 
0.0 0.0 0.015625000000000222 0.2781250000000014 1.0 1.0 1.0 1.0 1.0 1.0 1.0 1.0 1.0 1.0 1.0 1.0 1.0 1.0 1.0 0.02500000000000213 
0.0 0.06562500000000174 0.8906250000000007 1.0 1.0 1.0 1.0 1.0 1.0 1.0 1.0 1.0 1.0 1.0 1.0 1.0 1.0 1.0 1.0 0.8781250000000007 
0.0 0.07500000000000195 1.0 1.0 1.0 1.0 1.0 0.7656249999999991 0.21562499999999923 0.0 0.0 0.0 0.23437499999999944 0.3749999999999991 0.8281249999999996 1.0 1.0 1.0 1.0 1.0 
0.0 0.07500000000000195 1.0 1.0 1.0 1.0 0.8781249999999994 0.3906249999999989 0.0 0.0 0.0 0.0 0.0 0.0 0.7249999999999996 1.0 1.0 1.0 1.0 1.0 
0.0 0.06562500000000157 0.8749999999999982 0.8749999999999982 0.8749999999999982 0.8749999999999982 0.5906249999999978 0.0 0.0 0.0 0.0 0.0 0.0 0.0 0.7249999999999996 1.0 1.0 1.0 1.0 1.0 
0.0 0.0 0.0 0.0 0.0 0.0 0.0 0.0 0.0 0.0 0.0 0.0 0.0 0.0 0.7249999999999996 1.0 1.0 1.0 1.0 1.0 
0.0 0.0 0.0 0.0 0.0 0.0 0.0 0.0 0.0 0.0 0.0 0.0 0.0 0.6750000000000007 1.0 1.0 1.0 1.0 1.0 0.3906249999999996 
0.0 0.0 0.0 0.0 0.0 0.0 0.0 0.0 0.0 0.0 0.0 0.21562500000000076 0.7656250000000007 1.0 1.0 1.0 1.0 1.0 0.6531249999999981 0.015625000000001287 
0.0 0.0 0.0 0.0 0.0 0.0 0.0 0.0 0.0 0.05937500000000018 0.5843750000000003 1.0 1.0 1.0 1.0 1.0 1.0 0.890625 0.06562499999999938 0.0 
0.0 0.0 0.0 0.0 0.0 0.0 0.0 0.0 0.0 0.4750000000000014 1.0 1.0 1.0 1.0 1.0 1.0 0.2781249999999977 0.015624999999999556 0.0 0.0 
0.0 0.0 0.0 0.0 0.0 0.0 0.0 0.2343750000000019 0.7843750000000023 1.0 1.0 1.0 1.0 1.0 0.5468749999999977 0.08437499999999973 0.0 0.0 0.0 0.0 
0.0 0.0 0.0 0.0 0.0 0.10312500000000144 0.5781250000000031 1.0 1.0 1.0 1.0 1.0 0.7656249999999978 0.2031249999999984 0.0 0.0 0.0 0.0 0.0 0.0 
0.0 0.0 0.0 0.02187500000000082 0.321875000000004 1.0 1.0 1.0 1.0 1.0 0.9343749999999981 0.3718749999999991 0.0 0.0 0.0 0.0 0.0 0.0 0.0 0.0 
0.0 0.0 0.109375000000002 0.8968750000000031 1.0 1.0 1.0 1.0 1.0 0.5843749999999971 0.05937499999999827 0.0 0.0 0.0 0.0 0.0 0.0 0.0 0.0 0.0 
0.015625000000001422 0.6531250000000041 1.0 1.0 1.0 1.0 1.0 0.7656249999999981 0.21562499999999768 0.0 0.0 0.0 0.0 0.0 0.0 0.0 0.0 0.0 0.0 0.0 
1.0 1.0 1.0 1.0 1.0 1.0 1.0 0.7656250000000008 0.2156250000000018 0.17812500000000223 0.17812500000000156 0.0 0.23437500000000222 0.37500000000000355 0.37500000000000355 0.37500000000000355 0.37500000000000355 0.37500000000000355 0.37500000000000355 0.009375000000000888 
1.0 1.0 1.0 1.0 1.0 1.0 1.0 1.0 1.0 1.0 1.0 1.0 1.0 1.0 1.0 1.0 1.0 1.0 1.0 0.02500000000000213 
1.0 1.0 1.0 1.0 1.0 1.0 1.0 1.0 1.0 1.0 1.0 1.0 1.0 1.0 1.0 1.0 1.0 1.0 1.0 0.8781250000000037 
1.0 1.0 1.0 1.0 1.0 1.0 1.0 1.0 1.0 1.0 1.0 1.0 1.0 1.0 1.0 1.0 1.0 1.0 1.0 0.02500000000000213 
