0.9499999999999984 1.0 1.0 1.0 1.0 1.0 1.0 1.0 1.0 1.0 1.0 1.0 1.0 1.0 1.0 1.0 1.0 1.0 0.8499999999999979 0.0 
0.9499999999999984 1.0 1.0 1.0 1.0 1.0 1.0 1.0 1.0 1.0 1.0 1.0 1.0 1.0 1.0 1.0 1.0 1.0 0.8499999999999979 0.0 
4.218847493575588e-16 4.440892098500626e-16 4.440892098500626e-16 4.440892098500626e-16 4.440892098500626e-16 4.440892098500626e-16 4.440892098500626e-16 4.440892098500626e-16 0.15000000000000074 1.0 1.0 1.0 1.0 1.0 1.0 1.0 1.0 1.0 0.8499999999999979 0.0 
0.0 0.0 0.0 0.0 0.0 0.0 0.0 0.0 0.0 0.0 0.0 0.0 0.75 1.0 1.0 1.0 1.0 0.7499999999999964 0.0 0.0 
0.0 0.0 0.0 0.0 0.0 0.0 0.0 0.0 0.0 0.0 0.0 0.0 0.75 1.0 1.0 1.0 0.719999999999999 0.1499999999999994 0.0 0.0 
0.0 0.0 0.0 0.0 0.0 0.0 0.0 0.0 0.0 0.010000000000000151 0.19000000000000003 0.8800000000000011 1.0 1.0 1.0 0.9099999999999994 0.5199999999999988 0.0 0.0 0.0 
0.0 0.0 0.0 0.0 0.0 0.0 0.0 0.0 0.0 0.05000000000000071 0.9499999999999993 1.0 1.0 1.0 0.6699999999999997 0.21999999999999906 0.0 0.0 0.0 0.0 
0.0 0.0 0.0 0.0 0.0 0.0 0.0 0.0 0.15000000000000036 1.0 1.0 1.0 1.0 1.0 0.4499999999999993 0.0 0.0 0.0 0.0 0.0 
0.0 0.0 0.0 0.0 0.0 0.0 0.0 0.10000000000000009 0.49000000000000055 1.0 1.0 1.0 1.0 0.34999999999999787 0.0 0.0 0.0 0.0 0.0 0.0 
0.0 0.0 0.0 0.0 0.0 0.0 0.0 0.25 1.0 1.0 1.0 1.0 0.39999999999999947 0.06999999999999933 0.0 0.0 0.0 0.0 0.0 0.0 
0.0 0.0 0.0 0.0 0.0 0.0 0.34999999999999964 1.0 1.0 1.0 1.0 0.8299999999999988 0.19999999999999973 0.0 0.0 0.0 0.0 0.0 0.0 0.0 
0.0 0.0 0.0 0.0 0.0 0.27000000000000024 0.7400000000000008 1.0 1.0 1.0 1.0 0.14999999999999858 0.0 0.0 0.0 0.0 0.0 0.0 0.0 0.0 
0.0 0.0 0.0 0.0 0.5499999999999994 1.0 1.0 1.0 1.0 0.9499999999999993 0.05000000000000071 0.0 0.0 0.0 0.0 0.0 0.0 0.0 0.0 0.0 
0.0 0.0 0.0 0.260000000000001 0.7300000000000006 1.0 1.0 1.0 0.9399999999999995 0.5699999999999975 0.030000000000000318 0.0 0.0 0.0 0.0 0.0 0.0 0.0 0.0 0.0 
0.0 0.0 0.0 0.649999999999999 1.0 1.0 1.0 1.0 0.8499999999999996 0.0 0.0 0.0 0.0 0.0 0.0 0.0 0.0 0.0 0.0 0.0 
0.0 0.0 0.7499999999999989 1.0 1.0 1.0 0.929999999999999 0.5999999999999979 0.0 0.0 0.0 0.0 0.0 0.0 0.0 0.0 0.0 0.0 0.0 0.0 
0.0 0.5100000000000003 0.8999999999999999 1.0 1.0 1.0 0.6500000000000004 0.0 0.0 0.0 0.0 0.0 0.0 0.0 0.0 0.0 0.0 0.0 0.0 0.0 
0.0 0.8499999999999986 1.0 1.0 1.0 1.0 1.0 1.0 1.0 1.0 1.0 1.0 1.0 1.0 1.0 1.0 1.0 0.7499999999999964 0.0 0.0 
0.0 0.8499999999999985 1.0 1.0 1.0 1.0 1.0 1.0 1.0 1.0 1.0 1.0 1.0 1.0 1.0 1.0 1.0 1.0 1.0 0.9499999999999957 
0.0 0.16999999999999912 0.1999999999999993 0.1999999999999993 0.1999999999999993 0.1999999999999993 0.47999999999999926 1.0 1.0 1.0 1.0 1.0 1.0 1.0 1.0 1.0 1.0 1.0 1.0 0.9499999999999957 
