0.0 0.0 0.0 9.325873406851353e-16 0.35000000000000314 1.0 1.0 1.0 1.0 1.0 1.0 1.0 0.9999999999999966 0.34999999999999953 1.8651746813702706e-15 0.34999999999999953 0.0 0.0 0.0 0.0 
0.0 9.99200722162664e-17 0.050000000000003264 1.0 1.0 1.0 1.0 1.0 1.0 1.0 1.0 1.0 1.0 1.0 1.0 0.9999999999999947 0.0 0.0 0.0 0.0 
1.3322676295501894e-15 0.7500000000000013 1.0 1.0 1.0 1.0 1.0 0.9999999999999973 0.2499999999999991 0.2499999999999991 0.2500000000000018 1.0 1.0 1.0 1.0 0.9999999999999987 0.7499999999999956 0.0 0.0 0.0 
0.45000000000000207 1.0 1.0 1.0 0.9999999999999988 0.5499999999999975 0.0 0.0 0.0 0.0 0.0 0.0 5.329070518200751e-15 1.0 1.0 1.0 0.9999999999999961 0.44999999999999785 0.0 0.0 
1.0 1.0 1.0 0.9999999999999996 0.8499999999999974 0.0 0.0 0.0 0.0 0.0 0.0 0.0 0.0 5.329070518200751e-15 1.0 1.0 1.0 0.9999999999999929 0.0 0.0 
1.0 1.0 1.0 0.9999999999999973 0.0 0.0 0.0 0.0 0.0 0.0 0.0 0.0 0.0 5.329070518200751e-15 1.0 1.0 1.0 0.9999999999999989 0.8499999999999936 0.0 
1.0 1.0 1.0 0.9999999999999973 0.0 0.0 0.0 0.0 0.0 0.0 0.0 0.0 0.0 5.329070518200751e-15 1.0 1.0 1.0 0.9999999999999929 0.0 0.0 
1.0 1.0 1.0 1.0 0.9999999999999973 0.0 0.0 0.0 0.0 0.0 0.0 0.0 0.0 5.329070518200751e-15 1.0 1.0 1.0 0.9999999999999947 0.24999999999999822 0.0 
1.0 1.0 1.0 1.0 0.9999999999999973 0.0 0.0 0.0 0.0 0.0 0.0 0.0 5.06261699229071e-15 0.9499999999999995 1.0 1.0 1.0 0.9999999999999932 0.05000000000000036 0.0 
6.217248937900902e-16 0.3500000000000027 1.0 1.0 1.0 0.9999999999999991 0.6499999999999986 0.6499999999999986 0.6499999999999986 0.6499999999999986 0.6499999999999986 0.6499999999999998 1.0 1.0 1.0 1.0 1.0 0.9999999999999976 0.650000000000001 0.9999999999999929 
0.0 0.0 1.4432899320127082e-15 0.650000000000003 1.0 1.0 1.0 1.0 1.0 1.0 1.0 1.0 1.0 1.0 1.0 1.0 1.0 0.9999999999999929 0.0 0.0 
0.0 0.0 0.0 0.0 2.5313084961453645e-15 0.9500000000000028 0.9500000000000028 0.9500000000000028 0.9500000000000028 0.9500000000000028 0.9500000000000028 0.9500000000000028 0.9499999999999977 5.329070518200751e-15 1.0 1.0 1.0 0.9999999999999929 0.0 0.0 
0.0 0.0 0.0 0.0 0.0 0.0 0.0 0.0 0.0 0.0 0.0 0.0 0.0 5.329070518200751e-15 1.0 1.0 1.0 0.9999999999999929 0.0 0.0 
0.0 0.0 0.0 0.0 0.0 0.0 0.0 0.0 0.0 0.0 0.0 0.0 0.0 5.329070518200751e-15 1.0 1.0 1.0 0.9999999999999961 0.44999999999999607 0.0 
0.15000000000000008 1.0 1.0 0.9999999999999973 0.0 0.0 0.0 0.0 0.0 0.0 0.0 0.0 0.0 5.329070518200751e-15 1.0 1.0 1.0 0.999999999999994 0.14999999999999752 0.0 
1.0 1.0 1.0 0.9999999999999996 0.8499999999999956 0.0 0.0 0.0 0.0 0.0 0.0 0.0 0.0 5.329070518200751e-15 1.0 1.0 1.0 0.999999999999994 0.15000000000000108 0.0 
1.7763568394002505e-15 1.0 1.0 1.0 0.9999999999999973 0.0 0.0 0.0 0.0 0.0 0.0 0.0 2.930988785010398e-15 0.5499999999999996 1.0 1.0 1.0 0.9999999999999929 0.0 0.0 
1.3322676295501942e-15 0.750000000000004 1.0 1.0 1.0 0.999999999999998 0.24999999999999645 0.24999999999999645 0.24999999999999645 0.24999999999999645 0.24999999999999645 0.2499999999999991 1.0 1.0 1.0 1.0 0.9999999999999982 0.7499999999999982 0.0 0.0 
0.0 9.992007221627261e-17 0.05000000000000637 1.0 1.0 1.0 1.0 1.0 1.0 1.0 1.0 1.0 1.0 1.0 1.0 0.9999999999999949 0.05000000000000391 0.0 0.0 0.0 
0.0 0.0 0.0 9.325873406851353e-16 0.3500000000000014 0.35000000000000314 1.0 1.0 1.0 1.0 1.0 1.0 1.0 0.9999999999999966 0.34999999999999953 0.0 0.0 0.0 0.0 0.0 
