0.0 0.0 0.0 0.0 0.0 0.0 0.0 1.2434497875801804e-15 0.3500000000000002 0.0 0.0 3.552713678800501e-15 1.0 1.0 1.0 1.0 1.0 0.9999999999999929 0.0 0.0 
0.0 0.0 0.0 0.0 0.0 0.0 0.0 0.0 0.0 0.0 1.7763568394002915e-16 0.05000000000000453 1.0 1.0 1.0 1.0 1.0 0.9999999999999997 0.9499999999999921 0.0 
0.0 0.0 0.0 0.0 0.0 0.0 0.0 0.0 0.0 0.0 3.552713678800501e-15 1.0 1.0 1.0 1.0 1.0 1.0 0.9999999999999929 0.0 0.0 
0.0 0.0 0.0 0.0 0.0 0.0 0.0 0.0 0.0 3.552713678800501e-15 1.0 1.0 1.0 1.0 1.0 1.0 1.0 0.9999999999999968 0.549999999999995 0.0 
0.0 0.0 0.0 0.0 0.0 0.0 0.0 0.0 3.552713678800501e-15 1.0 1.0 1.0 1.0 1.0 1.0 1.0 1.0 0.9999999999999929 0.0 0.0 
0.0 0.0 0.0 0.0 0.0 0.0 0.0 3.0198066269804245e-15 0.8500000000000002 1.0 1.0 1.0 1.0 1.0 1.0 1.0 1.0 0.9999999999999929 0.0 0.0 
0.0 0.0 0.0 0.0 0.0 0.0 1.953992523340278e-15 0.5500000000000023 1.0 1.0 1.0 0.999999999999998 0.4499999999999969 5.329070518200751e-15 1.0 1.0 1.0 0.9999999999999929 0.0 0.0 
0.0 0.0 0.0 0.0 0.0 6.661338147750939e-16 0.25000000000000266 1.0 1.0 1.0 0.9999999999999991 0.75 0.749999999999996 5.329070518200751e-15 1.0 1.0 1.0 0.9999999999999929 0.0 0.0 
0.0 0.0 0.0 0.0 0.0 2.6645352591003757e-15 1.0 1.0 1.0 0.9999999999999967 0.05000000000000053 0.0 0.0 5.329070518200751e-15 1.0 1.0 1.0 0.9999999999999929 0.0 0.0 
0.0 0.0 0.0 0.0 2.6645352591003757e-15 1.0 1.0 1.0 1.0 0.9999999999999977 0.3500000000000002 0.0 0.0 5.329070518200751e-15 1.0 1.0 1.0 0.9999999999999929 0.0 0.0 
0.0 0.0 0.0 2.6645352591003757e-15 1.0 1.0 1.0 1.0 0.9999999999999964 0.0 0.0 0.0 0.0 5.329070518200751e-15 1.0 1.0 1.0 0.9999999999999929 0.0 0.0 
0.0 0.0 2.220446049250313e-15 1.0 1.0 1.0 0.9999999999999998 0.9499999999999995 0.0 0.0 0.0 0.0 0.0 5.329070518200751e-15 1.0 1.0 1.0 0.9999999999999929 0.0 0.0 
0.0 1.4988010832439613e-15 0.7500000000000006 1.0 1.0 1.0 0.9999999999999964 0.0 0.0 0.0 0.0 0.0 0.0 5.329070518200751e-15 1.0 1.0 1.0 0.9999999999999929 0.0 0.0 
7.993605777301114e-16 0.4500000000000004 1.0 1.0 1.0 0.9999999999999973 0.0 0.0 0.0 0.0 0.0 0.0 0.0 5.329070518200751e-15 1.0 1.0 1.0 0.9999999999999961 0.44999999999999607 0.0 
1.7763568394002505e-15 1.0 1.0 1.0 1.0 0.9999999999999978 0.14999999999999858 0.14999999999999858 0.14999999999999858 0.14999999999999858 0.14999999999999858 0.14999999999999858 0.14999999999999858 0.1500000000000031 1.0 1.0 1.0 1.0 0.999999999999994 0.14999999999999752 
0.8499999999999981 1.0 1.0 1.0 1.0 1.0 1.0 1.0 1.0 1.0 1.0 1.0 1.0 1.0 1.0 1.0 1.0 1.0 1.0 0.9999999999999929 
1.0 1.0 1.0 1.0 1.0 1.0 1.0 1.0 1.0 1.0 1.0 1.0 1.0 1.0 1.0 1.0 1.0 1.0 1.0 0.9999999999999929 
0.0 0.0 1.6653345369377427e-15 0.7500000000000016 0.0 0.0 0.0 0.0 0.0 0.0 0.0 0.0 0.0 5.329070518200751e-15 1.0 1.0 1.0 1.0 0.9999999999999929 0.0 
0.0 0.0 0.0 0.0 0.0 0.0 0.0 0.0 0.0 0.0 0.0 0.0 0.0 2.664535259100603e-16 0.05000000000000933 1.0 1.0 1.0 0.9999999999999997 0.949999999999989 
0.0 0.0 0.0 0.0 0.0 0.0 0.0 0.0 0.0 0.0 0.0 0.0 0.0 0.0 5.329070518200751e-15 1.0 1.0 1.0 0.9999999999999929 0.0 
