0.0 0.0 0.0 0.09500000000000075 0.20000000000000284 0.3400000000000001 1.0 1.0 1.0 1.0 1.0 0.7800000000000034 0.20000000000000284 0.20000000000000284 0.20000000000000284 0.06500000000000149 0.0 0.0 0.0 0.0 
0.0 0.4650000000000004 0.6000000000000028 0.7900000000000003 1.0 1.0 1.0 1.0 1.0 1.0 1.0 1.0 1.0 1.0 1.0 0.730000000000003 0.28500000000000325 0.0 0.0 0.0 
2.46469511466784e-15 0.7749999999999977 1.0 1.0 1.0 0.9999999999999996 0.9999999999999973 0.9999999999999973 0.2750000000000023 0.0 0.42499999999999605 0.9999999999999973 0.9999999999999977 0.9999999999999999 1.0 1.0 1.0 0.6250000000000046 2.0650148258028016e-15 0.0 
0.9249999999999972 1.0 1.0 1.0 0.8700000000000006 0.49499999999999994 0.0 0.0 0.0 0.0 0.0 0.0 0.0749999999999976 0.5849999999999955 0.9299999999999986 1.0 1.0 1.0 0.7750000000000039 0.0 
0.9249999999999972 1.0 1.0 1.0 0.6750000000000029 0.0 0.0 0.0 0.0 0.0 0.0 0.0 0.0 0.0 0.16499999999999745 0.7399999999999969 1.0 1.0 0.9550000000000014 0.7400000000000058 
0.9249999999999972 1.0 1.0 0.525000000000003 0.0 0.0 0.0 0.0 0.0 0.0 0.0 0.0 0.0 0.0 0.0 0.5399999999999958 0.7999999999999972 0.7999999999999972 0.7999999999999972 0.7400000000000008 
0.9249999999999972 1.0 1.0 0.8100000000000018 0.4050000000000027 0.0 0.0 0.0 0.0 0.0 0.0 0.0 0.0 0.0 0.0 0.0 0.0 0.0 0.0 0.0 
0.9249999999999972 1.0 1.0 1.0 0.6750000000000029 0.0 0.0 0.0 0.0 0.0 0.0 0.0 0.0 0.0 0.0 0.0 0.0 0.0 0.0 0.0 
0.9249999999999972 1.0 1.0 1.0 0.6750000000000029 0.0 0.0 0.0 0.0 0.0 0.0 0.0 0.0 0.0 0.0 0.0 0.0 0.0 0.0 0.0 
0.9249999999999972 1.0 1.0 1.0 0.6750000000000029 0.0 0.0 0.0 0.0 0.0 0.3399999999999988 0.8000000000000025 0.8000000000000025 0.8000000000000025 0.8000000000000025 0.8000000000000025 0.8000000000000025 0.8000000000000025 0.8000000000000025 0.7400000000000058 
0.9249999999999972 1.0 1.0 1.0 0.6750000000000029 0.0 0.0 0.0 0.0 0.4599999999999957 0.8849999999999978 1.0 1.0 1.0 1.0 1.0 1.0 1.0 1.0 0.9250000000000043 
0.9249999999999972 1.0 1.0 1.0 0.6750000000000029 0.0 0.0 0.0 0.0 0.0 0.16999999999999826 0.3999999999999986 0.3999999999999986 0.3999999999999986 0.3999999999999986 0.8049999999999978 1.0 1.0 1.0 0.9250000000000043 
0.9249999999999972 1.0 1.0 1.0 0.6750000000000029 0.0 0.0 0.0 0.0 0.0 0.0 0.0 0.0 0.0 0.0 0.6749999999999972 1.0 1.0 1.0 0.9250000000000043 
0.9249999999999972 1.0 1.0 1.0 0.6750000000000029 0.0 0.0 0.0 0.0 0.0 0.0 0.0 0.0 0.0 0.0 0.6749999999999972 1.0 1.0 1.0 0.9250000000000043 
0.9249999999999972 1.0 1.0 1.0 0.6750000000000029 0.0 0.0 0.0 0.0 0.0 0.0 0.0 0.0 0.0 0.0 0.6749999999999972 1.0 1.0 1.0 0.9250000000000043 
0.9249999999999972 1.0 1.0 1.0 0.6750000000000029 0.0 0.0 0.0 0.0 0.0 0.0 0.0 0.0 0.0 0.0 0.6749999999999972 1.0 1.0 1.0 0.9250000000000043 
0.36999999999999755 0.864999999999998 1.0 1.0 0.8700000000000017 0.4950000000000029 0.0 0.0 0.0 0.0 0.0 0.0 0.0 0.0 0.49499999999999966 0.8699999999999993 1.0 1.0 1.0 0.9250000000000043 
0.0 0.7749999999999971 1.0 1.0 1.0 1.0 0.9750000000000032 0.12500000000000266 0.0 0.0 0.0 0.0 0.12499999999999645 0.9749999999999961 1.0 1.0 1.0 1.0 0.7750000000000039 0.0 
0.0 0.46499999999999664 0.5999999999999979 0.7899999999999977 1.0 1.0 1.0 1.0 1.0 1.0 1.0 1.0 1.0 1.0 1.0 1.0 1.0 0.8500000000000006 0.4650000000000007 0.0 
0.0 0.0 0.0 0.09499999999999906 0.1999999999999993 0.33999999999999714 1.0 1.0 1.0 1.0 1.0 1.0 1.0 1.0 1.0 0.4600000000000018 0.1999999999999993 0.12500000000000028 0.0 0.0 
