0.0 0.0 0.0 0.0 0.0 0.16312499999999858 0.22499999999999787 0.7093749999999999 1.0 1.0 1.0 1.0 1.0 0.7481249999999944 0.22499999999999787 0.17437499999999723 0.0 0.0 0.0 0.0 
0.0 0.0 0.0 0.0 0.5231249999999982 0.9106249999999996 1.0 1.0 1.0 1.0 1.0 1.0 1.0 1.0 1.0 0.9268749999999979 0.674999999999998 0.5906249999999935 0.0 0.0 
0.0 0.0 0.10937499999999822 0.8468749999999987 1.0 1.0 1.0 1.0 0.9281250000000008 0.8750000000000018 0.8750000000000018 0.8750000000000018 0.8750000000000018 0.915625000000002 1.0 1.0 1.0 1.0 0.92499999999999 0.0 
0.0 0.0 0.8749999999999982 1.0 1.0 1.0 0.6118750000000006 0.4250000000000016 0.18062499999999984 0.0 0.0 0.0 0.0 0.13812500000000325 0.5831250000000044 1.0 1.0 1.0 0.92499999999999 0.0 
0.0 0.9249999999999976 1.0 1.0 1.0 0.981875000000001 0.3168749999999998 0.0 0.0 0.0 0.0 0.0 0.0 0.0 0.2750000000000057 1.0 1.0 1.0 0.9268749999999902 0.024374999999998384 
0.0 0.4856249999999999 0.5250000000000012 0.5250000000000012 0.5250000000000012 0.14437500000000006 0.0 0.0 0.0 0.0 0.0 0.0 0.0 0.0 0.2750000000000057 1.0 1.0 1.0 0.9643749999999953 0.5118749999999964 
0.0 0.0 0.0 0.0 0.0 0.0 0.0 0.0 0.0 0.0 0.0 0.0 0.0 0.0 0.2750000000000057 1.0 1.0 1.0 0.92499999999999 0.0 
0.0 0.0 0.0 0.0 0.0 0.0 0.0 0.0 0.0 0.0 0.0 0.0 0.0 0.1218750000000024 0.5468750000000036 1.0 1.0 1.0 0.92499999999999 0.0 
0.0 0.0 0.0 0.0 0.0 0.0 0.0 0.0 0.4743750000000012 0.8249999999999993 0.43312499999999554 0.35062500000000324 0.8249999999999993 0.8818750000000006 1.0 1.0 1.0 0.8968749999999942 0.1618749999999989 0.0 
0.0 0.0 0.0 0.0 0.0 0.0 0.0 0.6250000000000009 1.0 1.0 1.0 1.0 1.0 1.0 1.0 0.938124999999999 0.5981249999999955 0.0 0.0 0.0 
0.0 0.0 0.0 0.0 0.0 0.0 0.0 0.6250000000000009 1.0 1.0 1.0 1.0 1.0 1.0 1.0 0.9381249999999985 0.598124999999994 0.0 0.0 0.0 
0.0 0.0 0.0 0.0 0.0 0.0 0.0 0.0 0.0 0.0 0.0 0.0 0.3093750000000027 0.8249999999999993 0.8731250000000005 1.0 1.0 1.0 0.92499999999999 0.0 
0.0 0.0 0.0 0.0 0.0 0.0 0.0 0.0 0.0 0.0 0.0 0.0 0.0 0.0 0.2750000000000057 1.0 1.0 1.0 0.92499999999999 0.0 
0.0 0.0 0.0 0.0 0.0 0.0 0.0 0.0 0.0 0.0 0.0 0.0 0.0 0.0 0.2750000000000057 1.0 1.0 1.0 0.92499999999999 0.0 
0.5118750000000005 0.5250000000000021 0.5250000000000021 0.5250000000000021 0.11812500000000076 0.0 0.0 0.0 0.0 0.0 0.0 0.0 0.0 0.0 0.2750000000000057 1.0 1.0 1.0 0.92499999999999 0.0 
0.974999999999997 1.0 1.0 1.0 0.22500000000000053 0.0 0.0 0.0 0.0 0.0 0.0 0.0 0.0 0.0 0.2750000000000057 1.0 1.0 1.0 0.92499999999999 0.0 
0.0 0.9249999999999976 1.0 1.0 1.0 0.5831250000000002 0.13812499999999994 0.0 0.0 0.0 0.0 0.0 0.0 0.3250000000000064 1.0 1.0 1.0 0.9468749999999969 0.5318749999999937 0.0 
0.0 0.1156249999999997 0.8906249999999984 1.0 1.0 1.0 0.9156249999999999 0.3281249999999992 0.0 0.0 0.0 0.37187500000000373 0.875 0.9156250000000008 1.0 1.0 1.0 0.8749999999999929 0.0 0.0 
0.0 0.0 0.5906249999999994 0.9431249999999998 1.0 1.0 1.0 1.0 1.0 1.0 1.0 1.0 1.0 1.0 1.0 0.9268749999999986 0.5568749999999953 0.0 0.0 0.0 
0.0 0.0 0.0 0.18562499999999799 0.22499999999999787 0.22499999999999787 0.7481249999999998 1.0 1.0 1.0 1.0 1.0 0.7093749999999964 0.22499999999999787 0.22499999999999787 0.17437499999999723 0.0 0.0 0.0 0.0 
