0.0 0.0 0.0 0.0 0.10999999999999949 0.1999999999999993 0.47999999999999926 1.0 1.0 1.0 1.0 1.0 1.0 1.0 0.559999999999999 0.1999999999999993 0.12999999999999926 0.0 0.0 0.0 
0.0 0.0 0.0 0.389999999999999 0.8199999999999995 1.0 1.0 1.0 1.0 1.0 1.0 1.0 1.0 1.0 1.0 1.0 0.8599999999999992 0.44999999999999746 0.0 0.0 
0.0 0.0 0.7499999999999986 0.9999999999999999 1.0 1.0 1.0 1.0 1.0 1.0 1.0 1.0 1.0 1.0 1.0 1.0 1.0 0.9999999999999999 0.8499999999999975 0.0 
0.0 0.8499999999999988 1.0 1.0 1.0 0.8200000000000005 0.39000000000000057 0.0 0.0 0.0 0.0 0.0 0.0 0.3900000000000016 0.8200000000000005 1.0 1.0 1.0 0.9099999999999986 0.3799999999999978 
0.7599999999999986 0.9699999999999998 1.0 1.0 1.0 0.5500000000000007 0.0 0.0 0.0 0.0 0.0 0.0 0.0 0.0 0.11000000000000024 0.5600000000000024 1.0 1.0 1.0 0.9499999999999957 
0.7599999999999986 0.7999999999999998 0.7999999999999998 0.7999999999999998 0.36000000000000043 0.0 0.0 0.0 0.0 0.0 0.0 0.0 0.0 0.0 0.0 0.45000000000000284 1.0 1.0 1.0 0.9499999999999957 
0.0 0.0 0.0 0.0 0.0 0.0 0.0 0.0 0.0 0.0 0.0 0.0 0.0 0.0 0.33000000000000024 0.7800000000000009 1.0 1.0 1.0 0.9499999999999957 
0.0 0.0 0.0 0.0 0.0 0.0 0.0 0.0 0.0 0.0 0.0 0.0 0.0 0.6500000000000021 1.0 1.0 1.0 1.0 0.8499999999999979 0.0 
0.0 0.0 0.0 0.0 0.0 0.0 0.0 0.0 0.0 0.0 0.0 0.0 0.75 1.0 1.0 1.0 1.0 0.8999999999999985 0.5099999999999985 0.0 
0.0 0.0 0.0 0.0 0.0 0.0 0.0 0.0 0.0 0.0 0.0 0.6800000000000017 0.9500000000000002 1.0 1.0 1.0 0.7199999999999986 0.14999999999999875 0.0 0.0 
0.0 0.0 0.0 0.0 0.0 0.0 0.0 0.0 0.03000000000000023 0.24000000000000157 0.9599999999999995 1.0 1.0 1.0 0.8899999999999992 0.4399999999999971 0.0 0.0 0.0 0.0 
0.0 0.0 0.0 0.0 0.0 0.0 0.0 0.15000000000000036 0.6600000000000014 1.0 1.0 1.0 1.0 0.6099999999999978 0.17999999999999908 0.0 0.0 0.0 0.0 0.0 
0.0 0.0 0.0 0.0 0.0 0.0 0.34999999999999964 1.0 1.0 1.0 1.0 1.0 0.25 0.0 0.0 0.0 0.0 0.0 0.0 0.0 
0.0 0.0 0.0 0.0 0.0 0.4499999999999993 1.0 1.0 1.0 1.0 1.0 0.14999999999999858 0.0 0.0 0.0 0.0 0.0 0.0 0.0 0.0 
0.0 0.0 0.0 0.0 0.4399999999999999 0.8900000000000002 1.0 1.0 1.0 0.9599999999999994 0.23999999999999988 0.02999999999999961 0.0 0.0 0.0 0.0 0.0 0.0 0.0 0.0 
0.0 0.0 0.1500000000000019 0.7200000000000002 1.0 1.0 1.0 0.9499999999999993 0.6799999999999973 0.0 0.0 0.0 0.0 0.0 0.0 0.0 0.0 0.0 0.0 0.0 
0.0 0.5100000000000003 0.8999999999999999 1.0 1.0 1.0 0.7899999999999997 0.29999999999999893 0.0 0.0 0.0 0.0 0.0 0.0 0.0 0.0 0.0 0.0 0.0 0.0 
0.9499999999999984 1.0 1.0 1.0 1.0 1.0 0.6500000000000004 0.0 0.0 0.0 0.0 0.0 0.0 0.0 0.0 0.0 0.0 0.0 0.0 0.0 
0.9499999999999984 1.0 1.0 1.0 1.0 1.0 1.0 1.0 1.0 1.0 1.0 1.0 1.0 1.0 1.0 1.0 1.0 1.0 0.8499999999999979 0.0 
0.9499999999999984 1.0 1.0 1.0 1.0 1.0 1.0 1.0 1.0 1.0 1.0 1.0 1.0 1.0 1.0 1.0 1.0 1.0 0.8499999999999979 0.0 
