0.0 0.0 0.0 0.0 0.1237500000000034 0.22500000000000497 0.22500000000000497 0.41875000000000717 1.0 1.0 1.0 1.0 1.0 1.0 0.5737499999999967 0.22500000000000497 0.14625000000000132 0.0 0.0 0.0 
0.0 0.0 0.0 0.43875000000000464 0.853750000000003 1.0 1.0 1.0 1.0 1.0 1.0 1.0 1.0 1.0 1.0 1.0 0.8862499999999988 0.6750000000000045 0.5737499999999952 0.0 
0.0 0.0 0.750000000000002 1.0 1.0 1.0 1.0 0.9687499999999984 0.874999999999996 0.8312499999999909 0.0437499999999942 0.7437500000000025 0.874999999999996 0.874999999999996 0.9437499999999992 1.0 1.0 1.0 0.8687499999999894 0.11875000000000238 
0.0 0.48875000000000407 0.8937500000000018 1.0 1.0 1.0 0.7987499999999963 0.3187499999999953 0.0 0.0 0.0 0.0 0.0 0.0 0.23375000000000126 0.6837500000000026 1.0 1.0 1.0 0.9499999999999886 
0.0 0.8500000000000015 1.0 1.0 1.0 0.5499999999999963 0.0 0.0 0.0 0.0 0.0 0.0 0.0 0.0 0.0 0.45000000000000817 1.0 1.0 1.0 0.9499999999999886 
0.0 0.4462499999999988 0.5249999999999977 0.5249999999999977 0.5249999999999977 0.2887499999999968 0.0 0.0 0.0 0.0 0.0 0.0 0.0 0.0 0.0 0.45000000000000817 1.0 1.0 1.0 0.9499999999999886 
0.0 0.0 0.0 0.0 0.0 0.0 0.0 0.0 0.0 0.0 0.0 0.0 0.0 0.0 0.5087500000000086 0.958750000000002 1.0 1.0 1.0 0.9499999999999886 
0.0 0.0 0.0 0.0 0.0 0.0 0.0 0.0 0.0 0.0 0.0 0.0 0.0 0.24375000000000396 0.7187500000000057 1.0 1.0 1.0 0.8499999999999872 0.0 
0.0 0.0 0.0 0.0 0.0 0.0 0.0 0.0 0.0 0.0 0.0 0.0 0.6187500000000067 0.9387500000000016 1.0 1.0 1.0 0.7937499999999924 0.14874999999999686 0.0 
0.0 0.0 0.0 0.0 0.0 0.0 0.0 0.0 0.0 0.01375000000000168 0.2612500000000021 0.891250000000005 1.0 1.0 1.0 0.8762499999999975 0.47124999999999356 0.0 0.0 0.0 
0.0 0.0 0.0 0.0 0.0 0.0 0.0 0.0 0.10875000000000343 0.7387500000000014 0.9862500000000017 1.0 1.0 1.0 0.6012499999999945 0.15124999999999794 0.0 0.0 0.0 0.0 
0.0 0.0 0.0 0.0 0.0 0.0 0.0 0.25000000000000444 1.0 1.0 1.0 1.0 1.0 0.34999999999999254 0.0 0.0 0.0 0.0 0.0 0.0 
0.0 0.0 0.0 0.0 0.0 0.0 0.21875000000000255 0.7187500000000017 1.0 1.0 1.0 1.0 0.5312499999999956 0.1312499999999972 0.0 0.0 0.0 0.0 0.0 0.0 
0.0 0.0 0.0 0.0 0.04124999999999983 0.4912500000000031 1.0 1.0 1.0 0.9962499999999996 0.9287500000000002 0.13874999999999385 0.0 0.0 0.0 0.0 0.0 0.0 0.0 0.0 
0.0 0.0 0.0 0.34125000000000044 0.7862500000000008 1.0 1.0 1.0 0.9212499999999977 0.4512499999999985 0.023749999999997034 0.0 0.0 0.0 0.0 0.0 0.0 0.0 0.0 0.0 
0.0 0.0 0.7312500000000004 0.9912499999999993 1.0 1.0 1.0 0.7562499999999962 0.02125000000000169 0.0 0.0 0.0 0.0 0.0 0.0 0.0 0.0 0.0 0.0 0.0 
0.4037499999999978 0.9137500000000005 1.0 1.0 1.0 0.8087499999999996 0.37374999999999947 0.0 0.0 0.0 0.0 0.0 0.0 0.0 0.0 0.0 0.0 0.0 0.0 0.0 
0.9500000000000011 1.0 1.0 1.0 1.0 0.943749999999998 0.8749999999999964 0.8749999999999964 0.8749999999999964 0.8749999999999964 0.8749999999999964 0.8749999999999964 0.8749999999999964 0.8749999999999964 0.8749999999999964 0.8749999999999964 0.8749999999999964 0.8749999999999964 0.7437499999999858 0.0 
0.9500000000000011 1.0 1.0 1.0 1.0 1.0 1.0 1.0 1.0 1.0 1.0 1.0 1.0 1.0 1.0 1.0 1.0 1.0 0.8499999999999872 0.0 
0.21375000000000496 0.22500000000000497 0.22500000000000497 0.22500000000000497 0.22500000000000497 0.22500000000000497 0.22500000000000497 0.22500000000000497 0.22500000000000497 0.22500000000000497 0.22500000000000497 0.22500000000000497 0.22500000000000497 0.22500000000000497 0.22500000000000497 0.22500000000000497 0.22500000000000497 0.4187500000000106 0.8499999999999872 0.0 
