0.0 0.0 0.0 0.0 0.0 0.4499999999999975 1.0 1.0 1.0 1.0 1.0 1.0 1.0 0.350000000000005 0.0 0.0 0.0 0.0 0.0 0.0 
0.0 0.0 0.0 0.0 0.0 0.4499999999999975 1.0 1.0 1.0 1.0 1.0 1.0 1.0 0.350000000000005 0.0 0.0 0.0 0.0 0.0 0.0 
0.0 0.0 0.187500000000005 0.7375000000000014 1.0 1.0 1.0 1.0 1.0 1.0 1.0 1.0 1.0 1.0 1.0 0.6625000000000077 0.16250000000000603 0.0 0.0 0.0 
0.0 0.6375000000000053 0.9375000000000014 1.0 1.0 1.0 0.7374999999999992 0.2499999999999929 0.2499999999999929 0.2499999999999929 0.2499999999999929 0.2499999999999929 0.2499999999999929 0.7374999999999938 1.0 1.0 0.9125000000000039 0.5625000000000093 0.0 0.0 
0.9499999999999993 1.0 1.0 1.0 0.8624999999999966 0.412499999999998 0.0 0.0 0.0 0.0 0.0 0.0 0.0 0.0 0.5499999999999954 1.0 1.0 1.0 0.850000000000005 0.0 
0.9499999999999993 1.0 1.0 1.0 0.45000000000000195 0.0 0.0 0.0 0.0 0.0 0.0 0.0 0.0 0.0 0.13749999999999493 0.5874999999999916 1.0 1.0 0.850000000000005 0.0 
0.9499999999999993 1.0 1.0 1.0 0.45000000000000195 0.0 0.0 0.0 0.0 0.0 0.0 0.0 0.0 0.0 0.0 0.0 0.0 0.0 0.0 0.0 
0.9499999999999993 1.0 1.0 1.0 0.45000000000000195 0.0 0.0 0.0 0.0 0.0 0.0 0.0 0.0 0.0 0.0 0.0 0.0 0.0 0.0 0.0 
0.9499999999999993 1.0 1.0 1.0 0.45000000000000195 0.0 0.0 0.0 0.0 0.0 0.0 0.0 0.0 0.0 0.0 0.0 0.0 0.0 0.0 0.0 
0.9499999999999993 1.0 1.0 1.0 0.45000000000000195 0.0 0.0 0.0 0.0 0.0 0.0 0.0 0.0 0.0 0.0 0.0 0.0 0.0 0.0 0.0 
0.9499999999999993 1.0 1.0 1.0 0.45000000000000195 0.0 0.0 0.0 0.0 0.0 0.0 0.0 0.0 0.0 0.0 0.0 0.0 0.0 0.0 0.0 
0.23749999999999308 0.8874999999999982 1.0 1.0 0.45000000000000195 0.0 0.0 0.0 0.0 0.0 0.0 0.0 0.0 0.0 0.0 0.0 0.0 0.0 0.0 0.0 
0.0 0.849999999999999 1.0 1.0 0.45000000000000195 0.0 0.0 0.0 0.0 0.0 0.0 0.0 0.0 0.0 0.0 0.0 0.0 0.0 0.0 0.0 
0.0 0.849999999999999 1.0 1.0 0.45000000000000195 0.0 0.0 0.0 0.0 0.0 0.0 0.0 0.0 0.0 0.0 0.0 0.0 0.0 0.0 0.0 
0.0 0.849999999999999 1.0 1.0 0.45000000000000195 0.0 0.0 0.0 0.0 0.0 0.0 0.0 0.0 0.0 0.0 0.0 0.0 0.0 0.0 0.0 
0.0 0.849999999999999 1.0 1.0 0.8625000000000044 0.41250000000000575 0.0 0.0 0.0 0.0 0.0 0.0 0.0 0.0 0.0 0.3374999999999987 0.7500000000000071 0.7500000000000071 0.7500000000000071 0.7125000000000116 
0.0 0.6374999999999932 0.9374999999999979 1.0 1.0 0.6625000000000051 0.16250000000000514 0.0 0.0 0.0 0.0 0.0 0.0 0.0 0.0 0.44999999999999396 1.0 1.0 0.9625000000000001 0.712499999999998 
0.0 0.0 0.18749999999999434 0.7374999999999965 1.0 1.0 0.912500000000003 0.5625000000000073 0.0 0.0 0.0 0.0 0.0 0.0 0.4125000000000004 0.8625000000000024 1.0 1.0 0.850000000000005 0.0 
0.0 0.0 0.0 0.0 0.41249999999999465 0.8624999999999955 1.0 1.0 1.0 1.0 1.0 1.0 1.0 1.0 1.0 1.0 0.912499999999999 0.5624999999999987 0.0 0.0 
0.0 0.0 0.0 0.0 0.0 0.11249999999999619 0.2499999999999929 0.2499999999999929 0.36249999999999155 1.0 1.0 1.0 1.0 0.5124999999999991 0.2499999999999929 0.2499999999999929 0.1624999999999968 0.0 0.0 0.0 
