0.0 0.0 0.0 0.0 0.0 0.1500000000000019 0.45000000000000195 0.7500000000000022 1.0 1.0 1.0 1.0 1.0 1.0 1.0 1.0 1.0 1.0 0.9499999999999957 0.649999999999995 
0.0 0.0 0.1499999999999997 0.3299999999999986 0.5099999999999975 0.6599999999999973 0.7799999999999985 0.8999999999999999 1.0 1.0 1.0 1.0 1.0 1.0 1.0 1.0 1.0 1.0 0.9499999999999957 0.649999999999995 
0.0 0.0 0.2500000000000012 0.5500000000000014 0.8500000000000016 1.0 1.0 1.0 1.0 1.0 1.0 1.0 1.0 1.0 1.0 1.0 1.0 1.0 0.9499999999999957 0.649999999999995 
0.6500000000000008 0.9500000000000011 1.0 1.0 1.0 1.0 1.0 1.0 1.0 1.0 1.0 1.0 1.0 1.0 1.0 1.0 1.0 1.0 0.9499999999999957 0.649999999999995 
0.13000000000000259 0.19000000000000375 0.20000000000000373 0.20000000000000373 0.20000000000000373 0.3200000000000047 0.5600000000000036 0.8000000000000027 1.0 1.0 1.0 1.0 1.0 1.0 1.0 1.0 1.0 1.0 0.9499999999999957 0.649999999999995 
0.0 0.0 0.0 0.0 0.0 0.1500000000000019 0.45000000000000195 0.7500000000000022 1.0 1.0 1.0 1.0 1.0 1.0 1.0 1.0 1.0 1.0 0.9499999999999957 0.649999999999995 
0.0 0.0 0.0 0.0 0.0 0.1500000000000019 0.45000000000000195 0.7500000000000022 1.0 1.0 1.0 1.0 1.0 1.0 1.0 1.0 1.0 1.0 0.9499999999999957 0.649999999999995 
0.0 0.0 0.0 0.0 0.0 0.1500000000000019 0.45000000000000195 0.7500000000000022 1.0 1.0 1.0 1.0 1.0 1.0 1.0 1.0 1.0 1.0 0.9499999999999957 0.649999999999995 
0.0 0.0 0.0 0.0 0.0 0.1500000000000019 0.45000000000000195 0.7500000000000022 1.0 1.0 1.0 1.0 1.0 1.0 1.0 1.0 1.0 1.0 0.9499999999999957 0.649999999999995 
0.0 0.0 0.0 0.0 0.0 0.1500000000000019 0.45000000000000195 0.7500000000000022 1.0 1.0 1.0 1.0 1.0 1.0 1.0 1.0 1.0 1.0 0.9499999999999957 0.649999999999995 
0.0 0.0 0.0 0.0 0.0 0.1500000000000019 0.45000000000000195 0.7500000000000022 1.0 1.0 1.0 1.0 1.0 1.0 1.0 1.0 1.0 1.0 0.9499999999999957 0.649999999999995 
0.0 0.0 0.0 0.0 0.0 0.1500000000000019 0.45000000000000195 0.7500000000000022 1.0 1.0 1.0 1.0 1.0 1.0 1.0 1.0 1.0 1.0 0.9499999999999957 0.649999999999995 
0.0 0.0 0.0 0.0 0.0 0.1500000000000019 0.45000000000000195 0.7500000000000022 1.0 1.0 1.0 1.0 1.0 1.0 1.0 1.0 1.0 1.0 0.9499999999999957 0.649999999999995 
0.0 0.0 0.0 0.0 0.0 0.1500000000000019 0.45000000000000195 0.7500000000000022 1.0 1.0 1.0 1.0 1.0 1.0 1.0 1.0 1.0 1.0 0.9499999999999957 0.649999999999995 
0.0 0.0 0.0 0.0 0.0 0.1500000000000019 0.45000000000000195 0.7500000000000022 1.0 1.0 1.0 1.0 1.0 1.0 1.0 1.0 1.0 1.0 0.9499999999999957 0.649999999999995 
0.0 0.0 0.0 0.0 0.0 0.1500000000000019 0.45000000000000195 0.7500000000000022 1.0 1.0 1.0 1.0 1.0 1.0 1.0 1.0 1.0 1.0 0.9499999999999957 0.649999999999995 
0.0 0.0 0.0 0.0 0.0 0.1500000000000019 0.45000000000000195 0.7500000000000022 1.0 1.0 1.0 1.0 1.0 1.0 1.0 1.0 1.0 1.0 0.9499999999999957 0.649999999999995 
0.0 0.0 0.0 0.0 0.0 0.1500000000000019 0.45000000000000195 0.7500000000000022 1.0 1.0 1.0 1.0 1.0 1.0 1.0 1.0 1.0 1.0 0.9499999999999957 0.649999999999995 
0.0 0.0 0.0 0.0 0.0 0.1500000000000019 0.45000000000000195 0.7500000000000022 1.0 1.0 1.0 1.0 1.0 1.0 1.0 1.0 1.0 1.0 0.9499999999999957 0.649999999999995 
0.0 0.0 0.0 0.0 0.0 0.1500000000000019 0.45000000000000195 0.7500000000000022 1.0 1.0 1.0 1.0 1.0 1.0 1.0 1.0 1.0 1.0 0.9499999999999957 0.649999999999995 
