0.0 0.0 0.0 0.0 0.0 0.4499999999999993 1.0 0.818750000000001 0.2749999999999986 0.2749999999999986 0.2749999999999986 0.2749999999999986 0.2749999999999986 0.09624999999999989 0.0 0.0 0.0 0.0 0.0 0.0 
0.0 0.0 0.0 0.0 0.0 0.4499999999999993 1.0 1.0 1.0 1.0 1.0 1.0 1.0 0.3500000000000014 0.0 0.0 0.0 0.0 0.0 0.0 
0.0 0.0 0.0 0.24374999999999905 0.7187499999999989 1.0 1.0 1.0 1.0 1.0 1.0 1.0 1.0 1.0 0.6562500000000013 0.3749999999999991 0.24375000000000022 0.0 0.0 0.0 
0.0 0.0 0.6937499999999984 0.9737499999999996 1.0 1.0 1.0 1.0 0.8612500000000015 0.12125000000000002 0.9537499999999994 1.0 1.0 1.0 1.0 1.0 0.9737499999999998 0.6937500000000009 0.0 0.0 
0.0 0.8499999999999992 1.0 1.0 1.0 0.7862500000000006 0.3412500000000009 0.0 0.0 0.0 0.0 0.0 0.0 0.3412499999999995 0.7862499999999988 1.0 1.0 1.0 0.8500000000000014 0.0 
0.9499999999999993 1.0 1.0 1.0 0.45000000000000107 0.0 0.0 0.0 0.0 0.0 0.0 0.0 0.0 0.0 0.536249999999997 0.9862499999999997 1.0 1.0 0.8537500000000015 0.02375000000000041 
0.9499999999999993 1.0 1.0 1.0 0.45000000000000107 0.0 0.0 0.0 0.0 0.0 0.0 0.0 0.0 0.0 0.0 0.19124999999999925 0.4250000000000007 0.4250000000000007 0.4250000000000007 0.4037500000000019 
0.9499999999999993 1.0 1.0 1.0 0.45000000000000107 0.0 0.0 0.0 0.0 0.0 0.0 0.0 0.0 0.0 0.0 0.0 0.0 0.0 0.0 0.0 
0.9499999999999993 1.0 1.0 1.0 0.45000000000000107 0.0 0.0 0.0 0.0 0.0 0.0 0.0 0.0 0.0 0.0 0.0 0.0 0.0 0.0 0.0 
0.9499999999999993 1.0 1.0 1.0 0.45000000000000107 0.0 0.0 0.0 0.0 0.0 0.0 0.0 0.0 0.0 0.0 0.0 0.0 0.0 0.0 0.0 
0.9499999999999993 1.0 1.0 1.0 0.45000000000000107 0.0 0.0 0.0 0.0 0.0 0.0 0.0 0.0 0.0 0.0 0.0 0.0 0.0 0.0 0.0 
0.0 0.8499999999999992 1.0 1.0 0.45000000000000107 0.0 0.0 0.0 0.0 0.0 0.0 0.0 0.0 0.0 0.0 0.0 0.0 0.0 0.0 0.0 
0.0 0.8499999999999992 1.0 1.0 0.45000000000000107 0.0 0.0 0.0 0.0 0.0 0.0 0.0 0.0 0.0 0.0 0.0 0.0 0.0 0.0 0.0 
0.0 0.8499999999999992 1.0 1.0 0.45000000000000107 0.0 0.0 0.0 0.0 0.0 0.0 0.0 0.0 0.0 0.0 0.0 0.0 0.0 0.0 0.0 
0.0 0.8499999999999992 1.0 1.0 0.45000000000000107 0.0 0.0 0.0 0.0 0.0 0.0 0.0 0.0 0.0 0.0 0.0 0.0 0.0 0.0 0.0 
0.0 0.8499999999999992 1.0 1.0 0.7387500000000017 0.28875000000000156 0.0 0.0 0.0 0.0 0.0 0.0 0.0 0.0 0.0 0.4499999999999975 1.0 1.0 1.0 0.9500000000000028 
0.0 0.7862499999999969 0.9812499999999992 1.0 1.0 0.583750000000002 0.04875000000000194 0.0 0.0 0.0 0.0 0.0 0.0 0.0 0.04125000000000135 0.49124999999999924 1.0 1.0 0.9887499999999997 0.8787499999999999 
0.0 0.0 0.281249999999997 0.7812499999999982 1.0 1.0 0.8687500000000017 0.6250000000000036 0.5312500000000039 0.0 0.0 0.0 0.46875000000000155 0.6250000000000036 0.8312500000000005 1.0 1.0 1.0 0.8500000000000014 0.0 
0.0 0.0 0.0 0.5362499999999965 0.8249999999999957 0.9037499999999975 1.0 1.0 1.0 1.0 1.0 1.0 1.0 1.0 1.0 0.9212499999999986 0.8249999999999957 0.6187499999999982 0.0 0.0 
0.0 0.0 0.0 0.0 0.0 0.12374999999999757 0.274999999999995 0.274999999999995 0.38374999999999476 1.0 1.0 1.0 1.0 0.5287499999999978 0.274999999999995 0.15124999999999794 0.0 0.0 0.0 0.0 
