0.0 0.0 0.0 0.0 0.07312500000000176 0.22500000000000497 0.24437500000000445 0.903125 1.0 1.0 1.0 1.0 1.0 1.0 0.3606250000000074 0.22500000000000497 0.10687500000000348 0.0 0.0 0.0 
0.0 0.0 0.42187500000000383 0.6750000000000045 0.7806250000000032 1.0 1.0 1.0 1.0 1.0 1.0 1.0 1.0 1.0 1.0 1.0 0.829375000000004 0.4218750000000064 0.0 0.0 
0.0 0.775000000000002 1.0 1.0 1.0 0.9781249999999994 0.8531249999999966 0.10937500000000028 0.0 0.0 0.0 0.0 0.10937499999999639 0.8531249999999927 0.9781249999999988 1.0 1.0 1.0 0.7750000000000057 0.0 
0.5318750000000049 0.9043750000000017 1.0 1.0 0.8131249999999984 0.350624999999997 0.0 0.0 0.0 0.0 0.0 0.0 0.0 0.0 0.35062499999999514 0.8131249999999961 1.0 1.0 0.9043750000000033 0.5318750000000059 
0.9250000000000025 1.0 1.0 1.0 0.6749999999999994 0.0 0.0 0.0 0.0 0.0 0.0 0.0 0.0 0.0 0.0 0.6749999999999954 1.0 1.0 1.0 0.9250000000000043 
0.4856249999999992 0.5249999999999977 0.5249999999999977 0.5249999999999977 0.3543749999999981 0.0 0.0 0.0 0.0 0.0 0.0 0.0 0.0 0.0 0.0 0.6749999999999954 1.0 1.0 1.0 0.9250000000000043 
0.0 0.0 0.0 0.0 0.0 0.0 0.0 0.0 0.0 0.0 0.0 0.0 0.0 0.0 0.0 0.6749999999999954 1.0 1.0 0.7918750000000047 0.06937499999999802 
0.0 0.0 0.0 0.0 0.0 0.0 0.0 0.0 0.0 0.0 0.0 0.0 0.04687499999999889 0.36562500000000026 0.8906249999999977 1.0 1.0 1.0 0.7750000000000057 0.0 
0.0 0.0 0.0 0.0 0.0 0.0 0.0 0.0 0.0 0.0 0.0 0.22687499999999766 0.8468750000000003 0.9956249999999993 1.0 1.0 1.0 0.690625000000004 0.13562500000000016 0.0 
0.0 0.0 0.0 0.0 0.0 0.0 0.0 0.0 0.0 0.0 0.11687499999999937 0.47437499999999794 1.0 1.0 1.0 0.8143750000000011 0.34437500000000343 0.0 0.0 0.0 
0.0 0.0 0.0 0.0 0.0 0.0 0.0 0.0 0.0 0.41687499999999866 0.841874999999999 1.0 1.0 1.0 1.0 0.3250000000000046 0.0 0.0 0.0 0.0 
0.0 0.0 0.0 0.0 0.0 0.0 0.0 0.0 0.1268749999999977 0.6493749999999975 1.0 1.0 0.978125000000001 0.8293750000000034 0.14437500000000403 0.0 0.0 0.0 0.0 0.0 
0.0 0.0 0.0 0.0 0.0 0.0 0.015624999999999667 0.5468749999999994 0.8968749999999995 1.0 1.0 1.0 0.8750000000000036 0.025000000000003908 0.0 0.0 0.0 0.0 0.0 0.0 
0.0 0.0 0.0 0.0 0.0 0.17499999999999982 1.0 1.0 1.0 1.0 0.9681250000000006 0.6706250000000035 0.0 0.0 0.0 0.0 0.0 0.0 0.0 0.0 
0.0 0.0 0.0 0.0 0.17062499999999986 0.6081249999999987 1.0 1.0 1.0 0.6981250000000017 0.27312500000000217 0.0 0.0 0.0 0.0 0.0 0.0 0.0 0.0 0.0 
0.0 0.0 0.0 0.46312499999999995 0.9831249999999986 1.0 1.0 1.0 0.29312500000000274 0.010625000000000946 0.0 0.0 0.0 0.0 0.0 0.0 0.0 0.0 0.0 0.0 
0.0 0.32937499999999864 0.7843749999999998 1.0 1.0 1.0 0.9893750000000003 0.6281250000000028 0.1581250000000015 0.0 0.0 0.0 0.0 0.0 0.0 0.0 0.0 0.0 0.0 0.0 
0.0 0.775000000000002 1.0 1.0 1.0 0.8468750000000008 0.12187500000000354 0.015625000000000555 0.0 0.0 0.0 0.0 0.0 0.0 0.0 0.0 0.0 0.0 0.0 0.0 
0.9250000000000025 1.0 1.0 1.0 1.0 1.0 1.0 1.0 0.5106249999999978 0.7131249999999971 1.0 1.0 1.0 1.0 1.0 1.0 1.0 1.0 0.8481250000000029 0.3006249999999974 
0.9250000000000025 1.0 1.0 1.0 1.0 1.0 1.0 1.0 1.0 1.0 1.0 1.0 1.0 1.0 1.0 1.0 1.0 1.0 1.0 0.9250000000000043 
