0.0 0.0 0.0 0.0 0.0 0.11250000000000257 0.2500000000000071 0.43750000000000333 1.0 1.0 1.0 1.0 1.0 1.0 0.5875000000000073 0.2500000000000071 0.16250000000000603 0.0 0.0 0.0 
0.0 0.0 0.0 0.48750000000000354 0.7500000000000071 0.8625000000000033 1.0 1.0 1.0 1.0 1.0 1.0 1.0 1.0 1.0 1.0 0.9125000000000039 0.5625000000000093 0.0 0.0 
0.0 0.0 0.187500000000005 0.7375000000000014 1.0 1.0 0.9124999999999981 0.5624999999999967 0.0 0.0 0.0 0.0 0.0 0.48749999999999166 0.8874999999999956 1.0 1.0 1.0 0.850000000000005 0.0 
0.0 0.0 0.7499999999999987 1.0 1.0 1.0 0.6500000000000021 0.0 0.0 0.0 0.0 0.0 0.0 0.0 0.13749999999999493 0.5874999999999916 1.0 1.0 0.850000000000005 0.0 
0.0 0.6374999999999932 0.9374999999999979 1.0 1.0 0.5500000000000025 0.0 0.0 0.0 0.0 0.0 0.0 0.0 0.0 0.0 0.44999999999999396 1.0 1.0 0.9625000000000001 0.712499999999998 
0.0 0.0 0.18749999999999434 0.2499999999999929 0.2499999999999929 0.1374999999999967 0.0 0.0 0.0 0.0 0.0 0.0 0.0 0.0 0.0 0.44999999999999396 1.0 1.0 0.9625000000000024 0.7125000000000116 
0.0 0.0 0.0 0.0 0.0 0.0 0.0 0.0 0.0 0.0 0.0 0.0 0.0 0.0 0.13750000000000276 0.5874999999999994 1.0 1.0 0.850000000000005 0.0 
0.0 0.0 0.0 0.0 0.0 0.0 0.0 0.0 0.0 0.0 0.0 0.0 0.0 0.0 0.5499999999999954 1.0 1.0 1.0 0.850000000000005 0.0 
0.0 0.0 0.0 0.0 0.0 0.0 0.0 0.06250000000000111 0.2500000000000071 0.2500000000000071 0.2500000000000071 0.2500000000000071 0.8124999999999991 1.0 1.0 0.8874999999999983 0.7499999999999929 0.5624999999999987 0.0 0.0 
0.0 0.0 0.0 0.0 0.0 0.0 0.0 0.24999999999999734 1.0 1.0 1.0 1.0 1.0 1.0 1.0 0.550000000000006 0.0 0.0 0.0 0.0 
0.0 0.0 0.0 0.0 0.0 0.0 0.0 0.18749999999999623 0.7499999999999929 0.7499999999999929 0.7499999999999929 0.7499999999999929 0.7499999999999929 0.9124999999999963 1.0 1.0 0.7375000000000067 0.18750000000000666 0.0 0.0 
0.0 0.0 0.0 0.0 0.0 0.0 0.0 0.0 0.0 0.0 0.0 0.0 0.0 0.16249999999999415 0.6624999999999933 1.0 1.0 0.9375000000000031 0.6375000000000097 0.0 
0.0 0.0 0.0 0.0 0.0 0.0 0.0 0.0 0.0 0.0 0.0 0.0 0.0 0.0 0.0 0.44999999999999396 1.0 1.0 0.850000000000005 0.0 
0.0 0.0 0.0 0.0 0.0 0.0 0.0 0.0 0.0 0.0 0.0 0.0 0.0 0.0 0.0 0.44999999999999396 1.0 1.0 0.9625000000000024 0.7125000000000116 
0.23750000000000657 0.8875000000000003 1.0 1.0 0.45000000000000195 0.0 0.0 0.0 0.0 0.0 0.0 0.0 0.0 0.0 0.0 0.44999999999999396 1.0 1.0 0.850000000000005 0.0 
0.23749999999999308 0.8874999999999982 1.0 1.0 0.45000000000000195 0.0 0.0 0.0 0.0 0.0 0.0 0.0 0.0 0.0 0.0 0.44999999999999396 1.0 1.0 0.850000000000005 0.0 
0.0 0.849999999999999 1.0 1.0 1.0 0.5500000000000025 0.0 0.0 0.0 0.0 0.0 0.0 0.0 0.0 0.5499999999999954 1.0 1.0 0.9374999999999996 0.6374999999999977 0.0 
0.0 0.2124999999999937 0.8124999999999972 1.0 1.0 0.8875000000000038 0.7500000000000071 0.5625000000000073 0.0 0.0 0.0 0.0 0.5625000000000027 0.7500000000000071 0.8875000000000021 1.0 1.0 0.7500000000000053 0.0 0.0 
0.0 0.0 0.0 0.4874999999999943 0.8874999999999963 1.0 1.0 1.0 1.0 1.0 1.0 1.0 1.0 1.0 1.0 0.8874999999999983 0.48749999999999966 0.0 0.0 0.0 
0.0 0.0 0.0 0.0 0.1374999999999956 0.2499999999999929 0.2499999999999929 0.4374999999999927 1.0 1.0 1.0 1.0 0.43749999999999734 0.2499999999999929 0.2499999999999929 0.1374999999999976 0.0 0.0 0.0 0.0 
