0.9250000000000025 1.0 1.0 1.0 0.6749999999999994 0.0 0.0 0.0 0.0 0.0 0.0 0.0 0.028124999999999824 0.21937500000000398 0.8643749999999976 1.0 1.0 1.0 0.7750000000000057 0.0 
0.9250000000000025 1.0 1.0 1.0 0.6749999999999994 0.0 0.0 0.0 0.0 0.0 0.0 0.18562499999999907 0.7156250000000027 0.9918749999999988 1.0 1.0 1.0 0.746875000000002 0.25187499999999835 0.0 
0.9250000000000025 1.0 1.0 1.0 0.6749999999999994 0.0 0.0 0.0 0.0 0.0718750000000021 0.4968749999999998 1.0 1.0 1.0 1.0 0.9156249999999979 0.41562500000000246 0.0 0.0 0.0 
0.9250000000000025 1.0 1.0 1.0 0.6749999999999994 0.0 0.0 0.0 0.0 0.5749999999999984 1.0 1.0 1.0 1.0 1.0 0.3250000000000046 0.0 0.0 0.0 0.0 
0.9250000000000025 1.0 1.0 1.0 0.6749999999999994 0.0 0.0006250000000000621 0.02187500000000262 0.7318749999999996 1.0 1.0 1.0 0.9968749999999997 0.9756249999999972 0.17062500000000363 0.0 0.0 0.0 0.0 0.0 
0.9250000000000025 1.0 1.0 1.0 0.6749999999999994 0.08312500000000032 0.488125000000002 0.9343749999999998 1.0 1.0 1.0 0.8693750000000009 0.45937499999999987 0.013125000000001994 0.0 0.0 0.0 0.0 0.0 0.0 
0.9250000000000025 1.0 1.0 1.0 0.9756250000000007 0.938125000000002 1.0 1.0 1.0 1.0 1.0 0.7250000000000032 0.0 0.0 0.0 0.0 0.0 0.0 0.0 0.0 
0.9250000000000025 1.0 1.0 1.0 1.0 1.0 1.0 1.0 1.0 0.7843749999999996 0.3593750000000008 0.0 0.0 0.0 0.0 0.0 0.0 0.0 0.0 0.0 
0.9250000000000025 1.0 1.0 1.0 1.0 1.0 1.0 1.0 0.40187500000000026 0.07437499999999983 0.0 0.0 0.0 0.0 0.0 0.0 0.0 0.0 0.0 0.0 
0.9250000000000025 1.0 1.0 1.0 1.0 1.0 1.0 1.0 0.27500000000000124 0.0 0.0 0.0 0.0 0.0 0.0 0.0 0.0 0.0 0.0 0.0 
0.9250000000000025 1.0 1.0 1.0 1.0 1.0 1.0 1.0 0.8006250000000001 0.308125000000001 0.0 0.0 0.0 0.0 0.0 0.0 0.0 0.0 0.0 0.0 
0.9250000000000025 1.0 1.0 1.0 1.0 1.0 1.0 1.0 1.0 1.0 0.5750000000000028 0.0 0.0 0.0 0.0 0.0 0.0 0.0 0.0 0.0 
0.9250000000000025 1.0 1.0 1.0 0.7968749999999996 0.375 0.39062499999999967 0.9218749999999994 1.0 1.0 0.8406250000000011 0.453125000000002 0.0 0.0 0.0 0.0 0.0 0.0 0.0 0.0 
0.9250000000000025 1.0 1.0 1.0 0.6749999999999994 0.0 0.023124999999999524 0.8093749999999998 0.9793750000000001 1.0 1.0 1.0 0.8843750000000032 0.09812500000000292 0.013125000000000196 0.0 0.0 0.0 0.0 0.0 
0.9250000000000025 1.0 1.0 1.0 0.6749999999999994 0.0 0.0 0.0 0.34437500000000043 0.7768749999999998 1.0 1.0 1.0 1.0 0.17500000000000426 0.0 0.0 0.0 0.0 0.0 
0.9250000000000025 1.0 1.0 1.0 0.6749999999999994 0.0 0.0 0.0 0.0 0.014375000000001185 0.43937499999999846 1.0 1.0 1.0 0.9793749999999983 0.3168750000000038 0.0 0.0 0.0 0.0 
0.9250000000000025 1.0 1.0 1.0 0.6749999999999994 0.0 0.0 0.0 0.0 0.0 0.24437499999999956 0.6918750000000007 1.0 1.0 1.0 1.0 0.6981250000000014 0.2656250000000005 0.0 0.0 
0.9250000000000025 1.0 1.0 1.0 0.6749999999999994 0.0 0.0 0.0 0.0 0.0 0.0 0.03437500000000058 0.234375 0.9781249999999967 1.0 1.0 1.0 0.9531249999999993 0.6781250000000022 0.0 
0.9250000000000025 1.0 1.0 1.0 0.6749999999999994 0.0 0.0 0.0 0.0 0.0 0.0 0.0 0.0 0.0 0.5568750000000007 0.8943749999999999 1.0 1.0 0.8481250000000029 0.3006249999999974 
0.20812500000000517 0.22500000000000497 0.22500000000000497 0.22500000000000497 0.15187500000000323 0.0 0.0 0.0 0.0 0.0 0.0 0.0 0.0 0.0 0.0 0.1518750000000023 0.22500000000000497 0.515624999999999 1.0 0.9250000000000043 
