0.0 0.0 0.0 0.0 0.0 0.0 0.0 0.0812500000000004 0.42625000000000024 1.0 1.0 1.0 0.25 0.0 0.0 0.0 0.0 0.0 0.0 0.0 
0.0 0.0 0.0 0.0 0.0 0.0 0.0 0.2500000000000018 1.0 1.0 1.0 1.0 0.9812499999999995 0.34124999999999944 0.0 0.0 0.0 0.0 0.0 0.0 
0.0 0.0 0.0 0.0 0.0 0.0 0.21875000000000072 0.7187500000000003 1.0 1.0 1.0 1.0 1.0 0.34999999999999964 0.0 0.0 0.0 0.0 0.0 0.0 
0.0 0.0 0.0 0.0 0.0 0.0 0.3500000000000014 1.0 1.0 1.0 1.0 1.0 1.0 0.34999999999999964 0.0 0.0 0.0 0.0 0.0 0.0 
0.0 0.0 0.0 0.0 0.0 0.41625000000000173 0.95125 1.0 1.0 1.0 1.0 1.0 1.0 0.9512499999999998 0.4162499999999993 0.0 0.0 0.0 0.0 0.0 
0.0 0.0 0.0 0.0 0.0 0.45000000000000195 1.0 1.0 1.0 1.0 1.0 1.0 1.0 1.0 0.4499999999999993 0.0 0.0 0.0 0.0 0.0 
0.0 0.0 0.0 0.0 0.0 0.45000000000000195 1.0 1.0 1.0 1.0 1.0 1.0 1.0 1.0 0.5737499999999993 0.12374999999999997 0.0 0.0 0.0 0.0 
0.0 0.0 0.0 0.0 0.4812500000000018 0.9312500000000002 1.0 1.0 0.8687499999999989 0.125 0.125 0.8687500000000012 1.0 1.0 1.0 0.5500000000000007 0.0 0.0 0.0 0.0 
0.0 0.0 0.0 0.0 0.550000000000002 1.0 1.0 0.7499999999999982 0.0 0.0 0.0 0.4037500000000004 0.8687499999999999 1.0 1.0 0.5500000000000007 0.0 0.0 0.0 0.0 
0.0 0.0 0.0 0.11375000000000084 0.628750000000002 1.0 1.0 0.7499999999999982 0.0 0.0 0.0 0.0 0.75 1.0 1.0 0.5500000000000007 0.0 0.0 0.0 0.0 
0.0 0.0 0.0 0.6500000000000021 1.0 1.0 0.711249999999999 0.13125000000000023 0.0 0.0 0.0 0.0 0.75 1.0 1.0 0.9212499999999998 0.5362499999999998 0.0 0.0 0.0 
0.0 0.0 0.0 0.6500000000000021 1.0 1.0 0.6499999999999986 0.0 0.0 0.0 0.0 0.0 0.39374999999999893 0.8337499999999997 1.0 1.0 0.6500000000000004 0.0 0.0 0.0 
0.0 0.0 0.0937500000000003 0.6937500000000019 1.0 0.9437499999999998 0.5687499999999988 0.0 0.0 0.0 0.0 0.0 0.0 0.6500000000000004 1.0 1.0 0.6937500000000003 0.09375 0.0 0.0 
0.0 0.0 0.7500000000000024 1.0 1.0 0.549999999999998 0.0 0.0 0.0 0.0 0.0 0.0 0.0 0.6500000000000004 1.0 1.0 1.0 0.75 0.0 0.0 
0.0 0.36125000000000174 0.8562500000000015 1.0 1.0 0.549999999999998 0.0 0.0 0.0 0.0 0.0 0.0 0.0 0.37374999999999975 0.80875 1.0 1.0 0.75 0.0 0.0 
0.0 0.8500000000000026 1.0 1.0 1.0 1.0 0.6762499999999997 0.07500000000000284 0.07500000000000284 0.07500000000000284 0.07500000000000284 0.07500000000000284 0.07500000000000284 0.6762500000000014 1.0 1.0 1.0 0.7687500000000007 0.06375000000000253 0.0 
0.0 0.8500000000000025 1.0 1.0 1.0 1.0 1.0 1.0 1.0 1.0 1.0 1.0 1.0 1.0 1.0 1.0 1.0 1.0 0.8500000000000014 0.0 
0.35625000000000107 0.9062500000000017 1.0 1.0 0.7937499999999993 0.625 0.625 0.625 0.625 0.625 0.625 0.09374999999999911 0.46875 0.625 0.625 0.7937499999999997 1.0 1.0 0.8500000000000014 0.0 
0.9500000000000028 1.0 1.0 0.34999999999999787 0.0 0.0 0.0 0.0 0.0 0.0 0.0 0.0 0.0 0.0 0.0 0.4499999999999993 1.0 1.0 0.8537500000000017 0.023750000000002006 
0.9500000000000028 1.0 1.0 0.34999999999999787 0.0 0.0 0.0 0.0 0.0 0.0 0.0 0.0 0.0 0.0 0.0 0.14624999999999944 0.5612499999999994 1.0 0.8987500000000008 0.3087499999999991 
