0.9250000000000007 1.0 1.0 1.0 0.6750000000000007 0.0 0.0 0.0 0.0 0.0 0.0 0.0 0.0 0.0 0.2681249999999951 0.7806249999999955 1.0 1.0 0.9268750000000028 0.6243750000000092 
0.023125000000003428 0.7806250000000011 1.0 0.5368750000000021 0.016875000000002506 0.0 0.0 0.0 0.0 0.0 0.0 0.0 0.12187499999999607 0.9506249999999926 0.9956249999999992 1.0 1.0 0.6343750000000066 0.019375000000002997 0.0 
0.0 0.7750000000000004 1.0 0.5250000000000004 0.0 0.0 0.0 0.0 0.0 0.0 0.0 0.17187499999999714 0.671874999999996 0.9906249999999985 1.0 1.0 0.475000000000005 0.0 0.0 0.0 
0.0 0.7750000000000004 1.0 0.5250000000000004 0.0 0.0 0.0 0.0 0.0 0.0 0.0 0.1993749999999983 0.759375000000001 0.9931249999999989 1.0 0.3250000000000046 0.0 0.0 0.0 0.0 
0.8556249999999989 0.9831249999999996 1.0 0.5250000000000004 0.0 0.0 0.0 0.0 0.0 0.0 0.0 0.0 0.12499999999999645 0.9749999999999961 0.23687500000000555 0.024375000000000983 0.0 0.0 0.0 0.0 
0.0 0.7750000000000004 0.7343749999999996 0.30187499999999984 0.0 0.0 0.0 0.0 0.0 0.0 0.0 0.0 0.0 0.0 0.0 0.0 0.0 0.0 0.0 0.0 
0.9250000000000007 1.0 1.0 1.0 0.7481250000000005 0.18562499999999996 0.0 0.0 0.0 0.0 0.0 0.0 0.0 0.0 0.0 0.0 0.0 0.0 0.0 0.0 
0.11562500000000009 0.8031250000000003 1.0 1.0 1.0 0.8250000000000011 0.0 0.0 0.0 0.0 0.0 0.0 0.0 0.0 0.0 0.0 0.0 0.0 0.0 0.0 
0.9250000000000007 1.0 1.0 1.0 1.0 0.8250000000000011 0.0 0.0 0.0 0.0 0.0 0.0 0.0 0.0 0.0 0.0 0.0 0.0 0.0 0.0 
0.9250000000000007 1.0 1.0 1.0 1.0 1.0 0.9793750000000012 0.27812500000000207 0.04812500000000057 0.0 0.0 0.0 0.0 0.0 0.0 0.0 0.0 0.0 0.0 0.0 
0.9250000000000007 1.0 1.0 1.0 1.0 1.0 1.0 1.0 0.27500000000000213 0.0 0.0 0.0 0.0 0.0 0.0 0.0 0.0 0.0 0.0 0.0 
0.9250000000000007 1.0 1.0 1.0 1.0 1.0 1.0 1.0 1.0 0.4250000000000025 0.0 0.0 0.0 0.0 0.0 0.0 0.0 0.0 0.0 0.0 
0.0 0.7750000000000004 1.0 1.0 0.959374999999999 0.8749999999999964 0.8749999999999964 0.8749999999999964 0.9656249999999987 1.0 0.628125000000004 0.09062500000000298 0.0 0.0 0.0 0.0 0.0 0.0 0.0 0.0 
0.0 0.7750000000000004 1.0 1.0 0.6750000000000007 0.0 0.0 0.0 0.7249999999999979 1.0 1.0 0.7250000000000032 0.0 0.0 0.0 0.0 0.0 0.0 0.0 0.0 
0.0 0.7750000000000004 1.0 1.0 0.6750000000000007 0.0 0.0 0.0 0.0 0.3306249999999961 0.7556249999999963 1.0 0.9281250000000025 0.4393750000000064 0.07437500000000256 0.0 0.0 0.0 0.0 0.0 
0.0 0.7750000000000004 1.0 1.0 0.6750000000000007 0.0 0.0 0.0 0.0 0.0 0.0 0.2749999999999968 1.0 1.0 1.0 0.3756250000000062 0.035625000000001725 0.0 0.0 0.0 
0.0 0.7750000000000004 1.0 1.0 0.6750000000000007 0.0 0.0 0.0 0.0 0.0 0.0 0.07562499999999775 0.3656249999999931 0.9818749999999971 1.0 1.0 0.475000000000005 0.0 0.0 0.0 
0.0 0.7750000000000004 1.0 1.0 0.6750000000000007 0.0 0.0 0.0 0.0 0.0 0.0 0.0 0.0 0.0 0.5156249999999915 0.8781249999999959 1.0 0.765625000000006 0.2906250000000076 0.0 
0.0 0.7750000000000004 1.0 1.0 0.6750000000000007 0.0 0.0 0.0 0.0 0.0 0.0 0.0 0.0 0.0 0.0 0.6581249999999916 0.9881249999999971 1.0 0.7806250000000068 0.023125000000005454 
0.0 0.2518749999999941 0.3249999999999922 0.3249999999999922 0.21937499999999496 0.0 0.0 0.0 0.0 0.0 0.0 0.0 0.0 0.0 0.0 0.0 0.17062499999999428 0.5781249999999916 1.0 0.9250000000000078 
