0.0 0.0 0.0 0.0 0.0 0.0 0.0 0.0 0.3612499999999967 0.9712499999999945 1.0 1.0 1.0 0.8512500000000052 0.3162500000000072 0.0 0.0 0.0 0.0 0.0 
0.0 0.0 0.0 0.0 0.0 0.0 0.17874999999999788 0.8187499999999936 1.0 1.0 1.0 1.0 0.9312500000000034 0.47125000000000905 0.0 0.0 0.0 0.0 0.0 0.0 
0.0 0.0 0.0 0.0 0.0 0.06874999999999909 0.6937499999999925 1.0 1.0 1.0 1.0 0.9812500000000013 0.6562500000000109 0.0 0.0 0.0 0.0 0.0 0.0 0.0 
0.0 0.0 0.0 0.0 0.0 0.5499999999999927 1.0 1.0 1.0 1.0 1.0 0.8500000000000103 0.0 0.0 0.0 0.0 0.0 0.0 0.0 0.0 
0.0 0.0 0.0 0.0 0.44999999999999307 1.0 1.0 1.0 1.0 1.0 0.95000000000001 0.0 0.0 0.0 0.0 0.0 0.0 0.0 0.0 0.0 
0.0 0.0 0.0 0.3499999999999934 1.0 1.0 1.0 1.0 1.0 0.3587500000000058 0.0 0.0 0.0 0.0 0.0 0.0 0.0 0.0 0.0 0.0 
0.0 0.0 0.24999999999999423 1.0 1.0 1.0 1.0 1.0 1.0 0.05000000000000959 0.0 0.0 0.0 0.0 0.0 0.0 0.0 0.0 0.0 0.0 
0.0 0.1499999999999948 1.0 1.0 1.0 1.0 1.0 1.0 1.0 1.0 1.0 1.0 1.0 1.0 1.0 1.0 0.5937500000000098 0.09375000000000533 0.0 0.0 
0.011249999999998943 0.34124999999999567 1.0 1.0 1.0 1.0 1.0 1.0 1.0 1.0 1.0 1.0 1.0 1.0 1.0 1.0 1.0 1.0 0.3412500000000096 0.011250000000004139 
0.04999999999999538 1.0 1.0 1.0 1.0 1.0 0.9512500000000012 0.2312500000000084 0.0 0.0 0.0 0.13874999999999058 0.9250000000000007 0.9512499999999995 1.0 1.0 1.0 1.0 1.0 0.12125000000001641 
0.04999999999999538 1.0 1.0 1.0 1.0 0.49125000000000635 0.02625000000000039 0.0 0.0 0.0 0.0 0.0 0.0 0.3499999999999872 1.0 1.0 1.0 1.0 1.0 1.0 
0.04999999999999538 1.0 1.0 1.0 1.0 0.4500000000000073 0.0 0.0 0.0 0.0 0.0 0.0 0.0 0.0 0.44999999999998685 1.0 1.0 1.0 1.0 1.0 
1.0 1.0 1.0 1.0 1.0 0.4500000000000073 0.0 0.0 0.0 0.0 0.0 0.0 0.0 0.0 0.44999999999998685 1.0 1.0 1.0 1.0 1.0 
1.0 1.0 1.0 1.0 1.0 0.4500000000000073 0.0 0.0 0.0 0.0 0.0 0.0 0.0 0.0 0.44999999999998685 1.0 1.0 1.0 1.0 1.0 
1.0 1.0 1.0 1.0 1.0 0.4500000000000073 0.0 0.0 0.0 0.0 0.0 0.0 0.0 0.11374999999999559 0.6287499999999908 1.0 1.0 1.0 1.0 0.6912500000000067 
0.8337500000000019 1.0 1.0 1.0 1.0 0.5462500000000045 0.0612500000000005 0.0 0.0 0.0 0.0 0.0 0.04374999999999711 0.4637499999999876 1.0 1.0 1.0 1.0 1.0 0.050000000000018474 
0.04999999999999538 1.0 1.0 1.0 1.0 1.0 1.0 0.2687500000000076 0.02499999999999858 0.02499999999999858 0.02499999999999858 0.17124999999998874 1.0 1.0 1.0 1.0 1.0 1.0 0.9787500000000016 0.048750000000018084 
0.006249999999999423 0.2562499999999954 1.0 1.0 1.0 1.0 1.0 1.0 1.0 1.0 1.0 1.0 1.0 1.0 1.0 1.0 1.0 0.34375000000001243 0.0187500000000016 0.0 
0.0 0.041249999999999426 0.2750000000000057 0.5287499999999989 1.0 1.0 1.0 1.0 1.0 1.0 1.0 1.0 1.0 1.0 1.0 0.6012500000000103 0.09625000000000629 0.0 0.0 0.0 
0.0 0.0 0.0 0.0 0.19124999999999578 0.42499999999999716 0.42499999999999716 0.42499999999999716 0.42499999999999716 0.9712499999999944 0.42499999999999716 0.42499999999999716 0.42499999999999716 0.2762500000000036 0.0 0.0 0.0 0.0 0.0 0.0 
