0.0 0.0 0.0 0.0 0.0 0.0 0.005625000000000004 0.19687500000000416 0.7868750000000004 1.0 1.0 1.0 0.8750000000000036 0.025000000000003908 0.0 0.0 0.0 0.0 0.0 0.0 
0.0 0.0 0.0 0.0 0.0 0.0 0.024999999999999467 0.8749999999999991 1.0 1.0 1.0 1.0 0.8750000000000036 0.025000000000003908 0.0 0.0 0.0 0.0 0.0 0.0 
0.0 0.0 0.0 0.0 0.0 0.0 0.024999999999999467 0.8749999999999991 1.0 1.0 1.0 1.0 0.8906250000000036 0.1468750000000073 0.021875000000001234 0.0 0.0 0.0 0.0 0.0 
0.0 0.0 0.0 0.0 0.0 0.0 0.024999999999999467 0.8749999999999991 1.0 1.0 1.0 1.0 1.0 1.0 0.17500000000000426 0.0 0.0 0.0 0.0 0.0 
0.0 0.0 0.0 0.0 0.0 0.17499999999999982 1.0 1.0 1.0 1.0 1.0 1.0 1.0 1.0 0.17500000000000426 0.0 0.0 0.0 0.0 0.0 
0.0 0.0 0.0 0.0 0.0 0.17499999999999982 1.0 1.0 1.0 1.0 1.0 1.0 1.0 1.0 0.17500000000000426 0.0 0.0 0.0 0.0 0.0 
0.0 0.0 0.0 0.0 0.0 0.17499999999999982 1.0 1.0 1.0 1.0 1.0 1.0 1.0 1.0 0.9381250000000023 0.3006250000000051 0.0 0.0 0.0 0.0 
0.0 0.0 0.0 0.0 0.3250000000000006 1.0 1.0 1.0 1.0 0.7843749999999996 0.6249999999999982 0.7281249999999975 1.0 1.0 1.0 0.3250000000000046 0.0 0.0 0.0 0.0 
0.0 0.0 0.0 0.0 0.3250000000000006 1.0 1.0 1.0 0.40187500000000026 0.07437499999999983 0.0 0.2749999999999968 1.0 1.0 1.0 0.3250000000000046 0.0 0.0 0.0 0.0 
0.0 0.0 0.0 0.0 0.3250000000000006 1.0 1.0 1.0 0.27500000000000124 0.0 0.0 0.2749999999999968 1.0 1.0 1.0 1.0 0.475000000000005 0.0 0.0 0.0 
0.0 0.0 0.0 0.34437500000000054 0.814375 1.0 1.0 1.0 0.27500000000000124 0.0 0.0 0.2749999999999968 1.0 1.0 1.0 1.0 0.475000000000005 0.0 0.0 0.0 
0.0 0.0 0.0 0.475000000000001 1.0 1.0 0.9956250000000002 0.8468750000000026 0.2268750000000018 0.0 0.0 0.0 0.12499999999999645 0.9749999999999961 1.0 1.0 0.475000000000005 0.0 0.0 0.0 
0.0 0.0 0.0 0.475000000000001 1.0 1.0 0.9750000000000005 0.1250000000000009 0.0 0.0 0.0 0.0 0.12499999999999645 0.9749999999999961 1.0 1.0 0.8031250000000019 0.39062500000000333 0.0 0.0 
0.0 0.0 0.6250000000000016 1.0 1.0 1.0 0.9750000000000005 0.1250000000000009 0.0 0.0 0.0 0.0 0.1156249999999968 0.9018749999999971 0.9868749999999998 1.0 1.0 0.6250000000000053 0.0 0.0 
0.0 0.0 0.6250000000000016 1.0 1.0 1.0 0.9750000000000005 0.1250000000000009 0.0 0.0 0.0 0.0 0.0 0.0 0.8249999999999957 1.0 1.0 0.6250000000000053 0.0 0.0 
0.0 0.0 0.6250000000000016 1.0 1.0 1.0 0.999375 0.9781249999999981 0.9749999999999979 0.9749999999999979 0.9749999999999979 0.9749999999999979 0.9749999999999979 0.9749999999999979 0.9956249999999995 1.0 1.0 0.9906249999999993 0.7556250000000039 0.0 
0.0 0.32937499999999864 0.7843749999999998 1.0 1.0 1.0 1.0 1.0 1.0 1.0 1.0 1.0 1.0 1.0 1.0 1.0 1.0 1.0 0.7750000000000057 0.0 
0.0 0.775000000000002 1.0 1.0 1.0 1.0 1.0 1.0 1.0 1.0 1.0 1.0 1.0 1.0 1.0 1.0 1.0 1.0 0.7750000000000057 0.0 
0.0 0.7750000000000019 1.0 1.0 0.6749999999999994 0.0 0.0 0.0 0.0 0.0 0.0 0.0 0.0 0.0 0.0 0.6749999999999954 1.0 1.0 1.0 0.9250000000000043 
0.7168749999999974 0.9493749999999993 1.0 1.0 0.6749999999999994 0.0 0.0 0.0 0.0 0.0 0.0 0.0 0.0 0.0 0.0 0.6749999999999954 1.0 1.0 1.0 0.9250000000000043 
