0.9000000000000012 1.0 1.0 1.0 0.899999999999999 0.0999999999999992 0.0 0.0 0.0 0.0 0.0 0.0 0.0 0.0 0.07500000000000107 0.6749999999999989 0.9249999999999998 1.0 1.0 0.8999999999999986 
0.9000000000000012 1.0 1.0 1.0 0.899999999999999 0.0999999999999992 0.0 0.0 0.0 0.0 0.0 0.0 0.0 0.0 0.0 0.0 0.6999999999999993 1.0 1.0 0.8999999999999986 
0.9000000000000012 1.0 1.0 1.0 0.899999999999999 0.0999999999999992 0.0 0.0 0.0 0.0 0.0 0.0 0.0 0.0 0.0 0.0 0.6999999999999993 1.0 1.0 0.8999999999999986 
0.9000000000000012 1.0 1.0 1.0 0.899999999999999 0.0999999999999992 0.0 0.0 0.0 0.0 0.0 0.0 0.0 0.0 0.0 0.0 0.6999999999999993 1.0 1.0 0.8999999999999986 
0.9000000000000012 1.0 1.0 1.0 0.899999999999999 0.0999999999999992 0.0 0.0 0.0 0.0 0.0 0.0 0.0 0.0 0.0 0.0 0.6999999999999993 1.0 1.0 0.8999999999999986 
0.9000000000000012 1.0 1.0 1.0 0.899999999999999 0.0999999999999992 0.0 0.0 0.0 0.0 0.0 0.0 0.0 0.0 0.0 0.0 0.6999999999999993 1.0 1.0 0.8999999999999986 
0.9000000000000012 1.0 1.0 1.0 0.899999999999999 0.0999999999999992 0.0 0.0 0.0 0.0 0.0 0.0 0.0 0.0 0.0 0.0 0.6999999999999993 1.0 1.0 0.8999999999999986 
0.9000000000000012 1.0 1.0 1.0 0.899999999999999 0.0999999999999992 0.0 0.0 0.0 0.0 0.0 0.0 0.0 0.0 0.0 0.0 0.6999999999999993 1.0 1.0 0.8999999999999986 
0.9000000000000012 1.0 1.0 1.0 0.899999999999999 0.0999999999999992 0.0 0.0 0.0 0.0 0.0 0.0 0.0 0.0 0.0 0.0 0.6999999999999993 1.0 1.0 0.8999999999999986 
0.9000000000000012 1.0 1.0 1.0 0.899999999999999 0.0999999999999992 0.0 0.0 0.0 0.0 0.0 0.0 0.0 0.0 0.0 0.0 0.6999999999999993 1.0 1.0 0.8999999999999986 
0.9000000000000012 1.0 1.0 1.0 0.899999999999999 0.0999999999999992 0.0 0.0 0.0 0.0 0.0 0.0 0.0 0.0 0.0 0.0 0.6999999999999993 1.0 1.0 0.8999999999999986 
0.9000000000000012 1.0 1.0 1.0 0.899999999999999 0.0999999999999992 0.0 0.0 0.0 0.0 0.0 0.0 0.0 0.0 0.0 0.0 0.6999999999999993 1.0 1.0 0.8999999999999986 
0.9000000000000012 1.0 1.0 1.0 0.899999999999999 0.0999999999999992 0.0 0.0 0.0 0.0 0.0 0.0 0.0 0.0 0.0 0.0 0.6999999999999993 1.0 1.0 0.8999999999999986 
0.9000000000000012 1.0 1.0 1.0 0.899999999999999 0.0999999999999992 0.0 0.0 0.0 0.0 0.0 0.0 0.0 0.0 0.0 0.0 0.6999999999999993 1.0 1.0 0.8999999999999986 
0.6750000000000042 0.9250000000000014 1.0 1.0 0.899999999999999 0.0999999999999992 0.0 0.0 0.0 0.0 0.0 0.0 0.0 0.0 0.0 0.0 0.6999999999999993 1.0 1.0 0.8999999999999986 
0.0 0.7000000000000012 1.0 1.0 0.899999999999999 0.0999999999999992 0.0 0.0 0.0 0.0 0.0 0.0 0.0 0.0 0.0 0.0 0.6999999999999993 1.0 1.0 0.8999999999999986 
0.0 0.7000000000000012 1.0 1.0 1.0 1.0 0.4749999999999967 0.124999999999998 0.0 0.0 0.0 0.0 0.0 0.0 0.10000000000000142 0.8999999999999986 1.0 1.0 1.0 0.8999999999999986 
0.0 0.1750000000000028 0.6250000000000027 1.0 1.0 1.0 1.0 0.874999999999998 0.7499999999999964 0.6749999999999964 0.07499999999999937 0.0 0.3749999999999982 0.7499999999999964 0.7749999999999971 0.9749999999999993 1.0 1.0 0.7750000000000006 0.22500000000000284 
0.0 0.0 0.0 0.22500000000000192 0.7750000000000035 0.9750000000000005 1.0 1.0 1.0 1.0 1.0 1.0 1.0 1.0 1.0 1.0 0.8250000000000026 0.3750000000000018 0.0 0.0 
0.0 0.0 0.0 0.0 0.025000000000000598 0.2250000000000034 0.25000000000000355 0.6250000000000024 1.0 1.0 1.0 1.0 1.0 0.7750000000000006 0.25000000000000355 0.25000000000000355 0.07500000000000125 0.0 0.0 0.0 
