0.0 0.0 0.0 0.0 0.0 0.0 0.0 0.0 0.0 0.0 0.0 0.06187500000000065 0.3218750000000016 0.9806249999999971 1.0 1.0 1.0 1.0 0.7750000000000057 0.0 
0.0 0.0 0.0 0.0 0.0 0.0 0.0 0.0 0.0 0.0 0.0 0.2749999999999968 1.0 1.0 1.0 1.0 1.0 1.0 0.7750000000000057 0.0 
0.0 0.0 0.0 0.0 0.0 0.0 0.0 0.0 0.0 0.0 0.42499999999999716 1.0 0.8906250000000036 0.1468750000000073 0.8468749999999969 1.0 1.0 1.0 0.7750000000000057 0.0 
0.0 0.0 0.0 0.0 0.0 0.0 0.0 0.0 0.0 0.3306250000000012 0.7556250000000009 1.0 1.0 1.0 1.0 1.0 1.0 1.0 0.7750000000000057 0.0 
0.0 0.0 0.0 0.0 0.0 0.0 0.0 0.0 0.018125000000002157 0.5856249999999997 1.0 1.0 1.0 1.0 1.0 1.0 1.0 1.0 0.7750000000000057 0.0 
0.0 0.0 0.0 0.0 0.0 0.0 0.0 0.0 0.7249999999999988 1.0 1.0 1.0 0.9406250000000014 0.5368749999999997 0.9168749999999976 1.0 1.0 1.0 0.7750000000000057 0.0 
0.0 0.0 0.0 0.0 0.0 0.0 0.02312499999999957 0.8093750000000014 0.9793750000000006 1.0 1.0 0.7456250000000023 0.06562499999999809 0.0018750000000002309 0.8249999999999957 1.0 1.0 1.0 0.7750000000000057 0.0 
0.0 0.0 0.0 0.0 0.0 0.06562500000000024 0.3906250000000014 0.9218749999999997 1.0 1.0 0.8406250000000003 0.4531250000000007 0.0 0.0 0.8249999999999957 1.0 1.0 1.0 0.7750000000000057 0.0 
0.0 0.0 0.0 0.0 0.0 0.17499999999999982 1.0 1.0 1.0 1.0 0.5750000000000028 0.0 0.0 0.0 0.8249999999999957 1.0 1.0 1.0 0.7750000000000057 0.0 
0.0 0.0 0.0 0.0 0.3250000000000006 1.0 1.0 1.0 0.8006250000000001 0.308125000000001 0.0 0.0 0.0 0.0 0.8249999999999957 1.0 1.0 1.0 0.7750000000000057 0.0 
0.0 0.0 0.0 0.34437500000000054 0.814375 1.0 1.0 1.0 0.27500000000000124 0.0 0.0 0.0 0.0 0.0 0.8249999999999957 1.0 1.0 1.0 0.7750000000000057 0.0 
0.0 0.0 0.1093749999999985 0.5668749999999994 1.0 1.0 0.9956250000000002 0.8468750000000026 0.2268750000000018 0.0 0.0 0.0 0.0 0.0 0.8249999999999957 1.0 1.0 1.0 0.7750000000000057 0.0 
0.0 0.0 0.6250000000000016 1.0 1.0 1.0 0.9750000000000005 0.1250000000000009 0.0 0.0 0.0 0.0 0.0 0.0 0.8249999999999957 1.0 1.0 1.0 0.7750000000000057 0.0 
0.0 0.775000000000002 1.0 1.0 1.0 0.8250000000000002 0.0 0.0 0.0 0.0 0.0 0.0 0.0 0.0 0.0618749999999991 0.6993749999999955 1.0 1.0 0.7750000000000057 0.0 
0.485625 0.8931250000000006 1.0 1.0 1.0 0.9168749999999999 0.5249999999999986 0.5249999999999986 0.5249999999999986 0.5249999999999986 0.5249999999999986 0.5249999999999986 0.5249999999999986 0.5249999999999986 0.9168749999999977 1.0 1.0 1.0 0.8931250000000024 0.4856250000000009 
0.9250000000000025 1.0 1.0 1.0 1.0 1.0 1.0 1.0 1.0 1.0 1.0 1.0 1.0 1.0 1.0 1.0 1.0 1.0 1.0 0.9250000000000043 
0.9250000000000025 1.0 1.0 1.0 1.0 1.0 1.0 1.0 1.0 1.0 1.0 1.0 1.0 1.0 1.0 1.0 1.0 1.0 1.0 0.9250000000000043 
0.1156250000000036 0.12500000000000355 0.12500000000000355 0.12500000000000355 0.12500000000000355 0.12500000000000355 0.12500000000000355 0.12500000000000355 0.12500000000000355 0.12500000000000355 0.12500000000000355 0.12500000000000355 0.12500000000000355 0.12500000000000355 0.8468749999999969 1.0 1.0 1.0 0.8031250000000058 0.11562500000000382 
0.0 0.0 0.0 0.0 0.0 0.0 0.0 0.0 0.0 0.0 0.0 0.0 0.0 0.0 0.0 0.6749999999999954 1.0 1.0 0.7750000000000057 0.0 
0.0 0.0 0.0 0.0 0.0 0.0 0.0 0.0 0.0 0.0 0.0 0.0 0.0 0.0 0.6393749999999926 0.9268749999999973 1.0 1.0 0.7750000000000057 0.0 
