0.0 0.0 0.0 0.0 0.0 0.0 0.0 0.0 0.0 0.0 0.0 0.0 0.0 0.0 0.9999999999999964 1.0 1.0 1.0 1.0 1.0 
0.0 0.0 0.0 0.0 0.0 0.0 0.0 0.0 0.0 0.0 0.0 0.0 0.0 0.8249999999999993 0.9999999999999993 1.0 1.0 1.0 1.0 1.0 
0.0 0.0 0.0 0.0 0.0 0.0 0.0 0.0 0.0 0.0 0.0 0.0 0.9999999999999964 1.0 1.0 1.0 1.0 1.0 1.0 1.0 
0.0 0.0 0.0 0.0 0.0 0.0 0.0 0.0 0.0 0.0 0.0 0.9249999999999992 0.9999999999999998 1.0 1.0 1.0 1.0 1.0 1.0 1.0 
0.0 0.0 0.0 0.0 0.0 0.0 0.0 0.0 0.0 0.0 0.9999999999999964 1.0 1.0 1.0 1.0 1.0 1.0 1.0 1.0 1.0 
0.0 0.0 0.0 0.0 0.0 0.0 0.0 0.0 0.02500000000000204 0.9999999999999966 1.0 1.0 1.0 0.974999999999998 3.463895836830481e-15 0.9749999999999944 0.9999999999999999 1.0 1.0 0.9749999999999981 
0.0 0.0 0.0 0.0 0.0 0.0 0.0 0.0 0.9999999999999964 1.0 1.0 1.0 0.4249999999999992 1.5099033134902028e-15 0.0 0.0 0.9999999999999964 1.0 1.0 7.105427357601002e-15 
0.0 0.0 0.0 0.0 0.0 0.0 0.0 0.9999999999999964 1.0 1.0 1.0 3.552713678800501e-15 0.0 0.0 0.0 0.0 0.9999999999999964 1.0 1.0 7.105427357601002e-15 
0.0 0.0 0.0 0.0 0.0 0.0 0.675 0.9999999999999989 1.0 1.0 0.3249999999999999 1.154631945610154e-15 0.0 0.0 0.0 0.0 0.9999999999999964 1.0 1.0 7.105427357601002e-15 
0.0 0.0 0.0 0.0 0.0 0.9999999999999964 1.0 1.0 1.0 3.552713678800501e-15 0.0 0.0 0.0 0.0 0.0 0.2250000000000024 0.9999999999999972 1.0 1.0 7.105427357601002e-15 
0.0 0.0 0.0 0.0 0.7749999999999997 0.9999999999999992 1.0 1.0 0.22500000000000062 7.993605777301051e-16 0.0 0.0 0.0 0.0 0.0 0.9999999999999964 1.0 1.0 1.0 7.105427357601002e-15 
0.0 0.0 0.0 0.9999999999999969 1.0 1.0 1.0 3.552713678800501e-15 0.0 0.0 0.0 0.0 0.0 0.0 0.0 0.9999999999999964 1.0 1.0 1.0 7.105427357601002e-15 
0.0 0.0 0.875000000000001 0.9999999999999996 1.0 1.0 0.12499999999999956 4.4408920985005e-16 0.0 0.0 0.0 0.0 0.0 0.0 0.0 0.9999999999999964 1.0 1.0 1.0 7.105427357601002e-15 
0.0 0.4250000000000031 0.9999999999999983 1.0 1.0 1.0 3.552713678800501e-15 0.0 0.0 0.0 0.0 0.0 0.0 0.0 0.0 0.9999999999999964 1.0 1.0 1.0 7.105427357601002e-15 
0.9749999999999989 0.9999999999999999 1.0 1.0 1.0 1.0 3.552713678800501e-15 0.0 0.0 0.0 0.0 0.0 0.0 0.0 0.974999999999998 0.9999999999999999 1.0 1.0 1.0 7.105427357601002e-15 
0.9999999999999973 1.0 1.0 1.0 1.0 1.0 1.0 1.0 1.0 1.0 1.0 1.0 1.0 1.0 1.0 1.0 1.0 1.0 1.0 1.0 
0.0 0.0 0.0 0.0 0.0 0.0 0.0 0.0 0.0 0.0 0.0 0.0 0.9249999999999938 0.9249999999999972 0.9249999999999972 0.9999999999999998 1.0 1.0 1.0 0.9249999999999977 
0.0 0.0 0.0 0.0 0.0 0.0 0.0 0.0 0.0 0.0 0.0 0.0 0.0 0.0 0.0 0.9999999999999964 1.0 1.0 1.0 7.105427357601002e-15 
0.0 0.0 0.0 0.0 0.0 0.0 0.0 0.0 0.0 0.0 0.0 0.0 0.0 0.0 0.0 0.9999999999999964 1.0 1.0 0.824999999999997 5.861977570020796e-15 
0.0 0.0 0.0 0.0 0.0 0.0 0.0 0.0 0.0 0.0 0.0 0.0 0.0 0.0 0.0 0.2749999999999976 0.9999999999999974 0.27500000000000374 1.9539925233402654e-15 0.0 
