0.0 0.0 0.0 0.0 0.0 0.2175000000000022 0.30000000000000426 0.30000000000000426 0.7024999999999995 1.0 1.0 0.7025000000000038 0.30000000000000426 0.30000000000000426 0.30000000000000426 0.23250000000000395 0.0 0.0 0.0 0.0 
0.0 0.0 0.0 0.0 0.6975000000000003 0.9725000000000008 1.0 1.0 1.0 1.0 1.0 1.0 1.0 1.0 1.0 0.9775000000000011 0.7425000000000059 0.0 0.0 0.0 
0.0 0.0 0.43750000000000194 0.912499999999999 1.0 1.0 0.6624999999999992 0.499999999999996 0.2125 0.0 0.0 0.0 0.18749999999999672 0.499999999999996 0.6374999999999946 1.0 1.0 0.9375000000000022 0.46250000000000585 0.0 
0.0 0.09250000000000347 0.8874999999999977 1.0 1.0 0.275000000000003 0.0 0.0 0.0 0.0 0.0 0.0 0.0 0.0 0.2474999999999944 0.9224999999999967 1.0 1.0 0.9325000000000041 0.09750000000000413 
0.0 0.9249999999999969 1.0 1.0 0.45749999999999935 0.08249999999999988 0.0 0.0 0.0 0.0 0.0 0.0 0.0 0.0 0.0 0.22499999999999787 1.0 1.0 1.0 0.9750000000000014 
0.0 0.0 0.0 0.0 0.0 0.0 0.0 0.0 0.0 0.0 0.0 0.0 0.0 0.0 0.0 0.22499999999999787 1.0 1.0 1.0 0.9750000000000014 
0.0 0.0 0.0 0.0 0.0 0.0 0.0 0.0 0.0 0.0 0.0 0.0 0.0 0.0 0.2474999999999966 0.9225000000000028 1.0 1.0 0.9325000000000035 0.09749999999999633 
0.0 0.0 0.0 0.0 0.0 0.0 0.0 0.0 0.0 0.0 0.0 0.0 0.0 0.16249999999999903 0.6375000000000001 1.0 1.0 0.9375000000000013 0.46249999999999886 0.0 
0.0 0.0 0.0 0.0 0.0 0.0 0.0 0.0 0.0 0.0 0.0 0.04250000000000107 0.4374999999999988 1.0 1.0 0.9774999999999995 0.7424999999999999 0.0 0.0 0.0 
0.0 0.0 0.0 0.0 0.0 0.0 0.0 0.0 0.0 0.0 0.33249999999999985 0.8275000000000008 1.0 1.0 1.0 0.7750000000000021 0.0 0.0 0.0 0.0 
0.0 0.0 0.0 0.0 0.0 0.0 0.0 0.0 0.0 0.15750000000000075 0.6325000000000007 1.0 1.0 0.9024999999999999 0.5075000000000004 0.0 0.0 0.0 0.0 0.0 
0.0 0.0 0.0 0.0 0.0 0.0 0.0 0.0 0.5174999999999982 0.9525000000000006 1.0 1.0 0.6625000000000024 0.06749999999999899 0.0 0.0 0.0 0.0 0.0 0.0 
0.0 0.0 0.0 0.0 0.0 0.0 0.3375000000000005 0.8124999999999996 1.0 1.0 0.7624999999999994 0.28749999999999937 0.0 0.0 0.0 0.0 0.0 0.0 0.0 0.0 
0.0 0.0 0.0 0.0 0.0 0.724999999999997 1.0 1.0 1.0 0.9474999999999998 0.4725000000000012 0.0 0.0 0.0 0.0 0.0 0.0 0.0 0.0 0.0 
0.0 0.0 0.0 0.0 0.5425 0.9174999999999999 1.0 1.0 0.5975000000000008 0.14250000000000015 0.0 0.0 0.0 0.0 0.0 0.0 0.0 0.0 0.0 0.0 
0.0 0.0 0.2624999999999997 0.8774999999999977 1.0 1.0 0.7975000000000007 0.26250000000000223 0.0 0.0 0.0 0.0 0.0 0.0 0.0 0.0 0.0 0.0 0.0 0.0 
0.0 0.8324999999999992 0.9874999999999999 1.0 1.0 0.34750000000000114 0.03249999999999968 0.0 0.0 0.0 0.0 0.0 0.0 0.0 0.0 0.0 0.0 0.0 0.0 0.0 
0.974999999999997 1.0 1.0 1.0 1.0 0.6375000000000041 0.16250000000000303 0.0 0.0 0.0 0.0 0.0 0.0 0.0 0.0 0.0 0.0 0.0 0.0 0.0 
0.974999999999997 1.0 1.0 1.0 1.0 1.0 1.0 1.0 1.0 1.0 1.0 1.0 1.0 1.0 1.0 1.0 1.0 1.0 0.9250000000000043 0.0 
0.2924999999999963 0.29999999999999716 0.29999999999999716 0.29999999999999716 0.29999999999999716 0.29999999999999716 0.29999999999999716 0.29999999999999716 0.29999999999999716 0.29999999999999716 0.29999999999999716 0.29999999999999716 0.29999999999999716 0.5274999999999951 1.0 1.0 1.0 0.9125000000000021 0.27749999999999864 0.0 
