0.0 0.0 0.0 0.0 0.0 0.0 0.27500000000000113 0.27500000000000213 0.9999999999999974 1.0 1.0 1.0 1.0 1.0 0.2750000000000047 0.27500000000000213 9.769962616701453e-16 0.0 0.0 0.0 
0.0 0.0 0.0 0.0 0.0 0.8249999999999993 0.9999999999999993 1.0 1.0 1.0 1.0 1.0 1.0 1.0 1.0 1.0 0.8250000000000028 5.861977570020842e-15 0.0 0.0 
0.0 0.0 0.0 0.37500000000000105 0.9999999999999981 1.0 1.0 0.6249999999999991 0.6249999999999978 0.6249999999999978 0.6249999999999978 0.6249999999999978 0.6249999999999978 0.6249999999999978 0.9999999999999987 1.0 1.0 1.0 0.37500000000000666 2.6645352591003915e-15 
0.0 0.0 0.0 0.9999999999999969 1.0 1.0 1.0 3.552713678800501e-15 0.0 0.0 0.0 0.0 0.0 0.0 0.07499999999999725 0.9999999999999967 1.0 1.0 1.0 7.105427357601002e-15 
0.0 0.0 0.9999999999999971 1.0 1.0 1.0 3.552713678800501e-15 0.0 0.0 0.0 0.0 0.0 0.0 0.0 0.0 0.5249999999999958 0.9999999999999983 1.0 1.0 0.525000000000001 
0.0 0.0 0.9999999999999971 1.0 1.0 1.0 3.552713678800501e-15 0.0 0.0 0.0 0.0 0.0 0.0 0.0 0.0 0.0 0.0 0.0 0.0 0.0 
0.0 0.0 0.9999999999999971 1.0 1.0 1.0 3.552713678800501e-15 0.0 0.0 0.0 0.0 0.0 0.0 0.0 0.0 0.0 0.0 0.0 0.0 0.0 
0.0 0.0 0.0 0.9999999999999969 1.0 1.0 1.0 0.12500000000000488 4.440892098500689e-16 0.0 0.0 0.0 0.0 0.0 0.0 0.0 0.0 0.0 0.0 0.0 
0.0 0.0 0.0 0.3249999999999965 0.9999999999999979 1.0 1.0 1.0 0.6750000000000036 0.6750000000000025 2.398081733190347e-15 0.0 0.0 0.0 0.0 0.0 0.0 0.0 0.0 0.0 
0.0 0.0 0.0 0.0 0.0 0.774999999999994 0.7749999999999968 0.9999999999999992 1.0 1.0 1.0 1.0 0.22500000000000595 7.993605777301241e-16 0.0 0.0 0.0 0.0 0.0 0.0 
0.0 0.0 0.0 0.0 0.0 0.0 0.0 0.22499999999999706 0.9999999999999972 1.0 1.0 1.0 1.0 0.7750000000000029 0.7750000000000021 2.7533531010703958e-15 0.0 0.0 0.0 0.0 
0.0 0.0 0.0 0.0 0.0 0.0 0.0 0.0 0.0 0.0 0.6749999999999947 0.9999999999999989 1.0 1.0 1.0 1.0 0.32500000000000523 2.3092638912203458e-15 0.0 0.0 
0.0 0.0 0.0 0.0 0.0 0.0 0.0 0.0 0.0 0.0 0.0 0.124999999999996 0.9999999999999969 1.0 1.0 1.0 1.0 0.8750000000000044 6.217248937900902e-15 0.0 
0.0 0.0 0.0 0.0 0.0 0.0 0.0 0.0 0.0 0.0 0.0 0.0 0.0 0.0 0.9999999999999964 1.0 1.0 1.0 7.105427357601002e-15 0.0 
0.0 0.0 0.0 0.0 0.0 0.0 0.0 0.0 0.0 0.0 0.0 0.0 0.0 0.0 0.9999999999999964 1.0 1.0 1.0 7.105427357601002e-15 0.0 
0.5250000000000007 0.5250000000000021 0.5250000000000021 0.5250000000000021 1.6320278461989867e-15 0.0 0.0 0.0 0.0 0.0 0.0 0.0 0.0 0.0 0.9999999999999964 1.0 1.0 1.0 7.105427357601002e-15 0.0 
0.9999999999999973 1.0 1.0 1.0 0.07500000000000571 2.6645352591004767e-16 0.0 0.0 0.0 0.0 0.0 0.0 0.0 0.07500000000000258 0.9999999999999967 1.0 1.0 7.105427357601002e-15 0.0 0.0 
0.37499999999999545 0.9999999999999982 1.0 1.0 1.0 0.6250000000000049 2.2204460492503257e-15 0.0 0.0 0.0 0.0 0.6250000000000013 0.6250000000000036 0.9999999999999987 1.0 1.0 0.37499999999999867 2.6645352591003505e-15 0.0 0.0 
0.0 0.0 0.8249999999999934 0.9999999999999994 1.0 1.0 1.0 1.0 1.0 1.0 1.0 1.0 1.0 1.0 0.8249999999999964 2.930988785010398e-15 0.0 0.0 0.0 0.0 
0.0 0.0 0.0 0.27499999999999775 0.9999999999999978 1.0 1.0 1.0 1.0 1.0 1.0 1.0 0.27500000000000113 0.2749999999999986 9.769962616701327e-16 0.0 0.0 0.0 0.0 0.0 
