0.7500000000000038 1.0 1.0 0.9999999999999987 0.249999999999996 0.0 0.0 0.0 0.0 0.0 0.0 0.0 0.0 0.0 0.0 3.552713678800501e-15 1.0 1.0 0.9999999999999973 0.24999999999999556 
8.881784197001252e-16 1.0 1.0 1.0 0.9999999999999982 0.0 0.0 0.0 0.0 0.0 0.0 0.0 0.0 0.0 2.664535259100364e-15 0.7499999999999976 1.0 1.0 0.9999999999999973 0.25000000000000244 
8.881784197001252e-16 1.0 1.0 1.0 0.9999999999999987 0.24999999999999645 0.0 0.0 0.0 0.0 0.0 0.0 0.0 3.552713678800501e-15 1.0 1.0 1.0 1.0 0.9999999999999964 0.0 
8.881784197001252e-16 1.0 1.0 1.0 1.0 0.9999999999999982 0.0 0.0 0.0 0.0 0.0 0.0 0.0 3.552713678800501e-15 1.0 1.0 1.0 0.9999999999999973 0.2500000000000018 0.0 
6.661338147750963e-16 0.7500000000000029 1.0 1.0 1.0 0.9999999999999982 0.0 0.0 0.0 0.0 0.0 0.0 8.881784197001158e-16 0.25 1.0 1.0 1.0 0.9999999999999964 0.0 0.0 
0.0 1.1102230246251565e-15 1.0 1.0 1.0 0.9999999999999982 0.0 0.0 0.0 0.0 0.0 0.0 3.552713678800501e-15 1.0 1.0 1.0 1.0 0.9999999999999964 0.0 0.0 
0.0 1.1102230246251565e-15 1.0 1.0 1.0 0.9999999999999987 0.24999999999999756 0.0 0.0 0.0 0.0 8.881784197001189e-16 0.2500000000000009 1.0 1.0 1.0 0.9999999999999964 0.0 0.0 0.0 
0.0 1.1102230246251565e-15 1.0 1.0 1.0 1.0 0.9999999999999973 0.0 0.0 0.0 0.0 3.552713678800501e-15 1.0 1.0 1.0 0.9999999999999973 0.2500000000000009 0.0 0.0 0.0 
0.0 8.326672684688694e-16 0.7500000000000021 1.0 1.0 1.0 0.9999999999999973 0.0 0.0 0.0 8.881784197001189e-16 0.2500000000000009 1.0 1.0 1.0 0.9999999999999964 0.0 0.0 0.0 0.0 
0.0 0.0 1.3322676295501878e-15 1.0 1.0 1.0 0.9999999999999973 0.0 0.0 0.0 3.552713678800501e-15 1.0 1.0 1.0 1.0 0.9999999999999964 0.0 0.0 0.0 0.0 
0.0 0.0 1.3322676295501878e-15 1.0 1.0 1.0 0.999999999999998 0.24999999999999756 0.0 3.552713678800501e-15 1.0 1.0 1.0 1.0 0.9999999999999964 0.0 0.0 0.0 0.0 0.0 
0.0 0.0 1.3322676295501878e-15 1.0 1.0 1.0 1.0 0.9999999999999973 0.0 3.552713678800501e-15 1.0 1.0 1.0 0.9999999999999973 0.2499999999999991 0.0 0.0 0.0 0.0 0.0 
0.0 0.0 9.992007221626409e-16 0.7500000000000004 1.0 1.0 1.0 0.999999999999998 0.25 0.25000000000000266 1.0 1.0 1.0 0.9999999999999964 0.0 0.0 0.0 0.0 0.0 0.0 
0.0 0.0 0.0 1.7763568394002505e-15 1.0 1.0 1.0 1.0 1.0 1.0 1.0 1.0 1.0 0.9999999999999964 0.0 0.0 0.0 0.0 0.0 0.0 
0.0 0.0 0.0 1.7763568394002505e-15 1.0 1.0 1.0 1.0 1.0 1.0 1.0 1.0 0.9999999999999964 0.0 0.0 0.0 0.0 0.0 0.0 0.0 
0.0 0.0 0.0 1.7763568394002505e-15 1.0 1.0 1.0 1.0 1.0 1.0 1.0 1.0 0.9999999999999964 0.0 0.0 0.0 0.0 0.0 0.0 0.0 
0.0 0.0 0.0 0.0 1.7763568394002505e-15 1.0 1.0 1.0 1.0 1.0 1.0 0.9999999999999964 0.0 0.0 0.0 0.0 0.0 0.0 0.0 0.0 
0.0 0.0 0.0 0.0 1.7763568394002505e-15 1.0 1.0 1.0 1.0 1.0 1.0 0.9999999999999964 0.0 0.0 0.0 0.0 0.0 0.0 0.0 0.0 
0.0 0.0 0.0 0.0 1.7763568394002505e-15 1.0 1.0 1.0 1.0 1.0 0.9999999999999964 0.0 0.0 0.0 0.0 0.0 0.0 0.0 0.0 0.0 
0.0 0.0 0.0 0.0 1.7763568394002505e-15 1.0 1.0 1.0 1.0 1.0 0.9999999999999964 0.0 0.0 0.0 0.0 0.0 0.0 0.0 0.0 0.0 
