0.0 0.0 0.0 0.0 0.2906250000000024 0.37500000000000355 0.7968750000000011 1.0 1.0 1.0 1.0 1.0 0.7656249999999991 0.37500000000000355 0.2718750000000004 0.0 0.0 0.0 0.0 0.0 
0.0 0.0 0.10937500000000286 0.8468749999999993 1.0 1.0 1.0 1.0 1.0 1.0 1.0 1.0 1.0 1.0 1.0 1.0 0.8249999999999957 0.0 0.0 0.0 
0.0 0.0 0.874999999999998 1.0 1.0 1.0 1.0 1.0 0.4968749999999973 0.12499999999999689 0.12499999999999689 0.49687500000000195 1.0 1.0 1.0 1.0 0.978125 0.7656249999999964 0.0 0.0 
0.0 0.9249999999999975 1.0 1.0 1.0 0.5468749999999982 0.1218749999999992 0.0 0.0 0.0 0.0 0.0 0.0 0.1218750000000002 0.5468750000000016 1.0 1.0 1.0 0.9249999999999936 0.0 
0.974999999999997 1.0 1.0 1.0 0.7093749999999983 0.1718749999999995 0.0 0.0 0.0 0.0 0.0 0.0 0.0 0.0 0.2750000000000057 1.0 1.0 1.0 0.9249999999999936 0.0 
0.974999999999997 1.0 1.0 1.0 1.0 0.27500000000000036 0.0 0.0 0.0 0.0 0.0 0.0 0.0 0.0 0.0 0.0 0.0 0.0 0.0 0.0 
0.12187499999999789 0.9343749999999976 1.0 1.0 1.0 0.27500000000000036 0.0 0.0 0.0 0.0 0.0 0.0 0.0 0.0 0.0 0.0 0.0 0.0 0.0 0.0 
0.0 0.34687499999999744 0.9218749999999986 1.0 1.0 1.0 0.7468750000000013 0.2343750000000001 0.0 0.0 0.0 0.0 0.0 0.0 0.0 0.0 0.0 0.0 0.0 0.0 
0.0 0.0 0.5468749999999972 0.6249999999999982 0.9156249999999992 1.0 1.0 1.0 1.0 0.6718749999999996 0.1968750000000004 0.0 0.0 0.0 0.0 0.0 0.0 0.0 0.0 0.0 
0.0 0.0 0.0 0.0 0.0 0.6343749999999997 0.959375 1.0 1.0 1.0 1.0 1.0 0.6718749999999969 0.08437499999999964 0.0 0.0 0.0 0.0 0.0 0.0 
0.0 0.0 0.0 0.0 0.0 0.0 0.08437499999999998 0.125 0.6281250000000009 1.0 1.0 1.0 1.0 0.9593749999999996 0.875 0.6781249999999956 0.0 0.0 0.0 0.0 
0.0 0.0 0.0 0.0 0.0 0.0 0.0 0.0 0.0 0.0 0.17812500000000053 0.6406250000000027 1.0 1.0 1.0 1.0 0.9343749999999984 0.5468749999999956 0.0 0.0 
0.0 0.0 0.0 0.0 0.0 0.0 0.0 0.0 0.0 0.0 0.0 0.0 0.23437500000000222 0.625 0.7281250000000021 1.0 1.0 0.9218749999999956 0.3468749999999976 0.0 
0.0 0.0 0.0 0.0 0.0 0.0 0.0 0.0 0.0 0.0 0.0 0.0 0.0 0.0 0.24062500000000497 0.9031250000000006 1.0 1.0 1.0 0.9749999999999908 
0.0 0.0 0.0 0.0 0.0 0.0 0.0 0.0 0.0 0.0 0.0 0.0 0.0 0.0 0.0 0.22500000000000497 1.0 1.0 1.0 0.9749999999999908 
0.974999999999997 1.0 1.0 1.0 0.22500000000000098 0.0 0.0 0.0 0.0 0.0 0.0 0.0 0.0 0.0 0.0 0.22500000000000497 1.0 1.0 1.0 0.9749999999999908 
0.0 0.9249999999999975 1.0 1.0 1.0 0.5468750000000002 0.12187500000000007 0.0 0.0 0.0 0.0 0.0 0.0 0.0 0.2750000000000057 1.0 1.0 1.0 0.9718749999999976 0.6093749999999942 
0.0 0.0 0.874999999999998 1.0 1.0 1.0 1.0 0.4531249999999992 0.125 0.125 0.125 0.125 0.4531250000000031 1.0 1.0 1.0 1.0 0.9843749999999991 0.8093749999999944 0.0 
0.0 0.0 0.10937499999999975 0.8468749999999986 1.0 1.0 1.0 1.0 1.0 1.0 1.0 1.0 1.0 1.0 1.0 1.0 0.8468749999999963 0.10937499999999911 0.0 0.0 
0.0 0.0 0.0 0.0 0.29062499999999963 0.375 0.7968749999999999 1.0 1.0 1.0 1.0 1.0 1.0 0.7968749999999982 0.375 0.29062499999999813 0.0 0.0 0.0 0.0 
