0.0 0.0 0.0 0.0 0.08937500000000226 0.2750000000000057 0.2750000000000057 0.2750000000000057 0.2750000000000057 0.6918750000000026 1.0 0.8006250000000013 0.2750000000000057 0.2750000000000057 0.04812500000000119 0.0 0.0 0.0 0.0 0.0 
0.0 0.0 0.0 0.39187500000000414 0.881875000000004 1.0 1.0 1.0 1.0 1.0 1.0 1.0 1.0 1.0 0.8556250000000046 0.8250000000000055 0.3918750000000038 0.0 0.0 0.0 
0.0 0.0 0.625000000000002 1.0 1.0 1.0 0.9906249999999994 0.671874999999995 0.6249999999999947 0.2656249999999976 0.26562499999999817 0.6249999999999947 0.6718749999999953 0.9906249999999998 1.0 1.0 1.0 0.6250000000000018 0.0 0.0 
0.0 0.716875000000006 0.971875000000002 1.0 1.0 0.8381249999999976 0.07312499999999489 0.00937499999999929 0.0 0.0 0.0 0.0 0.009374999999999356 0.07312499999999494 0.8381249999999985 1.0 1.0 0.971875000000002 0.7168750000000059 0.0 
0.0 0.7750000000000022 1.0 1.0 0.6749999999999985 0.0 0.0 0.0 0.0 0.0 0.0 0.0 0.0 0.0 0.0 0.6749999999999989 1.0 1.0 0.7750000000000021 0.0 
0.0 0.0 0.0 0.4631249999999991 0.6581249999999947 0.0 0.0 0.0 0.0 0.0 0.0 0.0 0.0 0.0 0.0 0.6749999999999989 1.0 1.0 0.7750000000000021 0.0 
0.0 0.0 0.0 0.0 0.0 0.0 0.0 0.0 0.0 0.0 0.0 0.0 0.0 0.0 0.0 0.6749999999999989 1.0 1.0 0.7750000000000021 0.0 
0.0 0.0 0.0 0.0 0.0 0.0 0.0 0.0 0.0 0.0 0.0 0.0 0.0 0.0 0.8249999999999993 1.0 1.0 0.9531249999999989 0.6781249999999991 0.0 
0.0 0.0 0.0 0.0 0.0 0.0 0.0 0.0 0.0 0.0 0.0 0.1856250000000014 0.6750000000000043 0.6750000000000043 0.9431250000000004 1.0 1.0 0.6250000000000018 0.0 0.0 
0.0 0.0 0.0 0.0 0.0 0.0 0.005625000000000404 0.19687500000000455 0.7868750000000018 1.0 1.0 1.0 1.0 1.0 1.0 0.32500000000000107 0.0 0.0 0.0 0.0 
0.0 0.0 0.0 0.0 0.0 0.0 0.025000000000001243 0.8750000000000009 1.0 1.0 1.0 1.0 1.0 1.0 1.0 0.8481250000000029 0.368125000000003 0.0 0.0 0.0 
0.0 0.0 0.0 0.0 0.0 0.0 0.0 0.0 0.0 0.0 0.0 0.0 0.08437499999999964 0.658124999999997 0.9431249999999993 1.0 1.0 0.7468750000000023 0.2518750000000029 0.0 
0.0 0.0 0.0 0.0 0.0 0.0 0.0 0.0 0.0 0.0 0.0 0.0 0.0 0.0 0.10312499999999698 0.715624999999998 1.0 1.0 0.7750000000000021 0.0 
0.0 0.0 0.0 0.0 0.0 0.0 0.0 0.0 0.0 0.0 0.0 0.0 0.0 0.0 0.0 0.6749999999999989 1.0 1.0 0.7750000000000021 0.0 
0.0 0.0 0.0 0.0 0.0 0.0 0.0 0.0 0.0 0.0 0.0 0.0 0.0 0.0 0.0 0.6749999999999989 1.0 1.0 0.9943750000000003 0.9018750000000054 
0.9250000000000025 1.0 1.0 1.0 0.6749999999999985 0.0 0.0 0.0 0.0 0.0 0.0 0.0 0.0 0.0 0.0 0.6749999999999989 1.0 1.0 0.7750000000000021 0.0 
0.8556249999999996 0.9831249999999996 1.0 1.0 0.6993749999999995 0.06187500000000223 0.0 0.0 0.0 0.0 0.0 0.0 0.0 0.0 0.06187500000000229 0.699375 1.0 1.0 0.7750000000000021 0.0 
0.0 0.2906249999999981 0.765625 1.0 1.0 0.934375 0.6093750000000027 0.07812499999999989 0.0 0.0 0.0 0.0 0.07812500000000044 0.6093750000000032 0.9343750000000004 1.0 1.0 0.7656249999999998 0.290624999999998 0.0 
0.0 0.0 0.515624999999999 0.9081249999999981 1.0 1.0 1.0 1.0 1.0 1.0 1.0 1.0 1.0 1.0 1.0 0.8818749999999973 0.39187499999999914 0.0 0.0 0.0 
0.0 0.0 0.0 0.13062499999999982 0.2749999999999986 0.401875 1.0 1.0 1.0 1.0 1.0 1.0 1.0 1.0 0.4018749999999993 0.08937499999999983 0.0 0.0 0.0 0.0 
