0.0 0.0 0.0 0.0 0.0 0.2718750000000024 0.37500000000000355 0.37500000000000355 0.37500000000000355 0.703125000000003 1.0 1.0 0.7656249999999991 0.37500000000000355 0.37500000000000355 0.2906250000000009 0.0 0.0 0.0 0.0 
0.0 0.0 0.0 0.10312500000000273 0.803125 1.0 1.0 1.0 1.0 1.0 1.0 1.0 1.0 1.0 1.0 1.0 0.8468749999999969 0.10937500000000222 0.0 0.0 
0.0 0.0 0.765625000000001 0.9781250000000004 1.0 1.0 1.0 0.4531249999999973 0.12499999999999689 0.12499999999999689 0.12499999999999689 0.12499999999999689 0.45312500000000117 1.0 1.0 1.0 1.0 0.9843749999999996 0.8093749999999973 0.0 
0.0 0.5781250000000009 0.9531249999999996 1.0 1.0 0.5468749999999982 0.1218749999999992 0.0 0.0 0.0 0.0 0.0 0.0 0.0 0.1031250000000014 0.5156250000000011 1.0 1.0 0.9718749999999978 0.6093749999999968 
0.3656250000000015 0.9531249999999987 1.0 1.0 0.7093749999999983 0.1718749999999995 0.0 0.0 0.0 0.0 0.0 0.0 0.0 0.0 0.0 0.22500000000000497 1.0 1.0 1.0 0.9749999999999908 
0.974999999999997 1.0 1.0 1.0 0.22500000000000098 0.0 0.0 0.0 0.0 0.0 0.0 0.0 0.0 0.0 0.0 0.0 0.15312500000000343 0.7656249999999922 0.06562500000000546 0.8531249999999901 
0.974999999999997 1.0 1.0 1.0 0.22500000000000098 0.0 0.0 0.0 0.0 0.0 0.0 0.0 0.0 0.0 0.0 0.0 0.0 0.0 0.0 0.0 
0.974999999999997 1.0 1.0 1.0 0.22500000000000098 0.0 0.0 0.0 0.0 0.0 0.0 0.0 0.0 0.0 0.0 0.0 0.0 0.0 0.0 0.0 
0.974999999999997 1.0 1.0 1.0 0.22500000000000098 0.0 0.0 0.0 0.0 0.19687500000000174 0.3750000000000018 0.3750000000000018 0.23437499999999978 0.0 0.0 0.0 0.0 0.0 0.0 0.0 
0.974999999999997 1.0 1.0 1.0 1.0 1.0 1.0 1.0 1.0 1.0 1.0 1.0 1.0 1.0 1.0 0.8031249999999956 0.10312499999999947 0.0 0.0 0.0 
0.974999999999997 1.0 1.0 1.0 1.0 1.0 1.0 1.0 0.49687499999999907 0.125 0.5406250000000012 1.0 1.0 1.0 1.0 1.0 0.9781249999999995 0.7656249999999938 0.0 0.0 
0.974999999999997 1.0 1.0 1.0 1.0 0.5468750000000002 0.12187500000000007 0.0 0.0 0.0 0.0 0.0 0.0 0.12187500000000107 0.5468750000000036 1.0 1.0 1.0 0.9249999999999936 0.0 
0.974999999999997 1.0 1.0 1.0 0.7093750000000003 0.17187500000000022 0.0 0.0 0.0 0.0 0.0 0.0 0.0 0.0 0.17187500000000355 0.7093750000000019 1.0 1.0 1.0 0.9749999999999908 
0.974999999999997 1.0 1.0 1.0 0.22500000000000098 0.0 0.0 0.0 0.0 0.0 0.0 0.0 0.0 0.0 0.0 0.22500000000000497 1.0 1.0 1.0 0.9749999999999908 
0.974999999999997 1.0 1.0 1.0 0.22500000000000098 0.0 0.0 0.0 0.0 0.0 0.0 0.0 0.0 0.0 0.0 0.22500000000000497 1.0 1.0 1.0 0.9749999999999908 
0.974999999999997 1.0 1.0 1.0 0.22500000000000098 0.0 0.0 0.0 0.0 0.0 0.0 0.0 0.0 0.0 0.0 0.22500000000000497 1.0 1.0 1.0 0.9749999999999908 
0.6093749999999981 0.971874999999999 1.0 1.0 0.5156250000000007 0.10312500000000013 0.0 0.0 0.0 0.0 0.0 0.0 0.0 0.0 0.10312500000000213 0.5156250000000031 1.0 1.0 0.9718749999999976 0.6093749999999942 
0.0 0.8093749999999978 0.9843749999999998 1.0 1.0 1.0 0.40937500000000016 0.04687499999999989 0.0 0.0 0.0 0.0 0.046875000000000444 0.125 0.365625000000005 1.0 1.0 0.9843749999999991 0.8093749999999944 0.0 
0.0 0.0 0.874999999999998 1.0 1.0 1.0 1.0 0.9218749999999999 0.875 0.875 0.875 0.875 0.9218750000000004 1.0 1.0 1.0 0.8468749999999963 0.10937499999999911 0.0 0.0 
0.0 0.0 0.0 0.0 0.29062499999999963 0.8281249999999998 1.0 1.0 1.0 1.0 1.0 1.0 1.0 0.7968749999999982 0.375 0.29062499999999813 0.0 0.0 0.0 0.0 
