0.0 1.9984014443252818e-15 1.0 1.0 1.0 1.0 1.0 1.0 1.0 1.0 1.0 1.0 1.0 1.0 1.0 1.0 1.0 1.0 1.0 0.9999999999999929 
0.0 1.9984014443252818e-15 1.0 1.0 1.0 1.0 1.0 1.0 1.0 1.0 1.0 1.0 1.0 1.0 1.0 1.0 1.0 1.0 1.0 0.9999999999999929 
0.0 4.996003610813187e-16 0.2499999999999991 0.2499999999999991 0.2499999999999991 0.2499999999999991 0.2499999999999991 0.2499999999999991 0.2499999999999991 0.2499999999999991 0.2499999999999991 0.2499999999999991 0.2499999999999991 0.2500000000000031 1.0 1.0 1.0 1.0 1.0 0.9999999999999929 
0.0 0.0 0.0 0.0 0.0 0.0 0.0 0.0 0.0 0.0 0.0 0.0 0.0 5.329070518200751e-15 1.0 1.0 1.0 0.9999999999999968 0.549999999999995 0.0 
0.0 0.0 0.0 0.0 0.0 0.0 0.0 0.0 0.0 0.0 0.0 0.0 5.329070518200751e-15 1.0 1.0 1.0 0.9999999999999989 0.8499999999999936 0.0 0.0 
0.0 0.0 0.0 0.0 0.0 0.0 0.0 0.0 0.0 0.0 0.0 3.0198066269804245e-15 0.8500000000000004 1.0 1.0 1.0 0.9999999999999929 0.0 0.0 0.0 
0.0 0.0 0.0 0.0 0.0 0.0 0.0 0.0 0.0 0.0 1.953992523340278e-15 0.5500000000000023 1.0 1.0 1.0 0.9999999999999947 0.0 0.0 0.0 0.0 
0.0 0.0 0.0 0.0 0.0 0.0 0.0 0.0 0.0 3.552713678800501e-15 1.0 1.0 1.0 0.9999999999999987 0.749999999999996 0.0 0.0 0.0 0.0 0.0 
0.0 0.0 0.0 0.0 0.0 0.0 0.0 0.0 3.3750779948604734e-15 0.9499999999999995 1.0 1.0 1.0 0.9999999999999947 0.0 0.0 0.0 0.0 0.0 0.0 
0.0 0.0 0.0 0.0 0.0 0.0 0.0 2.3092638912203206e-15 0.6499999999999998 1.0 1.0 1.0 0.9999999999999947 0.0 0.0 0.0 0.0 0.0 0.0 0.0 
0.0 0.0 0.0 0.0 0.0 0.0 1.2434497875801678e-15 0.3500000000000002 1.0 1.0 1.0 0.9999999999999964 0.0 0.0 0.0 0.0 0.0 0.0 0.0 0.0 
0.0 0.0 0.0 0.0 0.0 2.6645352591003757e-15 1.0 1.0 1.0 0.9999999999999998 0.9499999999999995 0.0 0.0 0.0 0.0 0.0 0.0 0.0 0.0 0.0 
0.0 0.0 0.0 0.0 1.9984014443252818e-15 0.7500000000000007 1.0 1.0 1.0 0.9999999999999964 0.0 0.0 0.0 0.0 0.0 0.0 0.0 0.0 0.0 0.0 
0.0 0.0 0.0 1.1990408665951672e-15 0.45000000000000073 1.0 1.0 1.0 0.9999999999999964 0.0 0.0 0.0 0.0 0.0 0.0 0.0 0.0 0.0 0.0 0.0 
0.0 0.0 2.220446049250313e-15 1.0 1.0 1.0 0.9999999999999994 0.8499999999999984 0.0 0.0 0.0 0.0 0.0 0.0 0.0 0.0 0.0 0.0 0.0 0.0 
0.0 1.6986412276764852e-15 0.8499999999999982 1.0 1.0 1.0 0.9999999999999964 0.0 0.0 0.0 0.0 0.0 0.0 0.0 0.0 0.0 0.0 0.0 0.0 0.0 
9.769962616701327e-16 0.549999999999998 1.0 1.0 1.0 0.9999999999999973 0.0 0.0 0.0 0.0 0.0 0.0 0.0 0.0 0.0 0.0 0.0 0.0 0.0 0.0 
0.24999999999999778 1.0 1.0 1.0 1.0 0.999999999999998 0.24999999999999556 0.0 0.0 0.0 0.0 0.0 0.0 0.0 0.0 0.0 0.0 0.0 0.0 0.0 
1.0 1.0 1.0 1.0 1.0 1.0 0.9999999999999998 0.9499999999999957 0.9499999999999957 0.9499999999999957 0.9499999999999957 0.9499999999999957 0.9499999999999957 0.9499999999999957 0.9499999999999957 0.9499999999999957 0.9499999999999957 0.9499999999999957 0.949999999999989 0.0 
1.0 1.0 1.0 1.0 1.0 1.0 1.0 1.0 1.0 1.0 1.0 1.0 1.0 1.0 1.0 1.0 1.0 1.0 0.9999999999999929 0.0 
