0.0 0.0 0.0 0.0 0.0 0.0 0.0 0.0 0.0 0.0 0.0 0.0 0.12500000000000178 0.9750000000000014 1.0 1.0 1.0 1.0 0.7749999999999986 0.0 
0.0 0.0 0.0 0.0 0.0 0.0 0.0 0.0 0.0 0.0 0.0 0.20625000000000251 0.7812500000000033 0.9937500000000005 1.0 1.0 1.0 1.0 0.7749999999999986 0.0 
0.0 0.0 0.0 0.0 0.0 0.0 0.0 0.0 0.0 0.0 0.4250000000000025 1.0 1.0 1.0 1.0 1.0 1.0 1.0 0.7749999999999986 0.0 
0.0 0.0 0.0 0.0 0.0 0.0 0.0 0.0 0.0 0.431250000000003 0.8562500000000022 1.0 1.0 1.0 1.0 1.0 1.0 1.0 0.7749999999999986 0.0 
0.0 0.0 0.0 0.0 0.0 0.0 0.0 0.0 0.18125000000000252 0.6812500000000026 1.0 1.0 1.0 1.0 1.0 1.0 1.0 1.0 0.7749999999999986 0.0 
0.0 0.0 0.0 0.0 0.0 0.0 0.0 0.0 0.7250000000000023 1.0 1.0 1.0 0.9062499999999983 0.2687499999999963 0.8687500000000017 1.0 1.0 1.0 0.7749999999999986 0.0 
0.0 0.0 0.0 0.0 0.0 0.0 0.02500000000000213 0.8750000000000027 1.0 1.0 1.0 0.7249999999999979 0.0 0.0 0.0 0.6750000000000025 1.0 1.0 0.7749999999999986 0.0 
0.0 0.0 0.0 0.0 0.0 0.13125000000000217 0.7562500000000023 0.9687500000000009 1.0 1.0 0.6812499999999974 0.1812499999999982 0.0 0.0 0.0 0.6750000000000025 1.0 1.0 0.7749999999999986 0.0 
0.0 0.0 0.0 0.0 0.08125000000000118 0.3812500000000033 1.0 1.0 1.0 0.8562499999999985 0.43124999999999714 0.0 0.0 0.0 0.0 0.6750000000000025 1.0 1.0 0.7749999999999986 0.0 
0.0 0.0 0.0 0.0 0.3250000000000024 1.0 1.0 1.0 0.456249999999997 0.10624999999999876 0.0 0.0 0.0 0.0 0.0 0.6750000000000025 1.0 1.0 0.7749999999999986 0.0 
0.0 0.0 0.0 0.4750000000000023 1.0 1.0 0.9937499999999995 0.7812499999999978 0.20624999999999777 0.0 0.0 0.0 0.0 0.0 0.0 0.6750000000000025 1.0 1.0 0.7749999999999986 0.0 
0.0 0.0 0.46875000000000183 0.8687500000000006 1.0 1.0 0.9749999999999979 0.12499999999999734 0.0 0.0 0.0 0.0 0.0 0.0 0.0 0.6750000000000025 1.0 1.0 0.7749999999999986 0.0 
0.0 0.19375000000000062 0.7187500000000018 1.0 1.0 0.8249999999999975 0.0 0.0 0.0 0.0 0.0 0.0 0.0 0.0 0.0 0.6750000000000025 1.0 1.0 0.7749999999999986 0.0 
0.0 0.7750000000000025 1.0 1.0 1.0 0.8249999999999975 0.0 0.0 0.0 0.0 0.0 0.0 0.0 0.0 0.0 0.6750000000000025 1.0 1.0 0.7749999999999986 0.0 
0.9250000000000025 1.0 1.0 1.0 0.7562499999999982 0.25 0.25 0.25 0.25 0.25 0.25 0.25 0.25 0.25 0.25 0.7562500000000019 1.0 1.0 0.8312499999999989 0.2312499999999993 
0.9250000000000025 1.0 1.0 1.0 1.0 1.0 1.0 1.0 1.0 1.0 1.0 1.0 1.0 1.0 1.0 1.0 1.0 1.0 1.0 0.9249999999999972 
0.6937500000000019 0.75 0.75 0.75 0.75 0.75 0.75 0.75 0.75 0.75 0.75 0.75 0.75 0.75 0.75 0.9187500000000006 1.0 1.0 0.9437499999999996 0.6937499999999979 
0.0 0.0 0.0 0.0 0.0 0.0 0.0 0.0 0.0 0.0 0.0 0.0 0.0 0.0 0.0 0.6750000000000025 1.0 1.0 0.7749999999999986 0.0 
0.0 0.0 0.0 0.0 0.0 0.0 0.0 0.0 0.0 0.0 0.0 0.0 0.0 0.0 0.0 0.6750000000000025 1.0 1.0 0.7749999999999986 0.0 
0.0 0.0 0.0 0.0 0.0 0.0 0.0 0.0 0.0 0.0 0.0 0.0 0.0 0.0 0.0 0.6750000000000025 1.0 1.0 0.7749999999999986 0.0 
