0.0 0.0 0.0 0.0 0.0 0.30812500000000625 0.4250000000000078 0.7843750000000039 1.0 1.0 1.0 1.0 1.0 1.0 0.8418750000000009 0.3293750000000047 0.0 0.0 0.0 0.0 
0.0 0.0 0.0 0.2268750000000073 0.8368750000000031 1.0 1.0 1.0 0.8418749999999946 0.7249999999999917 0.7249999999999917 0.7249999999999917 0.8281249999999952 1.0 1.0 1.0 1.0 0.8749999999999964 0.0 0.0 
0.0 0.1156250000000084 0.8906250000000024 1.0 1.0 0.9093749999999934 0.2843749999999957 0.0 0.0 0.0 0.0 0.0 0.0 0.0 0.27500000000000213 1.0 1.0 0.9843749999999984 0.8187499999999903 0.1218750000000084 
0.0 0.9250000000000015 1.0 1.0 1.0 0.2749999999999986 0.0 0.0 0.0 0.0 0.0 0.0 0.0 0.0 0.0068749999999977085 0.2443749999999965 1.0 0.996875000000001 0.9768750000000079 0.9749999999999979 
0.0 0.9250000000000015 1.0 1.0 1.0 0.2749999999999986 0.0 0.0 0.0 0.0 0.0 0.0 0.0 0.0 0.0 0.2250000000000032 1.0 0.896874999999996 0.23687499999999395 0.9749999999999979 
0.0 0.9250000000000015 1.0 1.0 0.7481250000000069 0.18562500000000168 0.0 0.0 0.0 0.0 0.0 0.0 0.0 0.0 0.0 0.2250000000000032 1.0 1.0 1.0 0.9749999999999979 
0.0 0.9250000000000015 1.0 1.0 1.0 0.2749999999999986 0.0 0.0 0.0 0.0 0.0 0.0 0.0 0.0 0.0 0.2250000000000032 1.0 1.0 1.0 0.9749999999999979 
0.0 0.5781249999999911 0.9531249999999993 1.0 1.0 0.5468750000000069 0.12187500000000287 0.0 0.0 0.0 0.0 0.0 0.0 0.12187500000000454 0.5468750000000091 1.0 1.0 1.0 0.9249999999999972 0.0 
0.0 0.0 0.0 0.6393749999999927 0.9493749999999981 1.0 1.0 1.0 0.5543750000000044 0.2250000000000103 0.2250000000000103 0.2250000000000103 0.5156250000000078 1.0 1.0 0.949374999999997 0.6393749999999896 0.0 0.0 0.0 
0.0 0.0 0.0 0.0 0.7750000000000017 1.0 1.0 1.0 0.9568749999999941 0.9643749999999954 1.0 1.0 1.0 1.0 1.0 0.7749999999999968 0.0 0.0 0.0 0.0 
0.0 0.0 0.0 0.7631250000000108 0.9831250000000027 1.0 1.0 0.42187499999999123 0.03187499999999502 0.03937499999999419 0.07499999999998863 0.07499999999998863 0.42187499999999456 1.0 1.0 0.9831250000000024 0.763125000000007 0.0 0.0 0.0 
0.0 0.716875000000013 0.9718750000000019 1.0 1.0 0.43812499999998966 0.07312499999999549 0.0 0.0 0.0 0.0 0.0 0.0 0.07312499999999648 0.4381249999999924 1.0 1.0 0.9718750000000008 0.7168750000000096 0.0 
0.9750000000000014 1.0 1.0 1.0 0.2249999999999983 0.0 0.0 0.0 0.0 0.0 0.0 0.0 0.0 0.0 0.0 0.2250000000000032 1.0 1.0 1.0 0.9749999999999979 
0.9750000000000014 1.0 1.0 1.0 0.2249999999999983 0.0 0.0 0.0 0.0 0.0 0.0 0.0 0.0 0.0 0.0 0.2250000000000032 1.0 1.0 1.0 0.9749999999999979 
0.9750000000000014 1.0 1.0 1.0 0.2249999999999983 0.0 0.0 0.0 0.0 0.0 0.0 0.0 0.0 0.0 0.0 0.2250000000000032 1.0 1.0 1.0 0.9749999999999979 
0.9750000000000014 1.0 1.0 1.0 0.2249999999999983 0.0 0.0 0.0 0.0 0.0 0.0 0.0 0.0 0.0 0.0 0.2250000000000032 1.0 1.0 1.0 0.9749999999999979 
0.950624999999989 0.998124999999999 1.0 1.0 0.24437500000000828 0.006875000000003482 0.0 0.0 0.0 0.0 0.0 0.0 0.0 0.0 0.00687500000000357 0.24437500000001303 1.0 1.0 0.9249999999999972 0.0 
0.0 0.9250000000000016 1.0 1.0 1.0 0.9093750000000101 0.2843750000000032 0.0 0.0 0.0 0.0 0.0 0.0 0.2843750000000071 0.9093750000000106 1.0 1.0 1.0 0.9249999999999972 0.0 
0.0 0.0 0.24062499999999296 0.8731249999999996 1.0 1.0 1.0 1.0 1.0 0.8556250000000039 0.8556250000000049 1.0 1.0 1.0 1.0 1.0 0.8731249999999967 0.24062499999999157 0.0 0.0 
0.0 0.0 0.0 0.0 0.0 0.3081249999999882 0.42499999999998295 0.7843749999999946 1.0 1.0 1.0 0.7556249999999913 0.42499999999998295 0.42499999999998295 0.3081249999999867 0.0 0.0 0.0 0.0 0.0 
