0.0 0.0 0.0 0.0 0.0 0.0 0.0 0.0 0.044999999999999145 0.30000000000000426 0.30000000000000426 0.30000000000000426 0.8249999999999973 0.35000000000000675 0.0 0.0 0.0 0.0 0.0 0.0 
0.0 0.0 0.0 0.0 0.0 0.0 0.0 0.2249999999999971 0.9150000000000033 1.0 1.0 1.0 1.0 0.9350000000000035 0.4050000000000077 0.0 0.0 0.0 0.0 0.0 
0.0 0.0 0.0 0.0 0.0 0.0 0.0 0.24999999999999556 1.0 1.0 1.0 1.0 1.0 1.0 0.4500000000000064 0.0 0.0 0.0 0.0 0.0 
0.0 0.0 0.0 0.0 0.0 0.0 0.03500000000000135 0.32499999999999973 1.0 1.0 1.0 1.0 1.0 1.0 0.4500000000000064 0.0 0.0 0.0 0.0 0.0 
0.0 0.0 0.0 0.0 0.0 0.0 0.3499999999999961 1.0 1.0 1.0 1.0 1.0 1.0 1.0 0.8350000000000044 0.385000000000008 0.0 0.0 0.0 0.0 
0.0 0.0 0.0 0.0 0.0 0.0 0.3499999999999961 1.0 1.0 1.0 1.0 1.0 1.0 1.0 1.0 0.5500000000000078 0.0 0.0 0.0 0.0 
0.0 0.0 0.0 0.0 0.0 0.4049999999999987 0.9350000000000033 1.0 1.0 1.0 1.0 1.0 1.0 1.0 1.0 0.5500000000000078 0.0 0.0 0.0 0.0 
0.0 0.0 0.0 0.0 0.0 0.44999999999999574 1.0 1.0 1.0 0.9750000000000021 0.5249999999999979 0.49999999999999467 0.874999999999996 1.0 1.0 0.7750000000000064 0.32500000000000717 0.0 0.0 0.0 
0.0 0.0 0.0 0.0 0.5499999999999963 1.0 1.0 1.0 0.850000000000005 0.0 0.0 0.0 0.7499999999999947 1.0 1.0 1.0 0.6500000000000075 0.0 0.0 0.0 
0.0 0.0 0.0 0.0 0.5499999999999963 1.0 1.0 1.0 0.850000000000005 0.0 0.0 0.0 0.7499999999999947 1.0 1.0 1.0 0.6500000000000075 0.0 0.0 0.0 
0.0 0.0 0.0 0.1950000000000018 0.6849999999999994 1.0 1.0 0.7500000000000044 0.0 0.0 0.0 0.0 0.0 0.6499999999999932 1.0 1.0 0.7550000000000068 0.22500000000000533 0.0 0.0 
0.0 0.0 0.0 0.6499999999999968 1.0 1.0 1.0 0.7500000000000044 0.0 0.0 0.0 0.0 0.0 0.6499999999999932 1.0 1.0 1.0 0.7500000000000071 0.0 0.0 
0.0 0.0 0.0 0.6499999999999968 1.0 1.0 0.8249999999999995 0.3749999999999969 0.0 0.0 0.0 0.0 0.0 0.324999999999992 0.7749999999999936 1.0 1.0 0.7500000000000071 0.0 0.0 
0.0 0.0 0.7499999999999969 1.0 1.0 1.0 0.6500000000000039 0.0 0.0 0.0 0.0 0.0 0.0 0.0 0.5499999999999936 1.0 1.0 0.7750000000000077 0.08500000000000509 0.0 
0.0 0.0 0.7499999999999969 1.0 1.0 1.0 0.6500000000000039 0.0 0.0 0.0 0.0 0.0 0.0 0.0 0.5499999999999936 1.0 1.0 1.0 0.8500000000000085 0.0 
0.0 0.8499999999999972 1.0 1.0 1.0 1.0 0.7550000000000042 0.30000000000000426 0.30000000000000426 0.30000000000000426 0.30000000000000426 0.30000000000000426 0.30000000000000426 0.7549999999999968 1.0 1.0 1.0 1.0 0.8500000000000085 0.0 
0.0 0.8499999999999972 1.0 1.0 1.0 1.0 1.0 1.0 1.0 1.0 1.0 1.0 1.0 1.0 1.0 1.0 1.0 1.0 0.8500000000000085 0.0 
0.47500000000000553 0.9249999999999996 1.0 1.0 1.0 0.7749999999999989 0.4999999999999929 0.4999999999999929 0.4999999999999929 0.4999999999999929 0.4999999999999929 0.4999999999999929 0.4999999999999929 0.4999999999999929 0.4999999999999929 0.7249999999999922 1.0 1.0 1.0 0.95000000000001 
0.9499999999999975 1.0 1.0 1.0 0.45000000000000373 0.0 0.0 0.0 0.0 0.0 0.0 0.0 0.0 0.0 0.0 0.4499999999999922 1.0 1.0 1.0 0.95000000000001 
0.9499999999999975 1.0 1.0 0.544999999999998 0.13499999999999823 0.0 0.0 0.0 0.0 0.0 0.0 0.0 0.0 0.0 0.0 0.1349999999999948 0.5449999999999906 1.0 1.0 0.95000000000001 
