0.0 0.9249999999999969 1.0 1.0 1.0 0.275000000000003 0.0 0.0 0.0 0.0 0.0 0.0 0.0 0.0975000000000001 0.4924999999999996 1.0 1.0 1.0 0.9775000000000009 0.6824999999999969 
0.0 0.9249999999999969 1.0 1.0 1.0 0.275000000000003 0.0 0.0 0.0 0.0 0.0 0.0 0.33749999999999836 0.9325000000000023 1.0 1.0 1.0 0.8875000000000027 0.09249999999999661 0.0 
0.0 0.9249999999999969 1.0 1.0 1.0 0.275000000000003 0.0 0.0 0.0 0.0 0.0 0.21250000000000027 0.6875000000000007 1.0 1.0 1.0 0.8250000000000028 0.0 0.0 0.0 
0.0 0.9249999999999969 1.0 1.0 1.0 0.275000000000003 0.0 0.0 0.0 0.05250000000000165 0.5275000000000003 1.0 1.0 1.0 0.9724999999999994 0.6974999999999988 0.0 0.0 0.0 0.0 
0.0 0.9249999999999969 1.0 1.0 1.0 0.275000000000003 0.0 0.0 0.4024999999999998 0.8575000000000003 1.0 1.0 1.0 0.7725000000000017 0.21749999999999878 0.0 0.0 0.0 0.0 0.0 
0.0 0.9249999999999969 1.0 1.0 1.0 0.275000000000003 0.0 0.1875000000000016 0.7024999999999995 1.0 1.0 1.0 0.6250000000000036 0.0 0.0 0.0 0.0 0.0 0.0 0.0 
0.0 0.9249999999999969 1.0 1.0 1.0 0.9275000000000031 0.9000000000000039 0.9625000000000011 1.0 1.0 1.0 0.6175000000000009 0.06249999999999791 0.0 0.0 0.0 0.0 0.0 0.0 0.0 
0.0 0.9249999999999969 1.0 1.0 1.0 1.0 1.0 1.0 1.0 0.7375000000000006 0.2624999999999992 0.0 0.0 0.0 0.0 0.0 0.0 0.0 0.0 0.0 
0.0 0.9249999999999969 1.0 1.0 1.0 1.0 1.0 1.0 0.9424999999999985 0.42750000000000293 0.0 0.0 0.0 0.0 0.0 0.0 0.0 0.0 0.0 0.0 
0.0 0.9249999999999969 1.0 1.0 1.0 1.0 1.0 1.0 0.4250000000000034 0.0 0.0 0.0 0.0 0.0 0.0 0.0 0.0 0.0 0.0 0.0 
0.29250000000000326 0.9474999999999981 1.0 1.0 1.0 1.0 1.0 1.0 0.4250000000000034 0.0 0.0 0.0 0.0 0.0 0.0 0.0 0.0 0.0 0.0 0.0 
0.974999999999997 1.0 1.0 1.0 1.0 1.0 1.0 1.0 0.9425000000000016 0.4275000000000055 0.0 0.0 0.0 0.0 0.0 0.0 0.0 0.0 0.0 0.0 
0.974999999999997 1.0 1.0 1.0 1.0 0.637499999999999 0.837499999999997 1.0 1.0 1.0 0.7625000000000027 0.2875000000000035 0.0 0.0 0.0 0.0 0.0 0.0 0.0 0.0 
0.974999999999997 1.0 1.0 1.0 0.2250000000000032 0.0 0.0 0.6249999999999964 1.0 1.0 1.0 0.6175000000000032 0.06250000000000125 0.0 0.0 0.0 0.0 0.0 0.0 0.0 
0.974999999999997 1.0 1.0 1.0 0.2250000000000032 0.0 0.0 0.18749999999999717 0.7024999999999963 1.0 1.0 1.0 0.8875000000000022 0.4725000000000049 0.0 0.0 0.0 0.0 0.0 0.0 
0.974999999999997 1.0 1.0 1.0 0.2250000000000032 0.0 0.0 0.0 0.0 0.36749999999999616 0.842499999999999 1.0 1.0 0.7725000000000033 0.217500000000002 0.0 0.0 0.0 0.0 0.0 
0.974999999999997 1.0 1.0 1.0 0.2250000000000032 0.0 0.0 0.0 0.0 0.0 0.47499999999999787 1.0 1.0 1.0 0.972500000000001 0.6975000000000036 0.0 0.0 0.0 0.0 
0.974999999999997 1.0 1.0 1.0 0.2250000000000032 0.0 0.0 0.0 0.0 0.0 0.0 0.21249999999999708 0.687499999999996 1.0 1.0 1.0 0.8250000000000028 0.0 0.0 0.0 
0.974999999999997 1.0 1.0 1.0 0.2250000000000032 0.0 0.0 0.0 0.0 0.0 0.0 0.0 0.33749999999999625 0.9324999999999987 1.0 1.0 1.0 0.8875000000000034 0.09250000000000175 0.0 
0.974999999999997 0.35249999999999954 0.29999999999999716 0.29999999999999716 0.06750000000000032 0.0 0.0 0.0 0.0 0.0 0.0 0.0 0.0 0.0974999999999978 0.29999999999999716 0.29999999999999716 0.29999999999999716 0.29999999999999716 0.27749999999999864 0.0 
