0.0 0.0 0.0 0.0 0.0 0.23562500000000366 0.32500000000000284 0.7468750000000053 1.0 1.0 1.0 1.0 0.7468749999999951 0.32500000000000284 0.23562499999999906 0.0 0.0 0.0 0.0 0.0 
0.0 0.0 0.0 0.8043750000000067 0.9750000000000028 0.9931250000000009 1.0 1.0 1.0 1.0 1.0 1.0 1.0 1.0 0.9931250000000005 0.7556249999999938 0.0 0.0 0.0 0.0 
0.0 0.0 0.875000000000004 1.0 1.0 1.0 0.5781249999999944 0.37499999999999734 0.37499999999999734 0.17812499999999593 0.17812500000000125 0.37499999999999734 0.6093750000000039 1.0 1.0 1.0 0.9343749999999968 0.5468749999999979 0.0 0.0 
0.0 0.9250000000000036 1.0 1.0 1.0 0.274999999999995 0.0 0.0 0.0 0.0 0.0 0.0 0.0 0.23562500000000522 0.800625000000001 1.0 1.0 0.9093749999999952 0.25437499999999924 0.0 
0.0 0.9250000000000036 1.0 1.0 1.0 0.274999999999995 0.0 0.0 0.0 0.0 0.0 0.0 0.0 0.0 0.27500000000000924 1.0 1.0 1.0 0.92499999999999 0.0 
0.0 0.3931249999999989 0.42499999999999716 0.42499999999999716 0.09562499999999732 0.0 0.0 0.0 0.0 0.0 0.0 0.0 0.0 0.0 0.27500000000000924 1.0 1.0 1.0 0.92499999999999 0.0 
0.0 0.0 0.0 0.0 0.0 0.0 0.0 0.0 0.0 0.0 0.0 0.0 0.0 0.0 0.27500000000000924 1.0 1.0 1.0 0.92499999999999 0.0 
0.0 0.0 0.0 0.0 0.0 0.0 0.0 0.0 0.0 0.0 0.0 0.0 0.0 0.2843750000000077 0.9093750000000025 1.0 1.0 0.8906249999999936 0.11562499999999712 0.0 
0.0 0.0 0.0 0.0 0.0 0.0 0.0 0.0 0.0 0.27562500000000506 0.5250000000000021 0.5250000000000021 0.7031250000000056 1.0 1.0 0.8818749999999951 0.47499999999999787 0.41562499999999475 0.0 0.0 
0.0 0.0 0.0 0.0 0.0 0.0 0.0 0.6250000000000062 1.0 1.0 1.0 1.0 1.0 1.0 1.0 0.7749999999999915 0.0 0.0 0.0 0.0 
0.0 0.0 0.0 0.0 0.0 0.0 0.0 0.1093749999999993 0.17499999999999716 0.17499999999999716 0.566875000000004 1.0 1.0 1.0 1.0 0.9606249999999992 0.6806249999999945 0.0 0.0 0.0 
0.0 0.0 0.0 0.0 0.0 0.0 0.0 0.0 0.0 0.0 0.0 0.0 0.0 0.17062500000000383 0.6556250000000033 1.0 1.0 0.9343749999999964 0.4393749999999966 0.0 
0.0 0.0 0.0 0.0 0.0 0.0 0.0 0.0 0.0 0.0 0.0 0.0 0.0 0.0 0.24062500000000808 0.9031250000000011 1.0 1.0 0.92499999999999 0.0 
0.0 0.0 0.0 0.0 0.0 0.0 0.0 0.0 0.0 0.0 0.0 0.0 0.0 0.0 0.0 0.22500000000000853 1.0 1.0 0.9831249999999979 0.7556249999999922 
0.41437500000000205 0.4250000000000007 0.4250000000000007 0.4250000000000007 0.09562499999999813 0.0 0.0 0.0 0.0 0.0 0.0 0.0 0.0 0.0 0.0 0.22500000000000853 1.0 1.0 1.0 0.9749999999999872 
0.9018750000000002 0.994375 1.0 1.0 0.2249999999999952 0.0 0.0 0.0 0.0 0.0 0.0 0.0 0.0 0.0 0.020625000000001475 0.28312500000001006 1.0 1.0 0.92499999999999 0.0 
0.0 0.9250000000000036 1.0 1.0 0.7868749999999998 0.19937499999999678 0.0 0.0 0.0 0.0 0.0 0.0 0.0 0.0 0.27500000000000924 1.0 1.0 1.0 0.92499999999999 0.0 
0.0 0.5781250000000022 0.9531250000000016 1.0 1.0 1.0 0.5781249999999962 0.375 0.1593749999999976 0.0 0.17812500000000253 0.375 0.375 0.5781250000000051 1.0 1.0 1.0 0.8749999999999929 0.0 0.0 
0.0 0.0 0.0 0.8043750000000027 0.9749999999999979 0.9931249999999996 1.0 1.0 1.0 1.0 1.0 1.0 1.0 1.0 0.9931249999999991 0.75562499999999 0.0 0.0 0.0 0.0 
0.0 0.0 0.0 0.0 0.0 0.2356250000000011 0.3249999999999993 0.746875000000004 1.0 1.0 1.0 0.7131249999999945 0.3249999999999993 0.3249999999999993 0.23562499999999648 0.0 0.0 0.0 0.0 0.0 
