0.0 0.0 0.0 6.217248937900744e-16 0.19999999999999574 0.19999999999999574 0.19999999999999787 1.0 1.0 1.0 0.9999999999999986 0.19999999999999574 0.19999999999999574 0.19999999999999538 0.0 0.0 0.0 0.0 0.0 0.0 
0.0 2.131628207280285e-15 0.5999999999999956 0.5999999999999969 1.0 1.0 1.0 1.0 1.0 1.0 1.0 1.0 1.0 0.9999999999999993 0.5999999999999945 0.0 0.0 0.0 0.0 0.0 
3.552713678800485e-15 0.9999999999999956 1.0 1.0 1.0 1.0 1.0 1.0 1.0 1.0 1.0 1.0 1.0 1.0 1.0 0.9999999999999938 0.0 0.0 0.0 0.0 
1.0 1.0 1.0 1.0 0.9999999999999986 0.600000000000005 0.6000000000000034 0.0 0.0 0.0 1.0658141036401591e-15 0.600000000000005 0.6000000000000056 1.0 1.0 1.0 1.0 0.399999999999995 0.0 0.0 
1.0 1.0 1.0 0.9999999999999976 0.2000000000000039 0.0 0.0 0.0 0.0 0.0 0.0 0.0 3.552713678800583e-16 0.20000000000000603 1.0 1.0 1.0 1.0 0.7999999999999954 0.0 
1.0 1.0 1.0 0.9999999999999969 0.0 0.0 0.0 0.0 0.0 0.0 0.0 0.0 0.0 0.0 1.7763568394002505e-15 1.0 1.0 1.0 1.0 0.0 
1.0 1.0 1.0 0.9999999999999969 0.0 0.0 0.0 0.0 0.0 0.0 0.0 0.0 0.0 0.0 1.7763568394002505e-15 1.0 1.0 1.0 1.0 0.0 
1.0 1.0 1.0 0.9999999999999969 0.0 0.0 0.0 0.0 0.0 0.0 0.0 0.0 0.0 0.0 1.7763568394002505e-15 1.0 1.0 1.0 1.0 0.0 
1.0 1.0 1.0 0.9999999999999981 0.3999999999999936 0.0 0.0 0.0 0.0 0.0 0.0 0.0 0.0 7.1054273576009135e-16 0.3999999999999961 1.0 1.0 1.0 1.0 0.0 
0.20000000000000745 1.0 1.0 1.0 0.9999999999999993 0.7999999999999933 0.0 0.0 0.0 0.0 0.0 0.0 0.0 1.7763568394002505e-15 1.0 1.0 1.0 1.0 1.0 0.0 
0.0 2.842170943040416e-15 0.8000000000000049 1.0 1.0 1.0 1.0 1.0 0.9999999999999971 0.19999999999999574 0.19999999999999715 1.0 1.0 1.0 1.0 1.0 1.0 1.0 1.0 0.0 
0.0 0.0 1.4210854715202206e-15 0.40000000000000757 1.0 1.0 1.0 1.0 1.0 1.0 1.0 1.0 1.0 1.0 1.0 1.0 1.0 1.0 1.0 0.0 
0.0 0.0 0.0 2.208810534618833e-29 7.105427357601002e-15 7.105427357601002e-15 9.769962616701359e-15 1.0 1.0 1.0 1.0 1.0 1.0 1.0 1.0 1.0 1.0 1.0 1.0 0.9999999999999929 
0.0 0.0 0.0 0.0 0.0 0.0 0.0 0.0 0.0 0.0 0.0 0.0 0.0 0.0 1.7763568394002505e-15 1.0 1.0 1.0 1.0 1.0 
0.0 0.0 0.0 0.0 0.0 0.0 0.0 0.0 0.0 0.0 0.0 0.0 0.0 0.0 1.7763568394002505e-15 1.0 1.0 1.0 1.0 1.0 
0.0 7.10542735760085e-16 0.19999999999999574 0.19999999999999513 7.10542735760085e-16 0.1999999999999952 0.0 0.0 0.0 0.0 0.0 0.0 0.0 0.0 1.7763568394002505e-15 1.0 1.0 1.0 1.0 0.8000000000000043 
0.0 3.552713678800501e-15 1.0 0.9999999999999988 0.5999999999999958 0.9999999999999989 0.5999999999999928 0.0 0.0 0.0 0.0 0.0 0.0 1.0658141036401402e-15 0.599999999999995 1.0 1.0 1.0 1.0 0.0 
0.0 2.524354896707238e-29 1.0658141036401478e-14 1.0 1.0 1.0 1.0 0.9999999999999929 0.9999999999999929 0.9999999999999929 0.9999999999999929 0.9999999999999929 0.9999999999999929 0.9999999999999929 1.0 1.0 1.0 1.0 7.105427357601002e-15 0.0 
0.0 0.0 0.0 1.8651746813702784e-15 0.600000000000005 0.6000000000000061 1.0 1.0 1.0 1.0 1.0 1.0 1.0 1.0 1.0 0.9999999999999993 0.600000000000005 0.0 0.0 0.0 
0.0 0.0 0.0 0.0 0.0 5.329070518200922e-16 0.2000000000000064 0.20000000000000853 1.0 1.0 1.0 1.0 0.9999999999999986 0.2000000000000064 0.2000000000000064 0.20000000000000603 0.0 0.0 0.0 0.0 
