0.0 0.0 0.0 0.14437500000000086 0.1750000000000007 0.7731250000000006 1.0 1.0 1.0 1.0 1.0 1.0 0.6906250000000003 0.1750000000000007 0.12687500000000076 0.0 0.0 0.0 0.0 0.0 
0.0 0.0 0.4593750000000022 0.916875000000001 1.0 1.0 1.0 1.0 1.0 1.0 1.0 1.0 1.0 1.0 0.8693750000000011 0.5250000000000015 0.4331250000000027 0.0 0.0 0.0 
0.0 0.8093750000000038 0.9843750000000004 1.0 1.0 1.0 1.0 1.0 1.0 1.0 1.0 1.0 1.0 1.0 1.0 1.0 0.8250000000000028 0.0 0.0 0.0 
0.21937500000000365 0.9418750000000018 1.0 1.0 1.0 0.8368749999999976 0.2518749999999984 0.0 0.0 0.0 0.0 0.0 0.2906249999999988 0.8481249999999977 1.0 1.0 1.0 0.9031250000000032 0.20812500000000392 0.0 
0.9750000000000023 1.0 1.0 1.0 1.0 0.27499999999999947 0.0 0.0 0.0 0.0 0.0 0.0 0.0 0.1381249999999985 0.5831249999999965 1.0 1.0 1.0 0.9250000000000043 0.0 
0.9750000000000023 1.0 1.0 1.0 1.0 0.27499999999999947 0.0 0.0 0.0 0.0 0.0 0.0 0.0 0.0 0.2749999999999986 1.0 1.0 1.0 0.9250000000000043 0.0 
0.7068749999999961 0.9793750000000001 1.0 1.0 1.0 0.27499999999999947 0.0 0.0 0.0 0.0 0.0 0.0 0.0 0.08937500000000165 0.4743750000000031 1.0 1.0 1.0 0.9250000000000043 0.0 
0.0 0.925000000000002 1.0 1.0 1.0 0.7281250000000037 0.6250000000000053 0.23437500000000144 0.0 0.0 0.0 0.0 0.234375000000002 0.7468750000000033 1.0 1.0 1.0 1.0 0.9250000000000043 0.0 
0.0 0.023124999999993807 0.8781250000000009 1.0 1.0 1.0 1.0 0.9843750000000042 0.9750000000000068 0.9750000000000068 0.9750000000000068 0.9750000000000068 0.9843750000000042 1.0 1.0 1.0 1.0 0.8781250000000026 0.023124999999993862 0.0 
0.0 0.0 0.0 0.8250000000000015 1.0 1.0 1.0 1.0 1.0 1.0 1.0 1.0 1.0 1.0 1.0 1.0 0.8250000000000028 0.0 0.0 0.0 
0.0 0.0 0.5906250000000081 0.9431250000000019 1.0 1.0 1.0 1.0 1.0 1.0 1.0 1.0 1.0 1.0 1.0 1.0 0.8250000000000028 0.0 0.0 0.0 
0.024375000000009063 0.9268750000000027 1.0 1.0 1.0 0.9818749999999933 0.9749999999999908 0.36562499999999565 0.0 0.0 0.0 0.0 0.36562499999999654 0.9749999999999908 0.9818749999999933 1.0 1.0 0.8781250000000046 0.023125000000008653 0.0 
0.9750000000000023 1.0 1.0 1.0 1.0 0.27499999999999947 0.0 0.0 0.0 0.0 0.0 0.0 0.0 0.0 0.2749999999999986 1.0 1.0 1.0 0.9531250000000034 0.36562500000001225 
0.9750000000000023 1.0 1.0 1.0 0.4381249999999898 0.07562499999999653 0.0 0.0 0.0 0.0 0.0 0.0 0.0 0.0 0.07562499999999629 0.4381249999999891 1.0 1.0 1.0 0.975000000000005 
0.9750000000000023 1.0 1.0 1.0 0.22499999999999876 0.0 0.0 0.0 0.0 0.0 0.0 0.0 0.0 0.0 0.0 0.22499999999999787 1.0 1.0 1.0 0.975000000000005 
0.9750000000000023 1.0 1.0 1.0 0.5543750000000081 0.1168750000000029 0.0 0.0 0.0 0.0 0.0 0.0 0.0 0.0 0.11687500000000252 0.5543750000000076 1.0 1.0 1.0 0.975000000000005 
0.21937499999998805 0.9418750000000006 1.0 1.0 1.0 0.8368750000000091 0.2518750000000036 0.0 0.0 0.0 0.0 0.0 0.0 0.0 0.2749999999999986 1.0 1.0 1.0 1.0 0.975000000000005 
0.0 0.0 0.8750000000000018 1.0 1.0 1.0 1.0 0.4531250000000081 0.1250000000000142 0.1250000000000142 0.1250000000000142 0.1250000000000142 0.4531250000000089 1.0 1.0 1.0 1.0 0.9843749999999987 0.8093749999999906 0.0 
0.0 0.0 0.45937499999998727 0.5249999999999844 0.8931249999999971 1.0 1.0 1.0 1.0 1.0 1.0 1.0 1.0 1.0 1.0 1.0 0.9168749999999986 0.4593749999999882 0.0 0.0 
0.0 0.0 0.0 0.0 0.13562499999998975 0.1749999999999865 0.7318749999999962 1.0 1.0 1.0 1.0 1.0 1.0 1.0 0.7731249999999975 0.1749999999999865 0.14437499999998937 0.0 0.0 0.0 
