0.9999999999999964 1.0 1.0 1.0 1.0 1.0 1.0 1.0 1.0 1.0 1.0 1.0 1.0 1.0 1.0 1.0 1.0 1.0 1.0 1.0 
0.9999999999999964 1.0 1.0 1.0 1.0 1.0 1.0 1.0 1.0 1.0 1.0 1.0 1.0 1.0 1.0 1.0 1.0 1.0 1.0 1.0 
0.12500000000000222 0.9999999999999966 1.0 1.0 1.0 1.0 1.0 1.0 1.0 1.0 1.0 1.0 1.0 1.0 1.0 1.0 1.0 1.0 1.0 1.0 
0.0 0.0 0.0 0.0 0.0 0.0 0.0 0.0 0.9999999999999938 1.0 1.0 1.0 7.105427357601002e-15 0.0 0.0 0.0 0.0 0.0 0.0 0.0 
0.0 0.0 0.0 0.0 0.0 0.0 0.0 0.0 0.9999999999999938 1.0 1.0 1.0 7.105427357601002e-15 0.0 0.0 0.0 0.0 0.0 0.0 0.0 
0.0 0.0 0.0 0.0 0.0 0.0 0.0 0.0 0.9999999999999938 1.0 1.0 1.0 7.105427357601002e-15 0.0 0.0 0.0 0.0 0.0 0.0 0.0 
0.0 0.0 0.0 0.0 0.0 0.0 0.0 0.0 0.9999999999999938 1.0 1.0 1.0 7.105427357601002e-15 0.0 0.0 0.0 0.0 0.0 0.0 0.0 
0.0 0.0 0.0 0.0 0.0 0.0 0.0 0.0 0.9999999999999938 1.0 1.0 1.0 7.105427357601002e-15 0.0 0.0 0.0 0.0 0.0 0.0 0.0 
0.0 0.0 0.0 0.0 0.0 0.0 0.0 0.0 0.9999999999999938 1.0 1.0 1.0 7.105427357601002e-15 0.0 0.0 0.0 0.0 0.0 0.0 0.0 
0.0 0.0 0.0 0.0 0.0 0.0 0.0 0.0 0.9999999999999938 1.0 1.0 1.0 7.105427357601002e-15 0.0 0.0 0.0 0.0 0.0 0.0 0.0 
0.0 0.0 0.0 0.0 0.0 0.0 0.0 0.0 0.9999999999999938 1.0 1.0 1.0 7.105427357601002e-15 0.0 0.0 0.0 0.0 0.0 0.0 0.0 
0.0 0.0 0.0 0.0 0.0 0.0 0.0 0.0 0.9999999999999938 1.0 1.0 1.0 7.105427357601002e-15 0.0 0.0 0.0 0.0 0.0 0.0 0.0 
0.0 0.0 0.0 0.0 0.0 0.0 0.0 0.0 0.9999999999999938 1.0 1.0 1.0 7.105427357601002e-15 0.0 0.0 0.0 0.0 0.0 0.0 0.0 
0.0 0.0 0.0 0.0 0.0 0.0 0.0 0.0 0.9999999999999938 1.0 1.0 1.0 7.105427357601002e-15 0.0 0.0 0.0 0.0 0.0 0.0 0.0 
0.0 0.0 0.0 0.0 0.0 0.0 0.0 0.9999999999999938 1.0 1.0 1.0 1.0 7.105427357601002e-15 0.0 0.0 0.0 0.0 0.0 0.0 0.0 
0.0 0.0 0.0 0.0 0.0 0.0 0.0 0.9999999999999938 1.0 1.0 1.0 1.0 7.105427357601002e-15 0.0 0.0 0.0 0.0 0.0 0.0 0.0 
0.0 0.0 0.0 0.0 0.0 0.0 0.0 0.9999999999999938 1.0 1.0 1.0 1.0 7.105427357601002e-15 0.0 0.0 0.0 0.0 0.0 0.0 0.0 
0.0 0.0 0.0 0.0 0.0 0.0 0.0 0.9999999999999938 1.0 1.0 1.0 1.0 7.105427357601002e-15 0.0 0.0 0.0 0.0 0.0 0.0 0.0 
0.0 0.0 0.0 0.0 0.0 0.0 0.0 0.9999999999999938 1.0 1.0 1.0 1.0 7.105427357601002e-15 0.0 0.0 0.0 0.0 0.0 0.0 0.0 
0.0 0.0 0.0 0.0 0.0 0.0 0.0 0.9999999999999938 1.0 1.0 1.0 1.0 7.105427357601002e-15 0.0 0.0 0.0 0.0 0.0 0.0 0.0 
