1.0 1.0 0.9999999999999984 0.30000000000000704 0.0 0.0 0.0 0.0 0.0 0.0 0.0 0.0 1.598721155460267e-15 0.3000000000000078 0.3000000000000078 0.3000000000000078 0.3000000000000057 0.0 0.0 0.0 
1.0 1.0 1.0 0.9999999999999973 0.0 0.0 0.0 0.0 0.0 0.0 0.0 3.1974423109204773e-15 0.900000000000008 1.0 1.0 1.0 0.9999999999999929 0.0 0.0 0.0 
1.0 1.0 1.0 0.9999999999999973 0.0 0.0 0.0 0.0 0.0 1.7763568394002757e-15 0.5000000000000089 1.0 1.0 1.0 0.9999999999999973 0.49999999999999023 0.0 0.0 0.0 0.0 
1.0 1.0 1.0 0.9999999999999973 0.0 0.0 0.0 0.0 3.5527136788007407e-16 0.10000000000000994 1.0 1.0 1.0 0.9999999999999947 0.0 0.0 0.0 0.0 0.0 0.0 
1.0 1.0 1.0 0.9999999999999973 0.0 0.0 0.0 2.4868995751603734e-15 0.7000000000000075 1.0 1.0 1.0 0.9999999999999962 0.299999999999992 0.0 0.0 0.0 0.0 0.0 0.0 
1.0 1.0 1.0 0.9999999999999973 0.0 0.0 3.552713678800501e-15 1.0 1.0 1.0 1.0 0.9999999999999964 0.0 0.0 0.0 0.0 0.0 0.0 0.0 0.0 
1.0 1.0 1.0 0.9999999999999998 0.9000000000000032 2.3980817331903533e-15 0.900000000000006 1.0 1.0 1.0 0.9999999999999968 0.09999999999999395 0.0 0.0 0.0 0.0 0.0 0.0 0.0 0.0 
1.0 1.0 1.0 1.0 1.0 1.0 1.0 1.0 0.9999999999999982 0.4999999999999929 0.0 0.0 0.0 0.0 0.0 0.0 0.0 0.0 0.0 0.0 
0.8999999999999952 1.0 1.0 1.0 1.0 1.0 1.0 0.9999999999999997 0.8999999999999918 0.0 0.0 0.0 0.0 0.0 0.0 0.0 0.0 0.0 0.0 0.0 
1.7763568394002505e-15 1.0 1.0 1.0 1.0 1.0 1.0 0.9999999999999964 0.0 0.0 0.0 0.0 0.0 0.0 0.0 0.0 0.0 0.0 0.0 0.0 
1.7763568394002505e-15 1.0 1.0 1.0 1.0 1.0 1.0 0.9999999999999976 0.3000000000000032 0.0 0.0 0.0 0.0 0.0 0.0 0.0 0.0 0.0 0.0 0.0 
1.7763568394002505e-15 1.0 1.0 1.0 1.0 1.0 1.0 1.0 0.9999999999999997 0.8999999999999989 0.0 0.0 0.0 0.0 0.0 0.0 0.0 0.0 0.0 0.0 
1.7763568394002505e-15 1.0 1.0 1.0 0.9999999999999987 0.49999999999999645 0.4999999999999982 1.0 1.0 0.9999999999999982 0.5000000000000018 0.0 0.0 0.0 0.0 0.0 0.0 0.0 0.0 0.0 
1.7763568394002505e-15 1.0 1.0 1.0 0.9999999999999973 0.0 0.0 3.197442310920433e-15 0.8999999999999954 1.0 1.0 0.9999999999999968 0.10000000000000445 0.0 0.0 0.0 0.0 0.0 0.0 0.0 
1.7763568394002505e-15 1.0 1.0 1.0 0.9999999999999973 0.0 0.0 0.0 3.552713678800501e-15 1.0 1.0 1.0 0.9999999999999984 0.6999999999999991 0.0 0.0 0.0 0.0 0.0 0.0 
1.7763568394002505e-15 1.0 1.0 1.0 0.9999999999999973 0.0 0.0 0.0 0.0 2.486899575160348e-15 0.7000000000000004 1.0 1.0 0.9999999999999962 0.2999999999999991 0.0 0.0 0.0 0.0 0.0 
1.7763568394002505e-15 1.0 1.0 1.0 0.9999999999999973 0.0 0.0 0.0 0.0 0.0 3.552713678800425e-16 0.10000000000000106 1.0 1.0 0.9999999999999994 0.8999999999999974 0.0 0.0 0.0 0.0 
1.7763568394002505e-15 1.0 1.0 1.0 0.9999999999999973 0.0 0.0 0.0 0.0 0.0 0.0 0.0 5.329070518200751e-15 1.0 1.0 1.0 0.9999999999999964 0.5 0.0 0.0 
1.5987211554602229e-15 0.8999999999999988 1.0 1.0 0.9999999999999973 0.0 0.0 0.0 0.0 0.0 0.0 0.0 0.0 4.796163466380669e-15 0.8999999999999991 1.0 1.0 1.0 0.9999999999999929 0.0 
0.0 5.99520433297586e-16 0.3000000000000007 0.3000000000000007 0.29999999999999993 0.0 0.0 0.0 0.0 0.0 0.0 0.0 0.0 0.0 1.5987211554602292e-15 0.3000000000000007 0.3000000000000007 0.3000000000000057 0.9999999999999979 0.6999999999999943 
