0.9999999999999973 1.0 1.0 1.0 1.0 0.2750000000000047 0.27500000000000213 0.27500000000000213 0.27500000000000213 0.27500000000000213 0.27500000000000213 0.27500000000000213 0.27500000000000213 0.27500000000000213 9.769962616701453e-16 0.0 0.0 0.0 0.0 0.0 
0.9999999999999973 1.0 1.0 1.0 1.0 1.0 1.0 1.0 1.0 1.0 1.0 1.0 1.0 1.0 0.8250000000000028 0.8250000000000022 2.930988785010421e-15 0.0 0.0 0.0 
0.9999999999999973 1.0 1.0 1.0 0.624999999999999 2.220446049250305e-15 0.0 0.0 0.0 0.6249999999999956 0.6249999999999978 0.6249999999999978 0.6249999999999978 0.6249999999999978 0.9999999999999987 1.0 1.0 0.37500000000000666 2.6645352591003915e-15 0.0 
0.07499999999999732 0.9999999999999974 1.0 1.0 3.1086244689504383e-15 0.0 0.0 0.0 0.0 0.0 0.0 0.0 0.0 0.0 0.07499999999999725 0.9999999999999967 1.0 1.0 7.105427357601002e-15 0.0 
0.0 0.9999999999999972 1.0 1.0 3.1086244689504383e-15 0.0 0.0 0.0 0.0 0.0 0.0 0.0 0.0 0.0 0.0 0.9999999999999964 1.0 1.0 1.0 7.105427357601002e-15 
0.0 0.9999999999999972 1.0 1.0 3.1086244689504383e-15 0.0 0.0 0.0 0.0 0.0 0.0 0.0 0.0 0.0 0.0 0.9999999999999964 1.0 1.0 1.0 7.105427357601002e-15 
0.0 0.9999999999999973 1.0 1.0 3.1086244689504383e-15 0.0 0.0 0.0 0.0 0.0 0.0 0.0 0.0 0.0 0.0 0.9999999999999964 1.0 1.0 1.0 7.105427357601002e-15 
0.0 0.9999999999999972 1.0 1.0 3.1086244689504383e-15 0.0 0.0 0.0 0.0 0.0 0.0 0.0 0.0 0.0 0.0 0.9999999999999964 1.0 1.0 1.0 7.105427357601002e-15 
0.0 0.9999999999999972 1.0 1.0 0.6750000000000035 2.398081733190347e-15 0.0 0.0 0.0 0.0 0.0 0.0 0.0 0.0 0.675 0.9999999999999989 1.0 1.0 0.3250000000000023 2.309263891220308e-15 
0.0 0.9999999999999972 1.0 1.0 1.0 1.0 1.0 1.0 1.0 1.0 1.0 1.0 1.0 1.0 1.0 1.0 1.0 0.7749999999999984 5.506706202140754e-15 0.0 
0.0 0.9999999999999973 1.0 1.0 1.0 1.0 1.0 1.0 1.0 1.0 1.0 1.0 1.0 1.0 1.0 0.22500000000000062 0.22499999999999787 1.5987211554602103e-15 0.0 0.0 
0.0 0.9999999999999972 1.0 1.0 1.0 3.552713678800501e-15 0.0 0.0 0.0 0.0 0.6749999999999947 0.9999999999999989 1.0 1.0 1.0 3.552713678800501e-15 0.0 0.0 0.0 0.0 
0.0 0.9999999999999972 1.0 1.0 1.0 3.552713678800501e-15 0.0 0.0 0.0 0.0 0.0 0.124999999999996 0.9999999999999969 1.0 1.0 3.552713678800501e-15 0.0 0.0 0.0 0.0 
0.0 0.9999999999999973 1.0 1.0 1.0 3.552713678800501e-15 0.0 0.0 0.0 0.0 0.0 0.0 0.5749999999999937 0.9999999999999984 1.0 1.0 3.552713678800501e-15 0.0 0.0 0.0 
0.0 0.9999999999999972 1.0 1.0 1.0 3.552713678800501e-15 0.0 0.0 0.0 0.0 0.0 0.0 0.0 0.9999999999999964 1.0 1.0 0.9750000000000015 6.927791673660987e-15 0.0 0.0 
0.0 0.9999999999999972 1.0 1.0 1.0 3.552713678800501e-15 0.0 0.0 0.0 0.0 0.0 0.0 0.0 0.4749999999999962 0.9999999999999981 1.0 1.0 7.105427357601002e-15 0.0 0.0 
0.0 0.9249999999999946 0.9999999999999998 1.0 1.0 3.552713678800501e-15 0.0 0.0 0.0 0.0 0.0 0.0 0.0 0.0 0.9999999999999964 1.0 1.0 1.0 7.105427357601002e-15 0.0 
0.0 0.0 0.9999999999999971 1.0 1.0 3.552713678800501e-15 0.0 0.0 0.0 0.0 0.0 0.0 0.0 0.0 0.3749999999999951 0.9999999999999978 1.0 1.0 0.6250000000000062 4.4408920985006514e-15 
0.0 0.0 0.9999999999999971 1.0 1.0 3.552713678800501e-15 0.0 0.0 0.0 0.0 0.0 0.0 0.0 0.0 0.0 0.8249999999999929 0.9999999999999993 1.0 1.0 7.105427357601002e-15 
0.0 0.0 0.9999999999999971 1.0 1.0 3.552713678800501e-15 0.0 0.0 0.0 0.0 0.0 0.0 0.0 0.0 0.0 0.0 0.9999999999999964 1.0 1.0 0.7250000000000034 
