0.0 0.0 0.0 0.0 0.0 0.19937500000000194 0.7643750000000018 1.0 1.0 1.0 1.0 1.0 1.0 1.0 0.800624999999999 0.27500000000000213 0.22687500000000058 0.0 0.0 0.0 
0.0 0.0 0.0 0.6806250000000023 0.8250000000000017 0.9518750000000007 1.0 1.0 1.0 1.0 1.0 1.0 1.0 1.0 1.0 1.0 0.9693749999999995 0.7218749999999986 0.0 0.0 
0.0 0.3468750000000015 0.9218750000000007 1.0 1.0 1.0 0.7468749999999985 0.2343749999999984 0.0 0.0 0.0 0.0 0.0 0.20312500000000133 0.7281249999999998 1.0 1.0 1.0 0.9249999999999972 0.0 
0.0 0.9250000000000007 1.0 1.0 1.0 0.3293749999999982 0.02437499999999965 0.0 0.0 0.0 0.0 0.0 0.0 0.0 0.020624999999999963 0.28312500000000407 1.0 1.0 0.9943749999999998 0.9018749999999954 
0.0 0.9250000000000007 1.0 1.0 1.0 0.2749999999999986 0.0 0.0 0.0 0.0 0.0 0.0 0.0 0.0 0.0 0.22500000000000497 1.0 1.0 1.0 0.9749999999999943 
0.9750000000000005 1.0 1.0 1.0 0.22499999999999876 0.0 0.0 0.0 0.0 0.0 0.0 0.0 0.0 0.0 0.0 0.22500000000000497 1.0 1.0 1.0 0.9749999999999943 
0.9750000000000005 1.0 1.0 1.0 0.22499999999999876 0.0 0.0 0.0 0.0 0.0 0.0 0.0 0.0 0.0 0.0 0.22500000000000497 1.0 1.0 1.0 0.9749999999999943 
0.0 0.9250000000000007 1.0 1.0 1.0 0.2749999999999986 0.0 0.0 0.0 0.0 0.0 0.0 0.0 0.0 0.0 0.22500000000000497 1.0 1.0 1.0 0.9749999999999943 
0.0 0.3006250000000012 0.9156250000000007 1.0 1.0 0.7643749999999988 0.21937499999999857 0.0 0.0 0.0 0.0 0.0 0.0 0.0 0.18562500000000115 0.7481250000000008 1.0 1.0 1.0 0.9749999999999943 
0.0 0.0 0.6781250000000025 0.9606250000000006 1.0 1.0 1.0 0.5156249999999973 0.22499999999999787 0.22499999999999787 0.22499999999999787 0.22499999999999787 0.22499999999999787 0.47687500000000077 1.0 1.0 1.0 1.0 1.0 0.9749999999999943 
0.0 0.0 0.0 0.1856250000000014 0.22500000000000142 0.7868750000000015 1.0 1.0 1.0 1.0 1.0 1.0 1.0 1.0 1.0 1.0 1.0 1.0 1.0 0.9749999999999943 
0.0 0.0 0.0 0.0 0.0 0.0 0.0 0.42187500000000167 0.6750000000000007 0.6750000000000007 0.6750000000000007 0.38812499999999756 0.0 0.0 0.0 0.22500000000000497 1.0 1.0 1.0 0.9749999999999943 
0.0 0.0 0.0 0.0 0.0 0.0 0.0 0.0 0.0 0.0 0.0 0.0 0.0 0.0 0.0 0.22500000000000497 1.0 1.0 1.0 0.9749999999999943 
0.0 0.0 0.0 0.0 0.0 0.0 0.0 0.0 0.0 0.0 0.0 0.0 0.0 0.0 0.0 0.22500000000000497 1.0 1.0 1.0 0.9749999999999943 
0.0 0.9018749999999988 0.9749999999999979 0.9749999999999979 0.21937499999999832 0.0 0.0 0.0 0.0 0.0 0.0 0.0 0.0 0.0 0.0 0.22500000000000497 1.0 1.0 1.0 0.9749999999999943 
0.4631250000000051 0.9606250000000007 1.0 1.0 0.6318749999999955 0.1443749999999979 0.0 0.0 0.0 0.0 0.0 0.0 0.0 0.0 0.0 0.22500000000000497 1.0 1.0 1.0 0.9749999999999943 
0.0 0.8556250000000046 0.9906250000000006 1.0 1.0 0.3293749999999956 0.024374999999998495 0.0 0.0 0.0 0.0 0.0 0.0 0.0 0.020624999999998988 0.2831250000000013 1.0 1.0 0.9249999999999972 0.0 
0.0 0.0 0.8750000000000009 1.0 1.0 1.0 0.746874999999997 0.23437499999999756 0.0 0.0 0.0 0.0 0.0 0.2031250000000006 0.7281249999999982 1.0 1.0 0.9218749999999982 0.3468750000000022 0.0 
0.0 0.0 0.0 0.6806250000000061 0.9606250000000016 1.0 1.0 1.0 1.0 1.0 1.0 1.0 1.0 1.0 1.0 0.9606250000000005 0.6806250000000018 0.0 0.0 0.0 
0.0 0.0 0.0 0.0 0.21312500000000476 0.2750000000000057 0.2750000000000057 0.7281250000000035 1.0 1.0 1.0 1.0 1.0 0.7643749999999998 0.2750000000000057 0.21312500000000303 0.0 0.0 0.0 0.0 
