0.0 0.0 0.0 0.0 0.020625000000000636 0.11687500000000141 0.21312500000000206 0.36562500000000314 0.6193750000000022 0.8731250000000018 1.0 1.0 1.0 1.0 1.0 1.0 1.0 1.0 1.0 0.6749999999999989 
0.0 0.0 0.0 0.0 0.07500000000000173 0.4250000000000018 0.7750000000000015 1.0 1.0 1.0 1.0 1.0 1.0 1.0 1.0 1.0 1.0 1.0 1.0 0.6749999999999989 
0.0 0.0250000000000018 0.3750000000000018 0.7250000000000016 1.0 1.0 1.0 1.0 1.0 1.0 1.0 1.0 1.0 1.0 1.0 1.0 1.0 1.0 1.0 0.6749999999999989 
0.6243750000000028 0.9268750000000017 0.9531250000000011 0.9793750000000006 1.0 1.0 1.0 1.0 1.0 1.0 1.0 1.0 1.0 1.0 1.0 1.0 1.0 1.0 1.0 0.6749999999999989 
0.0 0.013125000000000909 0.1968750000000004 0.3806249999999998 0.5249999999999986 0.5249999999999986 0.5249999999999986 0.5843749999999996 0.7506249999999999 0.9168750000000007 1.0 1.0 1.0 1.0 1.0 1.0 1.0 1.0 1.0 0.6749999999999989 
0.0 0.0 0.0 0.0 0.0 0.0 0.0 0.12500000000000178 0.4750000000000014 0.825000000000002 1.0 1.0 1.0 1.0 1.0 1.0 1.0 1.0 1.0 0.6749999999999989 
0.0 0.0 0.0 0.0 0.0 0.0 0.0 0.12500000000000178 0.4750000000000014 0.825000000000002 1.0 1.0 1.0 1.0 1.0 1.0 1.0 1.0 1.0 0.6749999999999989 
0.0 0.0 0.0 0.0 0.0 0.0 0.0 0.12500000000000178 0.4750000000000014 0.825000000000002 1.0 1.0 1.0 1.0 1.0 1.0 1.0 1.0 1.0 0.6749999999999989 
0.0 0.0 0.0 0.0 0.0 0.0 0.0 0.12500000000000178 0.4750000000000014 0.825000000000002 1.0 1.0 1.0 1.0 1.0 1.0 1.0 1.0 1.0 0.6749999999999989 
0.0 0.0 0.0 0.0 0.0 0.0 0.0 0.12500000000000178 0.4750000000000014 0.825000000000002 1.0 1.0 1.0 1.0 1.0 1.0 1.0 1.0 1.0 0.6749999999999989 
0.0 0.0 0.0 0.0 0.0 0.0 0.0 0.12500000000000178 0.4750000000000014 0.825000000000002 1.0 1.0 1.0 1.0 1.0 1.0 1.0 1.0 1.0 0.6749999999999989 
0.0 0.0 0.0 0.0 0.0 0.0 0.0 0.12500000000000178 0.4750000000000014 0.825000000000002 1.0 1.0 1.0 1.0 1.0 1.0 1.0 1.0 1.0 0.6749999999999989 
0.0 0.0 0.0 0.0 0.0 0.0 0.0 0.12500000000000178 0.4750000000000014 0.825000000000002 1.0 1.0 1.0 1.0 1.0 1.0 1.0 1.0 1.0 0.6749999999999989 
0.0 0.0 0.0 0.0 0.0 0.0 0.0 0.12500000000000178 0.4750000000000014 0.825000000000002 1.0 1.0 1.0 1.0 1.0 1.0 1.0 1.0 1.0 0.6749999999999989 
0.0 0.0 0.0 0.0 0.0 0.0 0.0 0.12500000000000178 0.4750000000000014 0.825000000000002 1.0 1.0 1.0 1.0 1.0 1.0 1.0 1.0 1.0 0.6749999999999989 
0.0 0.0 0.0 0.0 0.0 0.0 0.0 0.12500000000000178 0.4750000000000014 0.825000000000002 1.0 1.0 1.0 1.0 1.0 1.0 1.0 1.0 1.0 0.6749999999999989 
0.0 0.0 0.0 0.0 0.0 0.0 0.0 0.12500000000000178 0.4750000000000014 0.825000000000002 1.0 1.0 1.0 1.0 1.0 1.0 1.0 1.0 1.0 0.6749999999999989 
0.0 0.0 0.0 0.0 0.0 0.0 0.0 0.12500000000000178 0.4750000000000014 0.825000000000002 1.0 1.0 1.0 1.0 1.0 1.0 0.8281249999999992 0.6093749999999994 0.3906249999999991 0.2531249999999996 
0.0 0.0 0.0 0.0 0.0 0.0 0.0 0.12500000000000178 0.4750000000000014 0.825000000000002 1.0 1.0 1.0 1.0 1.0 1.0 0.7249999999999988 0.3749999999999991 0.02499999999999858 0.0 
0.0 0.0 0.0 0.0 0.0 0.0 0.0 0.03437500000000075 0.1306250000000014 0.2268750000000023 0.4018750000000029 0.6556250000000019 0.9093750000000009 0.8368749999999995 0.5831250000000004 0.3293750000000008 0.1993750000000012 0.10312500000000055 0.006874999999999663 0.0 
