0.0 0.0 0.0 0.0 0.0 0.0 0.0 0.0 0.0 0.0 0.5012500000000042 0.9212500000000006 0.475000000000005 0.658750000000003 0.5499999999999989 0.0 0.0 0.0 0.0 0.0 
0.0 0.0 0.0 0.0 0.0 0.0 0.0 0.0 0.0 0.9499999999999993 1.0 1.0 1.0 1.0 0.5499999999999989 0.0 0.0 0.0 0.0 0.0 
0.0 0.0 0.0 0.0 0.0 0.0 0.0 0.0 0.31875000000000286 0.9687499999999998 1.0 1.0 1.0 0.6500000000000004 0.0 0.0 0.0 0.0 0.0 0.0 
0.0 0.0 0.0 0.0 0.0 0.0 0.0 0.2437500000000028 0.8987500000000003 1.0 1.0 1.0 0.75 0.0 0.0 0.0 0.0 0.0 0.0 0.0 
0.0 0.0 0.0 0.0 0.0 0.0 0.0 0.75 1.0 1.0 1.0 0.9587499999999995 0.5437499999999984 0.0 0.0 0.0 0.0 0.0 0.0 0.0 
0.0 0.0 0.0 0.0 0.0 0.0 0.6499999999999995 1.0 1.0 1.0 0.98875 0.6587499999999971 0.0 0.0 0.0 0.0 0.0 0.0 0.0 0.0 
0.0 0.0 0.0 0.0 0.0 0.5499999999999989 1.0 1.0 1.0 1.0 0.9500000000000011 0.0 0.0 0.0 0.0 0.0 0.0 0.0 0.0 0.0 
0.0 0.0 0.0 0.0 0.4499999999999993 1.0 1.0 1.0 1.0 1.0 0.0 0.0 0.0 0.0 0.0 0.0 0.0 0.0 0.0 0.0 
0.0 0.0 0.0 0.026250000000000936 0.4912500000000009 1.0 1.0 1.0 1.0 0.05000000000000071 0.0 0.0 0.0 0.0 0.0 0.0 0.0 0.0 0.0 0.0 
0.0 0.0 0.00625000000000051 0.36625000000000063 1.0 1.0 1.0 1.0 0.9787499999999982 0.048750000000000585 0.0 0.0 0.006250000000000533 0.02500000000000213 0.02500000000000213 0.02500000000000213 0.02500000000000213 0.006250000000000533 0.0 0.0 
0.0 0.0 0.2499999999999991 1.0 1.0 1.0 1.0 1.0 0.15000000000000036 0.0 0.0 0.0 0.25 1.0 1.0 1.0 1.0 0.25 0.0 0.0 
0.0 0.1387499999999992 0.9437500000000004 1.0 1.0 1.0 1.0 0.25 0.0 0.0 0.0 0.0 0.25 1.0 1.0 1.0 1.0 0.25 0.0 0.0 
0.04374999999999907 0.8937499999999998 1.0 1.0 1.0 1.0 0.43125000000000047 0.03125 0.0 0.0 0.0 0.0 0.25 1.0 1.0 1.0 1.0 0.25 0.0 0.0 
0.8337499999999991 1.0 1.0 1.0 1.0 1.0 0.35000000000000053 0.0 0.0 0.0 0.0 0.15000000000000036 1.0 1.0 1.0 1.0 1.0 0.25 0.0 0.0 
1.0 1.0 1.0 1.0 1.0 1.0 1.0 1.0 1.0 1.0 1.0 1.0 1.0 1.0 1.0 1.0 1.0 1.0 1.0 0.786249999999998 
1.0 1.0 1.0 1.0 1.0 1.0 1.0 1.0 1.0 1.0 1.0 1.0 1.0 1.0 1.0 1.0 1.0 1.0 1.0 1.0 
1.0 1.0 1.0 1.0 1.0 1.0 1.0 1.0 1.0 1.0 1.0 1.0 1.0 1.0 1.0 1.0 1.0 1.0 1.0 1.0 
0.0 0.0 0.0 0.0 0.0 0.0 0.0 0.0 0.0 0.0 0.0187499999999996 0.4687500000000002 1.0 1.0 1.0 1.0 1.0 0.25 0.0 0.0 
0.0 0.0 0.0 0.0 0.0 0.0 0.0 0.0 0.0 0.0 0.0 0.15000000000000036 1.0 1.0 1.0 1.0 1.0 0.25 0.0 0.0 
0.0 0.0 0.0 0.0 0.0 0.0 0.0 0.0 0.0 0.0 0.0 0.07125000000000145 0.6062500000000064 1.0 1.0 1.0 0.6587500000000063 0.11875000000000213 0.0 0.0 
