0.0 0.0 0.0 0.0 0.0 0.0 0.0 0.0 0.0 0.0 0.0 0.0 0.0 0.0 0.0 0.7750000000000057 1.0 1.0 1.0 1.0 
0.0 0.0 0.0 0.0 0.0 0.0 0.0 0.0 0.0 0.0 0.0 0.0 0.0 0.6075000000000069 0.9000000000000046 0.9775000000000016 1.0 1.0 1.0 1.0 
0.4875000000000068 0.0 0.0 0.0 0.0 0.0 0.0 0.0 0.0 0.0 0.0 0.0 0.31250000000000483 0.8375000000000037 1.0 1.0 1.0 1.0 1.0 0.024999999999991473 
0.9750000000000041 0.0 0.0 0.0 0.0 0.0 0.0 0.0 0.0 0.0 0.05250000000000282 0.6175000000000047 1.0 1.0 1.0 1.0 1.0 1.0 0.9074999999999946 0.022499999999992203 
0.9750000000000041 0.0 0.0 0.0 0.0 0.0 0.0 0.0 0.0 0.3325000000000036 0.8575000000000033 1.0 1.0 1.0 1.0 1.0 1.0 1.0 0.07499999999999218 0.0 
0.0 0.0 0.0 0.0 0.0 0.0 0.0 0.0 0.12750000000000278 0.6325000000000042 1.0 1.0 1.0 1.0 1.0 1.0 1.0 1.0 0.07499999999999218 0.0 
0.0 0.0 0.0 0.0 0.0 0.0 0.0 0.3375000000000029 0.9425000000000033 1.0 1.0 1.0 1.0 1.0 1.0 1.0 1.0 1.0 0.07499999999999218 0.0 
0.0 0.0 0.0 0.0 0.0 0.13750000000000168 0.6625000000000049 1.0 1.0 1.0 0.7374999999999952 0.21249999999999555 0.6250000000000036 1.0 1.0 1.0 1.0 0.1249999999999929 0.0 0.0 
0.0 0.0 0.0 0.0 0.022500000000001394 0.3475000000000044 1.0 1.0 1.0 0.5249999999999986 0.0 0.0 0.6250000000000036 1.0 1.0 1.0 1.0 0.1249999999999929 0.0 0.0 
0.0 0.0 0.0 0.12249999999999975 0.7675000000000046 1.0 1.0 1.0 0.7024999999999968 0.15749999999999623 0.0 0.0 0.6250000000000036 1.0 1.0 1.0 0.4224999999999902 0.03749999999999707 0.0 0.0 
0.0 0.022499999999999572 0.38750000000000495 1.0 1.0 1.0 0.9024999999999974 0.4374999999999945 0.0 0.0 0.0 0.5750000000000028 1.0 1.0 1.0 1.0 0.1749999999999936 0.0 0.0 0.0 
0.0 0.07499999999999662 1.0 1.0 1.0 1.0 0.6749999999999998 0.0 0.0 0.0 0.0 0.5750000000000028 1.0 1.0 1.0 1.0 0.1749999999999936 0.0 0.0 0.0 
0.5125000000000048 1.0 1.0 1.0 1.0 1.0 1.0 0.8125000000000022 0.5000000000000071 0.5000000000000071 0.7625000000000044 1.0 1.0 1.0 1.0 1.0 1.0 0.5624999999999902 0.03749999999999556 0.0 
1.0 1.0 1.0 1.0 1.0 1.0 1.0 1.0 1.0 1.0 1.0 1.0 1.0 1.0 1.0 1.0 1.0 0.1249999999999929 0.0 0.0 
1.0 1.0 1.0 1.0 1.0 1.0 1.0 1.0 1.0 1.0 1.0 1.0 1.0 1.0 1.0 1.0 0.42249999999998733 0.037499999999996626 0.0 0.0 
0.0 0.0 0.0 0.0 0.0 0.0 0.0 0.0 0.0 0.4750000000000014 1.0 1.0 1.0 1.0 0.274999999999995 0.0 0.0 0.0 0.0 0.0 
0.0 0.0 0.0 0.0 0.0 0.0 0.0 0.0 0.0 0.4750000000000014 1.0 1.0 1.0 1.0 0.274999999999995 0.0 0.0 0.0 0.0 0.0 
0.0 0.0 0.0 0.0 0.0 0.0 0.0 0.0 0.21250000000000488 0.7375000000000063 1.0 1.0 1.0 0.32499999999999574 0.0 0.0 0.0 0.0 0.0 0.0 
0.0 0.0 0.0 0.0 0.0 0.0 0.0 0.0 0.4250000000000007 1.0 1.0 1.0 1.0 0.32499999999999574 0.0 0.0 0.0 0.0 0.0 0.0 
0.0 0.0 0.0 0.0 0.0 0.0 0.0 0.0 0.4250000000000007 1.0 1.0 0.5974999999999924 0.29999999999999005 0.09749999999999549 0.0 0.0 0.0 0.0 0.0 0.0 
