0.0 0.0 0.0 0.0 0.0 0.0 0.0 0.0 0.29749999999999693 0.3499999999999943 0.3824999999999985 1.0 1.0 1.0 1.0 0.6424999999999941 0.3499999999999943 0.0874999999999961 0.0 0.0 
0.0 0.0 0.0 0.0 0.0 0.027499999999997672 0.6675000000000021 1.0 1.0 1.0 1.0 1.0 1.0 1.0 1.0 1.0 1.0 1.0 0.192499999999988 0.002499999999999272 
0.0 0.0 0.0 0.0 0.337500000000001 0.8874999999999993 1.0 1.0 1.0 1.0 1.0 1.0 1.0 1.0 1.0 1.0 1.0 1.0 1.0 0.7624999999999937 
0.0 0.0 0.0 0.15750000000000025 0.6975000000000002 1.0 1.0 1.0 0.6175000000000006 0.5500000000000034 0.0 0.0 0.0 0.0 0.24750000000000505 0.7975000000000034 1.0 1.0 1.0 1.0 
0.0 0.0 0.2500000000000031 1.0 1.0 1.0 1.0 0.8875000000000011 0.12749999999999612 0.0 0.0 0.0 0.0 0.0 0.0 0.5500000000000043 1.0 1.0 1.0 1.0 
0.0 0.0 0.2500000000000031 1.0 1.0 1.0 1.0 0.24999999999999556 0.0 0.0 0.0 0.0 0.0 0.0 0.0 0.5500000000000043 1.0 1.0 1.0 1.0 
0.0 0.1500000000000028 1.0 1.0 1.0 1.0 0.6424999999999985 0.11249999999999827 0.0 0.0 0.0 0.0 0.0 0.0 0.0 0.5500000000000043 1.0 1.0 1.0 0.04999999999999005 
0.0 0.1500000000000028 1.0 1.0 1.0 1.0 0.3499999999999961 0.0 0.0 0.0 0.0 0.0 0.0 0.0 0.4500000000000064 1.0 1.0 1.0 1.0 0.04999999999999005 
0.0 0.1500000000000028 1.0 1.0 1.0 1.0 0.3499999999999961 0.0 0.0 0.0 0.0 0.0 0.0 0.0 0.4500000000000064 1.0 1.0 1.0 1.0 0.04999999999999005 
0.0 0.1500000000000028 1.0 1.0 1.0 1.0 0.7725 0.16249999999999765 0.0 0.0 0.0 0.0 0.162500000000004 0.7725000000000037 1.0 1.0 1.0 1.0 0.4474999999999926 0.01749999999999641 
0.0 0.0975000000000016 0.7375 1.0 1.0 1.0 1.0 1.0 1.0 1.0 1.0 1.0 1.0 1.0 1.0 1.0 1.0 1.0 0.14999999999999147 0.0 
0.0 0.0 0.0 0.33250000000000157 0.9724999999999978 1.0 1.0 1.0 1.0 1.0 1.0 1.0 1.0 1.0 1.0 1.0 1.0 0.9624999999999965 0.14249999999999127 0.0 
0.0 0.0 0.0 0.0 0.11249999999999934 0.24999999999999645 0.7375000000000017 1.0 1.0 1.0 1.0 1.0 1.0 1.0 1.0 1.0 1.0 0.2499999999999929 0.0 0.0 
0.0 0.0 0.0 0.0 0.0 0.0 0.0 0.0 0.0 0.0 0.0 0.0 0.25000000000000533 1.0 1.0 1.0 1.0 0.2499999999999929 0.0 0.0 
0.007500000000000657 0.15000000000000568 0.15000000000000568 0.09750000000000321 0.0 0.0 0.0 0.0 0.0 0.0 0.0 0.022500000000001706 0.3625000000000088 1.0 1.0 1.0 0.3499999999999943 0.0 0.0 0.0 
0.8575000000000085 1.0 1.0 0.9475000000000025 0.4675000000000015 0.0 0.0 0.0 0.0 0.0 0.0 0.15000000000000568 1.0 1.0 1.0 1.0 0.3499999999999943 0.0 0.0 0.0 
1.0 1.0 1.0 1.0 0.7975000000000019 0.24750000000000116 0.0 0.0 0.0 0.0 0.5725000000000101 1.0 1.0 1.0 1.0 0.44999999999999574 0.0 0.0 0.0 0.0 
0.7624999999999938 1.0 1.0 1.0 1.0 1.0 1.0 1.0 1.0 1.0 1.0 1.0 1.0 0.9124999999999959 0.4124999999999913 0.0 0.0 0.0 0.0 0.0 
0.05000000000000249 1.0 1.0 1.0 1.0 1.0 1.0 1.0 1.0 1.0 1.0 1.0 0.7624999999999924 0.032499999999993194 0.0 0.0 0.0 0.0 0.0 0.0 
0.0 0.0 0.08749999999999789 0.3499999999999872 0.3499999999999872 0.707499999999997 1.0 0.5124999999999875 0.3499999999999872 0.3499999999999872 0.33249999999998575 0.0 0.0 0.0 0.0 0.0 0.0 0.0 0.0 0.0 
