0.0 0.0 0.30625000000000124 0.34999999999999787 0.34999999999999787 0.34999999999999787 0.25374999999999587 0.0 0.0 0.0 0.0 0.0 0.0 0.0 0.026250000000000835 0.6262500000000015 1.0 1.0 1.0 1.0 
0.0 0.0 0.8750000000000089 1.0 1.0 1.0 0.688749999999994 0.0 0.0 0.0 0.0 0.0 0.0 0.03624999999999933 1.0 1.0 1.0 1.0 0.9762500000000006 0.16624999999999757 
0.0 0.0 0.8750000000000089 1.0 1.0 1.0 0.0 0.0 0.0 0.0 0.0 0.0 0.281250000000005 0.9312500000000019 1.0 1.0 1.0 0.9062499999999948 0.13125000000000012 0.0 
0.0 0.0 0.8750000000000089 1.0 1.0 1.0 0.0 0.0 0.0 0.0 0.0 0.46375000000000244 1.0 1.0 1.0 1.0 0.651249999999998 0.0 0.0 0.0 
0.0 0.5250000000000092 1.0 1.0 1.0 1.0 0.0 0.0 0.0 0.04875000000000108 0.7237500000000052 1.0 1.0 1.0 0.9887499999999996 0.4887499999999962 0.0 0.0 0.0 0.0 
0.0 0.5250000000000092 1.0 1.0 1.0 1.0 0.0 0.0 0.0 0.8987500000000019 1.0 1.0 1.0 1.0 0.13874999999999826 0.0 0.0 0.0 0.0 0.0 
0.0 0.5250000000000092 1.0 1.0 1.0 1.0 0.0 0.34375000000000433 0.9887500000000031 1.0 1.0 1.0 0.7937499999999958 0.12374999999999597 0.0 0.0 0.0 0.0 0.0 0.0 
0.0 0.5250000000000092 1.0 1.0 1.0 1.0 1.0 1.0 1.0 1.0 0.8312499999999973 0.731249999999994 0.0 0.0 0.0 0.0 0.0 0.0 0.0 0.0 
0.0 0.5250000000000092 1.0 1.0 1.0 1.0 1.0 1.0 1.0 1.0 0.32499999999999396 0.0 0.0 0.0 0.0 0.0 0.0 0.0 0.0 0.0 
0.0 0.5250000000000092 1.0 1.0 1.0 1.0 1.0 1.0 1.0 1.0 0.7637500000000005 0.0 0.0 0.0 0.0 0.0 0.0 0.0 0.0 0.0 
0.061250000000004225 0.6912500000000084 1.0 1.0 1.0 1.0 1.0 1.0 1.0 1.0 1.0 0.3412500000000029 0.0 0.0 0.0 0.0 0.0 0.0 0.0 0.0 
0.1750000000000096 1.0 1.0 1.0 1.0 0.9537499999999957 0.0 0.5937500000000041 0.9987500000000002 1.0 1.0 0.9762499999999947 0.03125000000000231 0.0 0.0 0.0 0.0 0.0 0.0 0.0 
0.1750000000000096 1.0 1.0 1.0 1.0 0.07499999999999218 0.0 0.0 0.9750000000000068 1.0 1.0 1.0 0.6249999999999929 0.0 0.0 0.0 0.0 0.0 0.0 0.0 
0.1750000000000096 1.0 1.0 1.0 0.42499999999999183 0.0 0.0 0.0 0.0 1.0 1.0 1.0 1.0 0.2749999999999915 0.0 0.0 0.0 0.0 0.0 0.0 
0.1750000000000096 1.0 1.0 1.0 0.42499999999999183 0.0 0.0 0.0 0.0 0.2762500000000036 0.951249999999999 1.0 1.0 1.0 0.0 0.0 0.0 0.0 0.0 0.0 
0.1750000000000096 1.0 1.0 1.0 0.42499999999999183 0.0 0.0 0.0 0.0 0.0 0.675000000000006 1.0 1.0 1.0 0.7862500000000054 0.0 0.0 0.0 0.0 0.0 
0.1750000000000096 1.0 1.0 1.0 0.42499999999999183 0.0 0.0 0.0 0.0 0.0 0.0 1.0 1.0 1.0 1.0 0.5749999999999957 0.0 0.0 0.0 0.0 
1.0 1.0 1.0 1.0 0.42499999999999183 0.0 0.0 0.0 0.0 0.0 0.0 0.025000000000005684 1.0 1.0 1.0 1.0 0.22499999999999432 0.0 0.0 0.0 
1.0 1.0 1.0 1.0 0.42499999999999183 0.0 0.0 0.0 0.0 0.0 0.0 0.0012500000000000356 0.40625000000000056 1.0 1.0 1.0 0.9612500000000074 0.0 0.0 0.0 
1.0 1.0 1.0 0.7749999999999915 0.0 0.0 0.0 0.0 0.0 0.0 0.0 0.0 0.13125000000000037 0.821250000000004 1.0 1.0 1.0 0.0 0.0 0.0 
