0.0 0.0 5.329070518200751e-15 1.0 1.0 1.0 0.39999999999999325 0.0 0.0 0.0 0.0 0.0 0.0 0.0 0.26000000000000595 1.0 1.0 1.0 1.0 0.739999999999994 
0.0 0.0 5.329070518200751e-15 1.0 1.0 1.0 0.39999999999999325 0.0 0.0 0.0 0.0 0.0 0.0 0.3900000000000066 0.9950000000000009 1.0 1.0 1.0 0.6099999999999864 0.004999999999999165 
0.0 0.0 5.329070518200751e-15 1.0 1.0 1.0 0.39999999999999325 0.0 0.0 0.0 0.0 0.0 0.6250000000000053 1.0 1.0 1.0 1.0 0.37499999999999467 0.0 0.0 
0.0 0.0 1.0 1.0 1.0 1.0 0.39999999999999325 0.0 0.0 0.0 0.05500000000000267 0.7100000000000071 1.0 1.0 1.0 0.9449999999999968 0.289999999999993 0.0 0.0 0.0 
0.0 0.0 1.0 1.0 1.0 1.0 0.39999999999999325 0.0 0.0 0.0 0.9400000000000026 1.0 1.0 1.0 1.0 0.059999999999997264 0.0 0.0 0.0 0.0 
0.0 0.0 1.0 1.0 1.0 0.7999999999999936 0.0 0.0 0.23000000000000542 0.9150000000000038 1.0 1.0 1.0 0.7699999999999956 0.0849999999999946 0.0 0.0 0.0 0.0 0.0 
0.0 0.0 1.0 1.0 1.0 0.8449999999999953 0.08999999999999905 0.22500000000000692 1.0 1.0 1.0 1.0 0.774999999999993 0.0 0.0 0.0 0.0 0.0 0.0 0.0 
0.0 0.0 1.0 1.0 1.0 1.0 0.9250000000000003 1.0 1.0 1.0 1.0 0.4749999999999915 0.0 0.0 0.0 0.0 0.0 0.0 0.0 0.0 
0.0 0.3150000000000039 1.0 1.0 1.0 1.0 1.0 1.0 1.0 1.0 0.3799999999999944 0.0 0.0 0.0 0.0 0.0 0.0 0.0 0.0 0.0 
0.0 0.600000000000005 1.0 1.0 1.0 1.0 1.0 1.0 1.0 1.0 0.7999999999999918 0.0 0.0 0.0 0.0 0.0 0.0 0.0 0.0 0.0 
0.0 0.600000000000005 1.0 1.0 1.0 1.0 1.0 1.0 1.0 1.0 0.9649999999999992 0.3299999999999941 0.0 0.0 0.0 0.0 0.0 0.0 0.0 0.0 
0.0 0.600000000000005 1.0 1.0 1.0 0.9049999999999967 0.5249999999999986 0.5250000000000019 1.0 1.0 1.0 0.6849999999999964 0.0 0.0 0.0 0.0 0.0 0.0 0.0 0.0 
0.0 0.600000000000005 1.0 1.0 1.0 0.0 0.0 6.217248937900877e-15 0.9250000000000009 1.0 1.0 1.0 0.12499999999999911 0.0 0.0 0.0 0.0 0.0 0.0 0.0 
0.155000000000004 0.9100000000000019 1.0 1.0 1.0 0.0 0.0 0.0 0.40000000000000746 1.0 1.0 1.0 0.9999999999999929 0.0 0.0 0.0 0.0 0.0 0.0 0.0 
0.20000000000000462 1.0 1.0 1.0 0.6599999999999968 0.0 0.0 0.0 0.0 0.8000000000000078 1.0 1.0 1.0 0.5999999999999943 0.0 0.0 0.0 0.0 0.0 0.0 
0.20000000000000462 1.0 1.0 1.0 0.19999999999999396 0.0 0.0 0.0 0.0 0.0 1.0 1.0 1.0 1.0 0.19999999999998863 0.0 0.0 0.0 0.0 0.0 
0.20000000000000462 1.0 1.0 1.0 0.19999999999999396 0.0 0.0 0.0 0.0 0.0 0.4200000000000048 1.0 1.0 1.0 0.779999999999998 0.0 0.0 0.0 0.0 0.0 
0.20000000000000462 1.0 1.0 1.0 0.19999999999999396 0.0 0.0 0.0 0.0 0.0 0.1250000000000051 0.8500000000000032 1.0 1.0 1.0 0.79999999999999 0.0 0.0 0.0 0.0 
0.22000000000000622 1.0 1.0 1.0 0.19999999999999396 0.0 0.0 0.0 0.0 0.0 0.0 0.0 1.0 1.0 1.0 1.0 0.3999999999999915 0.0 0.0 0.0 
1.0 1.0 1.0 1.0 0.19999999999999396 0.0 0.0 0.0 0.0 0.0 0.0 0.0 0.32500000000000406 1.0 1.0 1.0 0.3999999999999915 0.0 0.0 0.0 
