0.0 0.0 0.0 0.0 0.22000000000000144 0.40000000000000213 0.6100000000000007 1.0 1.0 1.0 1.0 1.0 0.5500000000000058 0.40000000000000213 0.18000000000000352 0.0 0.0 0.0 0.0 0.0 
0.0 0.0 0.1500000000000019 0.7200000000000016 1.0 1.0 1.0 1.0 1.0 1.0 1.0 1.0 1.0 1.0 1.0 0.6400000000000071 0.1300000000000031 0.0 0.0 0.0 
0.0 0.850000000000003 1.0 1.0 1.0 0.9999999999999992 0.6500000000000001 0.0 0.0 0.0 0.0 0.0 0.7499999999999916 0.9999999999999993 1.0 1.0 1.0 0.7500000000000107 0.0 0.0 
0.0 0.850000000000003 1.0 1.0 1.0 0.5499999999999998 0.0 0.0 0.0 0.0 0.0 0.0 0.0 0.12999999999999798 0.6399999999999941 1.0 1.0 0.9500000000000025 0.680000000000011 0.0 
0.9500000000000037 1.0 1.0 1.0 0.4499999999999993 0.0 0.0 0.0 0.0 0.0 0.0 0.0 0.0 0.0 0.5499999999999936 1.0 1.0 1.0 0.8500000000000121 0.0 
0.9500000000000037 1.0 1.0 1.0 0.4499999999999993 0.0 0.0 0.0 0.0 0.0 0.0 0.0 0.0 0.0 0.0 0.4499999999999922 1.0 1.0 0.9100000000000076 0.380000000000006 
0.760000000000002 0.9700000000000004 1.0 1.0 0.4499999999999993 0.0 0.0 0.0 0.0 0.0 0.0 0.0 0.0 0.0 0.1099999999999993 0.5599999999999943 1.0 1.0 0.8500000000000121 0.0 
0.0 0.850000000000003 1.0 1.0 1.0 0.5499999999999998 0.0 0.0 0.0 0.0 0.0 0.0 0.0 0.0 0.5499999999999936 1.0 1.0 1.0 0.8500000000000121 0.0 
0.0 0.0 0.1499999999999999 0.7200000000000008 1.0 1.0 0.9300000000000005 0.8000000000000007 0.6800000000000025 0.03999999999999776 0.7599999999999972 0.8000000000000007 0.8000000000000007 0.9299999999999993 1.0 1.0 1.0 0.7500000000000107 0.0 0.0 
0.0 0.0 0.0 0.0 0.5500000000000007 1.0 1.0 1.0 1.0 1.0 1.0 1.0 1.0 1.0 1.0 0.5500000000000078 0.0 0.0 0.0 0.0 
0.0 0.0 0.3000000000000025 0.7900000000000015 1.0 1.0 1.0 0.9000000000000001 0.5999999999999979 0.5999999999999979 0.5999999999999979 0.5999999999999979 0.8999999999999966 1.0 1.0 0.7300000000000056 0.40000000000000213 0.3000000000000059 0.0 0.0 
0.0 0.850000000000003 1.0 1.0 1.0 0.9100000000000003 0.5200000000000015 0.0 0.0 0.0 0.0 0.0 0.0 0.0 0.4399999999999953 0.8899999999999988 1.0 1.0 0.8500000000000121 0.0 
0.0 0.850000000000003 1.0 1.0 0.4499999999999993 0.0 0.0 0.0 0.0 0.0 0.0 0.0 0.0 0.0 0.0 0.4499999999999922 1.0 1.0 1.0 0.95000000000001 
0.9500000000000037 1.0 1.0 1.0 0.4499999999999993 0.0 0.0 0.0 0.0 0.0 0.0 0.0 0.0 0.0 0.0 0.0 0.34999999999999076 1.0 1.0 0.95000000000001 
0.9500000000000037 1.0 1.0 1.0 0.4499999999999993 0.0 0.0 0.0 0.0 0.0 0.0 0.0 0.0 0.0 0.0 0.0 0.34999999999999076 1.0 1.0 0.95000000000001 
0.0 0.850000000000003 1.0 1.0 0.4499999999999993 0.0 0.0 0.0 0.0 0.0 0.0 0.0 0.0 0.0 0.0 0.0 0.34999999999999076 1.0 1.0 0.95000000000001 
0.0 0.6800000000000029 0.9500000000000006 1.0 1.0 0.5499999999999998 0.0 0.0 0.0 0.0 0.0 0.0 0.0 0.0 0.10999999999999834 0.5599999999999934 1.0 1.0 1.0 0.95000000000001 
0.0 0.0 0.7500000000000022 1.0 1.0 1.0 1.0 0.7500000000000018 0.0 0.0 0.0 0.0 0.0 0.649999999999995 1.0 1.0 1.0 1.0 0.8500000000000121 0.0 
0.0 0.0 0.0 0.13000000000000209 0.6400000000000019 1.0 1.0 1.0 1.0 1.0 1.0 1.0 1.0 1.0 1.0 1.0 0.7200000000000084 0.15000000000000427 0.0 0.0 
0.0 0.0 0.0 0.0 0.0 0.0 0.14000000000000148 0.4000000000000057 0.4000000000000057 0.4300000000000037 0.9699999999999978 0.49000000000000826 0.4000000000000057 0.4000000000000057 0.4000000000000057 0.22000000000000625 0.0 0.0 0.0 0.0 
