0.3000000000000078 0.3000000000000078 0.3000000000000078 0.3000000000000078 0.3000000000000097 0.9999999999999981 0.3000000000000078 0.3000000000000103 0.9999999999999976 0.3000000000000078 0.3000000000000103 1.0 1.0 1.0 1.0 0.9999999999999962 0.3000000000000078 0.3000000000000078 0.3000000000000057 0.0 
1.0 1.0 1.0 1.0 1.0 1.0 1.0 1.0 1.0 1.0 1.0 1.0 1.0 1.0 1.0 1.0 1.0 1.0 0.9999999999999993 0.900000000000001 
1.0 1.0 1.0 1.0 1.0 1.0 1.0 1.0 1.0 1.0 1.0 1.0 1.0 1.0 1.0 1.0 1.0 1.0 1.0 0.9999999999999929 
1.0 1.0 1.0 1.0 1.0 1.0 0.9999999999999997 0.8999999999999936 1.0 1.0 1.0 1.0 1.0 1.0 1.0 1.0 1.0 1.0 0.9999999999999993 0.8999999999999868 
1.0 1.0 1.0 1.0 1.0 0.9999999999999981 0.29999999999999255 1.0658141036401276e-15 0.2999999999999936 0.2999999999999936 0.2999999999999936 0.2999999999999936 0.2999999999999936 0.2999999999999936 0.2999999999999936 0.2999999999999936 0.2999999999999936 0.2999999999999936 0.2999999999999915 0.0 
1.7763568394002505e-15 1.0 1.0 1.0 1.0 0.9999999999999973 0.0 0.0 0.0 0.0 0.0 0.0 0.0 0.0 0.0 0.0 0.0 0.0 0.0 0.0 
1.7763568394002505e-15 1.0 1.0 1.0 1.0 0.9999999999999973 0.0 0.0 0.0 0.0 0.0 0.0 0.0 0.0 0.0 0.0 0.0 0.0 0.0 0.0 
1.7763568394002505e-15 1.0 1.0 1.0 1.0 0.9999999999999973 0.0 0.0 0.0 0.0 0.0 0.0 0.0 0.0 0.0 0.0 0.0 0.0 0.0 0.0 
1.7763568394002505e-15 1.0 1.0 1.0 1.0 0.9999999999999973 0.0 0.0 0.0 0.0 0.0 0.0 0.0 0.0 0.0 0.0 0.0 0.0 0.0 0.0 
1.7763568394002505e-15 1.0 1.0 1.0 1.0 0.9999999999999992 0.7000000000000046 0.7000000000000046 0.7000000000000046 0.7000000000000046 0.7000000000000046 0.7000000000000046 0.7000000000000046 0.7000000000000046 0.7000000000000046 0.7000000000000046 0.6999999999999996 0.0 0.0 0.0 
1.7763568394002505e-15 1.0 1.0 1.0 1.0 1.0 1.0 1.0 1.0 1.0 1.0 1.0 1.0 1.0 1.0 1.0 1.0 0.9999999999999929 0.0 0.0 
1.7763568394002505e-15 1.0 1.0 1.0 1.0 1.0 1.0 1.0 1.0 1.0 1.0 1.0 1.0 1.0 1.0 1.0 0.9999999999999936 0.09999999999999716 0.0 0.0 
1.7763568394002505e-15 1.0 1.0 1.0 1.0 0.9999999999999973 0.0 0.0 0.0 0.0 0.0 0.0 0.0 0.0 0.0 0.0 0.0 0.0 0.0 0.0 
1.7763568394002505e-15 1.0 1.0 1.0 1.0 0.9999999999999973 0.0 0.0 0.0 0.0 0.0 0.0 0.0 0.0 0.0 0.0 0.0 0.0 0.0 0.0 
1.7763568394002505e-15 1.0 1.0 1.0 1.0 0.9999999999999973 0.0 0.0 0.0 0.0 0.0 0.0 0.0 0.0 0.0 0.0 0.0 0.0 0.0 0.0 
1.7763568394002505e-15 1.0 1.0 1.0 1.0 0.9999999999999973 0.0 0.0 0.0 0.0 0.0 0.0 0.0 0.0 0.0 0.0 0.0 0.0 0.0 0.0 
1.7763568394002505e-15 1.0 1.0 1.0 1.0 0.9999999999999973 0.0 0.0 0.0 0.0 0.0 0.0 0.0 0.0 0.0 0.0 0.0 0.0 0.0 0.0 
1.7763568394002505e-15 1.0 1.0 1.0 1.0 0.9999999999999973 0.0 0.0 0.0 0.0 0.0 0.0 0.0 0.0 0.0 0.0 0.0 0.0 0.0 0.0 
1.7763568394002505e-15 1.0 1.0 1.0 1.0 0.9999999999999973 0.0 0.0 0.0 0.0 0.0 0.0 0.0 0.0 0.0 0.0 0.0 0.0 0.0 0.0 
5.329070518200764e-16 0.3000000000000021 1.0 1.0 0.9999999999999981 0.29999999999999993 0.0 0.0 0.0 0.0 0.0 0.0 0.0 0.0 0.0 0.0 0.0 0.0 0.0 0.0 
