0.0 0.0 0.0 0.0 0.3099999999999883 0.3999999999999879 0.8049999999999922 1.0 1.0 1.0 0.7149999999999976 0.3999999999999879 0.24999999999999528 0.0 0.0 0.0 0.0 0.0 0.0 0.0 
0.0 0.0 0.1749999999999889 0.8599999999999932 1.0 1.0 1.0 1.0 1.0 1.0 1.0 1.0 1.0 1.0 0.7800000000000022 0.15499999999999234 0.0 0.0 0.0 0.0 
0.0 0.9249999999999848 0.9999999999999987 1.0 1.0 1.0 1.0 0.3750000000000126 1.021405182655144e-14 1.021405182655144e-14 0.4749999999999997 1.0 1.0 1.0 1.0 0.9999999999999977 0.824999999999998 0.0 0.0 0.0 
0.7799999999999866 0.9849999999999982 1.0 1.0 0.3800000000000117 0.05500000000000363 0.0 0.0 0.0 0.0 0.0 0.0 0.07500000000000198 0.4600000000000013 1.0 1.0 0.9649999999999996 0.6999999999999977 0.0 0.0 
0.9749999999999943 1.0 1.0 1.0 0.22500000000000586 0.0 0.0 0.0 0.0 0.0 0.0 0.0 0.0 0.32499999999999396 1.0 1.0 1.0 0.8750000000000071 0.0 0.0 
0.9749999999999943 1.0 1.0 1.0 0.22500000000000586 0.0 0.0 0.0 0.0 0.0 0.0 0.0 0.0 0.0 0.27499999999999325 1.0 1.0 0.9500000000000037 0.5550000000000109 0.0 
0.9749999999999943 1.0 1.0 1.0 0.22500000000000586 0.0 0.0 0.0 0.0 0.0 0.0 0.0 0.0 0.06499999999999682 0.4199999999999902 1.0 1.0 0.9750000000000022 0.7400000000000119 0.0 
5.195843755245702e-15 0.9249999999999947 1.0 1.0 0.9999999999999959 0.27500000000000424 0.0 0.0 0.0 0.0 0.0 0.0 0.0 0.32499999999999396 1.0 1.0 1.0 0.8750000000000071 0.0 0.0 
0.0 0.18500000000000313 0.8999999999999959 1.0 1.0 0.8549999999999978 0.7999999999999954 0.30000000000000326 0.0 0.0 0.0 0.3399999999999929 0.8749999999999957 1.0 1.0 1.0 0.8600000000000059 0.17500000000000546 0.0 0.0 
0.0 0.0 0.0 0.32999999999999935 0.8649999999999969 1.0 1.0 1.0 1.0 1.0 1.0 1.0 1.0 1.0 0.8350000000000046 0.31000000000000394 0.0 0.0 0.0 0.0 
0.0 0.0 0.3499999999999964 0.3999999999999986 0.8649999999999962 1.0 1.0 1.0 0.7700000000000032 0.6000000000000014 0.6000000000000014 0.7699999999999982 1.0 1.0 0.8350000000000037 0.31000000000000116 0.0 0.0 0.0 0.0 
0.0 0.9249999999999943 1.0 1.0 1.0 0.8550000000000016 0.26000000000000534 0.0 0.0 0.0 0.0 0.0 0.2999999999999946 0.8649999999999993 1.0 1.0 0.860000000000005 0.1750000000000008 0.0 0.0 
0.9749999999999943 1.0 1.0 1.0 0.22500000000000586 0.0 0.0 0.0 0.0 0.0 0.0 0.0 0.0 0.0 0.27499999999999325 1.0 1.0 1.0 0.9250000000000078 0.0 
0.9749999999999943 1.0 1.0 1.0 0.22500000000000586 0.0 0.0 0.0 0.0 0.0 0.0 0.0 0.0 0.0 0.05499999999999845 0.3799999999999949 1.0 1.0 0.9250000000000078 0.0 
0.9749999999999943 1.0 1.0 1.0 0.22500000000000586 0.0 0.0 0.0 0.0 0.0 0.0 0.0 0.0 0.0 0.0 0.22499999999999432 1.0 1.0 0.9250000000000078 0.0 
0.9749999999999943 1.0 1.0 1.0 0.22500000000000586 0.0 0.0 0.0 0.0 0.0 0.0 0.0 0.0 0.0 0.10999999999999789 0.5349999999999983 1.0 1.0 0.970000000000003 0.5850000000000009 
0.0 0.9249999999999943 1.0 1.0 1.0 0.2750000000000057 0.0 0.0 0.0 0.0 0.0 0.0 0.0 0.0 0.27499999999999325 1.0 1.0 1.0 0.9250000000000078 0.0 
0.0 0.0 0.8749999999999911 0.9999999999999993 1.0 1.0 0.3250000000000088 3.552713678800501e-15 1.5099033134902344e-15 0.0 1.6875389974302177e-15 3.552713678800501e-15 0.3749999999999951 1.0 1.0 1.0 1.0 0.8750000000000071 0.0 0.0 
0.0 0.0 0.0 0.1649999999999894 0.8199999999999927 1.0 1.0 1.0 0.8850000000000078 0.8000000000000114 0.8950000000000048 1.0 1.0 1.0 1.0 1.0 0.8600000000000031 0.17499999999999147 0.0 0.0 
0.0 0.0 0.0 0.0 0.0 0.28999999999999154 0.3999999999999915 0.774999999999993 1.0 1.0 1.0 1.0 1.0 0.8050000000000008 0.3999999999999915 0.30999999999999567 0.0 0.0 0.0 0.0 
