0.0 0.0 0.0 0.0 0.11374999999999869 0.3499999999999943 0.3662499999999947 0.9187499999999993 1.0 1.0 1.0 1.0 0.9187500000000016 0.36624999999999586 0.3499999999999943 0.11374999999999914 0.0 0.0 0.0 0.0 
0.0 0.0 0.6250000000000024 1.0 1.0 1.0 0.9987500000000001 0.956250000000004 0.9500000000000046 0.9500000000000046 0.9500000000000046 0.9500000000000046 0.9562500000000038 0.99875 1.0 1.0 0.5012500000000023 0.03124999999999729 0.0 0.0 
0.0 0.581249999999999 0.9062499999999991 1.0 0.7562500000000002 0.250000000000004 0.2437500000000038 0.0312500000000005 0.0 0.0 0.0 0.0 0.03124999999999961 0.24375000000000335 0.8687499999999975 1.0 1.0 0.9062499999999993 0.5812500000000012 0.0 
0.4162499999999984 0.8762500000000009 1.0 0.5249999999999981 0.0 0.0 0.0 0.0 0.0 0.0 0.0 0.0 0.0 0.0 0.0 0.6749999999999972 1.0 1.0 0.7750000000000057 0.0 
0.9250000000000034 1.0 1.0 0.5249999999999981 0.0 0.0 0.0 0.0 0.0 0.0 0.0 0.0 0.0 0.0 0.0 0.0 0.524999999999995 1.0 0.8087500000000043 0.1387499999999985 
0.9250000000000034 1.0 1.0 0.5249999999999981 0.0 0.0 0.0 0.0 0.0 0.0 0.0 0.0 0.0 0.0 0.0 0.0 0.524999999999995 1.0 1.0 0.9250000000000043 
0.9250000000000034 1.0 1.0 0.5249999999999981 0.0 0.0 0.0 0.0 0.0 0.0 0.0 0.0 0.0 0.0 0.0 0.0 0.524999999999995 1.0 1.0 0.9250000000000043 
0.9250000000000034 1.0 1.0 0.5249999999999981 0.0 0.0 0.0 0.0 0.0 0.0 0.0 0.0 0.0 0.0 0.0 0.0 0.524999999999995 1.0 1.0 0.9250000000000043 
0.9250000000000034 1.0 1.0 0.9762500000000004 0.6412499999999993 0.0 0.0 0.0 0.0 0.0 0.0 0.0 0.0 0.0 0.0 0.641249999999998 0.9762500000000003 1.0 1.0 0.9250000000000043 
0.0 0.2712499999999994 0.7562500000000008 1.0 0.8862500000000002 0.6500000000000021 0.6337500000000018 0.08125000000000027 0.0 0.0 0.0 0.0 0.08124999999999796 0.6337500000000007 0.9387499999999989 1.0 1.0 1.0 1.0 0.9250000000000043 
0.0 0.0 0.0 0.3087500000000005 0.6499999999999986 0.711249999999999 1.0 1.0 1.0 1.0 1.0 1.0 0.956250000000001 0.6587499999999994 0.6499999999999986 0.8862499999999985 1.0 1.0 1.0 0.9250000000000043 
0.0 0.0 0.0 0.0 0.0 0.0 0.0 0.0 0.0 0.0 0.0 0.0 0.0 0.0 0.0 0.0 0.524999999999995 1.0 1.0 0.9250000000000043 
0.0 0.0 0.0 0.0 0.0 0.0 0.0 0.0 0.0 0.0 0.0 0.0 0.0 0.0 0.0 0.0 0.524999999999995 1.0 1.0 0.9250000000000043 
0.0 0.0 0.0 0.0 0.0 0.0 0.0 0.0 0.0 0.0 0.0 0.0 0.0 0.0 0.0 0.0 0.524999999999995 1.0 1.0 0.9250000000000043 
0.13875000000000576 0.15000000000000568 0.056250000000001764 0.0 0.0 0.0 0.0 0.0 0.0 0.0 0.0 0.0 0.0 0.0 0.0 0.0 0.524999999999995 1.0 1.0 0.9250000000000043 
0.9250000000000034 1.0 0.37499999999999756 0.0 0.0 0.0 0.0 0.0 0.0 0.0 0.0 0.0 0.0 0.0 0.0 0.0 0.524999999999995 1.0 0.808750000000003 0.13874999999999274 
0.9250000000000034 1.0 1.0 0.5249999999999981 0.0 0.0 0.0 0.0 0.0 0.0 0.0 0.0 0.0 0.0 0.0 0.3712500000000037 0.7862500000000014 1.0 0.7750000000000057 0.0 
0.693749999999996 0.9437499999999991 1.0 1.0 0.7562500000000012 0.2500000000000071 0.24375000000000685 0.03125000000000089 0.0 0.0 0.0 0.0 0.03125 0.2437500000000064 0.868749999999998 1.0 1.0 0.9062499999999982 0.5812499999999987 0.0 
0.0 0.038749999999992436 0.6437499999999986 1.0 1.0 1.0 0.9987500000000002 0.9562500000000087 0.95000000000001 0.95000000000001 0.95000000000001 0.95000000000001 0.9562500000000085 0.9987500000000001 1.0 1.0 0.5012499999999995 0.03124999999999396 0.0 0.0 
0.0 0.0 0.0 0.16624999999999457 0.3499999999999872 0.4637499999999899 1.0 1.0 1.0 1.0 1.0 1.0 0.9187500000000007 0.3662499999999889 0.3499999999999872 0.11374999999999684 0.0 0.0 0.0 0.0 
