0.0 0.0 0.0 0.0 0.0 0.0 0.0 0.2500000000000018 1.0 1.0 1.0 1.0 0.25 0.0 0.0 0.0 0.0 0.0 0.0 0.0 
0.0 0.0 0.0 0.0 0.0 0.0 0.0 0.2500000000000018 1.0 1.0 1.0 1.0 0.25 0.0 0.0 0.0 0.0 0.0 0.0 0.0 
0.0 0.0 0.0 0.0 0.0 0.0 0.21875000000000072 0.7187500000000003 1.0 1.0 1.0 1.0 1.0 0.34999999999999964 0.0 0.0 0.0 0.0 0.0 0.0 
0.0 0.0 0.0 0.0 0.0 0.0 0.3500000000000014 1.0 1.0 1.0 1.0 1.0 1.0 0.34999999999999964 0.0 0.0 0.0 0.0 0.0 0.0 
0.0 0.0 0.0 0.0 0.0 0.0 0.3500000000000014 1.0 1.0 1.0 1.0 1.0 1.0 0.34999999999999964 0.0 0.0 0.0 0.0 0.0 0.0 
0.0 0.0 0.0 0.0 0.0 0.45000000000000195 1.0 1.0 1.0 1.0 1.0 1.0 1.0 1.0 0.4499999999999993 0.0 0.0 0.0 0.0 0.0 
0.0 0.0 0.0 0.0 0.0 0.45000000000000195 1.0 1.0 1.0 0.9887499999999998 0.7862500000000001 0.9662500000000004 1.0 1.0 0.4499999999999993 0.0 0.0 0.0 0.0 0.0 
0.0 0.0 0.0 0.0 0.0 0.45000000000000195 1.0 1.0 0.8687499999999989 0.11874999999999991 0.006249999999999867 0.8500000000000014 1.0 1.0 0.4499999999999993 0.0 0.0 0.0 0.0 0.0 
0.0 0.0 0.0 0.0 0.550000000000002 1.0 1.0 0.7499999999999982 0.0 0.0 0.0 0.0 0.75 1.0 1.0 0.5500000000000007 0.0 0.0 0.0 0.0 
0.0 0.0 0.0 0.0 0.550000000000002 1.0 1.0 0.7499999999999982 0.0 0.0 0.0 0.0 0.75 1.0 1.0 0.5500000000000007 0.0 0.0 0.0 0.0 
0.0 0.0 0.0 0.5362500000000013 0.92125 1.0 0.711249999999999 0.13125000000000023 0.0 0.0 0.0 0.0 0.75 1.0 1.0 0.5500000000000007 0.0 0.0 0.0 0.0 
0.0 0.0 0.0 0.6500000000000021 1.0 1.0 0.6499999999999986 0.0 0.0 0.0 0.0 0.0 0.0 0.6500000000000004 1.0 1.0 0.6500000000000004 0.0 0.0 0.0 
0.0 0.0 0.0937500000000003 0.6937500000000019 1.0 1.0 0.6499999999999986 0.0 0.0 0.0 0.0 0.0 0.0 0.6500000000000004 1.0 1.0 0.6500000000000004 0.0 0.0 0.0 
0.0 0.0 0.7500000000000024 1.0 1.0 0.6512499999999976 0.1462499999999983 0.0 0.0 0.0 0.0 0.0 0.0 0.6500000000000004 1.0 1.0 0.6500000000000004 0.0 0.0 0.0 
0.0 0.0 0.7500000000000024 1.0 1.0 0.549999999999998 0.0 0.0 0.0 0.0 0.0 0.0 0.0 0.0 0.5500000000000007 1.0 1.0 0.75 0.0 0.0 
0.0 0.8500000000000026 1.0 1.0 1.0 1.0 0.6762499999999997 0.07500000000000284 0.07500000000000284 0.07500000000000284 0.07500000000000284 0.07500000000000284 0.07500000000000284 0.6762500000000014 1.0 1.0 1.0 0.75 0.0 0.0 
0.0 0.8500000000000025 1.0 1.0 1.0 1.0 1.0 1.0 1.0 1.0 1.0 1.0 1.0 1.0 1.0 1.0 1.0 0.75 0.0 0.0 
0.35625000000000107 0.9062500000000017 1.0 1.0 0.7937499999999993 0.625 0.625 0.625 0.625 0.625 0.625 0.625 0.625 0.625 0.8312500000000003 1.0 1.0 1.0 0.8500000000000014 0.0 
0.9500000000000028 1.0 1.0 0.34999999999999787 0.0 0.0 0.0 0.0 0.0 0.0 0.0 0.0 0.0 0.0 0.0 0.4499999999999993 1.0 1.0 0.8500000000000014 0.0 
0.9500000000000028 1.0 1.0 0.34999999999999787 0.0 0.0 0.0 0.0 0.0 0.0 0.0 0.0 0.0 0.0 0.0 0.14624999999999944 0.5612499999999994 1.0 0.9512500000000006 0.6412500000000002 
