1.2434497875801614e-15 0.6999999999999927 1.0 1.0 0.9999999999999973 0.0 0.0 0.0 0.0 0.0 0.0 0.0 0.0 1.598721155460267e-15 0.3000000000000078 0.3000000000000078 0.3000000000000078 0.3000000000000078 0.3000000000000078 0.3000000000000057 
1.5987211554602387e-15 0.9000000000000077 1.0 1.0 0.9999999999999998 0.9000000000000075 0.9000000000000075 0.9000000000000075 0.9000000000000075 0.9000000000000075 0.9000000000000075 0.9000000000000075 0.9000000000000075 0.900000000000008 1.0 1.0 1.0 1.0 1.0 0.9999999999999929 
1.0 1.0 1.0 1.0 1.0 1.0 1.0 1.0 1.0 1.0 1.0 1.0 1.0 1.0 1.0 1.0 1.0 1.0 1.0 0.9999999999999929 
1.5987211554602134e-15 0.8999999999999932 0.8999999999999935 1.0 1.0 1.0 1.0 1.0 1.0 1.0 1.0 1.0 0.9999999999999994 0.8999999999999938 1.0 1.0 1.0 0.9999999999999993 0.8999999999999932 0.8999999999999868 
0.0 0.0 6.661338147750797e-16 0.2999999999999936 0.2999999999999936 0.2999999999999936 0.2999999999999936 0.2999999999999961 1.0 1.0 1.0 1.0 0.9999999999999947 1.5987211554601913e-15 0.2999999999999936 0.2999999999999936 0.2999999999999936 0.2999999999999915 0.0 0.0 
0.0 0.0 0.0 0.0 0.0 0.0 0.0 3.552713678800501e-15 1.0 1.0 1.0 1.0 0.9999999999999947 0.0 0.0 0.0 0.0 0.0 0.0 0.0 
0.0 0.0 0.0 0.0 0.0 0.0 0.0 3.552713678800501e-15 1.0 1.0 1.0 1.0 0.9999999999999947 0.0 0.0 0.0 0.0 0.0 0.0 0.0 
0.0 0.0 0.0 0.0 0.0 0.0 0.0 3.552713678800501e-15 1.0 1.0 1.0 1.0 0.9999999999999947 0.0 0.0 0.0 0.0 0.0 0.0 0.0 
0.0 0.0 0.0 0.0 0.0 0.0 0.0 3.552713678800501e-15 1.0 1.0 1.0 1.0 0.9999999999999947 0.0 0.0 0.0 0.0 0.0 0.0 0.0 
0.0 0.0 0.0 0.0 0.0 0.0 0.0 3.552713678800501e-15 1.0 1.0 1.0 1.0 0.9999999999999947 0.0 0.0 0.0 0.0 0.0 0.0 0.0 
0.0 0.0 0.0 0.0 0.0 0.0 0.0 3.552713678800501e-15 1.0 1.0 1.0 1.0 0.9999999999999947 0.0 0.0 0.0 0.0 0.0 0.0 0.0 
0.0 0.0 0.0 0.0 0.0 0.0 0.0 3.552713678800501e-15 1.0 1.0 1.0 1.0 0.9999999999999947 0.0 0.0 0.0 0.0 0.0 0.0 0.0 
0.0 0.0 0.0 0.0 0.0 0.0 0.0 3.552713678800501e-15 1.0 1.0 1.0 1.0 0.9999999999999947 0.0 0.0 0.0 0.0 0.0 0.0 0.0 
0.0 0.0 0.0 0.0 0.0 0.0 0.0 3.552713678800501e-15 1.0 1.0 1.0 1.0 0.9999999999999947 0.0 0.0 0.0 0.0 0.0 0.0 0.0 
0.0 0.0 0.0 0.0 0.0 0.0 0.0 3.552713678800501e-15 1.0 1.0 1.0 1.0 0.9999999999999947 0.0 0.0 0.0 0.0 0.0 0.0 0.0 
0.0 0.0 0.0 0.0 0.0 0.0 0.0 3.552713678800501e-15 1.0 1.0 1.0 1.0 0.9999999999999947 0.0 0.0 0.0 0.0 0.0 0.0 0.0 
0.0 0.0 0.0 0.0 0.0 0.0 0.0 3.552713678800501e-15 1.0 1.0 1.0 1.0 0.9999999999999947 0.0 0.0 0.0 0.0 0.0 0.0 0.0 
0.0 0.0 0.0 0.0 0.0 0.0 0.0 3.552713678800501e-15 1.0 1.0 1.0 1.0 0.9999999999999947 0.0 0.0 0.0 0.0 0.0 0.0 0.0 
0.0 0.0 0.0 0.0 0.0 0.0 0.0 3.552713678800501e-15 1.0 1.0 1.0 1.0 0.9999999999999947 0.0 0.0 0.0 0.0 0.0 0.0 0.0 
0.0 0.0 0.0 0.0 0.0 0.0 0.0 1.0658141036401528e-15 0.3000000000000032 1.0 1.0 0.9999999999999976 0.2999999999999991 0.0 0.0 0.0 0.0 0.0 0.0 0.0 
