0.0 0.8500000000000028 1.0 1.0 0.6287499999999983 0.17874999999999897 0.0 0.0 0.0 0.0 0.0 0.0 0.0 0.0 0.0 0.0 0.11374999999999963 0.3249999999999993 0.3249999999999993 0.3087499999999991 
0.0 0.8500000000000026 1.0 1.0 1.0 0.549999999999998 0.0 0.0 0.0 0.0 0.0 0.0 0.0 0.0 0.0 0.0 0.34999999999999964 1.0 1.0 0.9499999999999993 
0.0 0.8500000000000025 1.0 1.0 1.0 1.0 0.6499999999999986 0.0 0.0 0.0 0.0 0.0 0.0 0.0 0.0 0.0 0.34999999999999964 1.0 1.0 0.9499999999999993 
0.0 0.8500000000000026 1.0 1.0 1.0 1.0 1.0 0.7499999999999982 0.0 0.0 0.0 0.0 0.0 0.0 0.0 0.0 0.34999999999999964 1.0 1.0 0.9499999999999993 
0.0 0.8500000000000026 1.0 1.0 1.0 1.0 1.0 0.7499999999999982 0.0 0.0 0.0 0.0 0.0 0.0 0.0 0.0 0.34999999999999964 1.0 1.0 0.9499999999999993 
0.0 0.8500000000000026 1.0 1.0 1.0 1.0 1.0 1.0 0.8499999999999988 0.0 0.0 0.0 0.0 0.0 0.0 0.0 0.34999999999999964 1.0 1.0 0.9499999999999993 
0.0 0.8500000000000026 1.0 1.0 1.0 1.0 1.0 1.0 1.0 0.9499999999999993 0.049999999999998934 0.0 0.0 0.0 0.0 0.0 0.34999999999999964 1.0 1.0 0.9499999999999993 
0.0 0.8500000000000026 1.0 1.0 0.5187499999999983 0.125 0.43125000000000124 1.0 1.0 0.9499999999999993 0.049999999999998934 0.0 0.0 0.0 0.0 0.0 0.34999999999999964 1.0 1.0 0.9499999999999993 
0.0 0.8500000000000026 1.0 0.34999999999999787 0.0 0.0 0.16625000000000056 0.6062500000000006 1.0 1.0 1.0 0.14999999999999858 0.0 0.0 0.0 0.0 0.34999999999999964 1.0 1.0 0.9499999999999993 
0.0 0.8500000000000026 1.0 0.34999999999999787 0.0 0.0 0.0 0.2500000000000018 1.0 1.0 1.0 0.2987499999999994 0.04375000000000018 0.0 0.0 0.0 0.34999999999999964 1.0 1.0 0.9499999999999993 
0.0 0.8500000000000026 1.0 0.34999999999999787 0.0 0.0 0.0 0.04375000000000049 0.2987500000000016 1.0 1.0 1.0 0.25 0.0 0.0 0.0 0.34999999999999964 1.0 1.0 0.9499999999999993 
0.0 0.8500000000000026 1.0 0.34999999999999787 0.0 0.0 0.0 0.0 0.07875000000000044 0.548749999999999 0.9762500000000005 1.0 1.0 0.34999999999999964 0.0 0.0 0.34999999999999964 1.0 1.0 0.9499999999999993 
0.0 0.8500000000000026 1.0 0.34999999999999787 0.0 0.0 0.0 0.0 0.0 0.05000000000000071 0.9500000000000011 1.0 1.0 0.4312499999999997 0.125 0.125 0.4312499999999997 1.0 1.0 0.9499999999999993 
0.0 0.8500000000000026 1.0 0.34999999999999787 0.0 0.0 0.0 0.0 0.0 0.011250000000000053 0.21374999999999822 0.8837500000000008 1.0 1.0 1.0 1.0 1.0 1.0 1.0 0.9499999999999993 
0.0 0.8500000000000026 1.0 0.34999999999999787 0.0 0.0 0.0 0.0 0.0 0.0 0.0 0.8500000000000014 1.0 1.0 1.0 1.0 1.0 1.0 1.0 0.9499999999999993 
0.0 0.8500000000000026 1.0 0.34999999999999787 0.0 0.0 0.0 0.0 0.0 0.0 0.0 0.0 0.75 1.0 1.0 1.0 1.0 1.0 1.0 0.9499999999999993 
0.0 0.8500000000000025 1.0 0.34999999999999787 0.0 0.0 0.0 0.0 0.0 0.0 0.0 0.0 0.20624999999999893 0.7462499999999997 1.0 1.0 1.0 1.0 1.0 0.9499999999999993 
0.35625000000000107 0.9062500000000017 1.0 0.34999999999999787 0.0 0.0 0.0 0.0 0.0 0.0 0.0 0.0 0.0 0.6500000000000004 1.0 1.0 1.0 1.0 1.0 0.9499999999999993 
0.9500000000000028 1.0 1.0 0.34999999999999787 0.0 0.0 0.0 0.0 0.0 0.0 0.0 0.0 0.0 0.0 0.5500000000000007 1.0 1.0 1.0 1.0 0.9499999999999993 
0.9500000000000028 1.0 1.0 0.34999999999999787 0.0 0.0 0.0 0.0 0.0 0.0 0.0 0.0 0.0 0.0 0.17874999999999985 0.6287499999999991 1.0 1.0 1.0 0.9499999999999993 
