0.0 0.0 0.0 0.0 0.0 0.12374999999999917 0.2749999999999986 0.45624999999999766 1.0 1.0 1.0 1.0 1.0 0.52875 0.2749999999999986 0.1512499999999999 0.0 0.0 0.0 0.0 
0.0 0.0 0.0 0.5362499999999985 0.8249999999999988 0.9037499999999993 1.0 1.0 1.0 1.0 1.0 1.0 1.0 1.0 1.0 0.9212499999999999 0.8249999999999988 0.6187500000000006 0.0 0.0 
0.0 0.0 0.7499999999999991 1.0 1.0 1.0 0.8687500000000008 0.4687500000000018 0.0 0.0 0.0 0.0 0.0 0.40624999999999967 0.8312499999999994 1.0 1.0 1.0 0.8500000000000014 0.0 
0.0 0.7862499999999983 0.9812499999999996 1.0 1.0 0.5837500000000011 0.048750000000000786 0.0 0.0 0.0 0.0 0.0 0.0 0.0 0.04125000000000037 0.4912499999999983 1.0 1.0 0.8500000000000014 0.0 
0.0 0.8499999999999992 1.0 1.0 0.45000000000000107 0.0 0.0 0.0 0.0 0.0 0.0 0.0 0.0 0.0 0.0 0.4499999999999975 1.0 1.0 1.0 0.9500000000000028 
0.0 0.0 0.0 0.0 0.0 0.0 0.0 0.0 0.0 0.0 0.0 0.0 0.0 0.0 0.0 0.4499999999999975 1.0 1.0 1.0 0.9500000000000028 
0.0 0.0 0.0 0.0 0.0 0.0 0.0 0.0 0.0 0.0 0.0 0.0 0.0 0.0 0.0 0.4499999999999975 1.0 1.0 0.913750000000001 0.4037500000000019 
0.0 0.0 0.0 0.0 0.0 0.0 0.0 0.0 0.0 0.0 0.0 0.0 0.0 0.08124999999999982 0.6062499999999975 1.0 1.0 0.9687500000000002 0.7437500000000012 0.0 
0.0 0.0 0.0 0.0 0.0 0.0 0.0 0.0 0.0 0.0 0.0 0.0 0.5062499999999993 0.8862499999999998 1.0 1.0 0.7637500000000013 0.24375000000000005 0.0 0.0 
0.0 0.0 0.0 0.0 0.0 0.0 0.0 0.24999999999999822 1.0 1.0 1.0 1.0 1.0 1.0 1.0 0.5500000000000025 0.0 0.0 0.0 0.0 
0.0 0.0 0.0 0.0 0.0 0.0 0.0 0.24999999999999822 1.0 1.0 1.0 1.0 1.0 1.0 1.0 0.8987500000000015 0.503750000000003 0.0 0.0 0.0 
0.0 0.0 0.0 0.0 0.0 0.0 0.0 0.0 0.0 0.0 0.0 0.0 0.0 0.4387499999999972 0.8537499999999978 1.0 1.0 0.8312500000000019 0.2762500000000029 0.0 
0.0 0.0 0.0 0.0 0.0 0.0 0.0 0.0 0.0 0.0 0.0 0.0 0.0 0.0 0.06874999999999964 0.5187499999999978 1.0 1.0 0.8500000000000014 0.0 
0.0 0.0 0.0 0.0 0.0 0.0 0.0 0.0 0.0 0.0 0.0 0.0 0.0 0.0 0.0 0.4499999999999975 1.0 1.0 1.0 0.9500000000000028 
0.0 0.0 0.0 0.0 0.0 0.0 0.0 0.0 0.0 0.0 0.0 0.0 0.0 0.0 0.0 0.4499999999999975 1.0 1.0 1.0 0.9500000000000028 
0.9499999999999993 1.0 1.0 0.6912500000000019 0.23625000000000151 0.0 0.0 0.0 0.0 0.0 0.0 0.0 0.0 0.0 0.0 0.4499999999999975 1.0 1.0 1.0 0.9500000000000028 
0.9499999999999993 1.0 1.0 1.0 0.45000000000000107 0.0 0.0 0.0 0.0 0.0 0.0 0.0 0.0 0.0 0.04125000000000135 0.49124999999999924 1.0 1.0 0.8500000000000014 0.0 
0.35624999999999635 0.906249999999999 1.0 1.0 0.7937500000000024 0.3437500000000024 0.0 0.0 0.0 0.0 0.0 0.0 0.0 0.40625000000000144 0.8312500000000005 1.0 1.0 0.8437500000000002 0.31874999999999754 0.0 
0.0 0.0 0.618749999999996 0.9387499999999983 1.0 1.0 1.0 0.7937500000000025 0.17500000000000426 0.17500000000000426 0.17500000000000426 0.8762499999999989 1.0 1.0 1.0 0.9212499999999986 0.536249999999999 0.0 0.0 0.0 
0.0 0.0 0.0 0.1787499999999965 0.274999999999995 0.6012499999999967 1.0 1.0 1.0 1.0 1.0 1.0 1.0 1.0 0.6012499999999994 0.15124999999999794 0.0 0.0 0.0 0.0 
