0.9499999999999993 1.0 1.0 1.0 1.0 1.0 1.0 1.0 1.0 1.0 1.0 1.0 1.0 1.0 1.0 0.6625000000000077 0.2500000000000071 0.18750000000000666 0.0 0.0 
0.9499999999999993 1.0 1.0 1.0 1.0 1.0 1.0 1.0 1.0 1.0 1.0 1.0 1.0 1.0 1.0 1.0 1.0 0.7500000000000053 0.0 0.0 
0.9499999999999993 1.0 1.0 0.8374999999999957 0.33749999999999825 0.0 0.0 0.0 0.0 0.0 0.0 0.0 0.0 0.0 0.41249999999999265 0.8624999999999946 1.0 1.0 0.850000000000005 0.0 
0.9499999999999993 1.0 1.0 0.3500000000000014 0.0 0.0 0.0 0.0 0.0 0.0 0.0 0.0 0.0 0.0 0.0 0.44999999999999396 1.0 1.0 0.9625000000000024 0.7125000000000116 
0.9499999999999993 1.0 1.0 0.3500000000000014 0.0 0.0 0.0 0.0 0.0 0.0 0.0 0.0 0.0 0.0 0.0 0.44999999999999396 1.0 1.0 1.0 0.9500000000000064 
0.9499999999999993 1.0 1.0 0.3500000000000014 0.0 0.0 0.0 0.0 0.0 0.0 0.0 0.0 0.0 0.0 0.0 0.44999999999999396 1.0 1.0 1.0 0.9500000000000064 
0.9499999999999993 1.0 1.0 0.3500000000000014 0.0 0.0 0.0 0.0 0.0 0.0 0.0 0.0 0.0 0.0 0.0 0.44999999999999396 1.0 1.0 1.0 0.9500000000000064 
0.9499999999999993 1.0 1.0 0.3500000000000014 0.0 0.0 0.0 0.0 0.0 0.0 0.0 0.0 0.0 0.0 0.0 0.44999999999999396 1.0 1.0 1.0 0.9500000000000064 
0.9499999999999993 1.0 1.0 0.3500000000000014 0.0 0.0 0.0 0.0 0.0 0.0 0.0 0.0 0.0 0.0 0.0 0.44999999999999396 1.0 1.0 1.0 0.9500000000000064 
0.9499999999999993 1.0 1.0 0.3500000000000014 0.0 0.0 0.0 0.0 0.0 0.0 0.0 0.0 0.0 0.0 0.0 0.44999999999999396 1.0 1.0 1.0 0.9500000000000064 
0.9499999999999993 1.0 1.0 0.3500000000000014 0.0 0.0 0.0 0.0 0.0 0.0 0.0 0.0 0.0 0.0 0.0 0.44999999999999396 1.0 1.0 1.0 0.9500000000000064 
0.9499999999999993 1.0 1.0 0.3500000000000014 0.0 0.0 0.0 0.0 0.0 0.0 0.0 0.0 0.0 0.0 0.0 0.44999999999999396 1.0 1.0 1.0 0.9500000000000064 
0.9499999999999993 1.0 1.0 0.3500000000000014 0.0 0.0 0.0 0.0 0.0 0.0 0.0 0.0 0.0 0.0 0.0 0.44999999999999396 1.0 1.0 1.0 0.9500000000000064 
0.9499999999999993 1.0 1.0 0.837500000000005 0.3375000000000047 0.0 0.0 0.0 0.0 0.0 0.0 0.0 0.0 0.0 0.0 0.44999999999999396 1.0 1.0 1.0 0.9500000000000064 
0.9499999999999993 1.0 1.0 1.0 0.45000000000000195 0.0 0.0 0.0 0.0 0.0 0.0 0.0 0.0 0.0 0.0 0.33749999999999225 0.8374999999999939 1.0 1.0 0.9500000000000064 
0.9499999999999993 1.0 1.0 1.0 0.45000000000000195 0.0 0.0 0.0 0.0 0.0 0.0 0.0 0.0 0.0 0.0 0.3374999999999987 0.8375000000000032 1.0 1.0 0.9500000000000064 
0.9499999999999993 1.0 1.0 1.0 0.45000000000000195 0.0 0.0 0.0 0.0 0.0 0.0 0.0 0.0 0.0 0.0 0.44999999999999396 1.0 1.0 1.0 0.9500000000000064 
0.9499999999999993 1.0 1.0 1.0 0.45000000000000195 0.0 0.0 0.0 0.0 0.0 0.0 0.0 0.0 0.0 0.0 0.44999999999999396 1.0 1.0 0.8875000000000026 0.23749999999999485 
0.9499999999999993 1.0 1.0 1.0 1.0 0.6625000000000051 0.2500000000000071 0.2500000000000071 0.2500000000000071 0.2500000000000071 0.2500000000000071 0.2500000000000071 0.8124999999999991 1.0 1.0 1.0 1.0 0.9374999999999996 0.6374999999999977 0.0 
0.9499999999999993 1.0 1.0 1.0 1.0 1.0 1.0 1.0 1.0 1.0 1.0 1.0 1.0 1.0 1.0 1.0 0.7375000000000018 0.187499999999996 0.0 0.0 
