0.9999999999999973 1.0 0.27500000000000424 0.27500000000000213 8.548717289613772e-16 0.0 0.0 0.0 0.0 0.0 0.0 0.0 0.0 0.0 0.0 0.0 0.27500000000000113 0.27500000000000213 0.27500000000000213 0.27500000000000213 
0.9999999999999973 1.0 1.0 1.0 3.1086244689504383e-15 0.0 0.0 0.0 0.0 0.0 0.0 0.0 0.0 0.0 0.0 0.0 0.9999999999999964 1.0 1.0 1.0 
0.0 0.9999999999999971 1.0 1.0 1.0 3.552713678800501e-15 0.0 0.0 0.0 0.0 0.0 0.0 0.0 0.0 0.0 0.9999999999999964 1.0 1.0 1.0 7.105427357601002e-15 
0.0 0.9999999999999972 1.0 1.0 1.0 3.552713678800501e-15 0.0 0.0 0.0 0.0 0.0 0.0 0.0 0.0 0.0 0.9999999999999964 1.0 1.0 1.0 7.105427357601002e-15 
0.0 0.0 0.9999999999999971 1.0 1.0 1.0 3.552713678800501e-15 0.0 0.0 0.0 0.0 0.0 0.0 0.0 0.0 0.9999999999999964 1.0 1.0 0.525000000000001 3.7303493627405096e-15 
0.0 0.0 0.9749999999999951 0.9999999999999999 1.0 1.0 3.552713678800501e-15 0.0 0.0 0.0 0.0 0.0 0.0 0.0 0.9999999999999964 1.0 1.0 1.0 7.105427357601002e-15 0.0 
0.0 0.0 0.0 0.9999999999999969 1.0 1.0 0.5750000000000044 2.042810365310298e-15 0.0 0.0 0.0 0.0 0.0 0.0 0.9999999999999964 1.0 1.0 1.0 7.105427357601002e-15 0.0 
0.0 0.0 0.0 0.9999999999999969 1.0 1.0 1.0 3.552713678800501e-15 0.0 0.0 0.0 0.0 0.0 0.12500000000000133 0.9999999999999969 1.0 1.0 7.105427357601002e-15 0.0 0.0 
0.0 0.0 0.0 0.3249999999999965 0.9999999999999979 1.0 1.0 0.6750000000000036 2.398081733190347e-15 0.0 0.0 0.0 0.0 0.9999999999999964 1.0 1.0 1.0 7.105427357601002e-15 0.0 0.0 
0.0 0.0 0.0 0.0 0.9999999999999969 1.0 1.0 1.0 3.552713678800501e-15 0.0 0.0 0.0 0.0 0.9999999999999964 1.0 1.0 1.0 7.105427357601002e-15 0.0 0.0 
0.0 0.0 0.0 0.0 0.9999999999999969 1.0 1.0 1.0 3.552713678800501e-15 0.0 0.0 0.0 0.0 0.9999999999999964 1.0 1.0 0.22500000000000062 1.5987211554602103e-15 0.0 0.0 
0.0 0.0 0.0 0.0 0.0 0.9999999999999964 1.0 1.0 1.0 3.552713678800501e-15 0.0 0.0 0.9999999999999964 1.0 1.0 1.0 3.552713678800501e-15 0.0 0.0 0.0 
0.0 0.0 0.0 0.0 0.0 0.9999999999999964 1.0 1.0 1.0 3.552713678800501e-15 0.0 0.0 0.9999999999999964 1.0 1.0 1.0 3.552713678800501e-15 0.0 0.0 0.0 
0.0 0.0 0.0 0.0 0.0 0.0 0.9999999999999964 1.0 1.0 1.0 0.4250000000000063 0.999999999999998 1.0 1.0 1.0 3.552713678800501e-15 0.0 0.0 0.0 0.0 
0.0 0.0 0.0 0.0 0.0 0.0 0.9999999999999964 1.0 1.0 1.0 1.0 1.0 1.0 1.0 1.0 3.552713678800501e-15 0.0 0.0 0.0 0.0 
0.0 0.0 0.0 0.0 0.0 0.0 0.0 0.9999999999999964 1.0 1.0 1.0 1.0 1.0 1.0 1.0 3.552713678800501e-15 0.0 0.0 0.0 0.0 
0.0 0.0 0.0 0.0 0.0 0.0 0.0 0.9999999999999964 1.0 1.0 1.0 1.0 1.0 1.0 3.552713678800501e-15 0.0 0.0 0.0 0.0 0.0 
0.0 0.0 0.0 0.0 0.0 0.0 0.0 0.3749999999999951 0.9999999999999978 1.0 1.0 1.0 1.0 1.0 3.552713678800501e-15 0.0 0.0 0.0 0.0 0.0 
0.0 0.0 0.0 0.0 0.0 0.0 0.0 0.0 0.9999999999999964 1.0 1.0 1.0 1.0 1.0 3.552713678800501e-15 0.0 0.0 0.0 0.0 0.0 
0.0 0.0 0.0 0.0 0.0 0.0 0.0 0.0 0.2749999999999976 0.9999999999999974 1.0 1.0 1.0 0.27500000000000113 9.769962616701327e-16 0.0 0.0 0.0 0.0 0.0 
