0.0 0.0 0.0 0.0 0.0 0.19937500000000194 0.27500000000000213 0.27500000000000213 0.6918750000000023 1.0 1.0 0.6918749999999978 0.27500000000000213 0.27500000000000213 0.19937500000000097 0.0 0.0 0.0 0.0 0.0 
0.0 0.0 0.0 0.0 0.6393750000000024 0.9518750000000007 1.0 1.0 1.0 1.0 1.0 1.0 1.0 1.0 0.9518750000000001 0.8250000000000017 0.6806249999999979 0.0 0.0 0.0 
0.0 0.0 0.8750000000000009 1.0 1.0 1.0 0.7468749999999985 0.6249999999999987 0.6249999999999987 0.29687499999999806 0.0 0.2656250000000021 0.6249999999999987 0.7468750000000002 1.0 1.0 1.0 0.8749999999999964 0.0 0.0 
0.0 0.8556250000000013 0.9906250000000002 1.0 1.0 0.3293749999999982 0.02437499999999965 0.0 0.0 0.0 0.0 0.0 0.0 0.024374999999999983 0.32937500000000147 1.0 1.0 0.9906249999999999 0.8556249999999981 0.0 
0.0 0.9250000000000007 1.0 1.0 1.0 0.2749999999999986 0.0 0.0 0.0 0.0 0.0 0.0 0.0 0.0 0.27500000000000213 1.0 1.0 1.0 0.9249999999999972 0.0 
0.0 0.0 0.0 0.0 0.0 0.0 0.0 0.0 0.0 0.0 0.0 0.0 0.0 0.0 0.27500000000000213 1.0 1.0 1.0 0.9981249999999999 0.9506249999999941 
0.0 0.0 0.0 0.0 0.0 0.0 0.0 0.0 0.0 0.0 0.0 0.0 0.0 0.0 0.27500000000000213 1.0 1.0 1.0 0.9249999999999972 0.0 
0.0 0.0 0.0 0.0 0.0 0.0 0.0 0.0 0.0 0.0 0.0 0.0 0.0 0.040625000000000355 0.36562500000000187 1.0 1.0 0.9843749999999996 0.8093749999999975 0.0 
0.0 0.0 0.0 0.0 0.0 0.0 0.0 0.0 0.0 0.0 0.32062500000000044 0.6749999999999989 0.6749999999999989 0.7806250000000002 1.0 1.0 0.8818749999999973 0.28437499999999977 0.0 0.0 
0.0 0.0 0.0 0.0 0.0 0.0 0.0 0.6250000000000018 1.0 1.0 1.0 1.0 1.0 1.0 1.0 0.774999999999995 0.0 0.0 0.0 0.0 
0.0 0.0 0.0 0.0 0.0 0.0 0.0 0.6250000000000018 1.0 1.0 1.0 1.0 1.0 1.0 1.0 0.774999999999995 0.0 0.0 0.0 0.0 
0.0 0.0 0.0 0.0 0.0 0.0 0.0 0.0 0.0 0.0 0.0 0.0 0.25312500000000265 0.6750000000000007 0.7643750000000012 1.0 1.0 0.9156249999999975 0.3006249999999984 0.0 
0.0 0.0 0.0 0.0 0.0 0.0 0.0 0.0 0.0 0.0 0.0 0.0 0.0 0.0 0.27500000000000213 1.0 1.0 1.0 0.9249999999999972 0.0 
0.0 0.0 0.0 0.0 0.0 0.0 0.0 0.0 0.0 0.0 0.0 0.0 0.0 0.0 0.0 0.22500000000000497 1.0 1.0 0.9249999999999972 0.0 
0.9506249999999984 0.9749999999999979 0.9749999999999979 0.17062499999999858 0.0 0.0 0.0 0.0 0.0 0.0 0.0 0.0 0.0 0.0 0.0 0.22500000000000497 1.0 1.0 0.9249999999999972 0.0 
0.9750000000000005 1.0 1.0 1.0 0.22499999999999876 0.0 0.0 0.0 0.0 0.0 0.0 0.0 0.0 0.0 0.14437499999999975 0.6318749999999985 1.0 1.0 0.9249999999999972 0.0 
0.9018750000000046 0.9943750000000003 1.0 1.0 0.2831249999999955 0.02062499999999872 0.0 0.0 0.0 0.0 0.0 0.0 0.0 0.024374999999998828 0.32937499999999886 1.0 1.0 0.9906250000000003 0.8556250000000013 0.0 
0.0 0.9250000000000007 1.0 1.0 1.0 0.7281249999999969 0.20312499999999784 0.0 0.0 0.0 0.0 0.0 0.2343750000000009 0.7468749999999986 1.0 1.0 1.0 0.8749999999999964 0.0 0.0 
0.0 0.0 0.7218750000000064 0.8250000000000064 0.9606250000000016 1.0 1.0 1.0 1.0 1.0 1.0 1.0 1.0 1.0 0.9518750000000014 0.8250000000000064 0.6806250000000018 0.0 0.0 0.0 
0.0 0.0 0.0 0.0 0.21312500000000476 0.2750000000000057 0.764375000000003 1.0 1.0 1.0 1.0 1.0 0.7281249999999996 0.2750000000000057 0.19937500000000352 0.0 0.0 0.0 0.0 0.0 
