0.0 0.0 0.0 0.0 0.0 0.0 0.18562500000000187 0.27500000000000213 0.27500000000000213 0.6556250000000026 1.0 0.6918749999999978 0.27500000000000213 0.27500000000000213 0.27500000000000213 0.2131250000000003 0.0 0.0 0.0 0.0 
0.0 0.0 0.0 0.0 0.0 0.5981250000000025 0.9431250000000009 1.0 1.0 1.0 1.0 1.0 1.0 1.0 1.0 0.9606249999999995 0.6806249999999979 0.0 0.0 0.0 
0.0 0.0 0.0 0.8250000000000011 1.0 1.0 1.0 0.7656249999999984 0.6249999999999987 0.6249999999999987 0.6249999999999987 0.6249999999999987 0.6249999999999987 0.6249999999999987 0.7281249999999998 1.0 1.0 0.921874999999998 0.34687500000000016 0.0 
0.0 0.0 0.8093750000000014 0.9868750000000002 1.0 1.0 0.37562499999999804 0.0281249999999996 0.0 0.0 0.0 0.0 0.0 0.0 0.27500000000000213 1.0 1.0 1.0 0.9943749999999998 0.9018749999999954 
0.0 0.43937500000000085 0.9343750000000005 1.0 1.0 0.2749999999999986 0.0 0.0 0.0 0.0 0.0 0.0 0.0 0.0 0.0 0.22500000000000497 1.0 1.0 1.0 0.9749999999999943 
0.0 0.9250000000000007 1.0 1.0 1.0 0.2749999999999986 0.0 0.0 0.0 0.0 0.0 0.0 0.0 0.0 0.0 0.22500000000000497 1.0 1.0 1.0 0.9749999999999943 
0.0 0.9250000000000007 1.0 1.0 1.0 0.2749999999999986 0.0 0.0 0.0 0.0 0.0 0.0 0.0 0.0 0.0 0.22500000000000497 1.0 1.0 1.0 0.9749999999999943 
0.0 0.8093750000000006 0.9843750000000001 1.0 1.0 0.36562499999999876 0.0406249999999998 0.0 0.0 0.0 0.0 0.0 0.0 0.0 0.27500000000000213 1.0 1.0 1.0 0.9249999999999972 0.0 
0.0 0.0 0.2843750000000012 0.8818750000000009 1.0 1.0 0.7806249999999988 0.6749999999999989 0.2868749999999982 0.0 0.0 0.0 0.253125000000002 0.6749999999999989 0.7643749999999999 1.0 1.0 0.9156249999999977 0.3006250000000001 0.0 
0.0 0.0 0.0 0.0 0.6006250000000026 0.9381250000000009 1.0 1.0 1.0 1.0 1.0 1.0 1.0 1.0 1.0 0.774999999999995 0.0 0.0 0.0 0.0 
0.0 0.0 0.0 0.6393749999999997 0.7749999999999986 0.9381249999999999 1.0 1.0 1.0 1.0 1.0 1.0 1.0 1.0 1.0 0.774999999999995 0.0 0.0 0.0 0.0 
0.0 0.3006249999999996 0.9156250000000005 1.0 1.0 0.764375 0.21937499999999915 0.0 0.0 0.0 0.0 0.0 0.0 0.21937500000000215 0.7643750000000012 1.0 1.0 0.9156249999999975 0.3006249999999984 0.0 
0.853124999999997 0.9906249999999999 1.0 1.0 0.3218750000000017 0.0343750000000008 0.0 0.0 0.0 0.0 0.0 0.0 0.0 0.0 0.27500000000000213 1.0 1.0 1.0 0.9249999999999972 0.0 
0.9750000000000005 1.0 1.0 1.0 0.22499999999999876 0.0 0.0 0.0 0.0 0.0 0.0 0.0 0.0 0.0 0.0 0.22500000000000497 1.0 1.0 0.9249999999999972 0.0 
0.9750000000000005 1.0 1.0 1.0 0.22499999999999876 0.0 0.0 0.0 0.0 0.0 0.0 0.0 0.0 0.0 0.0 0.22500000000000497 1.0 1.0 0.9249999999999972 0.0 
0.9750000000000005 1.0 1.0 1.0 0.22499999999999876 0.0 0.0 0.0 0.0 0.0 0.0 0.0 0.0 0.0 0.14437499999999975 0.6318749999999985 1.0 1.0 0.9249999999999972 0.0 
0.9018750000000046 0.9943750000000003 1.0 1.0 0.2831249999999955 0.02062499999999872 0.0 0.0 0.0 0.0 0.0 0.0 0.0 0.024374999999998828 0.32937499999999886 1.0 1.0 0.9906250000000003 0.8556250000000013 0.0 
0.0 0.9250000000000007 1.0 1.0 1.0 0.7281249999999969 0.20312499999999784 0.0 0.0 0.0 0.0 0.0 0.2343750000000009 0.7468749999999986 1.0 1.0 0.890624999999998 0.3281250000000018 0.0 0.0 
0.0 0.0 0.7218750000000064 0.9693750000000013 1.0 1.0 1.0 1.0 1.0 1.0 1.0 1.0 1.0 1.0 0.9518750000000014 0.6393750000000008 0.0 0.0 0.0 0.0 
0.0 0.0 0.0 0.226875000000005 0.2750000000000057 0.8006250000000026 1.0 1.0 1.0 1.0 1.0 1.0 0.7281249999999996 0.2750000000000057 0.19937500000000352 0.0 0.0 0.0 0.0 0.0 
