0.0 0.0 0.0 0.0 0.07499999999999973 0.4249999999999994 0.7749999999999988 1.0 1.0 1.0 1.0 1.0 1.0 1.0 1.0 1.0 1.0 1.0 1.0 0.675000000000006 
0.0 0.01875000000000064 0.28124999999999917 0.5437499999999976 0.7687499999999968 0.856249999999998 0.943749999999999 1.0 1.0 1.0 1.0 1.0 1.0 1.0 1.0 1.0 1.0 1.0 1.0 0.675000000000006 
0.6750000000000014 1.0 1.0 1.0 1.0 1.0 1.0 1.0 1.0 1.0 1.0 1.0 1.0 1.0 1.0 1.0 1.0 1.0 1.0 0.675000000000006 
0.6750000000000014 1.0 1.0 1.0 1.0 1.0 1.0 1.0 1.0 1.0 1.0 1.0 1.0 1.0 1.0 1.0 1.0 1.0 1.0 0.675000000000006 
0.5062500000000029 0.7500000000000027 0.7500000000000027 0.7500000000000027 0.7687500000000024 0.8562500000000014 0.9437500000000003 1.0 1.0 1.0 1.0 1.0 1.0 1.0 1.0 1.0 1.0 1.0 1.0 0.675000000000006 
0.0 0.0 0.0 0.0 0.07499999999999973 0.4249999999999994 0.7749999999999988 1.0 1.0 1.0 1.0 1.0 1.0 1.0 1.0 1.0 0.7937500000000045 0.5312500000000057 0.2687500000000069 0.16875000000000331 
0.0 0.0 0.0 0.0 0.07499999999999973 0.4249999999999994 0.7749999999999988 1.0 1.0 1.0 1.0 1.0 1.0 1.0 1.0 1.0 0.725000000000005 0.37500000000000533 0.025000000000005684 0.0 
0.0 0.0 0.0 0.0 0.07499999999999973 0.4249999999999994 0.7749999999999988 1.0 1.0 1.0 1.0 1.0 1.0 1.0 1.0 1.0 0.725000000000005 0.37500000000000533 0.025000000000005684 0.0 
0.0 0.0 0.0 0.0 0.07499999999999973 0.4249999999999994 0.7749999999999988 1.0 1.0 1.0 1.0 1.0 1.0 1.0 1.0 1.0 0.725000000000005 0.37500000000000533 0.025000000000005684 0.0 
0.0 0.0 0.0 0.0 0.07499999999999973 0.4249999999999994 0.7749999999999988 1.0 1.0 1.0 1.0 1.0 1.0 1.0 1.0 1.0 0.725000000000005 0.37500000000000533 0.025000000000005684 0.0 
0.0 0.0 0.0 0.0 0.07499999999999973 0.4249999999999994 0.7749999999999988 1.0 1.0 1.0 1.0 1.0 1.0 1.0 1.0 1.0 0.725000000000005 0.37500000000000533 0.025000000000005684 0.0 
0.0 0.0 0.0 0.0 0.07499999999999973 0.4249999999999994 0.7749999999999988 1.0 1.0 1.0 1.0 1.0 1.0 1.0 1.0 1.0 0.725000000000005 0.37500000000000533 0.025000000000005684 0.0 
0.0 0.0 0.0 0.0 0.07499999999999973 0.4249999999999994 0.7749999999999988 1.0 1.0 1.0 1.0 1.0 1.0 1.0 1.0 1.0 0.725000000000005 0.37500000000000533 0.025000000000005684 0.0 
0.0 0.0 0.0 0.0 0.07499999999999973 0.4249999999999994 0.7749999999999988 1.0 1.0 1.0 1.0 1.0 1.0 1.0 1.0 1.0 0.725000000000005 0.37500000000000533 0.025000000000005684 0.0 
0.0 0.0 0.0 0.0 0.07499999999999973 0.4249999999999994 0.7749999999999988 1.0 1.0 1.0 1.0 1.0 1.0 1.0 1.0 1.0 0.725000000000005 0.37500000000000533 0.025000000000005684 0.0 
0.0 0.0 0.0 0.0 0.07499999999999973 0.4249999999999994 0.7749999999999988 1.0 1.0 1.0 1.0 1.0 1.0 1.0 1.0 1.0 0.725000000000005 0.37500000000000533 0.025000000000005684 0.0 
0.0 0.0 0.0 0.0 0.07499999999999973 0.4249999999999994 0.7749999999999988 1.0 1.0 1.0 1.0 1.0 1.0 1.0 1.0 1.0 0.725000000000005 0.37500000000000533 0.025000000000005684 0.0 
0.0 0.0 0.0 0.0 0.07499999999999973 0.4249999999999994 0.7749999999999988 1.0 1.0 1.0 1.0 1.0 1.0 1.0 1.0 1.0 0.725000000000005 0.37500000000000533 0.025000000000005684 0.0 
0.0 0.0 0.0 0.0 0.07499999999999973 0.4249999999999994 0.7749999999999988 1.0 1.0 1.0 1.0 1.0 1.0 0.943750000000001 0.8562500000000011 0.7687500000000012 0.5437500000000037 0.281250000000004 0.018750000000004263 0.0 
0.0 0.0 0.0 0.0 0.07499999999999973 0.4249999999999994 0.7749999999999988 1.0 1.0 1.0 1.0 1.0 1.0 0.7750000000000039 0.42500000000000426 0.07500000000000462 0.0 0.0 0.0 0.0 
