0.3562499999999933 0.3749999999999929 0.3749999999999929 0.3749999999999929 0.16874999999999737 0.0 0.0 0.0 0.0 0.0 0.0 0.0 0.0 0.0 0.2062499999999937 0.3749999999999929 0.3749999999999929 0.3749999999999929 0.4687499999999886 0.95000000000001 
0.9500000000000002 1.0 1.0 1.0 0.4500000000000015 0.0 0.0 0.0 0.0 0.0 0.0 0.0 0.0 0.649999999999995 1.0 1.0 1.0 1.0 0.8500000000000085 0.0 
0.9500000000000002 1.0 1.0 1.0 0.4500000000000015 0.0 0.0 0.0 0.0 0.0 0.0 0.0 0.6562499999999922 0.9562499999999972 1.0 1.0 1.0 0.7812500000000078 0.10625000000000635 0.0 
0.9500000000000002 1.0 1.0 1.0 0.4500000000000015 0.0 0.0 0.0 0.0 0.0 0.0 0.8499999999999943 1.0 1.0 1.0 0.7187500000000073 0.2437500000000056 0.0 0.0 0.0 
0.9500000000000002 1.0 1.0 1.0 0.4500000000000015 0.0 0.0 0.0 0.056249999999998 0.40624999999999317 0.9687499999999971 1.0 1.0 1.0 0.7937500000000053 0.3437500000000078 0.0 0.0 0.0 0.0 
0.9500000000000002 1.0 1.0 1.0 0.4500000000000015 0.0 0.0 0.031249999999998335 0.25624999999999265 1.0 1.0 1.0 0.9062500000000044 0.30625000000000624 0.0 0.0 0.0 0.0 0.0 0.0 
0.9500000000000002 1.0 1.0 1.0 0.9312499999999982 0.48124999999999946 0.3062499999999969 0.906249999999997 1.0 1.0 1.0 1.0 0.25000000000000355 0.0 0.0 0.0 0.0 0.0 0.0 0.0 
0.9500000000000002 1.0 1.0 1.0 1.0 1.0 1.0 1.0 1.0 0.968750000000002 0.40625000000000605 0.056250000000002666 0.0 0.0 0.0 0.0 0.0 0.0 0.0 0.0 
0.9500000000000002 1.0 1.0 1.0 1.0 1.0 1.0 1.0 0.9437500000000018 0.5937500000000051 0.031250000000002845 0.0 0.0 0.0 0.0 0.0 0.0 0.0 0.0 0.0 
0.9500000000000002 1.0 1.0 1.0 1.0 1.0 1.0 0.7500000000000027 0.0 0.0 0.0 0.0 0.0 0.0 0.0 0.0 0.0 0.0 0.0 0.0 
0.9500000000000002 1.0 1.0 1.0 1.0 1.0 1.0 0.9687499999999994 0.7437499999999998 0.0 0.0 0.0 0.0 0.0 0.0 0.0 0.0 0.0 0.0 0.0 
0.9500000000000002 1.0 1.0 1.0 1.0 1.0 1.0 1.0 0.9437500000000006 0.5937499999999984 0.031250000000002484 0.0 0.0 0.0 0.0 0.0 0.0 0.0 0.0 0.0 
0.9500000000000002 1.0 1.0 1.0 1.0 0.8312500000000006 0.7562499999999992 1.0 1.0 1.0 1.0 0.15000000000000568 0.0 0.0 0.0 0.0 0.0 0.0 0.0 0.0 
0.9500000000000002 1.0 1.0 1.0 0.4500000000000015 0.0 0.0 0.21874999999999767 0.8937499999999996 1.0 1.0 1.0 0.3437500000000031 0.04375000000000062 0.0 0.0 0.0 0.0 0.0 0.0 
0.9500000000000002 1.0 1.0 1.0 0.4500000000000015 0.0 0.0 0.0 0.1499999999999968 1.0 1.0 1.0 1.0 0.9187500000000006 0.3937500000000056 0.0 0.0 0.0 0.0 0.0 
0.9500000000000002 1.0 1.0 1.0 0.4500000000000015 0.0 0.0 0.0 0.0 0.04999999999999716 0.9499999999999957 1.0 1.0 1.0 0.7937500000000024 0.3437500000000049 0.0 0.0 0.0 0.0 
0.9500000000000002 1.0 1.0 1.0 0.4500000000000015 0.0 0.0 0.0 0.0 0.0 0.0 0.5312499999999964 0.9062499999999987 1.0 1.0 1.0 0.6500000000000057 0.0 0.0 0.0 
0.9500000000000002 1.0 1.0 1.0 0.4500000000000015 0.0 0.0 0.0 0.0 0.0 0.0 0.0 0.6562499999999969 0.9562499999999994 1.0 1.0 1.0 0.7812500000000062 0.10625000000000107 0.0 
0.9500000000000002 1.0 1.0 1.0 0.4500000000000015 0.0 0.0 0.0 0.0 0.0 0.0 0.0 0.0 0.08124999999999938 0.6062499999999944 1.0 1.0 1.0 0.9812500000000011 0.8312500000000087 
0.35625000000000007 0.375 0.375 0.375 0.16875000000000057 0.0 0.0 0.0 0.0 0.0 0.0 0.0 0.0 0.0 0.0 0.16874999999999707 0.5937499999999964 1.0 1.0 0.95000000000001 
