0.950000000000002 1.0 1.0 1.0 1.0 1.0 1.0 1.0 1.0 1.0 1.0 1.0 1.0 1.0 1.0 1.0 1.0 1.0 0.902499999999995 0.33249999999998847 
0.950000000000002 1.0 1.0 1.0 1.0 1.0 1.0 1.0 1.0 1.0 1.0 1.0 0.9625000000000059 0.9500000000000082 0.9500000000000082 0.9725000000000048 0.9825000000000026 0.9500000000000082 0.9500000000000082 0.9025000000000003 
0.950000000000002 1.0 1.0 1.0 1.0 0.6625000000000012 0.25000000000000755 0.25000000000000755 0.25000000000000755 0.25000000000000755 0.25000000000000755 0.25000000000000755 0.062500000000001 0.0 0.0 0.112500000000005 0.16250000000000367 0.0 0.0 0.0 
0.950000000000002 1.0 1.0 1.0 0.44999999999999707 0.0 0.0 0.0 0.0 0.0 0.0 0.0 0.0 0.0 0.0 0.0 0.0 0.0 0.0 0.0 
0.950000000000002 1.0 1.0 1.0 0.44999999999999707 0.0 0.0 0.0 0.0 0.0 0.0 0.0 0.0 0.0 0.0 0.0 0.0 0.0 0.0 0.0 
0.950000000000002 1.0 1.0 1.0 0.44999999999999707 0.0 0.0 0.0 0.0 0.0 0.0 0.0 0.0 0.0 0.0 0.0 0.0 0.0 0.0 0.0 
0.950000000000002 1.0 1.0 1.0 1.0 0.7974999999999967 0.5499999999999954 0.5499999999999954 0.5499999999999954 0.5724999999999976 0.977500000000001 0.6174999999999938 0.5499999999999954 0.5499999999999954 0.24749999999999558 0.0 0.0 0.0 0.0 0.0 
0.950000000000002 1.0 1.0 1.0 1.0 1.0 1.0 1.0 1.0 1.0 1.0 1.0 1.0 1.0 1.0 1.0 0.737499999999995 0.18749999999999556 0.0 0.0 
0.950000000000002 1.0 1.0 1.0 1.0 1.0 0.6674999999999979 0.05000000000000249 0.05000000000000249 0.05000000000000249 0.05000000000000249 0.05000000000000249 0.05000000000000249 0.6675000000000063 1.0 1.0 1.0 0.7499999999999929 0.0 0.0 
0.332500000000002 0.9025000000000016 1.0 1.0 0.6424999999999988 0.19249999999999978 0.0 0.0 0.0 0.0 0.0 0.0 0.0 0.0 0.5500000000000043 1.0 1.0 1.0 0.8499999999999943 0.0 
0.0 0.0 0.0 0.0 0.0 0.0 0.0 0.0 0.0 0.0 0.0 0.0 0.0 0.0 0.0 0.4500000000000064 1.0 1.0 1.0 0.9499999999999922 
0.0 0.0 0.0 0.0 0.0 0.0 0.0 0.0 0.0 0.0 0.0 0.0 0.0 0.0 0.0 0.4500000000000064 1.0 1.0 1.0 0.9499999999999922 
0.0 0.0 0.0 0.0 0.0 0.0 0.0 0.0 0.0 0.0 0.0 0.0 0.0 0.0 0.0 0.4500000000000064 1.0 1.0 1.0 0.9499999999999922 
0.0 0.0 0.0 0.0 0.0 0.0 0.0 0.0 0.0 0.0 0.0 0.0 0.0 0.0 0.0 0.4500000000000064 1.0 1.0 1.0 0.9499999999999922 
0.14250000000000232 0.15000000000000213 0.15000000000000213 0.05250000000000036 0.0 0.0 0.0 0.0 0.0 0.0 0.0 0.0 0.0 0.0 0.0 0.4500000000000064 1.0 1.0 1.0 0.9499999999999922 
0.950000000000002 1.0 1.0 0.3499999999999974 0.0 0.0 0.0 0.0 0.0 0.0 0.0 0.0 0.0 0.0 0.0 0.4500000000000064 1.0 1.0 1.0 0.9499999999999922 
0.950000000000002 1.0 1.0 1.0 0.44999999999999707 0.0 0.0 0.0 0.0 0.0 0.0 0.0 0.0 0.0 0.3025000000000047 0.7525000000000053 1.0 1.0 0.8499999999999943 0.0 
0.0 0.8500000000000022 1.0 1.0 1.0 0.6624999999999994 0.1625000000000015 0.0 0.0 0.0 0.0 0.0 0.18750000000000355 0.25000000000000355 0.6625000000000048 1.0 1.0 0.9374999999999973 0.6374999999999927 0.0 
0.0 0.042499999999994674 0.7625000000000007 1.0 1.0 1.0 0.982500000000002 0.9500000000000064 0.9500000000000064 0.9500000000000064 0.9500000000000064 0.9500000000000064 0.9875000000000018 1.0 1.0 1.0 0.667499999999993 0.03749999999999485 0.0 0.0 
0.0 0.0 0.0 0.2274999999999972 0.3499999999999943 0.6424999999999987 1.0 1.0 1.0 1.0 1.0 1.0 1.0 0.5774999999999926 0.3499999999999943 0.19249999999999465 0.0 0.0 0.0 0.0 
