0.0 0.0 0.0 0.0 0.024374999999999182 0.13812499999999647 0.25187499999999363 0.40937499999999255 0.6456249999999953 0.8818749999999982 1.0 1.0 1.0 1.0 1.0 1.0 1.0 1.0 1.0 0.6750000000000007 
0.0 0.0 0.0 0.0 0.07499999999999929 0.4249999999999994 0.774999999999999 1.0 1.0 1.0 1.0 1.0 1.0 1.0 1.0 1.0 1.0 1.0 1.0 0.6750000000000007 
0.0 0.024999999999999356 0.37499999999999933 0.7249999999999992 1.0 1.0 1.0 1.0 1.0 1.0 1.0 1.0 1.0 1.0 1.0 1.0 1.0 1.0 1.0 0.6750000000000007 
0.6749999999999994 1.0 1.0 1.0 1.0 1.0 1.0 1.0 1.0 1.0 1.0 1.0 1.0 1.0 1.0 1.0 1.0 1.0 1.0 0.6750000000000007 
0.05062500000000367 0.0750000000000055 0.0750000000000055 0.0750000000000055 0.14437500000000442 0.46812500000000257 0.7918750000000003 1.0 1.0 1.0 1.0 1.0 1.0 1.0 1.0 1.0 1.0 1.0 1.0 0.6750000000000007 
0.0 0.0 0.0 0.0 0.0 0.0 0.0 0.12499999999999911 0.4749999999999992 0.8249999999999993 1.0 1.0 1.0 1.0 1.0 1.0 1.0 1.0 1.0 0.6750000000000007 
0.0 0.0 0.0 0.0 0.0 0.0 0.0 0.12499999999999911 0.4749999999999992 0.8249999999999993 1.0 1.0 1.0 1.0 1.0 1.0 1.0 1.0 1.0 0.6750000000000007 
0.0 0.0 0.0 0.0 0.0 0.0 0.0 0.12499999999999911 0.4749999999999992 0.8249999999999993 1.0 1.0 1.0 1.0 1.0 1.0 1.0 1.0 1.0 0.6750000000000007 
0.0 0.0 0.0 0.0 0.0 0.0 0.0 0.12499999999999911 0.4749999999999992 0.8249999999999993 1.0 1.0 1.0 1.0 1.0 1.0 1.0 1.0 1.0 0.6750000000000007 
0.0 0.0 0.0 0.0 0.0 0.0 0.0 0.12499999999999911 0.4749999999999992 0.8249999999999993 1.0 1.0 1.0 1.0 1.0 1.0 1.0 1.0 1.0 0.6750000000000007 
0.0 0.0 0.0 0.0 0.0 0.0 0.0 0.12499999999999911 0.4749999999999992 0.8249999999999993 1.0 1.0 1.0 1.0 1.0 1.0 1.0 1.0 1.0 0.6750000000000007 
0.0 0.0 0.0 0.0 0.0 0.0 0.0 0.12499999999999911 0.4749999999999992 0.8249999999999993 1.0 1.0 1.0 1.0 1.0 1.0 1.0 1.0 1.0 0.6750000000000007 
0.0 0.0 0.0 0.0 0.0 0.0 0.0 0.12499999999999911 0.4749999999999992 0.8249999999999993 1.0 1.0 1.0 1.0 1.0 1.0 1.0 1.0 1.0 0.6750000000000007 
0.0 0.0 0.0 0.0 0.0 0.0 0.0 0.12499999999999911 0.4749999999999992 0.8249999999999993 1.0 1.0 1.0 1.0 1.0 1.0 1.0 1.0 1.0 0.6750000000000007 
0.0 0.0 0.0 0.0 0.0 0.0 0.0 0.12499999999999911 0.4749999999999992 0.8249999999999993 1.0 1.0 1.0 1.0 1.0 1.0 1.0 1.0 1.0 0.6750000000000007 
0.0 0.0 0.0 0.0 0.0 0.0 0.0 0.12499999999999911 0.4749999999999992 0.8249999999999993 1.0 1.0 1.0 1.0 1.0 1.0 1.0 1.0 1.0 0.6750000000000007 
0.0 0.0 0.0 0.0 0.0 0.0 0.0 0.12499999999999911 0.4749999999999992 0.8249999999999993 1.0 1.0 1.0 1.0 1.0 1.0 1.0 1.0 1.0 0.6750000000000007 
0.0 0.0 0.0 0.0 0.0 0.0 0.0 0.12499999999999911 0.4749999999999992 0.8249999999999993 1.0 1.0 1.0 1.0 1.0 1.0 1.0 1.0 1.0 0.6750000000000007 
0.0 0.0 0.0 0.0 0.0 0.0 0.0 0.12499999999999911 0.4749999999999992 0.8249999999999993 1.0 1.0 1.0 1.0 1.0 1.0 1.0 1.0 1.0 0.6750000000000007 
0.0 0.0 0.0 0.0 0.0 0.0 0.0 0.12499999999999911 0.4749999999999992 0.8249999999999993 1.0 1.0 1.0 1.0 1.0 1.0 1.0 1.0 1.0 0.6750000000000007 
