0.7168749999999974 0.774999999999995 0.43125000000000036 0.5931250000000033 0.7481250000000012 0.22500000000000497 0.24437500000000445 0.903125 1.0 1.0 1.0 1.0 1.0 1.0 1.0 0.47687500000000693 0.22500000000000497 0.22500000000000497 0.22500000000000497 0.20812500000000556 
0.0 0.0 0.6250000000000016 1.0 1.0 1.0 1.0 1.0 1.0 1.0 1.0 1.0 1.0 1.0 1.0 1.0 1.0 1.0 1.0 0.9250000000000043 
0.0 0.0 0.6250000000000016 1.0 1.0 1.0 1.0 1.0 1.0 1.0 1.0 1.0 1.0 1.0 1.0 1.0 1.0 1.0 1.0 0.9250000000000043 
0.0 0.0 0.26562499999999833 0.6981249999999986 1.0 1.0 0.9856250000000002 0.49687499999999724 0.42499999999999627 0.42499999999999627 0.42499999999999627 0.42499999999999627 0.42499999999999627 0.42499999999999627 0.42499999999999627 0.42499999999999627 0.42499999999999627 0.42499999999999627 0.42499999999999627 0.39312499999999834 
0.0 0.0 0.0 0.475000000000001 1.0 1.0 0.9750000000000005 0.1250000000000009 0.0 0.0 0.0 0.0 0.0 0.0 0.0 0.0 0.0 0.0 0.0 0.0 
0.0 0.0 0.0 0.475000000000001 1.0 1.0 0.9750000000000005 0.1250000000000009 0.0 0.0 0.0 0.0 0.0 0.0 0.0 0.0 0.0 0.0 0.0 0.0 
0.0 0.0 0.0 0.475000000000001 1.0 1.0 0.9750000000000005 0.1250000000000009 0.0 0.0 0.0 0.0 0.0 0.0 0.0 0.0 0.0 0.0 0.0 0.0 
0.0 0.0 0.0 0.475000000000001 1.0 1.0 0.9843750000000003 0.4531250000000021 0.8281249999999998 1.0 1.0 1.0 1.0 1.0 0.4843750000000041 0.3750000000000018 0.1781250000000027 0.0 0.0 0.0 
0.0 0.0 0.0 0.475000000000001 1.0 1.0 1.0 1.0 1.0 1.0 1.0 1.0 1.0 1.0 1.0 1.0 0.9081250000000014 0.5156250000000051 0.0 0.0 
0.0 0.0 0.0 0.475000000000001 1.0 1.0 0.9931250000000001 0.7593749999999999 0.7249999999999996 0.308125000000001 0.0 0.0 0.0 0.0 0.8249999999999957 1.0 1.0 1.0 0.7750000000000057 0.0 
0.0 0.0 0.0 0.13062500000000044 0.27500000000000036 0.27500000000000036 0.2681250000000005 0.03437500000000029 0.0 0.0 0.0 0.0 0.0 0.0 0.22687499999999913 0.7643749999999967 1.0 1.0 0.9381250000000014 0.6706250000000028 
0.0 0.0 0.0 0.0 0.0 0.0 0.0 0.0 0.0 0.0 0.0 0.0 0.0 0.0 0.0 0.5568749999999981 0.9168750000000004 1.0 1.0 0.9250000000000043 
0.0 0.0 0.0 0.0 0.0 0.0 0.0 0.0 0.0 0.0 0.0 0.0 0.0 0.0 0.0 0.0 0.524999999999995 1.0 1.0 0.9250000000000043 
0.0 0.0 0.0 0.0 0.0 0.0 0.0 0.0 0.0 0.0 0.0 0.0 0.0 0.0 0.0 0.0 0.524999999999995 1.0 1.0 0.9250000000000043 
0.0 0.0 0.32812499999999994 0.5249999999999986 0.5249999999999986 0.4331249999999989 0.0 0.0 0.0 0.0 0.0 0.0 0.0 0.0 0.0 0.0 0.524999999999995 1.0 1.0 0.9250000000000043 
0.0 0.0 0.6250000000000016 1.0 1.0 0.8250000000000002 0.0 0.0 0.0 0.0 0.0 0.0 0.0 0.0 0.0 0.0 0.524999999999995 1.0 1.0 0.9250000000000043 
0.0 0.0 0.35937500000000266 0.7768750000000019 1.0 0.8993749999999996 0.41437499999999744 0.05312500000000002 0.0 0.0 0.0 0.0 0.0 0.0 0.0 0.2868749999999961 0.7268749999999957 1.0 0.904375000000003 0.5318750000000051 
0.0 0.0 0.0 0.475000000000001 1.0 1.0 0.9750000000000005 0.1250000000000009 0.0 0.0 0.0 0.0 0.0 0.0 0.7218749999999934 0.9593749999999983 1.0 1.0 0.7750000000000057 0.0 
0.0 0.0 0.0 0.0 0.21937500000000182 0.7318750000000035 1.0 1.0 1.0 1.0 1.0 0.814375000000001 0.4093749999999939 0.9831249999999973 1.0 1.0 0.8293750000000039 0.4218750000000063 0.0 0.0 
0.0 0.0 0.0 0.0 0.0 0.03937500000000083 0.24437500000000445 0.903125 1.0 1.0 1.0 1.0 1.0 1.0 1.0 0.47687500000000693 0.10687500000000348 0.0 0.0 0.0 
