0.0 0.0 0.0 0.0 0.0 0.2537500000000025 0.3500000000000014 0.756250000000004 1.0 1.0 1.0 1.0 1.0 1.0 0.8212499999999944 0.3500000000000014 0.28874999999999784 0.0 0.0 0.0 
0.0 0.0 0.043750000000001524 0.833750000000003 1.0 1.0 1.0 1.0 1.0 1.0 1.0 1.0 1.0 1.0 1.0 1.0 1.0 0.8749999999999893 0.0 0.0 
0.0 0.0 0.8750000000000024 1.0 1.0 1.0 1.0 1.0 0.5687499999999949 0.24999999999999822 0.24999999999999822 0.5687500000000049 0.718749999999994 0.4937500000000049 1.0 1.0 1.0 0.9687499999999976 0.6937499999999942 0.0 
0.0 0.9250000000000019 1.0 1.0 1.0 0.6737499999999967 0.17874999999999702 0.0 0.0 0.0 0.0 0.0 0.0 0.0 0.27500000000000924 1.0 1.0 1.0 1.0 0.9749999999999872 
0.0 0.9250000000000019 1.0 1.0 1.0 0.2749999999999959 0.0 0.0 0.0 0.0 0.0 0.0 0.0 0.0 0.0 0.22500000000000853 1.0 1.0 1.0 0.9749999999999872 
0.0 0.925000000000002 1.0 1.0 1.0 0.2749999999999959 0.0 0.0 0.0 0.0 0.0 0.0 0.0 0.0 0.0 0.03375000000000096 0.14999999999999858 0.14999999999999858 0.14999999999999858 0.1462499999999967 
0.5362500000000032 0.966250000000001 1.0 1.0 1.0 0.2749999999999959 0.0 0.0 0.0 0.0 0.0 0.0 0.0 0.0 0.0 0.0 0.0 0.0 0.0 0.0 
0.9750000000000014 1.0 1.0 1.0 0.22499999999999654 0.0 0.0 0.0 0.0 0.0 0.0 0.0 0.0 0.0 0.0 0.0 0.0 0.0 0.0 0.0 
0.9750000000000014 1.0 1.0 1.0 0.22499999999999654 0.0 0.0 0.0 0.0 0.0 0.0 0.0 0.0 0.0 0.0 0.0 0.0 0.0 0.0 0.0 
0.9750000000000014 1.0 1.0 1.0 0.22499999999999654 0.0 0.0 0.0 0.0 0.3412500000000048 0.8162500000000035 1.0 1.0 1.0 1.0 1.0 1.0 1.0 1.0 0.9749999999999872 
0.9750000000000014 1.0 1.0 1.0 0.22499999999999654 0.0 0.0 0.0 0.0 0.5250000000000057 1.0 1.0 1.0 1.0 1.0 1.0 1.0 1.0 1.0 0.9749999999999872 
0.9750000000000014 1.0 1.0 1.0 0.22499999999999654 0.0 0.0 0.0 0.0 0.0 0.0 0.0 0.0 0.30875000000000635 0.9637499999999973 1.0 1.0 1.0 1.0 0.9749999999999872 
0.9750000000000014 1.0 1.0 1.0 0.22499999999999654 0.0 0.0 0.0 0.0 0.0 0.0 0.0 0.0 0.0 0.27500000000000924 1.0 1.0 1.0 0.9437499999999923 0.24374999999999333 
0.9750000000000014 1.0 1.0 1.0 0.22499999999999654 0.0 0.0 0.0 0.0 0.0 0.0 0.0 0.0 0.0 0.27500000000000924 1.0 1.0 1.0 0.92499999999999 0.0 
0.9750000000000014 1.0 1.0 1.0 0.22499999999999654 0.0 0.0 0.0 0.0 0.0 0.0 0.0 0.0 0.0 0.27500000000000924 1.0 1.0 1.0 0.92499999999999 0.0 
0.9750000000000014 1.0 1.0 1.0 0.22499999999999654 0.0 0.0 0.0 0.0 0.0 0.0 0.0 0.0 0.0 0.27500000000000924 1.0 1.0 1.0 0.92499999999999 0.0 
0.9750000000000014 1.0 1.0 1.0 0.6512500000000018 0.1512499999999989 0.0 0.0 0.0 0.0 0.0 0.0 0.0 0.32500000000000817 1.0 1.0 1.0 0.9312499999999936 0.41624999999999157 0.0 
0.7312499999999976 0.9812500000000002 1.0 1.0 1.0 0.4562499999999995 0.25000000000000355 0.09375 0.0 0.0 0.11875000000000338 0.5687500000000079 1.0 1.0 1.0 1.0 0.9562499999999969 0.6562499999999889 0.0 0.0 
0.0 0.04624999999999747 0.881250000000002 1.0 1.0 1.0 1.0 0.9687500000000016 0.9500000000000028 0.9500000000000028 0.9737500000000018 1.0 1.0 1.0 1.0 0.7862499999999912 0.04124999999999718 0.0 0.0 0.0 
0.0 0.0 0.0 0.2887499999999963 0.3499999999999943 0.8212500000000011 1.0 1.0 1.0 1.0 1.0 1.0 0.7562499999999932 0.3499999999999943 0.25374999999999265 0.0 0.0 0.0 0.0 0.0 
