0.0 0.0 0.0 0.0 0.0 0.0 0.08124999999999938 0.25 0.25 0.25 0.6437499999999976 0.5687500000000032 0.25 0.25 0.25 0.05625000000000124 0.0 0.0 0.0 0.0 
0.0 0.0 0.0 0.0 0.16874999999999846 0.7500000000000002 0.8312499999999995 1.0 1.0 1.0 1.0 1.0 1.0 1.0 1.0 0.8062500000000015 0.13125000000000323 0.0 0.0 0.0 
0.0 0.0 0.03124999999999961 0.38124999999999887 1.0 1.0 1.0 1.0 1.0 1.0 0.8687500000000006 0.8937499999999987 1.0 1.0 1.0 1.0 1.0 1.0 0.07500000000000284 0.0 
0.0 0.05624999999999887 0.7812500000000003 1.0 1.0 1.0 1.0 1.0 0.6812500000000017 0.2499999999999991 0.11875000000000038 0.14374999999999843 0.2499999999999991 0.7562499999999975 1.0 1.0 1.0 1.0 0.7687500000000015 0.018750000000004284 
0.0 0.0749999999999984 1.0 1.0 1.0 1.0 1.0 0.6250000000000027 0.0 0.0 0.0 0.0 0.0 0.0 0.7249999999999961 1.0 1.0 1.0 1.0 1.0 
0.018749999999998955 0.7687500000000004 1.0 1.0 1.0 1.0 0.7562500000000015 0.1562500000000001 0.0 0.0 0.0 0.0 0.0 0.0 0.7249999999999961 1.0 1.0 1.0 1.0 1.0 
0.0 0.0 0.0 0.0 0.0 0.0 0.0 0.0 0.0 0.0 0.0 0.0 0.0 0.16875000000000048 0.7937499999999975 1.0 1.0 1.0 1.0 0.7562499999999996 
0.0 0.0 0.0 0.0 0.0 0.0 0.0 0.0 0.0 0.0 0.0 0.0 0.0 0.6749999999999972 1.0 1.0 1.0 1.0 1.0 0.025000000000005684 
0.0 0.0 0.0 0.0 0.0 0.0 0.0 0.09375 0.2500000000000018 0.2500000000000018 0.2500000000000018 0.2500000000000018 0.718749999999998 1.0 1.0 1.0 1.0 1.0 0.07500000000000284 0.0 
0.0 0.0 0.0 0.0 0.0 0.0 0.24374999999999872 0.8437500000000004 1.0 1.0 1.0 1.0 1.0 1.0 1.0 1.0 0.38125000000000175 0.24999999999999822 0.01875000000000058 0.0 
0.0 0.0 0.0 0.0 0.0 0.0 0.3249999999999975 1.0 1.0 1.0 1.0 1.0 1.0 1.0 1.0 0.4187500000000051 0.04375000000000138 0.0 0.0 0.0 
0.0 0.0 0.0 0.0 0.0 0.0 0.08124999999999823 0.5312499999999958 0.6812500000000006 0.24999999999999645 0.24999999999999645 0.6812499999999952 1.0 1.0 1.0 1.0 0.793750000000004 0.09375000000000311 0.0 0.0 
0.0 0.0 0.0 0.0 0.0 0.0 0.0 0.0 0.0 0.0 0.0 0.0 0.0 0.6749999999999972 1.0 1.0 1.0 1.0 0.3062500000000054 0.0062500000000015096 
0.0 0.0 0.0 0.0 0.0 0.0 0.0 0.0 0.0 0.0 0.0 0.0 0.0 0.6749999999999972 1.0 1.0 1.0 1.0 1.0 0.025000000000005684 
0.25000000000000355 0.25000000000000355 0.3437500000000018 0.8687500000000021 0.4187500000000012 0.7250000000000023 0.0 0.0 0.0 0.0 0.0 0.0 0.0 0.6749999999999972 1.0 1.0 1.0 1.0 1.0 0.025000000000005684 
1.0 1.0 1.0 1.0 1.0 0.7250000000000023 0.0 0.0 0.0 0.0 0.0 0.0 0.0 0.6749999999999972 1.0 1.0 1.0 1.0 1.0 0.025000000000005684 
0.7562499999999962 1.0 1.0 1.0 0.8312500000000024 0.18125000000000316 0.0 0.0 0.0 0.35624999999999674 0.35625000000000073 0.0 0.15625000000000133 0.756249999999999 1.0 1.0 1.0 1.0 0.07500000000000284 0.0 
0.02499999999999858 1.0 1.0 1.0 1.0 0.9312500000000016 0.5062500000000043 0.0 0.0 0.0 0.3937499999999995 0.7500000000000036 0.9062500000000004 1.0 1.0 1.0 1.0 0.34374999999999956 0.018750000000000443 0.0 
0.0 0.05624999999999854 0.7812499999999964 1.0 1.0 1.0 1.0 1.0 1.0 1.0 1.0 1.0 1.0 1.0 1.0 0.8062499999999985 0.1312500000000026 0.0 0.0 0.0 
0.0 0.0 0.031249999999999112 0.3812499999999956 1.0 1.0 1.0 1.0 1.0 1.0 1.0 1.0 1.0 0.49374999999999974 0.24999999999999645 0.056250000000000445 0.0 0.0 0.0 0.0 
