0.0 0.15000000000000036 1.0 1.0 1.0 1.0 1.0 1.0 1.0 1.0 1.0 1.0 1.0 1.0 1.0 1.0 1.0 1.0 1.0 1.0 
0.0 0.15000000000000036 1.0 1.0 1.0 1.0 1.0 1.0 1.0 1.0 1.0 1.0 1.0 1.0 1.0 1.0 1.0 1.0 1.0 1.0 
0.0 0.13125000000000064 0.8750000000000022 0.8750000000000022 0.8750000000000022 0.8750000000000022 0.8750000000000022 0.8750000000000022 0.8750000000000022 0.8750000000000022 0.8750000000000022 0.8750000000000022 0.8750000000000022 0.918750000000001 1.0 1.0 1.0 1.0 1.0 0.8812500000000031 
0.0 0.0 0.0 0.0 0.0 0.0 0.0 0.0 0.0 0.0 0.0 0.0 0.0 0.3499999999999961 1.0 1.0 1.0 1.0 1.0 0.050000000000007816 
0.0 0.0 0.0 0.0 0.0 0.0 0.0 0.0 0.0 0.0 0.0 0.0037499999999995736 0.2687499999999948 1.0 1.0 1.0 1.0 0.9812500000000018 0.14625000000000588 0.0 
0.0 0.0 0.0 0.0 0.0 0.0 0.0 0.0 0.0 0.0 0.0 0.1499999999999968 1.0 1.0 1.0 1.0 1.0 0.25000000000000355 0.0 0.0 
0.0 0.0 0.0 0.0 0.0 0.0 0.0 0.0 0.0 0.0 0.04624999999999723 0.9362499999999974 1.0 1.0 1.0 1.0 0.39875000000000643 0.018750000000000978 0.0 0.0 
0.0 0.0 0.0 0.0 0.0 0.0 0.0 0.0 0.0 0.0 1.0 1.0 1.0 1.0 1.0 0.7937500000000034 0.21875000000000372 0.0 0.0 0.0 
0.0 0.0 0.0 0.0 0.0 0.0 0.0 0.0 0.0 0.7837499999999956 1.0 1.0 1.0 1.0 1.0 0.4500000000000064 0.0 0.0 0.0 0.0 
0.0 0.0 0.0 0.0 0.0 0.0 0.0 0.0 0.23374999999999668 0.963749999999998 1.0 1.0 1.0 0.9037500000000022 0.3987500000000048 0.0 0.0 0.0 0.0 0.0 
0.0 0.0 0.0 0.0 0.0 0.0 0.0 0.5437499999999971 0.9587499999999991 1.0 1.0 1.0 0.8187500000000031 0.17875000000000246 0.0 0.0 0.0 0.0 0.0 0.0 
0.0 0.0 0.0 0.0 0.0 0.0 0.11374999999999791 0.7937499999999978 1.0 1.0 1.0 0.973750000000001 0.618750000000005 0.0 0.0 0.0 0.0 0.0 0.0 0.0 
0.0 0.0 0.0 0.0 0.0 0.3437499999999974 0.8687499999999982 1.0 1.0 1.0 0.968750000000002 0.3187500000000042 0.0 0.0 0.0 0.0 0.0 0.0 0.0 0.0 
0.0 0.0 0.0 0.0 0.03374999999999803 0.5837499999999971 1.0 1.0 1.0 1.0 0.8787500000000067 0.0 0.0 0.0 0.0 0.0 0.0 0.0 0.0 0.0 
0.0 0.0 0.0 0.1837499999999993 0.7387499999999989 1.0 1.0 1.0 1.0 1.0 0.0 0.0 0.0 0.0 0.0 0.0 0.0 0.0 0.0 0.0 
0.0 0.0 0.0 0.34999999999999964 1.0 1.0 1.0 1.0 1.0 0.07375000000000445 0.0 0.0 0.0 0.0 0.0 0.0 0.0 0.0 0.0 0.0 
0.0 0.0 0.25 1.0 1.0 1.0 1.0 1.0 0.15000000000000213 0.0 0.0 0.0 0.0 0.0 0.0 0.0 0.0 0.0 0.0 0.0 
0.0 0.13124999999999978 0.9062499999999973 1.0 1.0 1.0 1.0 0.3437500000000042 0.0187500000000008 0.0 0.0 0.0 0.0 0.0 0.0 0.0 0.0 0.0 0.0 0.0 
0.05000000000000071 1.0 1.0 1.0 1.0 1.0 0.3500000000000014 0.0 0.0 0.0 0.0 0.0 0.0 0.0 0.0 0.0 0.0 0.0 0.0 0.0 
0.7862499999999988 1.0 1.0 1.0 1.0 0.5737500000000015 0.07875000000000082 0.0 0.0 0.0 0.0 0.0 0.0 0.0 0.0 0.0 0.0 0.0 0.0 0.0 
