0.0 0.0 0.0 0.19250000000000045 0.9274999999999972 1.0 1.0 1.0 1.0 0.10000000000000497 0.0 0.0 0.0 0.0 0.0 0.09999999999999432 1.0 1.0 1.0 1.0 
0.0 0.0 0.0 0.6999999999999962 1.0 1.0 1.0 1.0 1.0 0.10000000000000497 0.0 0.0 0.0 0.0 0.0 0.8425000000000009 1.0 1.0 1.0 1.0 
0.0 0.0 0.0 0.6999999999999962 1.0 1.0 1.0 1.0 1.0 1.0 0.0 0.0 0.0 0.0 0.0 1.0 1.0 1.0 1.0 1.0 
0.0 0.0 0.0 0.6999999999999962 1.0 1.0 1.0 1.0 1.0 1.0 0.8325000000000075 0.0 0.0 0.0 0.0 1.0 1.0 1.0 1.0 1.0 
0.0 0.0 0.0 0.6999999999999962 1.0 1.0 1.0 1.0 1.0 1.0 0.9000000000000057 0.0 0.0 0.0 0.0 1.0 1.0 1.0 1.0 0.572500000000002 
0.0 0.0 0.49999999999999645 1.0 1.0 1.0 1.0 1.0 1.0 1.0 1.0 0.7000000000000064 0.0 0.0 0.022500000000001793 1.0 1.0 1.0 1.0 0.10000000000000853 
0.0 0.0 0.49999999999999645 1.0 1.0 1.0 1.0 1.0 1.0 1.0 1.0 0.7000000000000064 0.0 0.0 0.899999999999995 1.0 1.0 1.0 1.0 0.6175000000000062 
0.0 0.0 0.49999999999999645 1.0 1.0 1.0 0.9625 0.9374999999999987 1.0 1.0 1.0 0.7375000000000062 0.06250000000000178 0.0 0.899999999999995 1.0 1.0 1.0 1.0 0.10000000000000853 
0.0 0.0 0.49999999999999645 1.0 1.0 1.0 0.7000000000000046 0.49999999999999645 1.0 1.0 1.0 1.0 0.5000000000000071 0.0 0.899999999999995 1.0 1.0 1.0 1.0 0.10000000000000853 
0.0 0.0 0.49999999999999645 1.0 1.0 1.0 0.7000000000000046 0.3874999999999956 0.9324999999999981 1.0 1.0 1.0 0.5000000000000071 0.0 0.899999999999995 1.0 1.0 1.0 0.8424999999999996 0.07750000000000629 
0.0 0.2324999999999981 0.8875000000000003 1.0 1.0 1.0 0.7000000000000046 0.0 0.6999999999999957 1.0 1.0 1.0 0.5000000000000071 0.5424999999999954 0.9774999999999991 1.0 1.0 1.0 0.3000000000000078 0.0 
0.0 0.2999999999999967 1.0 1.0 1.0 1.0 0.7000000000000046 0.0 0.47249999999999515 0.967499999999998 1.0 1.0 1.0 1.0 1.0 1.0 1.0 1.0 0.3000000000000078 0.0 
0.0 0.2999999999999967 1.0 1.0 1.0 1.0 0.7000000000000046 0.0 0.0 0.899999999999995 1.0 1.0 1.0 1.0 1.0 1.0 1.0 1.0 0.3000000000000078 0.0 
0.0 0.2999999999999967 1.0 1.0 1.0 1.0 0.7000000000000046 0.0 0.0 0.5174999999999933 1.0 1.0 1.0 1.0 1.0 1.0 1.0 0.7875000000000009 0.1725000000000032 0.0 
0.0 0.2999999999999967 1.0 1.0 1.0 0.9025000000000045 0.01749999999999912 0.0 0.0 0.0 1.0 1.0 1.0 1.0 1.0 1.0 1.0 0.5000000000000071 0.0 0.0 
0.09999999999999698 1.0 1.0 1.0 1.0 0.9000000000000048 0.0 0.0 0.0 0.0 0.09999999999999432 1.0 1.0 1.0 1.0 1.0 1.0 0.5000000000000071 0.0 0.0 
0.09999999999999698 1.0 1.0 1.0 1.0 0.9000000000000048 0.0 0.0 0.0 0.0 0.09999999999999432 1.0 1.0 1.0 1.0 1.0 1.0 0.5000000000000071 0.0 0.0 
0.09999999999999698 1.0 1.0 1.0 1.0 0.3374999999999986 0.0 0.0 0.0 0.0 0.037499999999997514 0.5624999999999936 1.0 1.0 1.0 1.0 0.8125000000000029 0.1875000000000009 0.0 0.0 
0.08249999999999708 0.8249999999999957 0.9124999999999972 1.0 0.10000000000000409 0.17500000000000426 0.17500000000000426 0.17500000000000426 0.17500000000000426 0.17500000000000426 0.17500000000000426 0.17500000000000426 0.17500000000000426 0.17500000000000426 0.17500000000000426 0.17500000000000426 0.17500000000000426 0.17500000000000426 0.17500000000000426 0.17500000000000426 
0.7250000000000014 0.7250000000000014 0.8624999999999997 1.0 0.7525000000000024 0.2749999999999986 0.2749999999999986 0.2749999999999986 0.2749999999999986 0.2749999999999986 0.2749999999999986 0.2749999999999986 0.2749999999999986 0.2749999999999986 0.2749999999999986 0.2749999999999986 0.2749999999999986 0.2749999999999986 0.2749999999999986 0.2749999999999986 
