0.0 0.0 0.0 0.0 0.0 0.0 0.0 0.0 0.0 0.0 0.0 0.0 0.0 0.0 0.0 0.6749999999999972 1.0 1.0 0.7750000000000039 0.0 
0.0 0.0 0.0 0.0 0.0 0.0 0.0 0.0 0.0 0.0 0.0 0.0 0.0 0.0 0.0 0.6749999999999972 1.0 1.0 0.7750000000000039 0.0 
0.0 0.0 0.0 0.0 0.0 0.0 0.0 0.0 0.0 0.0 0.0 0.0 0.0 0.0 0.0 0.6749999999999972 1.0 1.0 1.0 0.9250000000000043 
0.0 0.0 0.0 0.0 0.0 0.0 0.0 0.0 0.0 0.0 0.0 0.0 0.0 0.0 0.0 0.6749999999999972 1.0 1.0 1.0 0.9250000000000043 
0.0 0.0 0.0 0.0 0.0 0.0 0.0 0.0 0.0 0.0 0.0 0.0 0.0 0.0 0.0 0.6749999999999972 1.0 1.0 1.0 0.9250000000000043 
0.0 0.0 0.0 0.0 0.0 0.0 0.0 0.0 0.0 0.0 0.0 0.0 0.0 0.0 0.0 0.6749999999999972 1.0 1.0 1.0 0.9250000000000043 
0.0 0.0 0.0 0.0 0.0 0.0 0.0 0.0 0.0 0.0 0.0 0.0 0.0 0.0 0.0 0.6749999999999972 1.0 1.0 1.0 0.9250000000000043 
0.0 0.0 0.0 0.0 0.0 0.0 0.0 0.0 0.0 0.0 0.0 0.0 0.0 0.0 0.0 0.6749999999999972 1.0 1.0 1.0 0.9250000000000043 
0.0 0.0 0.0 0.0 0.0 0.0 0.0 0.0 0.0 0.0 0.0 0.0 0.0 0.0 0.0 0.6749999999999972 1.0 1.0 1.0 0.9250000000000043 
0.0 0.0 0.0 0.0 0.0 0.0 0.0 0.0 0.0 0.0 0.0 0.0 0.0 0.0 0.0 0.6749999999999972 1.0 1.0 1.0 0.9250000000000043 
0.0 0.0 0.0 0.0 0.0 0.0 0.0 0.0 0.0 0.0 0.0 0.0 0.0 0.0 0.0 0.6749999999999972 1.0 1.0 1.0 0.9250000000000043 
0.0 0.0 0.0 0.0 0.0 0.0 0.0 0.0 0.0 0.0 0.0 0.0 0.0 0.0 0.0 0.6749999999999972 1.0 1.0 1.0 0.9250000000000043 
0.0 0.0 0.0 0.0 0.0 0.0 0.0 0.0 0.0 0.0 0.0 0.0 0.0 0.0 0.0 0.6749999999999972 1.0 1.0 1.0 0.9250000000000043 
0.0 0.0 0.0 0.0 0.0 0.0 0.0 0.0 0.0 0.0 0.0 0.0 0.0 0.0 0.0 0.6749999999999972 1.0 1.0 1.0 0.9250000000000043 
0.7399999999999984 0.8000000000000007 0.8000000000000007 0.4200000000000028 0.0 0.0 0.0 0.0 0.0 0.0 0.0 0.0 0.0 0.0 0.0 0.13499999999999895 0.6199999999999971 1.0 1.0 0.9250000000000043 
0.9249999999999972 1.0 1.0 1.0 0.6750000000000029 0.0 0.0 0.0 0.0 0.0 0.0 0.0 0.0 0.0 0.0 0.6749999999999972 1.0 1.0 1.0 0.9250000000000043 
0.36999999999999755 0.864999999999998 1.0 1.0 0.8700000000000017 0.4950000000000029 0.0 0.0 0.0 0.0 0.0 0.0 0.0 0.0 0.0 0.6749999999999972 1.0 1.0 1.0 0.9250000000000043 
0.0 0.7749999999999971 1.0 1.0 1.0 1.0 0.9750000000000032 0.12500000000000266 0.0 0.0 0.0 0.0 0.0 0.0 0.8249999999999975 1.0 1.0 1.0 0.7750000000000039 0.0 
0.0 0.0 0.37499999999999695 0.5999999999999979 0.7299999999999974 1.0 1.0 1.0 1.0 1.0 1.0 1.0 1.0 1.0 1.0 1.0 1.0 0.8500000000000006 0.4650000000000007 0.0 
0.0 0.0 0.0 0.0 0.06499999999999918 0.1999999999999993 0.21999999999999675 0.8999999999999978 1.0 1.0 1.0 1.0 1.0 1.0 1.0 0.4600000000000018 0.1999999999999993 0.12500000000000028 0.0 0.0 
