0.0 0.0 0.0 0.0 0.0 0.0 0.0 0.0 0.0 0.0 0.0 0.0 0.14999999999999947 0.7200000000000014 1.0 1.0 1.0 1.0 0.8499999999999979 0.0 
0.0 0.0 0.0 0.0 0.0 0.0 0.0 0.0 0.0 0.0 0.0 0.0 0.75 1.0 1.0 1.0 1.0 1.0 0.8499999999999979 0.0 
0.0 0.0 0.0 0.0 0.0 0.0 0.0 0.0 0.0 0.0 0.0 0.8500000000000011 0.9999999999999999 1.0 1.0 1.0 1.0 1.0 0.8499999999999979 0.0 
0.0 0.0 0.0 0.0 0.0 0.0 0.0 0.0 0.0 0.05000000000000071 0.9499999999999993 1.0 1.0 1.0 1.0 1.0 1.0 1.0 0.8499999999999979 0.0 
0.0 0.0 0.0 0.0 0.0 0.0 0.0 0.0 0.12000000000000026 0.8099999999999999 0.9899999999999999 1.0 1.0 1.0 1.0 1.0 1.0 1.0 0.8499999999999979 0.0 
0.0 0.0 0.0 0.0 0.0 0.0 0.0 0.050000000000000044 0.32000000000000045 1.0 1.0 1.0 0.8499999999999999 0.27999999999999825 0.44000000000000045 0.8900000000000005 1.0 1.0 0.8499999999999979 0.0 
0.0 0.0 0.0 0.0 0.0 0.0 0.20999999999999966 0.6999999999999997 1.0 1.0 1.0 1.0 0.25 0.0 0.0 0.45000000000000284 1.0 1.0 0.8499999999999979 0.0 
0.0 0.0 0.0 0.0 0.0 0.0 0.34999999999999964 1.0 1.0 1.0 1.0 0.14999999999999858 0.0 0.0 0.0 0.45000000000000284 1.0 1.0 0.8499999999999979 0.0 
0.0 0.0 0.0 0.0 0.0 0.4499999999999993 1.0 1.0 1.0 0.9499999999999993 0.05000000000000071 0.0 0.0 0.0 0.0 0.45000000000000284 1.0 1.0 0.8499999999999979 0.0 
0.0 0.0 0.0 0.0 0.4399999999999999 0.8900000000000002 1.0 1.0 0.8799999999999996 0.18999999999999917 0.010000000000000106 0.0 0.0 0.0 0.0 0.45000000000000284 1.0 1.0 0.8499999999999979 0.0 
0.0 0.0 0.0 0.649999999999999 1.0 1.0 1.0 0.75 0.0 0.0 0.0 0.0 0.0 0.0 0.0 0.45000000000000284 1.0 1.0 0.8499999999999979 0.0 
0.0 0.0 0.4500000000000004 0.8600000000000001 1.0 1.0 0.7899999999999997 0.29999999999999893 0.0 0.0 0.0 0.0 0.0 0.0 0.0 0.45000000000000284 1.0 1.0 0.8499999999999979 0.0 
0.0 0.0 0.7499999999999989 1.0 1.0 1.0 0.6500000000000004 0.0 0.0 0.0 0.0 0.0 0.0 0.0 0.0 0.45000000000000284 1.0 1.0 0.8499999999999979 0.0 
0.0 0.8499999999999985 1.0 1.0 1.0 0.5500000000000007 0.0 0.0 0.0 0.0 0.0 0.0 0.0 0.0 0.5500000000000007 1.0 1.0 1.0 0.8499999999999979 0.0 
0.7599999999999993 0.9699999999999999 1.0 1.0 1.0 0.5500000000000007 0.0 0.0 0.0 0.0 0.0 0.0 0.0 0.0 0.5500000000000007 1.0 1.0 1.0 0.9699999999999996 0.7599999999999972 
0.9499999999999984 1.0 1.0 1.0 1.0 1.0 1.0 1.0 1.0 1.0 1.0 1.0 1.0 1.0 1.0 1.0 1.0 1.0 1.0 0.9499999999999957 
0.9499999999999984 1.0 1.0 1.0 1.0 1.0 1.0 1.0 1.0 1.0 1.0 1.0 1.0 1.0 1.0 1.0 1.0 1.0 1.0 0.9499999999999957 
0.0 0.0 0.0 0.0 0.0 0.0 0.0 0.0 0.0 0.0 0.0 0.0 0.0 0.0 0.5500000000000007 1.0 1.0 1.0 0.8499999999999979 0.0 
0.0 0.0 0.0 0.0 0.0 0.0 0.0 0.0 0.0 0.0 0.0 0.0 0.0 0.0 0.5500000000000007 1.0 1.0 1.0 0.8499999999999979 0.0 
0.0 0.0 0.0 0.0 0.0 0.0 0.0 0.0 0.0 0.0 0.0 0.0 0.0 0.0 0.10999999999999975 0.5600000000000018 1.0 1.0 0.8499999999999979 0.0 
