0.5999999999999992 0.7999999999999989 0.9999999999999987 1.0 1.0 1.0 1.0 1.0 0.860000000000004 0.7200000000000064 0.580000000000009 0.4400000000000114 0.30000000000001353 0.2400000000000101 0.1800000000000079 0.12000000000000571 0.06000000000000352 1.3322676295502383e-15 0.0 0.0 
0.5999999999999992 0.7999999999999989 0.9999999999999988 0.9800000000000018 0.9600000000000035 0.9400000000000052 0.9200000000000069 0.9000000000000086 0.720000000000009 0.5400000000000075 0.36000000000000604 0.18000000000000463 2.7977620220554204e-15 0.0 0.0 0.0 0.0 0.0 0.0 0.0 
0.5999999999999992 0.7999999999999989 0.9999999999999987 0.8000000000000014 0.6000000000000016 0.4000000000000019 0.20000000000000195 2.220446049250313e-15 0.0 0.0 0.0 0.0 0.0 0.0 0.0 0.0 0.0 0.0 0.0 0.0 
0.5999999999999992 0.7999999999999989 0.9999999999999988 0.8000000000000014 0.6000000000000016 0.4000000000000019 0.20000000000000195 2.220446049250313e-15 0.0 0.0 0.0 0.0 0.0 0.0 0.0 0.0 0.0 0.0 0.0 0.0 
0.5999999999999992 0.7999999999999989 0.9999999999999987 0.8000000000000014 0.6000000000000016 0.4000000000000019 0.20000000000000195 2.220446049250313e-15 0.0 0.0 0.0 0.0 0.0 0.0 0.0 0.0 0.0 0.0 0.0 0.0 
0.5999999999999992 0.7999999999999989 0.9999999999999987 0.8000000000000014 0.6000000000000016 0.4000000000000019 0.20000000000000195 2.220446049250313e-15 0.0 0.0 0.0 0.0 0.0 0.0 0.0 0.0 0.0 0.0 0.0 0.0 
0.5999999999999992 0.7999999999999989 0.9999999999999988 0.8000000000000014 0.6000000000000016 0.4000000000000019 0.20000000000000195 2.220446049250313e-15 0.0 0.0 0.0 0.0 0.0 0.0 0.0 0.0 0.0 0.0 0.0 0.0 
0.5999999999999992 0.7999999999999989 0.9999999999999987 0.8000000000000014 0.6000000000000016 0.4000000000000019 0.20000000000000195 2.220446049250313e-15 0.0 0.0 0.0 0.0 0.0 0.0 0.0 0.0 0.0 0.0 0.0 0.0 
0.5999999999999992 0.7999999999999989 0.9999999999999988 0.8000000000000014 0.6000000000000016 0.4000000000000019 0.20000000000000195 2.220446049250313e-15 0.0 0.0 0.0 0.0 0.0 0.0 0.0 0.0 0.0 0.0 0.0 0.0 
0.5999999999999992 0.7999999999999989 0.9999999999999987 0.8600000000000046 0.7200000000000085 0.5800000000000124 0.44000000000001616 0.30000000000002003 0.24000000000001553 0.1800000000000119 0.1200000000000083 0.06000000000000468 9.32587340685189e-16 0.0 0.0 0.0 0.0 0.0 0.0 0.0 
0.5999999999999992 0.7999999999999989 0.9999999999999987 1.0 1.0 1.0 1.0 1.0 0.8000000000000025 0.6000000000000028 0.400000000000003 0.2000000000000033 3.1086244689504383e-15 0.0 0.0 0.0 0.0 0.0 0.0 0.0 
0.5999999999999992 0.7999999999999989 0.9999999999999988 1.0 1.0 1.0 1.0 1.0 0.8000000000000025 0.6000000000000028 0.400000000000003 0.2000000000000033 3.1086244689504383e-15 0.0 0.0 0.0 0.0 0.0 0.0 0.0 
0.5999999999999992 0.7999999999999989 0.9999999999999987 0.8000000000000014 0.6000000000000016 0.4000000000000019 0.20000000000000195 2.220446049250313e-15 0.0 0.0 0.0 0.0 0.0 0.0 0.0 0.0 0.0 0.0 0.0 0.0 
0.5999999999999992 0.7999999999999989 0.9999999999999988 0.8000000000000014 0.6000000000000016 0.4000000000000019 0.20000000000000195 2.220446049250313e-15 0.0 0.0 0.0 0.0 0.0 0.0 0.0 0.0 0.0 0.0 0.0 0.0 
0.5999999999999992 0.7999999999999989 0.9999999999999987 0.8000000000000014 0.6000000000000016 0.4000000000000019 0.20000000000000195 2.220446049250313e-15 0.0 0.0 0.0 0.0 0.0 0.0 0.0 0.0 0.0 0.0 0.0 0.0 
0.5999999999999992 0.7999999999999989 0.9999999999999987 0.8000000000000014 0.6000000000000016 0.4000000000000019 0.20000000000000195 2.220446049250313e-15 0.0 0.0 0.0 0.0 0.0 0.0 0.0 0.0 0.0 0.0 0.0 0.0 
0.5999999999999992 0.7999999999999989 0.9999999999999988 0.8000000000000014 0.6000000000000016 0.4000000000000019 0.20000000000000195 2.220446049250313e-15 0.0 0.0 0.0 0.0 0.0 0.0 0.0 0.0 0.0 0.0 0.0 0.0 
0.5999999999999992 0.7999999999999989 0.9999999999999987 0.8000000000000014 0.6000000000000016 0.4000000000000019 0.20000000000000195 2.220446049250313e-15 0.0 0.0 0.0 0.0 0.0 0.0 0.0 0.0 0.0 0.0 0.0 0.0 
0.5999999999999992 0.7999999999999989 0.9999999999999988 0.8000000000000014 0.6000000000000016 0.4000000000000019 0.20000000000000195 2.220446049250313e-15 0.0 0.0 0.0 0.0 0.0 0.0 0.0 0.0 0.0 0.0 0.0 0.0 
0.5999999999999992 0.7999999999999989 0.9999999999999987 0.8000000000000014 0.6000000000000016 0.4000000000000019 0.20000000000000195 2.220446049250313e-15 0.0 0.0 0.0 0.0 0.0 0.0 0.0 0.0 0.0 0.0 0.0 0.0 
