0.19687499999999622 0.22499999999999432 0.22499999999999432 0.32187499999999847 0.9031250000000027 0.37499999999999556 0.0 0.09687500000000346 0.6781250000000077 0.29062499999999936 0.0 0.0 0.0 0.14062499999999684 0.22499999999999432 0.22499999999999432 0.22499999999999432 0.22499999999999432 0.22499999999999432 0.19687499999999464 
0.8750000000000053 1.0 1.0 1.0 1.0 0.37499999999999556 0.0 0.0 0.0 0.0 0.0 0.0 0.0 0.6250000000000018 1.0 1.0 1.0 1.0 1.0 0.8749999999999982 
0.8750000000000053 1.0 1.0 1.0 1.0 0.37499999999999556 0.0 0.0 0.0 0.0 0.04687499999999861 0.23437499999999883 0.890625000000001 1.0 1.0 1.0 1.0 1.0 0.9531250000000016 0.7656250000000027 
0.8750000000000053 1.0 1.0 1.0 1.0 0.37499999999999556 0.0 0.0 0.0 0.0 0.37500000000000355 1.0 1.0 1.0 1.0 1.0 1.0 0.6406250000000017 0.2656250000000019 0.0 
0.8750000000000053 1.0 1.0 1.0 1.0 0.37499999999999556 0.0 0.0 0.0 0.6250000000000036 1.0 1.0 1.0 1.0 0.9906250000000015 0.8531250000000018 0.12187499999999878 0.0 0.0 0.0 
0.8750000000000053 1.0 1.0 1.0 1.0 0.37499999999999556 0.0 0.0593750000000012 0.41562499999999825 0.8031250000000004 1.0 1.0 1.0 1.0 0.6249999999999982 0.0 0.0 0.0 0.0 0.0 
0.8750000000000053 1.0 1.0 1.0 1.0 0.37499999999999556 0.3468750000000022 0.9343749999999977 0.9906249999999999 1.0 1.0 1.0 1.0 0.4218750000000001 0.046875000000001645 0.0 0.0 0.0 0.0 0.0 
0.8750000000000053 1.0 1.0 1.0 1.0 0.609374999999995 0.609375 1.0 1.0 1.0 0.859375 0.5468750000000009 0.07812499999999933 0.0 0.0 0.0 0.0 0.0 0.0 0.0 
0.8750000000000053 1.0 1.0 1.0 1.0 1.0 1.0 1.0 1.0 1.0 0.6249999999999964 0.0 0.0 0.0 0.0 0.0 0.0 0.0 0.0 0.0 
0.8750000000000053 1.0 1.0 1.0 1.0 1.0 1.0 0.9656249999999992 0.7593750000000002 0.271874999999998 0.0 0.0 0.0 0.0 0.0 0.0 0.0 0.0 0.0 0.0 
0.8750000000000053 1.0 1.0 1.0 1.0 1.0 1.0 0.8749999999999964 0.12499999999999645 0.0 0.0 0.0 0.0 0.0 0.0 0.0 0.0 0.0 0.0 0.0 
0.8750000000000053 1.0 1.0 1.0 1.0 1.0 1.0 1.0 1.0 0.37499999999999645 0.0 0.0 0.0 0.0 0.0 0.0 0.0 0.0 0.0 0.0 
0.8750000000000053 1.0 1.0 1.0 1.0 1.0 1.0 1.0 1.0 0.7656249999999987 0.3906249999999978 0.0 0.0 0.0 0.0 0.0 0.0 0.0 0.0 0.0 
0.8750000000000053 1.0 1.0 0.9906249999999998 0.9343750000000003 0.9250000000000007 0.9250000000000007 0.9343750000000008 0.9906250000000003 1.0 1.0 0.8749999999999964 0.12499999999999822 0.0 0.0 0.0 0.0 0.0 0.0 0.0 
0.8750000000000053 1.0 1.0 0.8749999999999956 0.12499999999999556 0.0 0.0 0.059375000000001864 0.4156250000000029 0.8031250000000024 1.0 0.9406249999999982 0.5843749999999979 0.19687499999999852 0.0 0.0 0.0 0.0 0.0 0.0 
0.8750000000000053 1.0 1.0 0.8749999999999956 0.12499999999999556 0.0 0.0 0.0 0.0 0.6250000000000036 1.0 1.0 1.0 0.9843750000000009 0.6093749999999991 0.0 0.0 0.0 0.0 0.0 
0.8750000000000053 1.0 1.0 0.8749999999999956 0.12499999999999556 0.0 0.0 0.0 0.0 0.0 0.37500000000000355 1.0 1.0 1.0 0.7843749999999993 0.37187499999999984 0.05312499999999933 0.0 0.0 0.0 
0.8750000000000053 1.0 1.0 0.8749999999999956 0.12499999999999556 0.0 0.0 0.0 0.0 0.0 0.046875000000000444 0.2343750000000031 0.8906250000000016 1.0 1.0 0.9843749999999998 0.8906249999999998 0.32812499999999845 0.0 0.0 
0.8750000000000053 1.0 1.0 0.8749999999999956 0.12499999999999556 0.0 0.0 0.0 0.0 0.0 0.0 0.0 0.0 0.6250000000000018 1.0 1.0 1.0 0.5781250000000006 0.2031250000000012 0.0 
0.8750000000000053 1.0 1.0 0.8749999999999956 0.12499999999999556 0.0 0.0 0.0 0.0 0.0 0.0 0.0 0.0 0.14062499999999906 0.515625 1.0 1.0 1.0 0.9156250000000004 0.6781250000000005 
