0.0 0.0 0.0 0.0 0.0 0.2537500000000025 0.7887500000000032 1.0 1.0 1.0 1.0 1.0 1.0 1.0 0.8212499999999944 0.3500000000000014 0.28874999999999784 0.0 0.0 0.0 
0.0 0.0 0.043750000000001524 0.833750000000003 1.0 1.0 1.0 0.9687499999999988 0.9499999999999984 0.9499999999999984 0.9499999999999984 0.9499999999999984 0.9499999999999984 0.9662499999999993 1.0 1.0 0.8337499999999912 0.043750000000000865 0.0 0.0 
0.0 0.0 0.8750000000000024 1.0 1.0 0.45624999999999566 0.24999999999999822 0.093749999999998 0.0 0.0 0.0 0.0 0.0 0.08125000000000146 0.45625000000000565 1.0 1.0 0.9687499999999976 0.6937499999999942 0.0 
0.0 0.9250000000000019 1.0 1.0 0.22499999999999654 0.0 0.0 0.0 0.0 0.0 0.0 0.0 0.0 0.0 0.0 0.22500000000000853 1.0 1.0 0.9587499999999947 0.43874999999999614 
0.9750000000000014 1.0 1.0 0.8762499999999979 0.1912499999999966 0.0 0.0 0.0 0.0 0.0 0.0 0.0 0.0 0.0 0.0 0.0 0.1750000000000096 1.0 1.0 0.9749999999999872 
0.9750000000000014 1.0 1.0 0.17499999999999716 0.0 0.0 0.0 0.0 0.0 0.0 0.0 0.0 0.0 0.0 0.0 0.0 0.1750000000000096 1.0 1.0 0.9749999999999872 
0.9750000000000014 1.0 1.0 0.17499999999999716 0.0 0.0 0.0 0.0 0.0 0.0 0.0 0.0 0.0 0.0 0.0 0.0 0.1750000000000096 1.0 1.0 0.9749999999999872 
0.9750000000000014 1.0 1.0 0.17499999999999716 0.0 0.0 0.0 0.0 0.0 0.0 0.0 0.0 0.0 0.0 0.0 0.0 0.1750000000000096 1.0 1.0 0.9749999999999872 
0.9750000000000014 1.0 1.0 0.9587500000000022 0.21374999999999736 0.0 0.0 0.0 0.0 0.0 0.0 0.0 0.0 0.0 0.0 0.21375000000000874 0.9587500000000029 1.0 1.0 0.9749999999999872 
0.0 0.925000000000002 1.0 1.0 0.7287500000000005 0.17874999999999794 0.0 0.0 0.0 0.0 0.0 0.0 0.0 0.0 0.1787500000000066 0.7287500000000047 1.0 1.0 1.0 0.9749999999999872 
0.0 0.0 0.5687500000000003 0.9387500000000008 1.0 1.0 1.0 0.5937499999999974 0.3500000000000014 0.3500000000000014 0.3500000000000014 0.3500000000000014 0.5937500000000056 1.0 1.0 1.0 1.0 1.0 1.0 0.9749999999999872 
0.0 0.0 0.0 0.0 0.73625 0.9499999999999957 0.9499999999999957 0.9812499999999986 1.0 1.0 1.0 1.0 0.9812499999999981 0.9499999999999957 0.9637499999999973 1.0 1.0 1.0 1.0 0.9749999999999872 
0.0 0.0 0.0 0.0 0.0 0.0 0.0 0.1562499999999991 0.24999999999999645 0.24999999999999645 0.24999999999999645 0.24999999999999645 0.156249999999996 0.0 0.06875000000000134 0.4187500000000036 1.0 1.0 0.9437499999999923 0.24374999999999333 
0.0 0.0 0.0 0.0 0.0 0.0 0.0 0.0 0.0 0.0 0.0 0.0 0.0 0.0 0.0 0.22500000000000853 1.0 1.0 0.92499999999999 0.0 
0.0 0.0 0.0 0.0 0.0 0.0 0.0 0.0 0.0 0.0 0.0 0.0 0.0 0.0 0.0 0.22500000000000853 1.0 1.0 0.92499999999999 0.0 
0.0 0.0 0.0 0.0 0.0 0.0 0.0 0.0 0.0 0.0 0.0 0.0 0.0 0.0 0.0 0.22500000000000853 1.0 1.0 0.92499999999999 0.0 
0.5362500000000049 0.5500000000000043 0.5500000000000043 0.5500000000000043 0.12374999999999906 0.0 0.0 0.0 0.0 0.0 0.0 0.0 0.0 0.0 0.27500000000000924 1.0 1.0 0.9312499999999936 0.41624999999999157 0.0 
0.0 0.6937499999999982 0.9687500000000002 1.0 1.0 0.4562499999999995 0.25000000000000355 0.09375 0.0 0.0 0.11875000000000338 0.25000000000000355 0.25000000000000355 0.4937500000000085 1.0 1.0 0.8249999999999904 0.0 0.0 0.0 
0.0 0.0 0.8750000000000024 1.0 1.0 1.0 1.0 0.9687500000000016 0.9500000000000028 0.9500000000000028 0.9737500000000018 1.0 1.0 1.0 1.0 0.7862499999999912 0.04124999999999718 0.0 0.0 0.0 
0.0 0.0 0.0 0.0 0.2712499999999968 0.3499999999999943 0.788750000000001 1.0 1.0 1.0 1.0 0.7237499999999926 0.3499999999999943 0.2362499999999933 0.0 0.0 0.0 0.0 0.0 0.0 
