0.018749999999997623 0.4687500000000014 1.0 1.0 1.0 1.0 1.0 1.0 1.0 1.0 1.0 1.0 1.0 1.0 0.7187500000000081 0.3750000000000071 0.3750000000000071 0.3750000000000071 0.3750000000000071 0.018750000000003285 
0.04999999999999272 1.0 1.0 1.0 1.0 1.0 1.0 1.0 1.0 1.0 1.0 1.0 1.0 1.0 1.0 1.0 1.0 1.0 1.0 0.16875000000001358 
0.04999999999999272 1.0 1.0 1.0 1.0 1.0 1.0 1.0 1.0 1.0 1.0 1.0 1.0 1.0 1.0 1.0 1.0 1.0 1.0 1.0 
0.04999999999999272 1.0 1.0 1.0 1.0 1.0 0.35000000000000764 0.0 0.0 0.0 0.0 0.0 0.0 0.13124999999999404 0.6562499999999912 1.0 1.0 1.0 1.0 1.0 
0.04999999999999272 1.0 1.0 1.0 1.0 1.0 0.35000000000000764 0.0 0.0 0.0 0.0 0.0 0.0 0.0 0.4499999999999922 1.0 1.0 1.0 1.0 1.0 
0.04999999999999272 1.0 1.0 1.0 1.0 1.0 0.35000000000000764 0.0 0.0 0.0 0.0 0.0 0.0 0.0 0.4499999999999922 1.0 1.0 1.0 1.0 1.0 
0.04999999999999272 1.0 1.0 1.0 1.0 1.0 0.35000000000000764 0.0 0.0 0.0 0.0 0.0 0.0 0.0 0.4499999999999922 1.0 1.0 1.0 1.0 1.0 
0.04999999999999272 1.0 1.0 1.0 1.0 1.0 0.35000000000000764 0.0 0.0 0.0 0.0 0.0 0.0 0.34999999999999076 1.0 1.0 1.0 1.0 1.0 0.4062499999999981 
0.04999999999999272 1.0 1.0 1.0 1.0 0.45000000000000817 0.0 0.28125000000000233 0.9062499999999953 1.0 0.3750000000000071 0.3750000000000071 0.5312500000000009 1.0 1.0 1.0 1.0 1.0 0.6812499999999975 0.03125000000000453 
0.04999999999999272 1.0 1.0 1.0 1.0 0.45000000000000817 0.0 0.749999999999992 1.0 1.0 1.0 1.0 1.0 1.0 0.9437499999999978 0.3937500000000055 0.0 0.0 0.0 0.0 
0.04999999999999272 1.0 1.0 1.0 1.0 0.45000000000000817 0.0 0.749999999999992 1.0 1.0 1.0 1.0 1.0 0.6937500000000056 0.06874999999999706 0.0 0.0 0.0 0.0 0.0 
0.04999999999999272 1.0 1.0 1.0 1.0 0.45000000000000817 0.0 0.749999999999992 1.0 1.0 1.0 1.0 0.9062500000000044 0.4062500000000104 0.0 0.0 0.0 0.0 0.0 0.0 
0.04999999999999272 1.0 1.0 1.0 1.0 0.45000000000000817 0.0 0.0 0.5312499999999882 0.9812499999999967 1.0 1.0 1.0 0.7812500000000082 0.20625000000000684 0.0 0.0 0.0 0.0 0.0 
0.04999999999999272 1.0 1.0 1.0 1.0 0.45000000000000817 0.0 0.0 0.0 0.8312499999999864 1.0 1.0 1.0 1.0 0.6062500000000101 0.05625000000000444 0.0 0.0 0.0 0.0 
0.8812500000000059 1.0 1.0 1.0 1.0 0.45000000000000817 0.0 0.0 0.0 0.0 1.0 1.0 1.0 1.0 1.0 0.9312500000000051 0.30625000000000996 0.0 0.0 0.0 
1.0 1.0 1.0 1.0 1.0 0.45000000000000817 0.0 0.0 0.0 0.0 0.04999999999999005 1.0 1.0 1.0 1.0 1.0 1.0 0.2500000000000071 0.0 0.0 
1.0 1.0 1.0 1.0 1.0 0.45000000000000817 0.0 0.0 0.0 0.0 0.0 0.14999999999999147 1.0 1.0 1.0 1.0 1.0 1.0 0.4687500000000118 0.018750000000003285 
1.0 1.0 1.0 1.0 1.0 0.45000000000000817 0.0 0.0 0.0 0.0 0.0 0.0 0.218749999999992 0.9187499999999942 1.0 1.0 1.0 1.0 1.0 0.16875000000001358 
1.0 1.0 1.0 1.0 1.0 0.45000000000000817 0.0 0.0 0.0 0.0 0.0 0.0 0.0 0.34999999999999076 1.0 1.0 1.0 1.0 1.0 1.0 
0.3749999999999929 0.3749999999999929 0.3749999999999929 0.3749999999999929 0.3749999999999929 0.16874999999999987 0.0 0.0 0.0 0.0 0.0 0.0 0.0 0.0 0.16874999999999388 0.7187499999999906 1.0 1.0 1.0 0.4062499999999981 
