0.018749999999997623 0.4687500000000014 0.8437500000000064 0.3750000000000071 0.3750000000000071 0.3750000000000071 0.3750000000000071 0.3750000000000071 0.3750000000000071 0.3750000000000071 0.3750000000000071 0.3750000000000071 0.3750000000000071 0.3750000000000071 0.3750000000000071 0.3750000000000071 0.3750000000000071 0.3750000000000071 0.3750000000000071 0.018750000000003285 
0.04999999999999272 1.0 1.0 1.0 1.0 1.0 1.0 1.0 1.0 1.0 1.0 1.0 1.0 1.0 1.0 1.0 1.0 1.0 1.0 0.16875000000001358 
0.04999999999999272 1.0 1.0 1.0 1.0 1.0 1.0 1.0 1.0 1.0 1.0 1.0 1.0 1.0 1.0 1.0 1.0 1.0 1.0 0.1687500000000001 
0.04999999999999272 1.0 1.0 1.0 1.0 1.0 0.5937500000000002 0.3749999999999929 0.3749999999999929 0.3749999999999929 0.3749999999999929 0.3749999999999929 0.3749999999999929 0.3749999999999929 0.3749999999999929 0.3749999999999929 0.3749999999999929 0.3749999999999929 0.3749999999999929 0.018750000000002577 
0.04999999999999272 1.0 1.0 1.0 1.0 0.7937499999999992 0.21875000000000228 0.0 0.0 0.0 0.0 0.0 0.0 0.0 0.0 0.0 0.0 0.0 0.0 0.0 
1.0 1.0 1.0 1.0 1.0 0.45000000000000817 0.0 0.0 0.0 0.0 0.0 0.0 0.0 0.0 0.0 0.0 0.0 0.0 0.0 0.0 
1.0 1.0 1.0 1.0 1.0 0.45000000000000817 0.0 0.0 0.0 0.0 0.0 0.0 0.0 0.0 0.0 0.0 0.0 0.0 0.0 0.0 
1.0 1.0 1.0 1.0 1.0 1.0 0.7562500000000074 0.6250000000000071 0.6250000000000071 0.6250000000000071 0.6250000000000071 0.6250000000000071 0.6250000000000071 0.6250000000000071 0.6250000000000071 0.28125000000000944 0.0 0.0 0.0 0.0 
1.0 1.0 1.0 1.0 1.0 1.0 1.0 1.0 1.0 1.0 1.0 1.0 1.0 1.0 1.0 0.45000000000000995 0.0 0.0 0.0 0.0 
1.0 1.0 1.0 1.0 1.0 1.0 1.0 1.0 1.0 1.0 1.0 1.0 1.0 1.0 1.0 0.45000000000000995 0.0 0.0 0.0 0.0 
1.0 1.0 1.0 1.0 1.0 0.5187500000000033 0.1249999999999929 0.1249999999999929 0.1249999999999929 0.1249999999999929 0.1249999999999929 0.1249999999999929 0.1249999999999929 0.1249999999999929 0.1249999999999929 0.056249999999998045 0.0 0.0 0.0 0.0 
1.0 1.0 1.0 1.0 1.0 0.45000000000000817 0.0 0.0 0.0 0.0 0.0 0.0 0.0 0.0 0.0 0.0 0.0 0.0 0.0 0.0 
1.0 1.0 1.0 1.0 1.0 0.45000000000000817 0.0 0.0 0.0 0.0 0.0 0.0 0.0 0.0 0.0 0.0 0.0 0.0 0.0 0.0 
1.0 1.0 1.0 1.0 1.0 0.45000000000000817 0.0 0.0 0.0 0.0 0.0 0.0 0.0 0.0 0.0 0.0 0.0 0.0 0.0 0.0 
1.0 1.0 1.0 1.0 1.0 0.45000000000000817 0.0 0.0 0.0 0.0 0.0 0.0 0.0 0.0 0.0 0.0 0.0 0.0 0.0 0.0 
1.0 1.0 1.0 1.0 1.0 0.45000000000000817 0.0 0.0 0.0 0.0 0.0 0.0 0.0 0.0 0.0 0.0 0.0 0.0 0.0 0.0 
1.0 1.0 1.0 1.0 1.0 0.656250000000009 0.3750000000000071 0.3750000000000071 0.3750000000000071 0.3750000000000071 0.3750000000000071 0.3750000000000071 0.3750000000000071 0.3750000000000071 0.3750000000000071 0.3750000000000071 0.3750000000000071 0.3750000000000071 0.3750000000000071 0.018750000000003285 
1.0 1.0 1.0 1.0 1.0 1.0 1.0 1.0 1.0 1.0 1.0 1.0 1.0 1.0 1.0 1.0 1.0 1.0 1.0 1.0 
1.0 1.0 1.0 1.0 1.0 1.0 1.0 1.0 1.0 1.0 1.0 1.0 1.0 1.0 1.0 1.0 1.0 1.0 1.0 1.0 
0.4062499999999887 1.0 1.0 1.0 1.0 1.0 1.0 1.0 1.0 1.0 1.0 1.0 1.0 1.0 1.0 1.0 1.0 1.0 1.0 0.4062499999999981 
