0.0 0.0 0.0 0.0 0.027500000000002068 0.24750000000000372 0.27500000000000213 0.6375000000000062 1.0 1.0 1.0 1.0 1.0 0.782499999999995 0.24749999999999958 0.02749999999999865 0.0 0.0 0.0 0.0 
0.0 0.0 0.0 0.2475000000000063 0.8425000000000029 0.9825000000000014 1.0 1.0 1.0 1.0 1.0 1.0 1.0 1.0 0.9824999999999987 0.8425000000000008 0.2474999999999953 0.0 0.0 0.0 
0.0 0.26250000000000373 0.6875000000000051 1.0 1.0 1.0 0.737499999999996 0.6249999999999982 0.6249999999999982 0.6249999999999982 0.6249999999999982 0.6249999999999982 0.6249999999999982 0.7375000000000017 1.0 1.0 1.0 0.6874999999999964 0.2624999999999983 0.0 
0.0 0.7000000000000066 1.0 1.0 0.9074999999999936 0.1674999999999925 0.022499999999998976 0.0 0.0 0.0 0.0 0.0 0.0 0.022500000000000107 0.16750000000000645 0.9075000000000051 1.0 1.0 0.9774999999999999 0.8324999999999936 
0.4275000000000044 0.8425000000000039 1.0 1.0 0.8999999999999932 0.09999999999999343 0.0 0.0 0.0 0.0 0.0 0.0 0.0 0.0 0.0 0.0 0.7000000000000064 1.0 1.0 0.8999999999999915 
0.9000000000000066 1.0 1.0 1.0 0.8999999999999932 0.09999999999999343 0.0 0.0 0.0 0.0 0.0 0.0 0.0 0.0 0.0 0.0 0.0 0.0 0.0 0.0 
0.9000000000000066 1.0 1.0 1.0 0.8999999999999932 0.09999999999999343 0.0 0.0 0.0 0.0 0.0 0.0 0.0 0.0 0.0 0.0 0.0 0.0 0.0 0.0 
0.9000000000000066 1.0 1.0 0.7374999999999939 0.11249999999999916 0.012499999999999178 0.0 0.0 0.0 0.0 0.0 0.0 0.0 0.0 0.0 0.0 0.0 0.0 0.0 0.0 
0.9000000000000066 1.0 1.0 0.7974999999999951 0.29249999999999715 0.032499999999997795 0.0 0.0 0.0 0.0 0.0 0.0 0.0 0.0 0.0 0.0 0.0 0.0 0.0 0.0 
0.6975000000000038 0.932500000000001 1.0 0.932499999999998 0.6974999999999935 0.07749999999999477 0.0 0.0 0.0 0.0 0.0 0.15750000000000244 0.22500000000000142 0.22500000000000142 0.22500000000000142 0.22500000000000142 0.22500000000000142 0.22500000000000142 0.22500000000000142 0.20249999999999935 
0.0 0.7000000000000066 1.0 0.9324999999999986 0.6974999999999951 0.07749999999999495 0.0 0.0 0.0 0.0 0.0 0.7000000000000064 1.0 1.0 1.0 1.0 1.0 1.0 1.0 0.8999999999999915 
0.0 0.7000000000000066 1.0 0.902499999999998 0.607499999999996 0.06749999999999563 0.0 0.0 0.0 0.0 0.0 0.0 0.0 0.0 0.0 0.0 0.7000000000000064 1.0 1.0 0.8999999999999915 
0.0 0.7000000000000066 1.0 0.6999999999999931 0.0 0.0 0.0 0.0 0.0 0.0 0.0 0.0 0.0 0.0 0.0 0.0 0.7000000000000064 1.0 1.0 0.8999999999999915 
0.0 0.7000000000000066 1.0 0.6999999999999931 0.0 0.0 0.0 0.0 0.0 0.0 0.0 0.0 0.0 0.0 0.0 0.0 0.0 0.5000000000000071 1.0 0.8999999999999915 
0.0 0.7000000000000066 1.0 0.6999999999999931 0.0 0.0 0.0 0.0 0.0 0.0 0.0 0.0 0.0 0.0 0.0 0.0 0.0 0.5000000000000071 1.0 0.8999999999999915 
0.0 0.7000000000000066 1.0 0.6999999999999931 0.0 0.0 0.0 0.0 0.0 0.0 0.0 0.0 0.0 0.0 0.0 0.0 0.7000000000000064 1.0 1.0 0.8999999999999915 
0.0 0.7000000000000066 1.0 0.7224999999999934 0.06749999999999885 0.007499999999999436 0.0 0.0 0.0 0.0 0.0 0.0 0.0 0.0 0.0 0.0 0.7000000000000064 1.0 1.0 0.8999999999999915 
0.0 0.2625000000000025 0.6875000000000042 1.0 0.9624999999999975 0.6624999999999975 0.18749999999999545 0.0 0.0 0.0 0.0 0.0 0.0 0.0 0.06250000000000533 0.5625000000000036 0.8875000000000024 1.0 0.8124999999999951 0.3374999999999968 
0.0 0.0 0.41250000000000514 0.8775000000000007 1.0 1.0 1.0 0.5874999999999945 0.1750000000000007 0.1750000000000007 0.1750000000000007 0.1750000000000007 0.1750000000000007 0.422500000000007 1.0 1.0 0.8774999999999984 0.41249999999999376 0.0 0.0 
0.0 0.0 0.0 0.08250000000000254 0.27500000000000213 0.27500000000000213 0.782500000000006 1.0 1.0 1.0 1.0 1.0 0.637499999999996 0.49250000000000715 0.927499999999994 0.3474999999999978 0.08249999999999888 0.0 0.0 0.0 
