0.0 0.0 0.0 0.0 0.0 0.0 0.0 0.1312500000000016 0.6262500000000042 1.0 1.0 1.0 1.0 1.0 1.0 0.22499999999998188 0.0 0.0 0.0 0.0 
0.0 0.0 0.0 0.0 0.0 0.013749999999998904 0.35875000000000573 1.0 1.0 1.0 1.0 1.0 1.0 1.0 1.0 0.22499999999998188 0.0 0.0 0.0 0.0 
0.0 0.0 0.0 0.0 0.16875000000000462 0.8187499999999985 1.0 1.0 1.0 1.0 1.0 1.0 1.0 1.0 1.0 0.22499999999998188 0.0 0.0 0.0 0.0 
0.0 0.03375000000000186 0.44999999999999574 0.5462500000000003 1.0 1.0 1.0 1.0 1.0 1.0 1.0 1.0 1.0 1.0 1.0 0.22499999999998188 0.0 0.0 0.0 0.0 
0.003750000000000484 0.21375000000000033 1.0 1.0 1.0 1.0 1.0 1.0 1.0 1.0 1.0 1.0 1.0 1.0 1.0 0.22499999999998188 0.0 0.0 0.0 0.0 
0.025000000000003908 1.0 1.0 1.0 1.0 1.0 1.0 1.0 0.6387499999999919 0.5537500000000124 1.0 1.0 1.0 1.0 1.0 0.22499999999998188 0.0 0.0 0.0 0.0 
0.01125000000000183 0.4912500000000053 1.0 1.0 1.0 0.8487499999999961 0.30374999999999747 0.0 0.0 0.4750000000000121 1.0 1.0 1.0 1.0 1.0 0.22499999999998188 0.0 0.0 0.0 0.0 
0.0 0.0 0.0 0.0 0.0 0.0 0.0 0.0 0.0 0.4750000000000121 1.0 1.0 1.0 1.0 1.0 0.22499999999998188 0.0 0.0 0.0 0.0 
0.0 0.0 0.0 0.0 0.0 0.0 0.0 0.0 0.0 0.4750000000000121 1.0 1.0 1.0 1.0 1.0 0.22499999999998188 0.0 0.0 0.0 0.0 
0.0 0.0 0.0 0.0 0.0 0.0 0.0 0.0 0.0 0.4750000000000121 1.0 1.0 1.0 1.0 1.0 0.22499999999998188 0.0 0.0 0.0 0.0 
0.0 0.0 0.0 0.0 0.0 0.0 0.0 0.0 0.0 0.4750000000000121 1.0 1.0 1.0 1.0 1.0 0.22499999999998188 0.0 0.0 0.0 0.0 
0.0 0.0 0.0 0.0 0.0 0.0 0.0 0.0 0.0 0.4750000000000121 1.0 1.0 1.0 1.0 0.9637500000000012 0.21374999999998343 0.0 0.0 0.0 0.0 
0.0 0.0 0.0 0.0 0.0 0.0 0.0 0.0 0.0 0.4750000000000121 1.0 1.0 1.0 1.0 0.2749999999999826 0.0 0.0 0.0 0.0 0.0 
0.0 0.0 0.0 0.0 0.0 0.0 0.0 0.0 0.0 0.4750000000000121 1.0 1.0 1.0 1.0 0.2749999999999826 0.0 0.0 0.0 0.0 0.0 
0.0 0.0 0.0 0.0 0.0 0.0 0.0 0.0 0.0 0.4750000000000121 1.0 1.0 1.0 1.0 0.2749999999999826 0.0 0.0 0.0 0.0 0.0 
0.0 0.0 0.0 0.0 0.0 0.0 0.0 0.0 0.0 0.4750000000000121 1.0 1.0 1.0 1.0 0.2749999999999826 0.0 0.0 0.0 0.0 0.0 
0.013750000000002167 0.5500000000000007 0.5500000000000007 0.5500000000000007 0.5500000000000007 0.5500000000000007 0.5500000000000007 0.5500000000000007 0.5500000000000007 0.7637500000000058 1.0 1.0 1.0 1.0 0.6737499999999927 0.5500000000000007 0.5500000000000007 0.5500000000000007 0.5500000000000007 0.013749999999987512 
1.0 1.0 1.0 1.0 1.0 1.0 1.0 1.0 1.0 1.0 1.0 1.0 1.0 1.0 1.0 1.0 1.0 1.0 1.0 0.26874999999998295 
1.0 1.0 1.0 1.0 1.0 1.0 1.0 1.0 1.0 1.0 1.0 1.0 1.0 1.0 1.0 1.0 1.0 1.0 1.0 1.0 
0.3662500000000039 1.0 1.0 1.0 1.0 1.0 1.0 1.0 1.0 1.0 1.0 1.0 1.0 1.0 1.0 1.0 1.0 1.0 1.0 0.024999999999977263 
