0.0 0.0 0.0 0.0 0.07875000000000139 0.3499999999999943 0.5612500000000027 1.0 1.0 1.0 1.0 1.0 1.0 1.0 1.0 0.4962499999999838 0.3499999999999943 0.04374999999999183 0.0 0.0 
0.0 0.0 0.0062499999999996005 0.21625000000000205 1.0 1.0 1.0 1.0 1.0 1.0 1.0 1.0 1.0 1.0 1.0 1.0 1.0 1.0 0.07499999999998153 0.0 
0.0 0.0 0.12500000000000577 1.0 1.0 1.0 1.0 1.0 1.0 1.0 0.606249999999993 0.6812500000000121 1.0 1.0 1.0 1.0 1.0 1.0 0.7687499999999908 0.018749999999982826 
0.0 0.07500000000000484 1.0 1.0 1.0 1.0 1.0 0.8312499999999968 0.3162499999999962 0.0 0.0 0.0 0.0 0.6750000000000167 1.0 1.0 1.0 1.0 1.0 0.024999999999977263 
0.0 0.07500000000000484 1.0 1.0 1.0 1.0 1.0 0.6249999999999893 0.0 0.0 0.0 0.0 0.0 0.0 0.7250000000000174 1.0 1.0 1.0 1.0 0.8537500000000006 
0.0 0.07500000000000484 1.0 1.0 1.0 1.0 0.7237499999999928 0.09375000000000085 0.0 0.0 0.0 0.0 0.0 0.0 0.7250000000000174 1.0 1.0 1.0 1.0 0.024999999999977263 
0.0 0.07500000000000484 1.0 1.0 1.0 1.0 1.0 0.6249999999999893 0.0 0.0 0.0 0.0 0.0 0.37125000000000724 0.8762500000000071 1.0 1.0 1.0 1.0 0.024999999999977263 
0.0 0.0 0.12500000000000577 1.0 1.0 1.0 1.0 0.7187499999999907 0.24999999999999645 0.13124999999999512 0.0 0.14375000000000132 0.24999999999999645 0.7562500000000114 1.0 1.0 1.0 0.7812499999999978 0.05624999999998641 0.0 
0.0 0.0 0.0062500000000006 0.21625000000000863 1.0 1.0 1.0 1.0 1.0 0.9762499999999982 0.9499999999999975 0.9787499999999996 1.0 1.0 1.0 1.0 0.21624999999998584 0.006249999999999245 0.0 0.0 
0.0 0.0 0.0 0.17500000000000693 1.0 1.0 1.0 1.0 1.0 1.0 1.0 1.0 1.0 1.0 1.0 1.0 0.7112499999999928 0.08124999999998597 0.0 0.0 
0.0 0.07500000000000484 1.0 1.0 1.0 1.0 1.0 0.868749999999997 0.6500000000000021 0.6500000000000021 0.6500000000000021 0.6500000000000021 0.8687500000000064 1.0 1.0 1.0 1.0 1.0 0.398749999999986 0.008749999999991988 
0.025000000000003908 1.0 1.0 1.0 1.0 0.9862500000000004 0.6412499999999924 0.0 0.0 0.0 0.0 0.0 0.0 0.6412500000000178 0.9862500000000016 1.0 1.0 1.0 1.0 0.024999999999977263 
0.025000000000003908 1.0 1.0 1.0 1.0 0.7249999999999917 0.0 0.0 0.0 0.0 0.0 0.0 0.0 0.0 0.7250000000000174 1.0 1.0 1.0 1.0 0.7562499999999943 
1.0 1.0 1.0 1.0 1.0 0.7249999999999917 0.0 0.0 0.0 0.0 0.0 0.0 0.0 0.0 0.7250000000000174 1.0 1.0 1.0 1.0 1.0 
1.0 1.0 1.0 1.0 1.0 0.7249999999999917 0.0 0.0 0.0 0.0 0.0 0.0 0.0 0.10125000000000155 0.7662500000000144 1.0 1.0 1.0 1.0 0.853749999999998 
0.17125000000000193 1.0 1.0 1.0 1.0 0.9587499999999991 0.5737499999999925 0.0 0.0 0.0 0.0 0.0 0.0 0.6750000000000167 1.0 1.0 1.0 1.0 1.0 0.024999999999977263 
0.025000000000003908 1.0 1.0 1.0 1.0 1.0 0.8537499999999958 0.34374999999999456 0.0 0.0 0.0 0.31625000000000786 0.5500000000000007 0.8537500000000078 1.0 1.0 1.0 1.0 1.0 0.024999999999977263 
0.01875000000000293 0.7687500000000012 1.0 1.0 1.0 1.0 1.0 1.0 1.0 1.0 1.0 1.0 1.0 1.0 1.0 1.0 1.0 1.0 0.07499999999998153 0.0 
0.0 0.07500000000000484 1.0 1.0 1.0 1.0 1.0 1.0 1.0 1.0 1.0 1.0 1.0 1.0 1.0 1.0 1.0 0.16874999999997725 0.003749999999998863 0.0 
0.0 0.0 0.0 0.06125000000000267 0.4962500000000061 1.0 1.0 1.0 1.0 1.0 1.0 1.0 1.0 1.0 0.5287499999999897 0.3500000000000014 0.06124999999999428 0.0 0.0 0.0 
