0.0 0.0 0.0 0.0 0.025000000000000244 0.2250000000000002 0.25 0.25 0.47500000000000053 0.9249999999999996 0.32499999999999973 0.25 0.25 0.25 0.22499999999999964 0.025000000000000355 0.0 0.0 0.0 0.0 
0.0 0.0 0.0 0.2250000000000008 0.775 0.9750000000000002 1.0 1.0 1.0 1.0 1.0 1.0 1.0 1.0 0.9749999999999996 0.7750000000000001 0.22500000000000048 0.0 0.0 0.0 
0.0 0.175 0.6250000000000007 1.0 1.0 1.0 0.8250000000000001 0.7500000000000004 0.7500000000000004 0.7500000000000004 0.7500000000000004 0.7500000000000004 0.7500000000000004 0.8250000000000005 1.0 1.0 1.0 0.6249999999999998 0.17499999999999952 0.0 
0.6750000000000002 0.925 1.0 1.0 0.9249999999999994 0.3250000000000002 0.075 0.0 0.0 0.0 0.0 0.0 0.0 0.07500000000000044 0.32500000000000184 0.924999999999999 1.0 1.0 0.9249999999999996 0.6749999999999982 
0.9000000000000012 1.0 1.0 0.6999999999999988 0.0 0.0 0.0 0.0 0.0 0.0 0.0 0.0 0.0 0.0 0.07500000000000115 0.6749999999999997 0.925 1.0 1.0 0.8999999999999986 
0.9000000000000012 1.0 1.0 0.6999999999999988 0.0 0.0 0.0 0.0 0.0 0.0 0.0 0.0 0.0 0.0 0.0 0.0 0.17500000000000043 0.2500000000000009 0.2500000000000009 0.22500000000000045 
0.9000000000000012 1.0 1.0 0.6999999999999988 0.0 0.0 0.0 0.0 0.0 0.0 0.0 0.0 0.0 0.0 0.0 0.0 0.0 0.0 0.0 0.0 
0.9000000000000012 1.0 1.0 0.6999999999999988 0.0 0.0 0.0 0.0 0.0 0.0 0.0 0.0 0.0 0.0 0.0 0.0 0.0 0.0 0.0 0.0 
0.9000000000000012 1.0 1.0 0.6999999999999988 0.0 0.0 0.0 0.0 0.0 0.0 0.0 0.0 0.0 0.0 0.0 0.0 0.0 0.0 0.0 0.0 
0.9000000000000012 1.0 1.0 0.6999999999999988 0.0 0.0 0.0 0.0 0.0 0.07500000000000022 0.6749999999999987 0.7499999999999982 0.7499999999999982 0.7499999999999982 0.7499999999999982 0.7499999999999982 0.7499999999999982 0.7499999999999982 0.7499999999999982 0.6749999999999974 
0.9000000000000012 1.0 1.0 0.6999999999999988 0.0 0.0 0.0 0.0 0.0 0.10000000000000053 0.9000000000000004 1.0 1.0 1.0 1.0 1.0 1.0 1.0 1.0 0.8999999999999986 
0.9000000000000012 1.0 1.0 0.6999999999999988 0.0 0.0 0.0 0.0 0.0 0.025000000000000487 0.22500000000000328 0.25000000000000355 0.25000000000000355 0.25000000000000355 0.25000000000000355 0.25000000000000355 0.7750000000000006 1.0 1.0 0.8999999999999986 
0.9000000000000012 1.0 1.0 0.6999999999999988 0.0 0.0 0.0 0.0 0.0 0.0 0.0 0.0 0.0 0.0 0.0 0.0 0.6999999999999993 1.0 1.0 0.8999999999999986 
0.9000000000000012 1.0 1.0 0.6999999999999988 0.0 0.0 0.0 0.0 0.0 0.0 0.0 0.0 0.0 0.0 0.0 0.0 0.6999999999999993 1.0 1.0 0.8999999999999986 
0.9000000000000012 1.0 1.0 0.6999999999999988 0.0 0.0 0.0 0.0 0.0 0.0 0.0 0.0 0.0 0.0 0.0 0.0 0.6999999999999993 1.0 1.0 0.8999999999999986 
0.9000000000000012 1.0 1.0 0.6999999999999988 0.0 0.0 0.0 0.0 0.0 0.0 0.0 0.0 0.0 0.0 0.0 0.0 0.6999999999999993 1.0 1.0 0.8999999999999986 
0.6750000000000042 0.9250000000000014 1.0 0.6999999999999988 0.0 0.0 0.0 0.0 0.0 0.0 0.0 0.0 0.0 0.0 0.025 0.22499999999999645 0.7749999999999984 1.0 0.9250000000000009 0.6750000000000022 
0.0 0.7000000000000012 1.0 0.9249999999999987 0.674999999999996 0.07499999999999904 0.0 0.0 0.0 0.0 0.0 0.0 0.0 0.22499999999999948 0.7749999999999971 0.9749999999999993 1.0 1.0 0.6999999999999993 0.0 
0.0 0.0 0.3750000000000026 0.8250000000000027 1.0 1.0 1.0 1.0 1.0 1.0 1.0 1.0 1.0 1.0 1.0 1.0 0.8250000000000026 0.3750000000000018 0.0 0.0 
0.0 0.0 0.0 0.07500000000000136 0.32500000000000395 0.9250000000000009 1.0 1.0 1.0 1.0 1.0 1.0 1.0 0.7750000000000006 0.25000000000000355 0.25000000000000355 0.07500000000000125 0.0 0.0 0.0 
