0.0 0.0 0.0 0.0 0.0 0.05250000000000078 0.3000000000000078 0.3000000000000078 0.3000000000000078 0.7025000000000016 1.0 0.8075000000000031 0.3000000000000078 0.3000000000000078 0.3000000000000078 0.09750000000000339 0.0 0.0 0.0 0.0 
0.0 0.0 0.0 0.0 0.29250000000000054 0.9175000000000058 1.0 1.0 1.0 1.0 1.0 1.0 1.0 1.0 1.0 0.9325000000000052 0.9000000000000072 0.5625000000000078 0.0 0.0 
0.0 0.0 0.31250000000000316 0.7375000000000025 1.0 1.0 0.9875000000000009 0.5624999999999951 0.49999999999999334 0.49999999999999334 0.49999999999999334 0.49999999999999334 0.49999999999999334 0.49999999999999334 0.9124999999999985 1.0 1.0 1.0 0.7750000000000021 0.0 
0.0 0.774999999999998 1.0 1.0 0.9674999999999983 0.7424999999999969 0.0 0.0 0.0 0.0 0.0 0.0 0.0 0.0 0.0 0.6074999999999935 0.952499999999997 1.0 1.0 0.9250000000000043 
0.0 0.774999999999998 1.0 1.0 0.675000000000002 0.0 0.0 0.0 0.0 0.0 0.0 0.0 0.0 0.0 0.0 0.0 0.5249999999999986 1.0 1.0 0.9250000000000043 
0.0 0.774999999999998 1.0 1.0 0.675000000000002 0.0 0.0 0.0 0.0 0.0 0.0 0.0 0.0 0.0 0.0 0.0 0.3674999999999968 0.6999999999999957 0.6999999999999957 0.6474999999999991 
0.0 0.774999999999998 1.0 1.0 0.675000000000002 0.0 0.0 0.0 0.0 0.0 0.0 0.0 0.0 0.0 0.0 0.0 0.0 0.0 0.0 0.0 
0.0 0.774999999999998 1.0 1.0 0.675000000000002 0.0 0.0 0.0 0.0 0.0 0.0 0.0 0.0 0.0 0.0 0.0 0.0 0.0 0.0 0.0 
0.0 0.774999999999998 1.0 1.0 0.675000000000002 0.0 0.0 0.0 0.0 0.0 0.0 0.0 0.0 0.0 0.0 0.0 0.0 0.0 0.0 0.0 
0.0 0.7749999999999981 1.0 1.0 0.675000000000002 0.0 0.0 0.0 0.0 0.0 0.2974999999999992 0.7000000000000028 0.7000000000000028 0.7000000000000028 0.7000000000000028 0.7000000000000028 0.7000000000000028 0.7000000000000028 0.7000000000000028 0.6475000000000056 
0.0 0.774999999999998 1.0 1.0 0.675000000000002 0.0 0.0 0.0 0.0 0.0 0.2974999999999962 0.7824999999999964 1.0 1.0 1.0 1.0 1.0 1.0 1.0 0.9250000000000043 
0.0 0.774999999999998 1.0 1.0 0.675000000000002 0.0 0.0 0.0 0.0 0.0 0.0 0.02749999999999927 0.09999999999999787 0.09999999999999787 0.09999999999999787 0.09999999999999787 0.5724999999999978 1.0 1.0 0.9250000000000043 
0.0 0.774999999999998 1.0 1.0 0.675000000000002 0.0 0.0 0.0 0.0 0.0 0.0 0.0 0.0 0.0 0.0 0.0 0.5249999999999986 1.0 1.0 0.9250000000000043 
0.0 0.774999999999998 1.0 1.0 0.675000000000002 0.0 0.0 0.0 0.0 0.0 0.0 0.0 0.0 0.0 0.0 0.0 0.5249999999999986 1.0 1.0 0.9250000000000043 
0.647499999999998 0.9324999999999992 1.0 1.0 0.675000000000002 0.0 0.0 0.0 0.0 0.0 0.0 0.0 0.0 0.0 0.0 0.0 0.5249999999999986 1.0 1.0 0.9250000000000043 
0.647499999999998 0.9324999999999992 1.0 1.0 0.675000000000002 0.0 0.0 0.0 0.0 0.0 0.0 0.0 0.0 0.0 0.0 0.0 0.5249999999999986 1.0 1.0 0.9250000000000043 
0.0 0.774999999999998 1.0 1.0 0.675000000000002 0.0 0.0 0.0 0.0 0.0 0.0 0.0 0.0 0.0 0.0 0.0 0.5249999999999986 1.0 1.0 0.9250000000000043 
0.0 0.3875000000000018 0.8125000000000003 1.0 1.0 0.9125000000000003 0.4874999999999977 0.06250000000000044 0.0 0.0 0.0 0.0 0.0 0.0 0.4124999999999967 0.8374999999999975 1.0 1.0 0.8875000000000018 0.4625000000000054 
0.0 0.0 0.0 0.4274999999999991 0.9325000000000012 1.0 1.0 1.0 1.0 1.0 1.0 1.0 1.0 1.0 1.0 1.0 0.9475000000000012 0.5625000000000046 0.0 0.0 
0.0 0.0 0.0 0.0 0.09750000000000077 0.42250000000000215 1.0 1.0 1.0 1.0 1.0 1.0 1.0 1.0 1.0 0.5275000000000049 0.14250000000000246 0.0 0.0 0.0 
