0.0 0.0 0.0 0.0 0.16500000000000123 0.30000000000000426 0.545 1.0 1.0 1.0 1.0 1.0 1.0 1.0 0.6150000000000069 0.30000000000000426 0.195000000000005 0.0 0.0 0.0 
0.0 0.0 0.0 0.585 0.9550000000000016 1.0 1.0 1.0 1.0 1.0 1.0 1.0 1.0 1.0 1.0 1.0 0.9650000000000023 0.6750000000000097 0.0 0.0 
0.0 0.0 0.7499999999999969 1.0 1.0 0.7750000000000001 0.49999999999999556 0.3749999999999989 0.0 0.0 0.0 0.0 0.0 0.32499999999999374 0.7749999999999948 1.0 1.0 0.8750000000000047 0.42500000000000804 0.0 
0.0 0.8499999999999972 1.0 1.0 0.9449999999999976 0.4950000000000011 0.0 0.0 0.0 0.0 0.0 0.0 0.0 0.0 0.0 0.4499999999999922 1.0 1.0 0.8500000000000085 0.0 
0.0 0.8499999999999972 1.0 1.0 0.45000000000000373 0.0 0.0 0.0 0.0 0.0 0.0 0.0 0.0 0.0 0.0 0.4499999999999922 1.0 1.0 0.9550000000000032 0.6650000000000114 
0.0 0.8499999999999972 1.0 1.0 0.45000000000000373 0.0 0.0 0.0 0.0 0.0 0.0 0.0 0.0 0.0 0.0 0.4499999999999922 1.0 1.0 1.0 0.95000000000001 
0.0 0.8499999999999972 1.0 1.0 0.45000000000000373 0.0 0.0 0.0 0.0 0.0 0.0 0.0 0.0 0.0 0.0 0.4499999999999922 1.0 1.0 1.0 0.95000000000001 
0.0 0.8499999999999972 1.0 1.0 0.45000000000000373 0.0 0.0 0.0 0.0 0.0 0.0 0.0 0.0 0.0 0.0 0.4499999999999922 1.0 1.0 1.0 0.95000000000001 
0.0 0.7649999999999932 0.9749999999999984 1.0 1.0 0.5950000000000061 0.06500000000000362 0.0 0.0 0.0 0.0 0.0 0.0 0.06500000000000256 0.5949999999999964 1.0 1.0 1.0 0.8500000000000085 0.0 
0.0 0.0 0.2249999999999956 0.7549999999999961 1.0 1.0 0.8950000000000028 0.7000000000000046 0.7000000000000046 0.7000000000000046 0.7000000000000046 0.7000000000000046 0.7000000000000046 0.8949999999999996 1.0 1.0 1.0 1.0 0.8500000000000085 0.0 
0.0 0.0 0.0 0.0 0.38499999999999507 0.8349999999999964 1.0 1.0 1.0 1.0 1.0 1.0 0.7749999999999984 0.8949999999999965 0.8349999999999995 0.8349999999999953 1.0 1.0 0.8500000000000085 0.0 
0.0 0.0 0.0 0.0 0.0 0.044999999999997015 0.09999999999999432 0.09999999999999432 0.09999999999999432 0.09999999999999432 0.09999999999999432 0.09999999999999432 0.024999999999999113 0.06499999999999563 0.04499999999999808 0.4499999999999922 1.0 1.0 0.8500000000000085 0.0 
0.0 0.0 0.0 0.0 0.0 0.0 0.0 0.0 0.0 0.0 0.0 0.0 0.0 0.0 0.0 0.4499999999999922 1.0 1.0 0.8500000000000085 0.0 
0.0 0.0 0.0 0.0 0.0 0.0 0.0 0.0 0.0 0.0 0.0 0.0 0.0 0.0 0.0 0.4499999999999922 1.0 1.0 0.8500000000000085 0.0 
0.6650000000000044 0.7000000000000064 0.7000000000000064 0.7000000000000064 0.3150000000000055 0.0 0.0 0.0 0.0 0.0 0.0 0.0 0.0 0.0 0.0 0.4499999999999922 1.0 1.0 0.8500000000000085 0.0 
0.6649999999999943 0.9549999999999985 1.0 1.0 0.45000000000000373 0.0 0.0 0.0 0.0 0.0 0.0 0.0 0.0 0.0 0.0 0.4499999999999922 1.0 1.0 0.8500000000000085 0.0 
0.0 0.8499999999999972 1.0 1.0 0.9450000000000035 0.495000000000007 0.0 0.0 0.0 0.0 0.0 0.0 0.0 0.0 0.4949999999999974 0.9450000000000024 1.0 1.0 0.8500000000000085 0.0 
0.0 0.42499999999999255 0.8749999999999967 1.0 1.0 0.7750000000000054 0.5000000000000071 0.5000000000000071 0.42500000000000854 0.0 0.0 0.4250000000000032 0.5000000000000071 0.8249999999999991 1.0 1.0 0.8250000000000013 0.3749999999999982 0.0 0.0 
0.0 0.0 0.0 0.5849999999999939 0.9549999999999974 1.0 1.0 1.0 1.0 1.0 1.0 1.0 1.0 1.0 0.944999999999998 0.899999999999995 0.5850000000000035 0.0 0.0 0.0 
0.0 0.0 0.0 0.0 0.16499999999999537 0.2999999999999936 0.544999999999993 1.0 1.0 1.0 1.0 1.0 0.4749999999999989 0.2999999999999936 0.13499999999999904 0.0 0.0 0.0 0.0 0.0 
