0.0 0.0 0.0 0.0 0.0 0.0 0.21937500000000387 0.32500000000000284 0.7131250000000056 1.0 1.0 0.713124999999996 0.32500000000000284 0.32500000000000284 0.32500000000000284 0.2518749999999994 0.0 0.0 0.0 0.0 
0.0 0.0 0.0 0.0 0.7556250000000068 0.9750000000000028 0.9918750000000011 1.0 1.0 1.0 1.0 1.0 1.0 1.0 1.0 0.9943750000000005 0.804374999999993 0.0 0.0 0.0 
0.0 0.0 0.5468750000000049 0.9343750000000022 1.0 1.0 0.5781249999999944 0.37499999999999734 0.37499999999999734 0.17812499999999593 0.0 0.1593750000000018 0.37499999999999734 0.5781250000000033 1.0 1.0 1.0 0.9531249999999977 0.5781249999999962 0.0 
0.0 0.9250000000000036 1.0 1.0 0.786874999999997 0.1993749999999958 0.0 0.0 0.0 0.0 0.0 0.0 0.0 0.0 0.0 0.22500000000000853 1.0 1.0 1.0 0.9749999999999872 
0.0 0.9250000000000036 1.0 1.0 0.2249999999999952 0.0 0.0 0.0 0.0 0.0 0.0 0.0 0.0 0.0 0.0 0.22500000000000853 1.0 1.0 1.0 0.9749999999999872 
0.9750000000000032 1.0 1.0 1.0 0.2249999999999952 0.0 0.0 0.0 0.0 0.0 0.0 0.0 0.0 0.0 0.0 0.09562500000000299 0.42499999999999716 0.42499999999999716 0.42499999999999716 0.4143749999999918 
0.9750000000000032 1.0 1.0 1.0 0.2249999999999952 0.0 0.0 0.0 0.0 0.0 0.0 0.0 0.0 0.0 0.0 0.0 0.0 0.0 0.0 0.0 
0.9750000000000032 1.0 1.0 1.0 0.2249999999999952 0.0 0.0 0.0 0.0 0.0 0.0 0.0 0.0 0.0 0.0 0.0 0.0 0.0 0.0 0.0 
0.9750000000000032 1.0 1.0 1.0 0.2249999999999952 0.0 0.0 0.0 0.30187500000000456 0.5250000000000021 0.5250000000000021 0.5250000000000021 0.32812499999999667 0.0 0.0 0.0 0.0 0.0 0.0 0.0 
0.9750000000000032 1.0 1.0 1.0 1.0 1.0 1.0 1.0 1.0 1.0 1.0 1.0 1.0 1.0 1.0 0.8143749999999935 0.14437500000000036 0.0 0.0 0.0 
0.9750000000000032 1.0 1.0 1.0 1.0 1.0 1.0 0.4843749999999931 0.17499999999999716 0.17499999999999716 0.17499999999999716 0.17499999999999716 0.48437500000000555 1.0 1.0 1.0 0.9693749999999988 0.7218749999999966 0.0 0.0 
0.9750000000000032 1.0 1.0 1.0 0.6318749999999966 0.144374999999997 0.0 0.0 0.0 0.0 0.0 0.0 0.0 0.17062500000000383 0.6556250000000033 1.0 1.0 0.9343749999999964 0.4393749999999966 0.0 
0.9750000000000032 1.0 1.0 0.8968749999999994 0.1968749999999958 0.0 0.0 0.0 0.0 0.0 0.0 0.0 0.0 0.0 0.27500000000000924 1.0 1.0 1.0 0.92499999999999 0.0 
0.9750000000000032 1.0 1.0 0.17499999999999538 0.0 0.0 0.0 0.0 0.0 0.0 0.0 0.0 0.0 0.0 0.06187500000000149 0.3993750000000049 1.0 1.0 0.92499999999999 0.0 
0.9750000000000032 1.0 1.0 0.17499999999999538 0.0 0.0 0.0 0.0 0.0 0.0 0.0 0.0 0.0 0.0 0.27500000000000924 1.0 1.0 1.0 0.92499999999999 0.0 
0.9750000000000032 1.0 1.0 0.23687499999999806 0.01687500000000028 0.0 0.0 0.0 0.0 0.0 0.0 0.0 0.0 0.0 0.27500000000000924 1.0 1.0 1.0 0.92499999999999 0.0 
0.9750000000000032 1.0 1.0 1.0 0.2249999999999952 0.0 0.0 0.0 0.0 0.0 0.0 0.0 0.0 0.23562500000000638 0.8006250000000036 1.0 1.0 0.9093749999999947 0.25437499999999597 0.0 
0.609375000000002 0.9718750000000014 1.0 1.0 1.0 0.5468749999999969 0.12187499999999774 0.0 0.0 0.0 0.0 0.15937500000000293 0.375 0.5781250000000051 1.0 1.0 0.9343749999999964 0.5468749999999956 0.0 0.0 
0.0 0.0 0.853125000000002 0.9956249999999998 1.0 1.0 1.0 1.0 1.0 1.0 1.0 1.0 1.0 0.9918749999999991 0.9749999999999979 0.75562499999999 0.0 0.0 0.0 0.0 
0.0 0.0 0.0 0.2681250000000009 0.3249999999999993 0.3249999999999993 0.3249999999999993 0.746875000000004 1.0 1.0 0.6793749999999952 0.3249999999999993 0.3249999999999993 0.21937499999999688 0.0 0.0 0.0 0.0 0.0 0.0 
