0.0 0.0 0.07499999999999864 0.16499999999999662 0.2549999999999947 0.40499999999999464 0.6149999999999962 0.8249999999999981 1.0 1.0 1.0 1.0 1.0 1.0 1.0 1.0 1.0 1.0 0.9500000000000028 0.650000000000003 
0.0 0.0 0.2500000000000008 0.5500000000000005 0.8500000000000003 1.0 1.0 1.0 1.0 1.0 1.0 1.0 1.0 1.0 1.0 1.0 1.0 1.0 0.9500000000000028 0.650000000000003 
0.6500000000000012 0.9500000000000011 1.0 1.0 1.0 1.0 1.0 1.0 1.0 1.0 1.0 1.0 1.0 1.0 1.0 1.0 1.0 1.0 0.9500000000000028 0.650000000000003 
0.6500000000000012 0.9500000000000011 1.0 1.0 1.0 1.0 1.0 1.0 1.0 1.0 1.0 1.0 1.0 1.0 1.0 1.0 1.0 1.0 0.9500000000000028 0.650000000000003 
0.19500000000000142 0.28500000000000186 0.3000000000000016 0.3000000000000016 0.3000000000000016 0.40500000000000147 0.6150000000000007 0.8250000000000001 1.0 1.0 1.0 1.0 1.0 1.0 1.0 1.0 1.0 1.0 0.9500000000000028 0.650000000000003 
0.0 0.0 0.0 0.0 0.0 0.15000000000000013 0.44999999999999973 0.7499999999999996 1.0 1.0 1.0 1.0 1.0 1.0 1.0 1.0 1.0 1.0 0.9500000000000028 0.650000000000003 
0.0 0.0 0.0 0.0 0.0 0.15000000000000013 0.44999999999999973 0.7499999999999996 1.0 1.0 1.0 1.0 1.0 1.0 1.0 1.0 1.0 1.0 0.9500000000000028 0.650000000000003 
0.0 0.0 0.0 0.0 0.0 0.15000000000000013 0.44999999999999973 0.7499999999999996 1.0 1.0 1.0 1.0 1.0 1.0 1.0 1.0 1.0 1.0 0.9500000000000028 0.650000000000003 
0.0 0.0 0.0 0.0 0.0 0.15000000000000013 0.44999999999999973 0.7499999999999996 1.0 1.0 1.0 1.0 1.0 1.0 1.0 1.0 1.0 1.0 0.9500000000000028 0.650000000000003 
0.0 0.0 0.0 0.0 0.0 0.15000000000000013 0.44999999999999973 0.7499999999999996 1.0 1.0 1.0 1.0 1.0 1.0 1.0 1.0 1.0 1.0 0.9500000000000028 0.650000000000003 
0.0 0.0 0.0 0.0 0.0 0.15000000000000013 0.44999999999999973 0.7499999999999996 1.0 1.0 1.0 1.0 1.0 1.0 1.0 1.0 1.0 1.0 0.9500000000000028 0.650000000000003 
0.0 0.0 0.0 0.0 0.0 0.15000000000000013 0.44999999999999973 0.7499999999999996 1.0 1.0 1.0 1.0 1.0 1.0 1.0 1.0 1.0 1.0 0.9500000000000028 0.650000000000003 
0.0 0.0 0.0 0.0 0.0 0.15000000000000013 0.44999999999999973 0.7499999999999996 1.0 1.0 1.0 1.0 1.0 1.0 1.0 1.0 1.0 1.0 0.9500000000000028 0.650000000000003 
0.0 0.0 0.0 0.0 0.0 0.15000000000000013 0.44999999999999973 0.7499999999999996 1.0 1.0 1.0 1.0 1.0 1.0 1.0 1.0 1.0 1.0 0.9500000000000028 0.650000000000003 
0.0 0.0 0.0 0.0 0.0 0.15000000000000013 0.44999999999999973 0.7499999999999996 1.0 1.0 1.0 1.0 1.0 1.0 1.0 1.0 1.0 1.0 0.9500000000000028 0.650000000000003 
0.0 0.0 0.0 0.0 0.0 0.15000000000000013 0.44999999999999973 0.7499999999999996 1.0 1.0 1.0 1.0 1.0 1.0 1.0 1.0 1.0 1.0 0.9500000000000028 0.650000000000003 
0.0 0.0 0.0 0.0 0.0 0.15000000000000013 0.44999999999999973 0.7499999999999996 1.0 1.0 1.0 1.0 1.0 1.0 1.0 1.0 1.0 1.0 0.9500000000000028 0.650000000000003 
0.0 0.0 0.0 0.0 0.0 0.15000000000000013 0.44999999999999973 0.7499999999999996 1.0 1.0 1.0 1.0 1.0 1.0 1.0 1.0 1.0 1.0 0.9500000000000028 0.650000000000003 
0.0 0.0 0.0 0.0 0.0 0.15000000000000013 0.44999999999999973 0.7499999999999996 1.0 1.0 1.0 1.0 1.0 1.0 1.0 0.8500000000000023 0.5500000000000025 0.25000000000000266 0.0 0.0 
0.0 0.0 0.0 0.0 0.0 0.15000000000000013 0.44999999999999973 0.7499999999999996 1.0 1.0 1.0 1.0 0.824999999999997 0.614999999999992 0.404999999999987 0.2549999999999862 0.16499999999999138 0.07499999999999654 0.0 0.0 
