0.0 0.0 0.0 0.0 0.0 0.2175000000000022 0.7724999999999989 1.0 1.0 1.0 1.0 1.0 1.0 1.0 1.0 0.8425000000000025 0.24750000000000438 0.0 0.0 0.0 
0.0 0.0 0.0 0.7425000000000004 0.9000000000000041 0.9725000000000008 1.0 1.0 1.0 0.5275000000000023 0.09999999999999587 0.48249999999999504 1.0 1.0 1.0 1.0 0.982500000000001 0.7875000000000069 0.0 0.0 
0.0 0.0 0.8749999999999969 1.0 1.0 0.6374999999999986 0.499999999999996 0.18750000000000028 0.0 0.0 0.0 0.0 0.0 0.0 0.1374999999999964 0.6124999999999958 1.0 1.0 0.9625000000000024 0.4875000000000046 
0.0 0.9249999999999969 1.0 1.0 1.0 0.275000000000003 0.0 0.0 0.0 0.0 0.0 0.0 0.0 0.0 0.0 0.0 0.17499999999999716 1.0 1.0 0.9750000000000014 
0.0 0.9249999999999969 1.0 1.0 0.45749999999999935 0.08249999999999988 0.0 0.0 0.0 0.0 0.0 0.0 0.0 0.0 0.0 0.0 0.17499999999999716 1.0 1.0 0.9750000000000014 
0.0 0.9249999999999969 1.0 1.0 0.2250000000000032 0.0 0.0 0.0 0.0 0.0 0.0 0.0 0.0 0.0 0.0 0.0 0.17499999999999716 1.0 1.0 0.9750000000000014 
0.0 0.9249999999999969 1.0 1.0 0.2250000000000032 0.0 0.0 0.0 0.0 0.0 0.0 0.0 0.0 0.0 0.0 0.0 0.17499999999999716 1.0 1.0 0.9750000000000014 
0.0 0.9249999999999969 1.0 1.0 0.2250000000000032 0.0 0.0 0.0 0.0 0.0 0.0 0.0 0.0 0.0 0.0 0.0 0.17499999999999716 1.0 1.0 0.9750000000000014 
0.0 0.9249999999999969 1.0 1.0 0.2250000000000032 0.0 0.0 0.0 0.0 0.0 0.0 0.0 0.0 0.0 0.0 0.0 0.17499999999999716 1.0 1.0 0.9750000000000014 
0.0 0.9249999999999969 1.0 1.0 0.2250000000000032 0.0 0.0 0.0 0.0 0.0 0.0 0.0 0.0 0.0 0.0 0.0 0.17499999999999716 1.0 1.0 0.9750000000000014 
0.29250000000000326 0.9474999999999981 1.0 1.0 0.2250000000000032 0.0 0.0 0.0 0.0 0.0 0.0 0.0 0.0 0.0 0.0 0.0 0.17499999999999716 1.0 1.0 0.9750000000000014 
0.974999999999997 1.0 1.0 1.0 0.2250000000000032 0.0 0.0 0.0 0.0 0.0 0.0 0.0 0.0 0.0 0.0 0.20249999999999857 0.9175000000000014 1.0 1.0 0.9750000000000014 
0.974999999999997 1.0 1.0 1.0 0.2250000000000032 0.0 0.0 0.0 0.0 0.0 0.0 0.0 0.0 0.0 0.0 0.22499999999999787 1.0 1.0 1.0 0.9750000000000014 
0.974999999999997 1.0 1.0 1.0 0.2250000000000032 0.0 0.0 0.0 0.0 0.0 0.0 0.0 0.0 0.0 0.0 0.22499999999999787 1.0 1.0 1.0 0.9750000000000014 
0.974999999999997 1.0 1.0 1.0 0.2250000000000032 0.0 0.0 0.0 0.0 0.0 0.0 0.0 0.0 0.0 0.0 0.22499999999999787 1.0 1.0 1.0 0.9750000000000014 
0.6824999999999972 0.977499999999999 1.0 1.0 0.2250000000000032 0.0 0.0 0.0 0.0 0.0 0.0 0.0 0.0 0.0 0.0 0.22499999999999787 1.0 1.0 1.0 0.9750000000000014 
0.0 0.9249999999999969 1.0 1.0 0.922500000000002 0.2475000000000033 0.0 0.0 0.0 0.0 0.0 0.0 0.0 0.0 0.0 0.22499999999999787 1.0 1.0 0.9325000000000037 0.09749999999999806 
0.0 0.4624999999999952 0.937499999999998 1.0 1.0 0.6375000000000041 0.5000000000000036 0.1875000000000031 0.0 0.0 0.0 0.0 0.18749999999999956 0.5000000000000036 0.6375000000000001 1.0 1.0 0.9375000000000013 0.46249999999999886 0.0 
0.0 0.0 0.0 0.7424999999999958 0.9774999999999994 1.0 1.0 1.0 1.0 1.0 1.0 1.0 1.0 1.0 1.0 0.9774999999999999 0.7425000000000014 0.0 0.0 0.0 
0.0 0.0 0.0 0.0 0.23249999999999685 0.29999999999999716 0.7724999999999964 1.0 1.0 1.0 1.0 1.0 1.0 0.7725000000000021 0.29999999999999716 0.23249999999999843 0.0 0.0 0.0 0.0 
