0.0 0.0 0.0 0.0 0.0 0.19937500000000194 0.27500000000000213 0.7281250000000021 1.0 1.0 1.0 1.0 1.0 1.0 1.0 0.8368749999999969 0.27500000000000213 0.2406250000000009 0.0 0.0 
0.0 0.0 0.0 0.0 0.6393750000000024 0.9518750000000007 1.0 1.0 1.0 1.0 0.608124999999998 0.5256250000000025 1.0 1.0 1.0 1.0 1.0 0.9781249999999996 0.7631249999999993 0.0 
0.0 0.0 0.3281250000000015 0.8906250000000009 1.0 1.0 0.7468749999999985 0.2343749999999984 0.0 0.0 0.0 0.0 0.0 0.0 0.17187500000000097 0.7093750000000009 1.0 1.0 0.9531249999999983 0.36562499999999915 
0.0 0.0 0.8750000000000009 1.0 1.0 0.3293749999999982 0.02437499999999965 0.0 0.0 0.0 0.0 0.0 0.0 0.0 0.0 0.016875000000000213 0.23687500000000336 1.0 1.0 0.9749999999999943 
0.0 0.43937500000000085 0.9343750000000005 1.0 1.0 0.2749999999999986 0.0 0.0 0.0 0.0 0.0 0.0 0.0 0.0 0.0 0.0 0.17500000000000426 1.0 1.0 0.9749999999999943 
0.0 0.9250000000000007 1.0 1.0 1.0 0.2749999999999986 0.0 0.0 0.0 0.0 0.0 0.0 0.0 0.0 0.0 0.0 0.0 0.0 0.0 0.0 
0.0 0.9250000000000007 1.0 1.0 0.5543749999999998 0.11687499999999959 0.0 0.0 0.0 0.0 0.0 0.0 0.0 0.0 0.0 0.0 0.0 0.0 0.0 0.0 
0.0 0.9250000000000007 1.0 1.0 0.22499999999999876 0.0 0.0 0.0 0.0 0.0 0.0 0.0 0.0 0.0 0.0 0.0 0.0 0.0 0.0 0.0 
0.0 0.9250000000000007 1.0 1.0 0.22499999999999876 0.0 0.0 0.0 0.0 0.0 0.0 0.0 0.0 0.0 0.0 0.0 0.0 0.0 0.0 0.0 
0.21937499999999804 0.9418750000000004 1.0 1.0 0.22499999999999876 0.0 0.0 0.0 0.0 0.0 0.4750000000000014 1.0 1.0 1.0 1.0 1.0 1.0 1.0 1.0 0.9749999999999943 
0.9750000000000005 1.0 1.0 1.0 0.22499999999999876 0.0 0.0 0.0 0.0 0.0 0.4750000000000014 1.0 1.0 1.0 1.0 1.0 1.0 1.0 1.0 0.9749999999999943 
0.9750000000000005 1.0 1.0 1.0 0.22499999999999876 0.0 0.0 0.0 0.0 0.0 0.0 0.0 0.0 0.0 0.18562500000000162 0.7481250000000021 1.0 1.0 1.0 0.9749999999999943 
0.9750000000000005 1.0 1.0 1.0 0.22499999999999876 0.0 0.0 0.0 0.0 0.0 0.0 0.0 0.0 0.0 0.0 0.22500000000000497 1.0 1.0 0.9343749999999977 0.12187500000000276 
0.9750000000000005 1.0 1.0 0.6493750000000019 0.12937499999999993 0.0 0.0 0.0 0.0 0.0 0.0 0.0 0.0 0.0 0.0 0.22500000000000497 1.0 1.0 0.9249999999999972 0.0 
0.9750000000000005 1.0 1.0 0.17499999999999893 0.0 0.0 0.0 0.0 0.0 0.0 0.0 0.0 0.0 0.0 0.0 0.22500000000000497 1.0 1.0 0.9249999999999972 0.0 
0.9750000000000005 1.0 1.0 0.17499999999999893 0.0 0.0 0.0 0.0 0.0 0.0 0.0 0.0 0.0 0.0 0.27500000000000213 1.0 1.0 1.0 0.9249999999999972 0.0 
0.9750000000000005 1.0 1.0 1.0 0.22499999999999876 0.0 0.0 0.0 0.0 0.0 0.0 0.0 0.0 0.024374999999998828 0.32937499999999886 1.0 1.0 0.8749999999999964 0.0 0.0 
0.36562500000000364 0.9531250000000007 1.0 1.0 0.7093749999999968 0.17187499999999814 0.0 0.0 0.0 0.0 0.0 0.0 0.2343750000000009 0.7468749999999986 1.0 1.0 0.890624999999998 0.3281250000000018 0.0 0.0 
0.0 0.7631250000000065 0.978125000000001 1.0 1.0 1.0 1.0 0.48437499999999456 0.1749999999999936 0.6081249999999987 1.0 1.0 1.0 1.0 0.9518750000000014 0.6393750000000008 0.0 0.0 0.0 0.0 
0.0 0.0 0.24062500000000522 0.2750000000000057 0.8368750000000021 1.0 1.0 1.0 1.0 1.0 1.0 1.0 0.7281249999999996 0.2750000000000057 0.19937500000000352 0.0 0.0 0.0 0.0 0.0 
