0.0 0.0 0.0 0.0 0.0 0.0 0.0 0.0 0.37500000000000255 0.9999999999999978 1.0 1.0 1.0 3.552713678800501e-15 0.0 0.0 0.0 0.0 0.0 0.0 
0.0 0.0 0.0 0.0 0.0 0.0 0.0 0.0 0.9999999999999973 1.0 1.0 1.0 1.0 0.12500000000000622 4.440892098500737e-16 0.0 0.0 0.0 0.0 0.0 
0.0 0.0 0.0 0.0 0.0 0.0 0.0 0.8750000000000003 0.9999999999999997 1.0 1.0 1.0 1.0 1.0 3.552713678800501e-15 0.0 0.0 0.0 0.0 0.0 
0.0 0.0 0.0 0.0 0.0 0.0 0.0 0.9999999999999973 1.0 1.0 1.0 1.0 1.0 1.0 3.552713678800501e-15 0.0 0.0 0.0 0.0 0.0 
0.0 0.0 0.0 0.0 0.0 0.0 0.3750000000000008 0.9999999999999983 1.0 1.0 1.0 1.0 1.0 1.0 0.375000000000004 1.3322676295501942e-15 0.0 0.0 0.0 0.0 
0.0 0.0 0.0 0.0 0.0 0.0 0.9999999999999973 1.0 1.0 1.0 1.0 1.0 1.0 1.0 1.0 3.552713678800501e-15 0.0 0.0 0.0 0.0 
0.0 0.0 0.0 0.0 0.0 0.0 0.9999999999999973 1.0 1.0 1.0 1.0 1.0 1.0 1.0 1.0 3.552713678800501e-15 0.0 0.0 0.0 0.0 
0.0 0.0 0.0 0.0 0.0 0.9999999999999973 1.0 1.0 1.0 3.552713678800501e-15 0.0 0.0 0.9999999999999964 1.0 1.0 0.6250000000000013 2.220446049250313e-15 0.0 0.0 0.0 
0.0 0.0 0.0 0.0 0.0 0.9999999999999973 1.0 1.0 0.625000000000001 2.220446049250313e-15 0.0 0.0 0.9999999999999964 1.0 1.0 1.0 3.552713678800501e-15 0.0 0.0 0.0 
0.0 0.0 0.0 0.0 0.12499999999999967 0.9999999999999977 1.0 1.0 2.6645352591003757e-15 0.0 0.0 0.0 0.8749999999999969 0.9999999999999996 1.0 1.0 3.552713678800501e-15 0.0 0.0 0.0 
0.0 0.0 0.0 0.0 0.9999999999999973 1.0 1.0 1.0 2.6645352591003757e-15 0.0 0.0 0.0 0.0 0.9999999999999964 1.0 1.0 0.8750000000000004 3.1086244689504383e-15 0.0 0.0 
0.0 0.0 0.0 0.6249999999999983 0.999999999999999 1.0 1.0 2.6645352591003757e-15 0.0 0.0 0.0 0.0 0.0 0.9999999999999964 1.0 1.0 1.0 3.552713678800501e-15 0.0 0.0 
0.0 0.0 0.0 0.9999999999999973 1.0 1.0 1.0 2.6645352591003757e-15 0.0 0.0 0.0 0.0 0.0 0.6250000000000013 0.9999999999999987 1.0 1.0 3.552713678800501e-15 0.0 0.0 
0.0 0.0 0.12499999999999611 0.9999999999999977 1.0 1.0 2.6645352591003757e-15 0.0 0.0 0.0 0.0 0.0 0.0 0.0 0.9999999999999964 1.0 1.0 1.0 3.552713678800501e-15 0.0 
0.0 0.0 0.9999999999999973 1.0 1.0 1.0 2.6645352591003757e-15 0.0 0.0 0.0 0.0 0.0 0.0 0.0 0.9999999999999964 1.0 1.0 1.0 3.552713678800501e-15 0.0 
0.0 0.0 0.9999999999999973 1.0 1.0 1.0 1.0 0.6249999999999974 0.6249999999999964 0.6249999999999964 0.6249999999999964 0.6249999999999964 0.6249999999999964 0.6249999999999964 0.9999999999999987 1.0 1.0 1.0 3.552713678800501e-15 0.0 
0.0 0.9999999999999973 1.0 1.0 1.0 1.0 1.0 1.0 1.0 1.0 1.0 1.0 1.0 1.0 1.0 1.0 1.0 1.0 1.0 3.552713678800501e-15 
0.0 0.9999999999999973 1.0 1.0 1.0 0.8750000000000039 2.3314683517128382e-15 0.0 0.0 0.0 0.0 0.0 0.0 0.0 0.8750000000000004 0.9999999999999996 1.0 1.0 1.0 3.552713678800501e-15 
0.0 0.9999999999999973 1.0 1.0 0.12500000000000588 3.3306690738755643e-16 0.0 0.0 0.0 0.0 0.0 0.0 0.0 0.0 0.0 0.1250000000000031 0.9999999999999969 1.0 1.0 0.8749999999999969 
0.9999999999999973 1.0 1.0 1.0 2.6645352591003757e-15 0.0 0.0 0.0 0.0 0.0 0.0 0.0 0.0 0.0 0.0 0.0 0.9999999999999964 1.0 1.0 0.3750000000000022 
