0.0 0.0 0.37500000000000255 0.9999999999999983 1.0 0.3750000000000052 0.37500000000000355 0.37500000000000355 0.37500000000000355 0.37500000000000355 0.37500000000000355 0.37500000000000355 0.37500000000000355 0.37500000000000355 0.37500000000000355 0.37500000000000355 0.37500000000000355 0.37500000000000355 0.37500000000000355 0.37500000000000355 
0.0 0.0 0.9999999999999973 1.0 1.0 1.0 1.0 1.0 1.0 1.0 1.0 1.0 1.0 1.0 1.0 1.0 1.0 1.0 1.0 1.0 
0.0 0.0 0.9999999999999973 1.0 1.0 1.0 1.0 1.0 1.0 1.0 1.0 1.0 1.0 1.0 1.0 1.0 1.0 1.0 1.0 1.0 
0.0 0.0 0.9999999999999973 1.0 1.0 1.0 1.0 0.3749999999999999 0.3749999999999982 0.3749999999999982 0.3749999999999982 0.3749999999999982 0.3749999999999982 0.3749999999999982 0.3749999999999982 0.3749999999999982 0.3749999999999982 0.3749999999999982 0.3749999999999982 1.3322676295501815e-15 
0.0 0.0 0.9999999999999973 1.0 1.0 1.0 1.0 2.6645352591003757e-15 0.0 0.0 0.0 0.0 0.0 0.0 0.0 0.0 0.0 0.0 0.0 0.0 
0.0 0.0 0.9999999999999973 1.0 1.0 1.0 1.0 2.6645352591003757e-15 0.0 0.0 0.0 0.0 0.0 0.0 0.0 0.0 0.0 0.0 0.0 0.0 
0.0 0.0 0.9999999999999973 1.0 1.0 1.0 1.0 0.8750000000000003 0.875 0.875 0.875 0.875 0.875 3.1086244689504383e-15 0.0 0.0 0.0 0.0 0.0 0.0 
0.0 0.0 0.9999999999999973 1.0 1.0 1.0 1.0 1.0 1.0 1.0 1.0 1.0 1.0 1.0 1.0 1.0 0.6250000000000013 2.220446049250313e-15 0.0 0.0 
0.0 0.0 0.9999999999999973 1.0 1.0 1.0 1.0 1.0 1.0 1.0 0.6250000000000013 0.9999999999999987 1.0 1.0 1.0 1.0 1.0 1.0 0.3750000000000022 1.3322676295501878e-15 
0.0 0.0 0.9999999999999973 1.0 1.0 1.0 1.0 0.8750000000000003 2.3314683517128287e-15 0.0 0.0 0.0 0.0 0.8749999999999969 0.9999999999999996 1.0 1.0 1.0 1.0 3.552713678800501e-15 
0.0 0.0 0.12499999999999967 0.125 0.125 0.125 0.125 3.3306690738754696e-16 0.0 0.0 0.0 0.0 0.0 0.0 0.12499999999999956 0.9999999999999969 1.0 1.0 1.0 0.8750000000000004 
0.0 0.0 0.0 0.0 0.0 0.0 0.0 0.0 0.0 0.0 0.0 0.0 0.0 0.0 0.0 0.9999999999999964 1.0 1.0 1.0 1.0 
0.0 0.0 0.0 0.0 0.0 0.0 0.0 0.0 0.0 0.0 0.0 0.0 0.0 0.0 0.0 0.9999999999999964 1.0 1.0 1.0 1.0 
0.0 0.0 0.12499999999999611 0.12499999999999645 3.330669073875375e-16 0.0 0.0 0.0 0.0 0.0 0.0 0.0 0.0 0.0 0.0 0.9999999999999964 1.0 1.0 1.0 1.0 
0.8749999999999941 0.8749999999999964 0.9999999999999997 1.0 0.8749999999999968 2.3314683517128193e-15 0.0 0.0 0.0 0.0 0.0 0.0 0.0 0.0 0.0 0.9999999999999964 1.0 1.0 1.0 1.0 
0.0 0.9999999999999973 1.0 1.0 1.0 1.0 2.6645352591003757e-15 0.0 0.0 0.0 0.0 0.0 0.0 0.0 0.0 0.9999999999999964 1.0 1.0 1.0 3.552713678800501e-15 
0.0 0.6250000000000019 0.999999999999999 1.0 1.0 1.0 0.3749999999999981 9.992007221626314e-16 0.0 0.0 0.0 0.0 0.0 0.6250000000000013 0.9999999999999987 1.0 1.0 1.0 1.0 3.552713678800501e-15 
0.0 0.0 0.8750000000000012 0.9999999999999997 1.0 1.0 1.0 1.0 1.0 1.0 0.12499999999999956 0.9999999999999969 1.0 1.0 1.0 1.0 1.0 1.0 3.552713678800501e-15 0.0 
0.0 0.0 0.0 0.9999999999999973 1.0 1.0 1.0 1.0 1.0 1.0 1.0 1.0 1.0 1.0 1.0 1.0 1.0 0.12500000000000666 4.440892098500752e-16 0.0 
0.0 0.0 0.0 0.0 0.0 0.374999999999999 0.375 0.9999999999999983 1.0 1.0 1.0 1.0 1.0 0.3750000000000022 0.375 1.3322676295501878e-15 0.0 0.0 0.0 0.0 
