0.0 0.0 0.0 0.0 0.0 0.0 0.0 0.0 0.0 0.0 0.0 0.0 1.5543122344752255e-15 0.2100000000000026 0.4800000000000053 0.8700000000000053 1.0 0.9999999999999953 0.6099999999999953 0.2799999999999989 
0.0 0.0 0.0 0.0 0.0 0.0 0.0 0.0 0.0 0.010000000000000507 0.04000000000000149 0.4300000000000055 1.0 1.0 1.0 1.0 1.0 1.0 1.0 0.7999999999999936 
0.0 0.0 0.0 0.0 0.0 0.0 0.0 1.9984014443252853e-15 0.4500000000000032 0.800000000000002 0.9500000000000013 1.0 1.0 1.0 1.0 1.0 1.0 1.0 1.0 0.7999999999999936 
0.0 0.0 2.99760216648793e-16 0.2700000000000011 0.5600000000000017 0.8900000000000013 1.0 1.0 1.0 1.0 1.0 1.0 1.0 1.0 1.0 1.0 1.0 1.0 1.0 0.7999999999999936 
0.12000000000000097 0.49000000000000093 1.0 1.0 1.0 1.0 1.0 1.0 1.0 1.0 1.0 1.0 1.0 1.0 1.0 1.0 1.0 1.0 1.0 0.7999999999999936 
0.7999999999999998 1.0 1.0 1.0 1.0 1.0 1.0 0.9999999999999978 0.48999999999999644 0.14999999999999858 0.14999999999999858 0.4900000000000032 1.0 1.0 1.0 1.0 1.0 1.0 1.0 0.7999999999999936 
0.0 0.17999999999999983 0.4499999999999993 0.4499999999999993 0.4499999999999993 0.4499999999999993 0.26999999999999863 0.0 0.0 0.0 0.0 0.0 4.440892098500626e-15 0.600000000000005 1.0 1.0 1.0 1.0 1.0 0.7999999999999936 
0.0 0.0 0.0 0.0 0.0 0.0 0.0 0.0 0.0 0.0 0.0 0.0 4.440892098500626e-15 0.600000000000005 1.0 1.0 1.0 1.0 1.0 0.7999999999999936 
0.0 0.0 0.0 0.0 0.0 0.0 0.0 0.0 0.0 0.0 0.0 0.0 4.440892098500626e-15 0.600000000000005 1.0 1.0 1.0 1.0 1.0 0.7999999999999936 
0.0 0.0 0.0 0.0 0.0 0.0 0.0 0.0 0.0 0.0 0.0 0.0 4.440892098500626e-15 0.600000000000005 1.0 1.0 1.0 1.0 1.0 0.7999999999999936 
0.0 0.0 0.0 0.0 0.0 0.0 0.0 0.0 0.0 0.0 0.0 0.0 4.440892098500626e-15 0.600000000000005 1.0 1.0 1.0 1.0 1.0 0.7999999999999936 
0.0 0.0 0.0 0.0 0.0 0.0 0.0 0.0 0.0 0.0 0.0 0.0 4.440892098500626e-15 0.600000000000005 1.0 1.0 1.0 1.0 1.0 0.7999999999999936 
0.0 0.0 0.0 0.0 0.0 0.0 0.0 0.0 0.0 0.0 0.0 0.0 4.440892098500626e-15 0.600000000000005 1.0 1.0 1.0 1.0 1.0 0.7999999999999936 
0.0 0.0 0.0 0.0 0.0 0.0 0.0 0.0 0.0 0.0 0.0 0.18000000000000188 0.45000000000000173 0.7800000000000025 1.0 1.0 1.0 1.0 1.0 0.7999999999999936 
0.0 0.0 0.0 0.0 0.0 0.0 0.0 0.0 0.0 0.0 0.0 0.4000000000000048 1.0 1.0 1.0 1.0 1.0 1.0 1.0 0.7999999999999936 
0.0 0.0 0.0 0.0 0.0 0.0 0.0 0.0 0.0 0.0 0.0 0.4000000000000048 1.0 1.0 1.0 1.0 1.0 1.0 1.0 0.7999999999999936 
0.0 0.0 0.0 0.0 0.0 0.0 0.0 0.0 0.0 0.0 0.0 0.4000000000000048 1.0 1.0 1.0 1.0 1.0 1.0 1.0 0.7999999999999936 
0.0 0.0 0.0 0.0 0.0 0.0 0.0 0.0 0.0 0.0 0.0 0.4000000000000048 1.0 1.0 1.0 1.0 1.0 0.9999999999999982 0.8499999999999979 0.5999999999999952 
0.0 0.0 0.0 0.0 0.0 0.0 0.0 0.0 0.0 0.0 0.0 0.4000000000000048 1.0 1.0 1.0 1.0 1.0 0.9999999999999929 0.3999999999999915 0.0 
0.0 0.0 0.0 0.0 0.0 0.0 0.0 0.0 0.0 0.0 0.0 0.14000000000000223 0.3500000000000043 0.7400000000000038 1.0 1.0 1.0 0.9999999999999929 0.3999999999999915 0.0 
