0.2250000000000003 0.7750000000000009 1.0 1.0 1.0 1.0 1.0 1.0 1.0 1.0 1.0 1.0 1.0 0.7749999999999995 0.25 0.25 0.07500000000000018 0.0 0.0 0.0 
0.9000000000000012 1.0 1.0 1.0 1.0 1.0 1.0 1.0 1.0 1.0 1.0 1.0 1.0 1.0 1.0 1.0 0.8250000000000001 0.3749999999999999 0.0 0.0 
0.9000000000000012 1.0 1.0 0.9249999999999998 0.6749999999999997 0.07499999999999944 0.0 0.0 0.0 0.0 0.0 0.0 0.0 0.22500000000000067 0.7750000000000008 0.9749999999999996 1.0 1.0 0.7749999999999994 0.22499999999999926 
0.9000000000000012 1.0 1.0 0.6999999999999988 0.0 0.0 0.0 0.0 0.0 0.0 0.0 0.0 0.0 0.0 0.025000000000000445 0.22500000000000045 0.7749999999999997 1.0 1.0 0.8999999999999986 
0.9000000000000012 1.0 1.0 0.6999999999999988 0.0 0.0 0.0 0.0 0.0 0.0 0.0 0.0 0.0 0.0 0.0 0.0 0.6999999999999993 1.0 1.0 0.8999999999999986 
0.9000000000000012 1.0 1.0 0.6999999999999988 0.0 0.0 0.0 0.0 0.0 0.0 0.0 0.0 0.0 0.0 0.0 0.0 0.6999999999999993 1.0 1.0 0.8999999999999986 
0.9000000000000012 1.0 1.0 0.6999999999999988 0.0 0.0 0.0 0.0 0.0 0.0 0.0 0.0 0.0 0.0 0.0 0.0 0.6999999999999993 1.0 1.0 0.8999999999999986 
0.9000000000000012 1.0 1.0 0.6999999999999988 0.0 0.0 0.0 0.0 0.0 0.0 0.0 0.0 0.0 0.0 0.0 0.0 0.6999999999999993 1.0 1.0 0.8999999999999986 
0.9000000000000012 1.0 1.0 1.0 0.899999999999999 0.0999999999999992 0.0 0.0 0.0 0.0 0.0 0.0 0.0 0.07499999999999965 0.32499999999999946 0.9249999999999987 1.0 0.8750000000000009 0.5250000000000007 0.0 
0.9000000000000012 1.0 1.0 1.0 0.9749999999999996 0.7749999999999982 0.7499999999999982 0.7499999999999982 0.5249999999999982 0.07500000000000022 0.6749999999999987 0.7499999999999982 0.7499999999999982 0.824999999999999 1.0 1.0 0.47500000000000175 0.1250000000000009 0.0 0.0 
0.9000000000000012 1.0 1.0 1.0 0.9749999999999999 0.7750000000000014 0.7500000000000018 0.7500000000000018 0.7500000000000018 0.7500000000000018 0.7500000000000018 0.9250000000000004 1.0 1.0 0.8999999999999986 0.10000000000000142 0.0 0.0 0.0 0.0 
0.9000000000000012 1.0 1.0 0.7750000000000002 0.22500000000000295 0.025000000000000154 0.0 0.0 0.0 0.0 0.0 0.6999999999999993 1.0 1.0 0.8999999999999986 0.10000000000000142 0.0 0.0 0.0 0.0 
0.6750000000000042 0.9250000000000014 1.0 0.6999999999999988 0.0 0.0 0.0 0.0 0.0 0.0 0.0 0.5250000000000019 0.8750000000000018 1.0 0.9249999999999986 0.32499999999999785 0.07499999999999911 0.0 0.0 0.0 
0.6749999999999977 0.9249999999999993 1.0 0.6999999999999988 0.0 0.0 0.0 0.0 0.0 0.0 0.0 0.0 0.5 1.0 1.0 1.0 0.3000000000000007 0.0 0.0 0.0 
0.9000000000000012 1.0 1.0 0.6999999999999988 0.0 0.0 0.0 0.0 0.0 0.0 0.0 0.0 0.3750000000000018 0.8250000000000026 1.0 1.0 0.47499999999999803 0.12499999999999822 0.0 0.0 
0.9000000000000012 1.0 1.0 0.6999999999999988 0.0 0.0 0.0 0.0 0.0 0.0 0.0 0.0 0.0 0.3000000000000007 1.0 1.0 1.0 0.5 0.0 0.0 
0.9000000000000012 1.0 1.0 0.6999999999999988 0.0 0.0 0.0 0.0 0.0 0.0 0.0 0.0 0.0 0.2250000000000016 0.7750000000000036 0.975 1.0 0.6249999999999982 0.17499999999999732 0.0 
0.9000000000000012 1.0 1.0 0.6999999999999988 0.0 0.0 0.0 0.0 0.0 0.0 0.0 0.0 0.0 0.0 0.10000000000000142 0.8999999999999986 1.0 1.0 0.6999999999999993 0.0 
0.9000000000000012 1.0 1.0 0.6999999999999988 0.0 0.0 0.0 0.0 0.0 0.0 0.0 0.0 0.0 0.0 0.07500000000000143 0.6750000000000022 0.9250000000000009 1.0 0.7749999999999984 0.22499999999999645 
0.2250000000000035 0.25000000000000355 0.6250000000000027 0.6999999999999988 0.0 0.0 0.0 0.0 0.0 0.0 0.0 0.0 0.0 0.0 0.0 0.0 0.17500000000000232 0.6250000000000018 1.0 0.8999999999999986 
