0.9000000000000012 1.0 1.0 0.7749999999999991 0.22499999999999976 0.0249999999999998 0.0 0.0 0.0 0.0 0.0 0.0 0.0 0.0 0.0 0.0 0.17499999999999982 0.25 0.25 0.22499999999999964 
0.9000000000000012 1.0 1.0 1.0 0.899999999999999 0.0999999999999992 0.0 0.0 0.0 0.0 0.0 0.0 0.0 0.0 0.0 0.0 0.6999999999999993 1.0 1.0 0.8999999999999986 
0.0 0.7000000000000013 1.0 1.0 0.899999999999999 0.0999999999999992 0.0 0.0 0.0 0.0 0.0 0.0 0.0 0.0 0.02500000000000031 0.22499999999999926 0.7749999999999994 1.0 1.0 0.8999999999999986 
0.0 0.7000000000000012 1.0 1.0 0.899999999999999 0.0999999999999992 0.0 0.0 0.0 0.0 0.0 0.0 0.0 0.0 0.10000000000000142 0.8999999999999986 1.0 1.0 1.0 0.8999999999999986 
0.0 0.7000000000000012 1.0 1.0 1.0 1.0 0.29999999999999893 0.0 0.0 0.0 0.0 0.0 0.0 0.0 0.10000000000000142 0.8999999999999986 1.0 1.0 0.6999999999999993 0.0 
0.0 0.1750000000000009 0.6250000000000013 1.0 1.0 1.0 0.29999999999999893 0.0 0.0 0.0 0.0 0.0 0.0 0.0 0.10000000000000142 0.8999999999999986 1.0 1.0 0.6999999999999993 0.0 
0.0 0.0 0.5000000000000011 1.0 1.0 1.0 0.29999999999999893 0.0 0.0 0.0 0.0 0.0 0.0 0.3000000000000007 1.0 1.0 1.0 1.0 0.6999999999999993 0.0 
0.0 0.0 0.5000000000000011 1.0 1.0 1.0 0.8249999999999985 0.37499999999999845 0.0 0.0 0.0 0.0 0.0 0.3000000000000007 1.0 1.0 1.0 0.6250000000000009 0.17500000000000107 0.0 
0.0 0.0 0.3750000000000017 0.8250000000000015 1.0 1.0 1.0 0.4999999999999991 0.0 0.0 0.0 0.0 0.12499999999999911 0.4749999999999993 1.0 1.0 1.0 0.5 0.0 0.0 
0.0 0.0 0.0 0.30000000000000115 1.0 1.0 1.0 0.4999999999999991 0.0 0.0 0.0 0.0 0.5 1.0 1.0 1.0 1.0 0.5 0.0 0.0 
0.0 0.0 0.0 0.30000000000000115 1.0 1.0 1.0 0.6249999999999984 0.17499999999999857 0.0 0.0 0.0 0.5 1.0 1.0 1.0 0.3000000000000007 0.0 0.0 0.0 
0.0 0.0 0.0 0.07500000000000136 0.32500000000000395 0.9250000000000009 1.0 1.0 0.6999999999999993 0.0 0.0 0.0 0.5 1.0 1.0 1.0 0.3000000000000007 0.0 0.0 0.0 
0.0 0.0 0.0 0.0 0.10000000000000098 0.9000000000000008 1.0 1.0 0.6999999999999993 0.0 0.0 0.6999999999999993 1.0 1.0 1.0 1.0 0.3000000000000007 0.0 0.0 0.0 
0.0 0.0 0.0 0.0 0.10000000000000098 0.9000000000000008 1.0 1.0 0.9249999999999987 0.7499999999999964 0.7499999999999964 0.9249999999999987 1.0 1.0 0.9249999999999993 0.3250000000000043 0.07500000000000125 0.0 0.0 0.0 
0.0 0.0 0.0 0.0 0.0750000000000011 0.6750000000000038 0.9250000000000014 1.0 1.0 1.0 1.0 1.0 1.0 1.0 0.8999999999999986 0.10000000000000142 0.0 0.0 0.0 0.0 
0.0 0.0 0.0 0.0 0.0 0.0 0.7000000000000011 1.0 1.0 1.0 1.0 1.0 1.0 1.0 0.8999999999999986 0.10000000000000142 0.0 0.0 0.0 0.0 
0.0 0.0 0.0 0.0 0.0 0.0 0.7000000000000011 1.0 1.0 1.0 1.0 1.0 1.0 0.6999999999999993 0.0 0.0 0.0 0.0 0.0 0.0 
0.0 0.0 0.0 0.0 0.0 0.0 0.17500000000000276 0.6250000000000024 1.0 1.0 1.0 1.0 1.0 0.6999999999999993 0.0 0.0 0.0 0.0 0.0 0.0 
0.0 0.0 0.0 0.0 0.0 0.0 0.0 0.5000000000000009 1.0 1.0 1.0 1.0 0.8750000000000018 0.5250000000000019 0.0 0.0 0.0 0.0 0.0 0.0 
0.0 0.0 0.0 0.0 0.0 0.0 0.0 0.5000000000000009 1.0 1.0 1.0 1.0 0.5 0.0 0.0 0.0 0.0 0.0 0.0 0.0 
