0.0 0.0 0.0 0.0 0.0 0.0 0.0 0.0 0.0 0.0 0.0 0.27500000000000213 1.0 1.0 1.0 1.0 1.0 1.0 0.7749999999999986 0.0 
0.0 0.0 0.0 0.0 0.0 0.0 0.0 0.0 0.0 0.0 0.0 0.27500000000000213 1.0 1.0 1.0 1.0 1.0 1.0 0.7749999999999986 0.0 
0.0 0.0 0.0 0.0 0.0 0.0 0.0 0.0 0.0 0.0 0.4250000000000025 1.0 1.0 1.0 1.0 1.0 1.0 1.0 0.7749999999999986 0.0 
0.0 0.0 0.0 0.0 0.0 0.0 0.0 0.0 0.0 0.431250000000003 0.8562500000000022 1.0 1.0 1.0 1.0 1.0 1.0 1.0 0.7749999999999986 0.0 
0.0 0.0 0.0 0.0 0.0 0.0 0.0 0.0 0.18125000000000252 0.6812500000000026 1.0 1.0 1.0 1.0 1.0 1.0 1.0 0.6249999999999982 0.0 0.0 
0.0 0.0 0.0 0.0 0.0 0.0 0.0 0.0 0.7250000000000023 1.0 1.0 0.7937499999999976 0.24999999999999734 0.24999999999999734 0.8687500000000017 1.0 1.0 0.6249999999999982 0.0 0.0 
0.0 0.0 0.0 0.0 0.0 0.0 0.02500000000000213 0.8750000000000027 1.0 1.0 0.5749999999999975 0.0 0.0 0.0 0.0 0.6750000000000025 1.0 0.6249999999999982 0.0 0.0 
0.0 0.0 0.0 0.0 0.0 0.0 0.006250000000000489 0.2187499999999991 0.7937500000000013 1.0 0.5749999999999975 0.0 0.0 0.0 0.0 0.6750000000000025 1.0 0.6249999999999982 0.0 0.0 
0.0 0.0 0.0 0.0 0.0 0.1750000000000025 1.0 1.0 0.8187499999999981 0.31874999999999776 0.0 0.0 0.0 0.0 0.0 0.6750000000000025 1.0 0.6249999999999982 0.0 0.0 
0.0 0.0 0.0 0.0 0.24375000000000238 0.7937500000000021 1.0 1.0 0.2749999999999977 0.0 0.0 0.0 0.0 0.0 0.0 0.6750000000000025 1.0 0.6249999999999982 0.0 0.0 
0.0 0.0 0.0 0.4750000000000023 1.0 1.0 0.9749999999999979 0.12499999999999734 0.0 0.0 0.0 0.0 0.0 0.0 0.20625000000000218 0.7562500000000024 1.0 0.6249999999999982 0.0 0.0 
0.0 0.0 0.46875000000000183 0.8687500000000006 1.0 0.8687499999999981 0.24374999999999947 0.031249999999999334 0.0 0.0 0.0 0.0 0.0 0.0 0.2062500000000007 0.7562500000000019 1.0 0.6249999999999982 0.0 0.0 
0.0 0.19375000000000062 0.7187500000000018 1.0 0.9187499999999994 0.6187499999999981 0.0 0.0 0.0 0.0 0.0 0.0 0.0 0.0 0.0 0.6750000000000025 1.0 0.6249999999999982 0.0 0.0 
0.0 0.7750000000000025 1.0 1.0 0.6749999999999976 0.0 0.0 0.0 0.0 0.0 0.0 0.0 0.0 0.0 0.0 0.6750000000000025 1.0 0.6249999999999982 0.0 0.0 
0.23125000000000062 0.8312500000000018 0.5312499999999982 0.6062500000000017 0.6749999999999976 0.0 0.0 0.0 0.0 0.0 0.0 0.0 0.0 0.0 0.0 0.6750000000000025 1.0 0.7187499999999987 0.19374999999999964 0.0 
0.23125000000000062 0.25 0.7187500000000018 1.0 0.9187499999999994 0.75 0.75 0.75 0.75 0.75 0.75 0.75 0.75 0.75 0.75 0.9187500000000006 1.0 0.7187499999999987 0.19374999999999964 0.0 
0.6937500000000019 0.75 0.75 0.39374999999999827 0.2437500000000018 0.75 0.75 0.75 0.75 0.75 0.75 0.75 0.75 0.75 0.9562500000000007 1.0 1.0 1.0 0.9437499999999996 0.6937499999999979 
0.0 0.0 0.0 0.0 0.0 0.0 0.0 0.0 0.0 0.0 0.0 0.0 0.0 0.0 0.2062500000000007 0.7562500000000019 1.0 0.7187499999999987 0.19374999999999964 0.0 
0.0 0.0 0.0 0.0 0.0 0.0 0.0 0.0 0.0 0.0 0.0 0.0 0.0 0.0 0.0 0.6750000000000025 0.8687499999999995 0.46874999999999867 0.0 0.0 
0.0 0.0 0.0 0.0 0.0 0.0 0.0 0.0 0.0 0.0 0.0 0.0 0.0 0.0 0.0 0.6750000000000025 0.8687499999999995 0.46874999999999867 0.0 0.0 
