0.0 0.0 0.0 0.0 0.0 0.0 0.006250000000000621 0.21875000000000377 0.7937500000000027 1.0 1.0 1.0 0.8749999999999982 0.02499999999999858 0.0 0.0 0.0 0.0 0.0 0.0 
0.0 0.0 0.0 0.0 0.0 0.0 0.02500000000000213 0.8750000000000027 1.0 1.0 1.0 1.0 0.8749999999999982 0.02499999999999858 0.0 0.0 0.0 0.0 0.0 0.0 
0.0 0.0 0.0 0.0 0.0 0.0 0.02500000000000213 0.8750000000000027 1.0 1.0 1.0 1.0 0.9062499999999991 0.268750000000002 0.04374999999999983 0.0 0.0 0.0 0.0 0.0 
0.0 0.0 0.0 0.0 0.0 0.0 0.02500000000000213 0.8750000000000027 1.0 1.0 1.0 1.0 1.0 1.0 0.17499999999999716 0.0 0.0 0.0 0.0 0.0 
0.0 0.0 0.0 0.0 0.0 0.1750000000000025 1.0 1.0 1.0 1.0 1.0 1.0 1.0 1.0 0.17499999999999716 0.0 0.0 0.0 0.0 0.0 
0.0 0.0 0.0 0.0 0.0 0.1750000000000025 1.0 1.0 1.0 1.0 1.0 1.0 1.0 1.0 0.17499999999999716 0.0 0.0 0.0 0.0 0.0 
0.0 0.0 0.0 0.0 0.08125000000000118 0.3812500000000033 1.0 1.0 1.0 1.0 1.0 1.0 1.0 1.0 1.0 0.3249999999999975 0.0 0.0 0.0 0.0 
0.0 0.0 0.0 0.0 0.3250000000000024 1.0 1.0 1.0 1.0 0.5687499999999975 0.24999999999999822 0.4562500000000003 1.0 1.0 1.0 0.3249999999999975 0.0 0.0 0.0 0.0 
0.0 0.0 0.0 0.0 0.3250000000000024 1.0 1.0 1.0 0.2749999999999977 0.0 0.0 0.27500000000000213 1.0 1.0 1.0 0.49374999999999936 0.11875000000000031 0.0 0.0 0.0 
0.0 0.0 0.0 0.35625000000000256 0.8312500000000018 1.0 1.0 1.0 0.2749999999999977 0.0 0.0 0.27500000000000213 1.0 1.0 1.0 1.0 0.47499999999999787 0.0 0.0 0.0 
0.0 0.0 0.0 0.4750000000000023 1.0 1.0 0.9937499999999995 0.7812499999999978 0.20624999999999777 0.0 0.0 0.2062500000000011 0.7812499999999989 0.9937500000000004 1.0 1.0 0.47499999999999787 0.0 0.0 0.0 
0.0 0.0 0.0 0.4750000000000023 1.0 1.0 0.9749999999999979 0.12499999999999734 0.0 0.0 0.0 0.0 0.12500000000000178 0.9750000000000014 1.0 1.0 0.47499999999999787 0.0 0.0 0.0 
0.0 0.0 0.6250000000000024 1.0 1.0 1.0 0.9749999999999979 0.12499999999999734 0.0 0.0 0.0 0.0 0.12500000000000178 0.9750000000000014 1.0 1.0 1.0 0.6249999999999982 0.0 0.0 
0.0 0.0 0.6250000000000024 1.0 1.0 0.8687499999999981 0.24374999999999947 0.031249999999999334 0.0 0.0 0.0 0.0 0.12500000000000178 0.9750000000000014 1.0 1.0 1.0 0.6249999999999982 0.0 0.0 
0.0 0.0 0.6250000000000024 1.0 1.0 0.8249999999999975 0.0 0.0 0.0 0.0 0.0 0.0 0.031250000000000444 0.24375000000000036 0.8687500000000021 1.0 1.0 0.6249999999999982 0.0 0.0 
0.0 0.5812500000000018 0.9062500000000007 1.0 1.0 0.9562499999999994 0.75 0.75 0.75 0.75 0.75 0.75 0.7812500000000004 0.9937500000000004 1.0 1.0 1.0 0.9062499999999996 0.5812499999999989 0.0 
0.0 0.7750000000000025 1.0 1.0 1.0 1.0 1.0 1.0 1.0 1.0 1.0 1.0 1.0 1.0 1.0 1.0 1.0 1.0 0.7749999999999986 0.0 
0.0 0.7750000000000025 1.0 1.0 1.0 0.8687499999999981 0.25 0.25 0.25 0.25 0.25 0.25 0.25 0.25 0.8687500000000021 1.0 1.0 1.0 0.9437499999999996 0.6937499999999979 
0.9250000000000025 1.0 1.0 1.0 0.6749999999999976 0.0 0.0 0.0 0.0 0.0 0.0 0.0 0.0 0.0 0.0 0.6750000000000025 1.0 1.0 1.0 0.9249999999999972 
0.9250000000000025 1.0 1.0 0.6437499999999983 0.1687499999999994 0.0 0.0 0.0 0.0 0.0 0.0 0.0 0.0 0.0 0.0 0.6750000000000025 1.0 1.0 1.0 0.9249999999999972 
