0.0 0.0 0.0 0.0 0.0 0.0 0.0 0.0 0.0 0.0 0.0 0.0 0.0 0.0 0.2681249999999951 0.10562500000000012 0.524999999999995 1.0 0.7750000000000057 0.0 
0.0 0.0 0.0 0.0 0.0 0.0 0.0 0.0 0.0 0.0 0.0 0.0 0.12187499999999607 0.9506249999999926 0.9956249999999992 0.9831249999999976 0.9881249999999981 1.0 0.7750000000000057 0.0 
0.0 0.0 0.0 0.0 0.0 0.0 0.0 0.0 0.0 0.0 0.0 0.2749999999999968 0.9218750000000026 0.3906250000000055 0.8906249999999979 1.0 1.0 1.0 0.7750000000000057 0.0 
0.0 0.0 0.0 0.0 0.0 0.0 0.0 0.0 0.0 0.0 0.11687499999999823 0.474374999999996 0.9093750000000023 0.2931250000000006 0.8731249999999965 1.0 1.0 1.0 0.7750000000000057 0.0 
0.0 0.0 0.0 0.0 0.0 0.0 0.0 0.0 0.0 0.5318749999999965 0.9568749999999987 1.0 1.0 1.0 1.0 1.0 1.0 1.0 0.7750000000000057 0.0 
0.0 0.0 0.0 0.0 0.0 0.0 0.0 0.0 0.4168749999999983 0.8193749999999986 1.0 0.841875000000002 0.4250000000000007 0.4250000000000007 0.07437500000000194 0.2868749999999985 0.4250000000000007 0.6406249999999973 0.7750000000000057 0.0 
0.0 0.0 0.0 0.0 0.0 0.0 0.005624999999999671 0.1968749999999993 0.7868749999999982 1.0 0.9043750000000008 0.5618750000000028 0.0 0.0 0.0 0.0 0.524999999999995 1.0 0.7750000000000057 0.0 
0.0 0.0 0.0 0.0 0.0 0.0 0.02499999999999858 0.8749999999999982 1.0 0.4968750000000022 0.07187500000000036 0.0 0.0 0.0 0.0 0.0 0.524999999999995 1.0 0.7750000000000057 0.0 
0.0 0.0 0.0 0.0 0.0 0.17499999999999893 1.0 1.0 0.6193750000000009 0.20187500000000103 0.0 0.0 0.0 0.0 0.0 0.0 0.524999999999995 1.0 0.7750000000000057 0.0 
0.0 0.0 0.0 0.0 0.3249999999999993 1.0 0.9750000000000014 0.12500000000000178 0.0 0.0 0.0 0.0 0.0 0.0 0.0 0.5568749999999957 0.9168749999999988 1.0 0.7750000000000057 0.0 
0.0 0.0 0.0 0.0 0.3249999999999993 1.0 0.9750000000000014 0.12500000000000178 0.0 0.0 0.0 0.0 0.0 0.0 0.0 0.0 0.524999999999995 1.0 0.7750000000000057 0.0 
0.0 0.0 0.3281249999999991 0.50125 0.6456250000000006 0.8250000000000011 0.0 0.0 0.0 0.0 0.0 0.0 0.0 0.0 0.0 0.0 0.524999999999995 1.0 0.7750000000000057 0.0 
0.0 0.6781249999999975 0.4062500000000009 0.5406250000000016 0.6750000000000007 0.0 0.0 0.0 0.0 0.0 0.0 0.0 0.0 0.0 0.0 0.0 0.524999999999995 1.0 0.7750000000000057 0.0 
0.7168750000000025 0.1743750000000002 0.625 0.6318749999999993 0.15187499999999873 0.0 0.0 0.0 0.0 0.0 0.0 0.0 0.0 0.0 0.0 0.0 0.524999999999995 1.0 0.7750000000000057 0.0 
0.3931250000000042 0.8706250000000011 1.0 1.0 0.6750000000000007 0.0 0.0 0.0 0.0 0.0 0.0 0.0 0.0 0.0 0.3506250000000017 0.8131249999999988 1.0 1.0 0.8706250000000042 0.3931250000000073 
0.9250000000000007 1.0 1.0 1.0 1.0 1.0 1.0 1.0 1.0 1.0 1.0 1.0 1.0 1.0 1.0 1.0 1.0 1.0 1.0 0.9250000000000078 
0.2543749999999956 0.274999999999995 0.274999999999995 0.274999999999995 0.274999999999995 0.274999999999995 0.274999999999995 0.274999999999995 0.274999999999995 0.274999999999995 0.274999999999995 0.274999999999995 0.274999999999995 0.274999999999995 0.873124999999996 1.0 1.0 1.0 1.0 0.9250000000000078 
0.0 0.0 0.0 0.0 0.0 0.0 0.0 0.0 0.0 0.0 0.0 0.0 0.0 0.0 0.0 0.25312500000000304 0.7031250000000002 1.0 0.7750000000000057 0.0 
0.0 0.0 0.0 0.0 0.0 0.0 0.0 0.0 0.0 0.0 0.0 0.0 0.0 0.0 0.0 0.01687500000000372 0.5368749999999979 1.0 0.7750000000000057 0.0 
0.0 0.0 0.0 0.0 0.0 0.0 0.0 0.0 0.0 0.0 0.0 0.0 0.0 0.0 0.0 0.21937499999999321 0.679374999999993 1.0 0.7750000000000057 0.0 
