0.0 0.0 0.0 0.0 0.025000000000000244 0.2250000000000002 0.7750000000000008 1.0 1.0 1.0 1.0 1.0 1.0 1.0 0.9249999999999989 0.32500000000000107 0.25 0.125 0.0 0.0 
0.0 0.0 0.0 0.2250000000000008 0.775 0.9750000000000002 1.0 1.0 1.0 1.0 1.0 1.0 1.0 1.0 1.0 1.0 1.0 0.5 0.0 0.0 
0.0 0.0 0.5000000000000011 1.0 0.9749999999999999 0.7750000000000002 0.22499999999999934 0.0 0.0 0.0 0.0 0.0 0.0 0.22500000000000067 0.7750000000000008 0.9749999999999996 1.0 1.0 0.6999999999999993 0.0 
0.0 0.5250000000000002 0.8749999999999998 1.0 0.899999999999999 0.0999999999999992 0.0 0.0 0.0 0.0 0.0 0.0 0.0 0.0 0.025000000000000445 0.22500000000000045 0.7749999999999997 1.0 0.9249999999999996 0.6749999999999982 
0.0 0.7000000000000012 1.0 1.0 0.899999999999999 0.0999999999999992 0.0 0.0 0.0 0.0 0.0 0.0 0.0 0.0 0.0 0.0 0.5250000000000001 0.7500000000000009 0.7500000000000009 0.6749999999999997 
0.0 0.7000000000000012 1.0 1.0 0.899999999999999 0.0999999999999992 0.0 0.0 0.0 0.0 0.0 0.0 0.0 0.0 0.0 0.0 0.0 0.0 0.0 0.0 
0.0 0.7000000000000012 1.0 1.0 0.899999999999999 0.0999999999999992 0.0 0.0 0.0 0.0 0.0 0.0 0.0 0.0 0.0 0.0 0.0 0.0 0.0 0.0 
0.0 0.7000000000000013 1.0 1.0 0.899999999999999 0.0999999999999992 0.0 0.0 0.0 0.0 0.0 0.0 0.0 0.0 0.0 0.0 0.0 0.0 0.0 0.0 
0.0 0.7000000000000012 1.0 1.0 0.899999999999999 0.0999999999999992 0.0 0.0 0.0 0.0 0.0 0.0 0.0 0.0 0.0 0.0 0.0 0.0 0.0 0.0 
0.0 0.7000000000000013 1.0 0.7749999999999997 0.22500000000000137 0.024999999999999977 0.0 0.0 0.0 0.0 0.0 0.0 0.0 0.0 0.0 0.0 0.0 0.0 0.0 0.0 
0.0 0.7000000000000012 1.0 0.6999999999999988 0.0 0.0 0.0 0.0 0.0 0.0 0.0 0.0 0.0 0.0 0.0 0.0 0.0 0.0 0.0 0.0 
0.0 0.7000000000000012 1.0 0.6999999999999988 0.0 0.0 0.0 0.0 0.0 0.0 0.0 0.0 0.0 0.0 0.0 0.0 0.0 0.0 0.0 0.0 
0.22499999999999712 0.600000000000002 0.875000000000002 0.774999999999998 0.22499999999999656 0.024999999999999446 0.0 0.0 0.0 0.0 0.0 0.0 0.0 0.0 0.0 0.0 0.0 0.0 0.0 0.0 
0.2250000000000035 0.5999999999999991 0.8749999999999984 0.7750000000000002 0.22500000000000295 0.025000000000000154 0.0 0.0 0.0 0.0 0.0 0.0 0.0 0.0 0.0 0.0 0.0 0.0 0.0 0.0 
0.0 0.7000000000000012 0.4999999999999989 0.0 0.0 0.0 0.0 0.0 0.0 0.0 0.0 0.0 0.0 0.0 0.0 0.0 0.0 0.0 0.0 0.0 
0.6749999999999977 0.40000000000000085 0.5000000000000006 0.7499999999999964 0.674999999999996 0.07499999999999904 0.0 0.0 0.0 0.0 0.0 0.0 0.0 0.0 0.0 0.0 0.0 0.0 0.22499999999999948 0.6749999999999957 
0.0 0.1749999999999978 0.5000000000000006 0.7500000000000036 0.6750000000000025 0.07499999999999976 0.0 0.0 0.0 0.0 0.0 0.0 0.0 0.0 0.0 0.0 0.6999999999999993 0.8750000000000018 0.7500000000000036 0.6750000000000022 
0.0 0.7000000000000012 0.4999999999999989 0.2249999999999998 0.7499999999999964 0.7499999999999964 0.22499999999999815 0.0 0.0 0.0 0.0 0.0 0.0 0.0 0.0750000000000007 0.6749999999999957 0.4000000000000018 0.5 0.524999999999997 0.0 
0.0 0.0 0.3750000000000026 0.7500000000000036 0.7750000000000035 0.9750000000000005 0.4749999999999967 0.24999999999999645 0.17499999999999732 0.0 0.0 0.17499999999999732 0.24999999999999645 0.24999999999999645 0.2999999999999979 0.7000000000000022 0.7500000000000036 0.3750000000000018 0.0 0.0 
0.0 0.0 0.0 0.0 0.025000000000000598 0.2250000000000034 0.7750000000000019 1.0 0.9249999999999987 0.7499999999999964 0.7499999999999964 0.9249999999999987 0.6250000000000018 0.25000000000000355 0.22500000000000284 0.02500000000000071 0.0 0.0 0.0 0.0 
