0.0 0.0 0.025000000000000067 0.09500000000000106 0.10000000000000142 0.4149999999999986 1.0 1.0 1.0 1.0 1.0 1.0 0.7750000000000036 0.145000000000002 0.10000000000000142 0.06500000000000114 0.0 0.0 0.0 0.0 
0.0 0.16499999999999976 0.47499999999999887 0.964999999999998 1.0 0.8950000000000004 0.6999999999999988 0.6999999999999988 0.6999999999999988 0.6999999999999988 0.6999999999999988 0.6999999999999988 0.774999999999998 0.9849999999999997 1.0 0.7550000000000019 0.285000000000002 0.07500000000000136 0.0 0.0 
0.42499999999999927 0.7749999999999989 1.0 1.0 0.6750000000000008 0.32500000000000073 0.0 0.0 0.0 0.0 0.0 0.0 0.124999999999998 0.4749999999999988 0.824999999999999 1.0 0.9750000000000014 0.6250000000000024 0.27500000000000085 0.0 
0.849999999999997 1.0 0.8250000000000018 0.33500000000000146 0.1050000000000006 0.0 0.0 0.0 0.0 0.0 0.0 0.0 0.0 0.0 0.19499999999999917 0.5449999999999982 1.0 1.0 0.5500000000000007 0.0 
0.849999999999997 1.0 0.7500000000000029 0.05000000000000293 0.0 0.0 0.0 0.0 0.0 0.0 0.0 0.0 0.0 0.0 0.0 0.34999999999999787 1.0 1.0 0.9550000000000002 0.7650000000000016 
0.849999999999997 1.0 0.7500000000000029 0.05000000000000293 0.0 0.0 0.0 0.0 0.0 0.0 0.0 0.0 0.0 0.0 0.0 0.0 0.0 0.0 0.0 0.0 
0.849999999999997 1.0 0.7500000000000029 0.05000000000000293 0.0 0.0 0.0 0.0 0.0 0.0 0.0 0.0 0.0 0.0 0.0 0.0 0.0 0.0 0.0 0.0 
0.849999999999997 1.0 0.7500000000000029 0.05000000000000293 0.0 0.0 0.0 0.0 0.0 0.0 0.0 0.0 0.0 0.0 0.0 0.0 0.0 0.0 0.0 0.0 
0.849999999999997 1.0 0.7500000000000029 0.05000000000000293 0.0 0.0 0.0 0.0 0.0 0.0 0.0 0.0 0.0 0.0 0.0 0.0 0.0 0.0 0.0 0.0 
0.849999999999997 1.0 0.7500000000000029 0.05000000000000293 0.0 0.0 0.0 0.0 0.0 0.1349999999999977 0.7649999999999969 0.8999999999999986 0.8999999999999986 0.8999999999999986 0.8999999999999986 0.8999999999999986 0.8999999999999986 0.8999999999999986 0.8999999999999986 0.7650000000000001 
0.849999999999997 1.0 0.7500000000000029 0.05000000000000293 0.0 0.0 0.0 0.0 0.0 0.0 0.0 0.49499999999999944 0.9000000000000021 0.9000000000000021 0.9000000000000021 0.9000000000000021 0.9050000000000017 0.9750000000000002 1.0 0.8500000000000014 
0.849999999999997 1.0 0.7500000000000029 0.05000000000000293 0.0 0.0 0.0 0.0 0.0 0.0 0.0 0.0 0.0 0.0 0.0 0.0 0.04999999999999716 0.7499999999999964 1.0 0.8500000000000014 
0.849999999999997 1.0 0.7500000000000029 0.05000000000000293 0.0 0.0 0.0 0.0 0.0 0.0 0.0 0.0 0.0 0.0 0.0 0.0 0.04999999999999716 0.7499999999999964 1.0 0.8500000000000014 
0.849999999999997 1.0 0.7500000000000029 0.05000000000000293 0.0 0.0 0.0 0.0 0.0 0.0 0.0 0.0 0.0 0.0 0.0 0.0 0.04999999999999716 0.7499999999999964 1.0 0.8500000000000014 
0.849999999999997 1.0 0.975 0.9049999999999989 0.315000000000002 0.0 0.0 0.0 0.0 0.0 0.0 0.0 0.0 0.0 0.0 0.0 0.04999999999999716 0.7499999999999964 1.0 0.8500000000000014 
0.849999999999997 1.0 1.0 1.0 0.35000000000000275 0.0 0.0 0.0 0.0 0.0 0.0 0.0 0.0 0.0 0.0 0.0 0.04999999999999716 0.7499999999999964 1.0 0.8500000000000014 
0.5950000000000003 0.8650000000000004 1.0 1.0 0.35000000000000275 0.0 0.0 0.0 0.0 0.0 0.0 0.0 0.0 0.0 0.0 0.0 0.04999999999999716 0.7499999999999964 1.0 0.8500000000000014 
0.0 0.549999999999997 1.0 1.0 0.674999999999999 0.32499999999999896 0.0 0.0 0.0 0.0 0.0 0.0 0.0 0.0 0.32499999999999696 0.49999999999999645 0.5249999999999952 0.8749999999999973 0.7750000000000019 0.4250000000000037 
0.0 0.16500000000000145 0.30000000000000426 0.30000000000000426 0.7549999999999996 0.8949999999999992 0.6999999999999957 0.6999999999999957 0.6999999999999957 0.6999999999999957 0.6999999999999957 0.6999999999999957 0.6999999999999957 0.6999999999999957 0.894999999999998 1.0 0.9650000000000022 0.4750000000000057 0.16500000000000256 0.0 
0.0 0.0 0.0 0.0 0.06500000000000296 0.4150000000000009 1.0 1.0 1.0 1.0 1.0 1.0 1.0 1.0 1.0 0.6850000000000036 0.09500000000000501 0.025000000000001597 0.0 0.0 
