0.08750000000000124 0.10000000000000142 0.10000000000000142 0.10000000000000142 0.10000000000000142 0.10000000000000142 0.10000000000000142 0.10000000000000142 0.10000000000000142 0.10000000000000142 0.43750000000000566 1.0 1.0 0.4374999999999945 0.10000000000000142 0.21250000000000924 0.8875000000000082 1.0 0.662499999999991 0.08750000000000017 
0.875 1.0 1.0 1.0 1.0 1.0 1.0 1.0 1.0 1.0 1.0 1.0 1.0 1.0 1.0 1.0 1.0 1.0 0.8874999999999962 0.6124999999999912 
0.43749999999999845 0.4999999999999982 0.4999999999999982 0.4999999999999982 0.4999999999999982 0.4999999999999982 0.4999999999999982 0.4999999999999982 0.4999999999999982 0.4999999999999982 0.4999999999999982 0.4999999999999982 0.4999999999999982 0.4999999999999982 0.6875000000000024 1.0 1.0 1.0 0.6249999999999893 0.0 
0.0 0.0 0.0 0.0 0.0 0.0 0.0 0.0 0.0 0.0 0.0 0.0 0.0 0.4375000000000062 0.8125000000000033 1.0 1.0 0.5624999999999926 0.1874999999999956 0.0 
0.0 0.0 0.0 0.0 0.0 0.0 0.0 0.0 0.0 0.0 0.0 0.0 0.0 0.6250000000000071 1.0 1.0 1.0 0.3749999999999911 0.0 0.0 
0.0 0.0 0.0 0.0 0.0 0.0 0.0 0.0 0.0 0.0 0.0 0.12500000000000533 0.8750000000000071 1.0 1.0 0.8749999999999911 0.12499999999999112 0.0 0.0 0.0 
0.0 0.0 0.0 0.0 0.0 0.0 0.0 0.0 0.0 0.0 0.11250000000000253 0.3875000000000059 0.9125000000000053 1.0 0.887499999999997 0.6124999999999916 0.08749999999999347 0.0 0.0 0.0 
0.0 0.0 0.0 0.0 0.0 0.0 0.0 0.0 0.0 0.0 0.37500000000000533 1.0 1.0 1.0 0.6249999999999929 0.0 0.0 0.0 0.0 0.0 
0.0 0.0 0.0 0.0 0.0 0.0 0.0 0.0 0.0 0.4375000000000055 0.8125000000000033 1.0 1.0 0.5624999999999932 0.1874999999999961 0.0 0.0 0.0 0.0 0.0 
0.0 0.0 0.0 0.0 0.0 0.0 0.0 0.0 0.0 0.6250000000000053 1.0 0.887499999999995 0.21249999999999175 0.03749999999999849 0.0 0.0 0.0 0.0 0.0 0.0 
0.0 0.0 0.0 0.0 0.0 0.0 0.0 0.12500000000000355 0.8750000000000044 1.0 0.9624999999999982 0.7874999999999924 0.1124999999999932 0.0 0.0 0.0 0.0 0.0 0.0 0.0 
0.0 0.0 0.0 0.0 0.0 0.0 0.11250000000000267 0.38750000000000623 0.9125000000000036 1.0 0.6249999999999947 0.0 0.0 0.0 0.0 0.0 0.0 0.0 0.0 0.0 
0.0 0.0 0.0 0.0 0.0 0.0 0.37500000000000355 1.0 1.0 0.6874999999999951 0.3124999999999951 0.0 0.0 0.0 0.0 0.0 0.0 0.0 0.0 0.0 
0.0 0.0 0.0 0.0 0.0 0.43750000000000366 0.8125000000000029 1.0 1.0 0.37499999999999467 0.0 0.0 0.0 0.0 0.0 0.0 0.0 0.0 0.0 0.0 
0.0 0.0 0.0 0.0 0.0 0.6250000000000027 1.0 0.8874999999999961 0.21249999999999103 0.037499999999997334 0.0 0.0 0.0 0.0 0.0 0.0 0.0 0.0 0.0 0.0 
0.0 0.0 0.037500000000001976 0.21250000000000596 0.8875000000000026 1.0 0.9624999999999978 0.7874999999999924 0.11249999999999538 0.0 0.0 0.0 0.0 0.0 0.0 0.0 0.0 0.0 0.0 0.0 
0.0 0.0 0.3750000000000011 1.0 1.0 1.0 0.6249999999999964 0.0 0.0 0.0 0.0 0.0 0.0 0.0 0.0 0.0 0.0 0.0 0.0 0.0 
0.0 0.0 0.3750000000000011 1.0 1.0 0.6874999999999964 0.312499999999996 0.0 0.0 0.0 0.0 0.0 0.0 0.0 0.0 0.0 0.0 0.0 0.0 0.0 
0.0 0.43750000000000216 0.8125000000000021 1.0 1.0 0.37499999999999734 0.0 0.0 0.0 0.0 0.0 0.0 0.0 0.0 0.0 0.0 0.0 0.0 0.0 0.0 
0.787500000000005 0.9625000000000021 1.0 0.8874999999999977 0.21249999999999303 0.037499999999997605 0.0 0.0 0.0 0.0 0.0 0.0 0.0 0.0 0.0 0.0 0.0 0.0 0.0 0.0 
