0.0 0.0 0.6249999999999964 1.0 1.0 1.0 1.0 1.0 1.0 1.0 1.0 1.0 1.0 1.0 1.0 1.0 1.0 1.0 1.0 1.0 
0.0 0.0 0.6249999999999964 1.0 1.0 1.0 1.0 1.0 1.0 1.0 1.0 1.0 1.0 1.0 1.0 1.0 1.0 1.0 1.0 1.0 
0.0 0.0 0.6249999999999964 1.0 1.0 1.0 1.0 1.0 0.7499999999999973 0.7499999999999973 0.7499999999999973 0.7499999999999973 0.7499999999999973 0.8437499999999992 1.0 1.0 1.0 1.0 1.0 0.7812499999999968 
0.0 0.0 0.6249999999999964 1.0 1.0 1.0 0.5312500000000002 0.24999999999999822 0.0 0.0 0.0 0.0 0.0 0.09375000000000022 0.718750000000002 1.0 1.0 1.0 0.5312499999999962 0.03124999999999889 
0.0 0.0 0.4687499999999962 0.7499999999999982 0.7499999999999982 0.7499999999999982 0.28125000000000067 0.0 0.0 0.0 0.0 0.0 0.0 0.37500000000000355 1.0 1.0 1.0 0.9062499999999984 0.28124999999999667 0.0 
0.0 0.0 0.0 0.0 0.0 0.0 0.0 0.0 0.0 0.0 0.0 0.0 0.09375000000000022 0.843750000000002 1.0 1.0 0.9062499999999971 0.156249999999998 0.0 0.0 
0.0 0.0 0.0 0.0 0.0 0.0 0.0 0.0 0.0 0.0 0.0 0.21875 1.0 1.0 1.0 1.0 0.0 0.0 0.0 0.0 
0.0 0.0 0.0 0.0 0.0 0.0 0.0 0.0 0.0 0.0 0.46875 0.96875 1.0 1.0 1.0 0.34374999999999734 0.0 0.0 0.0 0.0 
0.0 0.0 0.0 0.0 0.0 0.0 0.0 0.0 0.0 0.09375 0.71875 1.0 1.0 0.9062499999999991 0.28124999999999734 0.0 0.0 0.0 0.0 0.0 
0.0 0.0 0.0 0.0 0.0 0.0 0.0 0.0 0.09375 0.84375 1.0 1.0 1.0 0.6249999999999964 0.0 0.0 0.0 0.0 0.0 0.0 
0.0 0.0 0.0 0.0 0.0 0.0 0.0 0.0 0.34375 1.0 1.0 1.0 0.65625 0.0 0.0 0.0 0.0 0.0 0.0 0.0 
0.0 0.0 0.0 0.0 0.0 0.0 0.0 0.65625 1.0 1.0 1.0 0.34375 0.0 0.0 0.0 0.0 0.0 0.0 0.0 0.0 
0.0 0.0 0.0 0.0 0.0 0.0 0.6249999999999982 1.0 1.0 1.0 0.8437500000000022 0.09375000000000044 0.0 0.0 0.0 0.0 0.0 0.0 0.0 0.0 
0.0 0.0 0.0 0.0 0.0 0.28124999999999667 0.9062499999999982 1.0 1.0 0.7187500000000013 0.09375000000000133 0.0 0.0 0.0 0.0 0.0 0.0 0.0 0.0 0.0 
0.0 0.0 0.0 0.0 0.3437499999999949 1.0 1.0 1.0 0.875 0.0 0.0 0.0 0.0 0.0 0.0 0.0 0.0 0.0 0.0 0.0 
0.0 0.0 0.0 0.0 1.0 1.0 1.0 1.0 0.2187500000000031 0.0 0.0 0.0 0.0 0.0 0.0 0.0 0.0 0.0 0.0 0.0 
0.0 0.0 0.1562499999999969 0.9062499999999972 1.0 1.0 0.8437500000000027 0.09375000000000044 0.0 0.0 0.0 0.0 0.0 0.0 0.0 0.0 0.0 0.0 0.0 0.0 
0.0 0.28124999999999567 0.9062499999999978 1.0 1.0 1.0 0.3750000000000018 0.0 0.0 0.0 0.0 0.0 0.0 0.0 0.0 0.0 0.0 0.0 0.0 0.0 
0.031249999999998446 0.5312499999999948 1.0 1.0 1.0 0.6250000000000027 0.0 0.0 0.0 0.0 0.0 0.0 0.0 0.0 0.0 0.0 0.0 0.0 0.0 0.0 
0.7812499999999958 1.0 1.0 1.0 0.9062500000000024 0.1562500000000029 0.0 0.0 0.0 0.0 0.0 0.0 0.0 0.0 0.0 0.0 0.0 0.0 0.0 0.0 
