0.5999999999999991 0.7999999999999989 0.9999999999999989 0.8000000000000013 0.6000000000000013 0.40000000000000135 0.20000000000000162 1.6653345369377348e-15 0.0 0.0 0.0 0.0 0.0 0.0 0.0 0.0 0.0 0.0 0.0 0.0 
0.5999999999999991 0.7999999999999989 0.9999999999999989 0.8000000000000013 0.6000000000000013 0.40000000000000135 0.20000000000000162 1.6653345369377348e-15 0.0 0.0 0.0 0.0 0.0 0.0 0.0 0.0 0.0 0.0 0.0 0.0 
0.5999999999999991 0.7999999999999989 0.9999999999999989 0.8000000000000013 0.6000000000000013 0.40000000000000135 0.20000000000000162 1.6653345369377348e-15 0.0 0.0 0.0 0.0 0.0 0.0 0.0 0.0 0.0 0.0 0.0 0.0 
0.5999999999999991 0.7999999999999989 0.9999999999999989 0.8000000000000013 0.6000000000000013 0.40000000000000135 0.20000000000000162 1.6653345369377348e-15 0.0 0.0 0.0 0.0 0.0 0.0 0.0 0.0 0.0 0.0 0.0 0.0 
0.5999999999999991 0.7999999999999989 0.9999999999999989 0.8000000000000013 0.6000000000000013 0.40000000000000135 0.20000000000000162 1.6653345369377348e-15 0.0 0.0 0.0 0.0 0.0 0.0 0.0 0.0 0.0 0.0 0.0 0.0 
0.5999999999999991 0.7999999999999989 0.9999999999999989 0.8000000000000014 0.6000000000000013 0.40000000000000135 0.20000000000000162 1.6653345369377348e-15 0.0 0.0 0.0 0.0 0.0 0.0 0.0 0.0 0.0 0.0 0.0 0.0 
0.5999999999999991 0.7999999999999989 0.9999999999999989 0.8000000000000013 0.6000000000000013 0.40000000000000135 0.20000000000000162 1.6653345369377348e-15 0.0 0.0 0.0 0.0 0.0 0.0 0.0 0.0 0.0 0.0 0.0 0.0 
0.5999999999999991 0.7999999999999989 0.9999999999999989 0.8000000000000014 0.6000000000000013 0.40000000000000135 0.20000000000000162 1.6653345369377348e-15 0.0 0.0 0.0 0.0 0.0 0.0 0.0 0.0 0.0 0.0 0.0 0.0 
0.5999999999999991 0.7999999999999989 0.9999999999999989 0.8000000000000013 0.6000000000000013 0.40000000000000135 0.20000000000000162 1.6653345369377348e-15 0.0 0.0 0.0 0.0 0.0 0.0 0.0 0.0 0.0 0.0 0.0 0.0 
0.5999999999999991 0.7999999999999989 0.9999999999999989 0.8000000000000013 0.6000000000000013 0.40000000000000135 0.20000000000000162 1.6653345369377348e-15 0.0 0.0 0.0 0.0 0.0 0.0 0.0 0.0 0.0 0.0 0.0 0.0 
0.5999999999999991 0.7999999999999989 0.9999999999999989 0.8000000000000013 0.6000000000000013 0.40000000000000135 0.20000000000000162 1.6653345369377348e-15 0.0 0.0 0.0 0.0 0.0 0.0 0.0 0.0 0.0 0.0 0.0 0.0 
0.5999999999999991 0.7999999999999989 0.9999999999999989 0.8000000000000013 0.6000000000000013 0.40000000000000135 0.20000000000000162 1.6653345369377348e-15 0.0 0.0 0.0 0.0 0.0 0.0 0.0 0.0 0.0 0.0 0.0 0.0 
0.5999999999999991 0.7999999999999989 0.9999999999999989 0.8000000000000013 0.6000000000000013 0.40000000000000135 0.20000000000000162 1.6653345369377348e-15 0.0 0.0 0.0 0.0 0.0 0.0 0.0 0.0 0.0 0.0 0.0 0.0 
0.5999999999999991 0.7999999999999989 0.9999999999999989 0.8000000000000013 0.6000000000000013 0.40000000000000135 0.20000000000000162 1.6653345369377348e-15 0.0 0.0 0.0 0.0 0.0 0.0 0.0 0.0 0.0 0.0 0.0 0.0 
0.5999999999999991 0.7999999999999989 0.9999999999999989 0.8000000000000013 0.6000000000000013 0.40000000000000135 0.20000000000000162 1.6653345369377348e-15 0.0 0.0 0.0 0.0 0.0 0.0 0.0 0.0 0.0 0.0 0.0 0.0 
0.5999999999999991 0.7999999999999989 0.9999999999999989 0.9300000000000008 0.8600000000000013 0.7900000000000018 0.7200000000000023 0.6500000000000027 0.5200000000000028 0.3900000000000025 0.26000000000000195 0.1300000000000017 1.4432899320127082e-15 0.0 0.0 0.0 0.0 0.0 0.0 0.0 
0.5999999999999991 0.7999999999999989 0.9999999999999989 1.0 1.0 1.0 1.0 1.0 0.8000000000000016 0.6000000000000019 0.4000000000000017 0.20000000000000195 2.220446049250313e-15 0.0 0.0 0.0 0.0 0.0 0.0 0.0 
0.5999999999999991 0.7999999999999989 0.9999999999999989 1.0 1.0 1.0 1.0 1.0 0.8000000000000016 0.6000000000000019 0.4000000000000017 0.20000000000000195 2.220446049250313e-15 0.0 0.0 0.0 0.0 0.0 0.0 0.0 
0.5999999999999991 0.7999999999999989 0.9999999999999989 1.0 1.0 1.0 1.0 1.0 0.8000000000000016 0.6000000000000019 0.4000000000000017 0.20000000000000195 2.220446049250313e-15 0.0 0.0 0.0 0.0 0.0 0.0 0.0 
0.5999999999999991 0.7999999999999989 0.9999999999999989 1.0 1.0 1.0 1.0 1.0 0.9700000000000012 0.9400000000000023 0.9100000000000033 0.8800000000000042 0.8500000000000053 0.850000000000005 0.850000000000005 0.850000000000005 0.850000000000005 0.850000000000005 0.680000000000006 0.5100000000000053 
