0.8750000000000036 1.0 1.0 1.0 1.0 1.0 1.0 1.0 1.0 1.0 1.0 1.0 1.0 1.0 1.0 1.0 1.0 1.0 1.0 0.8750000000000036 
0.8750000000000036 1.0 1.0 1.0 1.0 1.0 1.0 1.0 1.0 1.0 1.0 1.0 1.0 1.0 1.0 1.0 1.0 1.0 1.0 0.8750000000000036 
0.0 0.0 0.0 0.0 0.0 0.0 0.0 0.0937500000000005 0.6562499999999994 0.7499999999999987 0.7499999999999987 0.7499999999999987 0.7499999999999987 0.9062499999999996 1.0 1.0 1.0 1.0 1.0 0.8750000000000036 
0.0 0.0 0.0 0.0 0.0 0.0 0.0 0.0 0.0 0.0 0.0 0.0 0.0 0.625 1.0 1.0 1.0 1.0 0.7187500000000007 0.21874999999999933 
0.0 0.0 0.0 0.0 0.0 0.0 0.0 0.0 0.0 0.0 0.0 0.125 0.875 1.0 1.0 1.0 1.0 0.3750000000000018 0.0 0.0 
0.0 0.0 0.0 0.0 0.0 0.0 0.0 0.0 0.0 0.0 0.28125000000000133 0.7812500000000031 0.9687500000000004 1.0 1.0 1.0 1.0 0.3750000000000018 0.0 0.0 
0.0 0.0 0.0 0.0 0.0 0.0 0.0 0.0 0.0 0.0 0.375 1.0 1.0 1.0 0.9062499999999991 0.6562499999999982 0.09375000000000089 0.0 0.0 0.0 
0.0 0.0 0.0 0.0 0.0 0.0 0.0 0.0 0.0 0.468750000000004 0.8437500000000033 1.0 1.0 1.0 0.6250000000000018 0.0 0.0 0.0 0.0 0.0 
0.0 0.0 0.0 0.0 0.0 0.0 0.0 0.1250000000000009 0.8750000000000009 1.0 1.0 1.0 1.0 0.375 0.0 0.0 0.0 0.0 0.0 0.0 
0.0 0.0 0.0 0.0 0.0 0.0 0.28125000000000333 0.7812500000000049 0.9687500000000009 1.0 1.0 1.0 1.0 0.375 0.0 0.0 0.0 0.0 0.0 0.0 
0.0 0.0 0.0 0.0 0.0 0.0 0.3750000000000018 1.0 1.0 1.0 1.0 0.875 0.125 0.0 0.0 0.0 0.0 0.0 0.0 0.0 
0.0 0.0 0.0 0.0 0.0 0.4687500000000058 0.8437500000000049 1.0 1.0 1.0 0.7187499999999973 0.21874999999999378 0.031249999999999112 0.0 0.0 0.0 0.0 0.0 0.0 0.0 
0.0 0.0 0.0 0.12500000000000266 0.8750000000000022 1.0 1.0 1.0 1.0 0.8437499999999953 0.46874999999999556 0.0 0.0 0.0 0.0 0.0 0.0 0.0 0.0 0.0 
0.0 0.0 0.28125000000000483 0.7812500000000069 0.9687500000000014 1.0 1.0 1.0 1.0 0.3749999999999991 0.0 0.0 0.0 0.0 0.0 0.0 0.0 0.0 0.0 0.0 
0.0 0.15625000000000747 0.5312500000000089 1.0 1.0 1.0 1.0 0.8749999999999991 0.12499999999999911 0.0 0.0 0.0 0.0 0.0 0.0 0.0 0.0 0.0 0.0 0.0 
0.0 0.6250000000000032 1.0 1.0 1.0 1.0 0.7187499999999947 0.21874999999999045 0.031249999999998446 0.0 0.0 0.0 0.0 0.0 0.0 0.0 0.0 0.0 0.0 0.0 
0.21875000000001021 0.7187500000000064 1.0 1.0 1.0 1.0 0.6249999999999982 0.0 0.0 0.0 0.0 0.0 0.0 0.0 0.0 0.0 0.0 0.0 0.0 0.0 
0.8750000000000036 1.0 1.0 1.0 1.0 1.0 0.9062500000000036 0.7500000000000107 0.7500000000000107 0.7500000000000107 0.7500000000000107 0.7500000000000107 0.7500000000000107 0.7500000000000107 0.7500000000000107 0.7500000000000107 0.7500000000000107 0.28125000000000533 0.0 0.0 
0.8750000000000036 1.0 1.0 1.0 1.0 1.0 1.0 1.0 1.0 1.0 1.0 1.0 1.0 1.0 1.0 1.0 1.0 1.0 1.0 0.8750000000000036 
0.21874999999998845 0.7187499999999971 1.0 1.0 1.0 1.0 1.0 1.0 1.0 1.0 1.0 1.0 1.0 1.0 1.0 1.0 1.0 1.0 1.0 0.8750000000000036 
