0.0 0.0 0.0 0.031250000000000666 0.21875000000000056 0.25 0.5312500000000013 1.0 1.0 1.0 1.0 1.0 1.0 0.53125 0.25 0.21875000000000044 0.031250000000000444 0.0 0.0 0.0 
0.0 0.0 0.28125000000000244 0.7812500000000012 0.9687500000000007 1.0 1.0 1.0 1.0 1.0 1.0 1.0 1.0 1.0 1.0 0.9687500000000006 0.781250000000001 0.2812500000000016 0.0 0.0 
0.0 0.6250000000000032 1.0 1.0 1.0 1.0 0.9062499999999991 0.7499999999999987 0.7499999999999987 0.7499999999999987 0.7499999999999987 0.7499999999999987 0.7499999999999987 0.9062499999999996 1.0 1.0 1.0 1.0 0.6250000000000018 0.0 
0.6562500000000042 0.9062500000000014 1.0 1.0 1.0 0.5312499999999976 0.15624999999999845 0.0 0.0 0.0 0.0 0.0 0.0 0.1562499999999989 0.5312499999999976 1.0 1.0 1.0 0.9062500000000011 0.6562500000000042 
0.8750000000000036 1.0 1.0 0.8749999999999973 0.12499999999999778 0.0 0.0 0.0 0.0 0.0 0.0 0.0 0.0 0.0 0.0 0.12499999999999822 0.8749999999999982 1.0 1.0 0.8750000000000036 
0.8750000000000036 1.0 1.0 0.8749999999999973 0.12499999999999778 0.0 0.0 0.0 0.0 0.0 0.0 0.0 0.0 0.0 0.0 0.031249999999999112 0.21874999999999645 0.24999999999999645 0.24999999999999645 0.21874999999999778 
0.8750000000000036 1.0 1.0 0.8749999999999973 0.12499999999999778 0.0 0.0 0.0 0.0 0.0 0.0 0.0 0.0 0.0 0.0 0.0 0.0 0.0 0.0 0.0 
0.8750000000000036 1.0 1.0 0.8749999999999973 0.12499999999999778 0.0 0.0 0.0 0.0 0.0 0.0 0.0 0.0 0.0 0.0 0.0 0.0 0.0 0.0 0.0 
0.8750000000000036 1.0 1.0 0.8749999999999973 0.12499999999999778 0.0 0.0 0.0 0.0 0.0 0.0 0.0 0.0 0.15625000000000333 0.25000000000000533 0.2187500000000051 0.03125000000000111 0.0 0.0 0.0 
0.8750000000000036 1.0 1.0 0.8749999999999973 0.12499999999999778 0.0 0.0 0.0 0.0 0.0 0.281250000000002 0.7500000000000053 0.7500000000000053 0.906250000000002 1.0 0.9687500000000011 0.7812500000000051 0.7500000000000053 0.7500000000000053 0.6562500000000073 
0.8750000000000036 1.0 1.0 0.8749999999999973 0.12499999999999778 0.0 0.0 0.0 0.0 0.0 0.375 1.0 1.0 1.0 1.0 1.0 1.0 1.0 1.0 0.8750000000000036 
0.8750000000000036 1.0 1.0 0.8749999999999973 0.12499999999999778 0.0 0.0 0.0 0.0 0.0 0.09374999999999734 0.2499999999999929 0.2499999999999929 0.2499999999999929 0.2499999999999929 0.34374999999999245 0.9062499999999978 1.0 1.0 0.8750000000000036 
0.8750000000000036 1.0 1.0 0.8749999999999973 0.12499999999999778 0.0 0.0 0.0 0.0 0.0 0.0 0.0 0.0 0.0 0.0 0.12499999999999822 0.8749999999999982 1.0 1.0 0.8750000000000036 
0.8750000000000036 1.0 1.0 0.8749999999999973 0.12499999999999778 0.0 0.0 0.0 0.0 0.0 0.0 0.0 0.0 0.0 0.0 0.12499999999999822 0.8749999999999982 1.0 1.0 0.8750000000000036 
0.8750000000000036 1.0 1.0 0.8749999999999973 0.12499999999999778 0.0 0.0 0.0 0.0 0.0 0.0 0.0 0.0 0.0 0.0 0.12499999999999822 0.8749999999999982 1.0 1.0 0.8750000000000036 
0.8750000000000036 1.0 1.0 0.8749999999999973 0.12499999999999778 0.0 0.0 0.0 0.0 0.0 0.0 0.0 0.0 0.0 0.0 0.12499999999999822 0.8749999999999982 1.0 1.0 0.8750000000000036 
0.8750000000000036 1.0 1.0 1.0 1.0 0.3749999999999982 0.0 0.0 0.0 0.0 0.0 0.0 0.0 0.0 0.3749999999999982 1.0 1.0 1.0 1.0 0.8750000000000036 
0.21874999999999156 0.7187499999999984 1.0 1.0 1.0 0.8437500000000062 0.46875000000000533 0.0 0.0 0.0 0.0 0.0 0.0 0.46875000000000666 0.8437500000000062 1.0 1.0 1.0 0.7187499999999973 0.21874999999999156 
0.0 0.0 0.3750000000000029 1.0 1.0 1.0 1.0 1.0 1.0 1.0 1.0 1.0 1.0 1.0 1.0 1.0 1.0 0.8437499999999938 0.46874999999999467 0.0 
0.0 0.0 0.09374999999999539 0.2499999999999858 0.2499999999999858 0.718749999999996 1.0 1.0 1.0 1.0 1.0 1.0 1.0 1.0 1.0 0.9062499999999996 0.3437499999999889 0.09374999999999512 0.0 0.0 
