0.0 0.0 0.0 0.07500000000000029 0.25 0.25 0.7750000000000008 1.0 1.0 1.0 1.0 1.0 1.0 0.7749999999999995 0.25 0.25 0.07500000000000018 0.0 0.0 0.0 
0.0 0.0 0.3750000000000007 0.8250000000000002 1.0 1.0 1.0 1.0 1.0 1.0 1.0 1.0 1.0 1.0 1.0 1.0 0.8250000000000001 0.3749999999999999 0.0 0.0 
0.0 0.7000000000000013 1.0 1.0 1.0 1.0 0.8250000000000001 0.37499999999999956 0.0 0.0 0.0 0.0 0.3750000000000002 0.8250000000000005 1.0 1.0 1.0 0.6249999999999998 0.17499999999999952 0.0 
0.6750000000000002 0.925 1.0 1.0 0.9249999999999994 0.3250000000000002 0.075 0.0 0.0 0.0 0.0 0.0 0.0 0.07500000000000044 0.32500000000000184 0.924999999999999 1.0 1.0 0.6999999999999993 0.0 
0.9000000000000012 1.0 1.0 0.925 0.675 0.07499999999999948 0.0 0.0 0.0 0.0 0.0 0.0 0.0 0.0 0.10000000000000142 0.8999999999999986 1.0 1.0 1.0 0.8999999999999986 
0.9000000000000012 1.0 1.0 0.6999999999999988 0.0 0.0 0.0 0.0 0.0 0.0 0.0 0.0 0.0 0.0 0.025000000000000445 0.22500000000000045 0.2500000000000009 0.2500000000000009 0.2500000000000009 0.22500000000000045 
0.9000000000000012 1.0 1.0 0.6999999999999988 0.0 0.0 0.0 0.0 0.0 0.0 0.0 0.0 0.0 0.0 0.0 0.0 0.0 0.0 0.0 0.0 
0.9000000000000012 1.0 1.0 0.6999999999999988 0.0 0.0 0.0 0.0 0.0 0.0 0.0 0.0 0.0 0.0 0.0 0.0 0.0 0.0 0.0 0.0 
0.9000000000000012 1.0 1.0 0.7749999999999986 0.24999999999999822 0.24999999999999822 0.24999999999999822 0.24999999999999822 0.24999999999999822 0.24999999999999822 0.24999999999999822 0.24999999999999822 0.24999999999999822 0.17499999999999857 0.0 0.0 0.0 0.0 0.0 0.0 
0.9000000000000012 1.0 1.0 1.0 1.0 1.0 1.0 1.0 1.0 1.0 1.0 1.0 1.0 0.9249999999999993 0.7499999999999982 0.7499999999999982 0.225 0.0 0.0 0.0 
0.9000000000000012 1.0 1.0 1.0 1.0 1.0 0.825000000000001 0.7500000000000018 0.7500000000000018 0.7500000000000018 0.7500000000000018 0.7500000000000018 0.8750000000000009 1.0 1.0 1.0 1.0 0.6249999999999991 0.17499999999999857 0.0 
0.9000000000000012 1.0 1.0 1.0 0.9249999999999996 0.3250000000000026 0.0750000000000008 0.0 0.0 0.0 0.0 0.0 0.12500000000000178 0.25000000000000355 0.3250000000000043 0.9249999999999993 1.0 1.0 0.6999999999999993 0.0 
0.9000000000000012 1.0 1.0 0.9250000000000007 0.6750000000000025 0.07499999999999976 0.0 0.0 0.0 0.0 0.0 0.0 0.0 0.0 0.10000000000000142 0.8999999999999986 1.0 1.0 0.7749999999999984 0.22499999999999645 
0.9000000000000012 1.0 1.0 0.6999999999999988 0.0 0.0 0.0 0.0 0.0 0.0 0.0 0.0 0.0 0.0 0.10000000000000142 0.8999999999999986 1.0 1.0 1.0 0.8999999999999986 
0.9000000000000012 1.0 1.0 0.6999999999999988 0.0 0.0 0.0 0.0 0.0 0.0 0.0 0.0 0.0 0.0 0.10000000000000142 0.8999999999999986 1.0 1.0 1.0 0.8999999999999986 
0.9000000000000012 1.0 1.0 0.9249999999999987 0.674999999999996 0.07499999999999904 0.0 0.0 0.0 0.0 0.0 0.0 0.0 0.0 0.10000000000000142 0.8999999999999986 1.0 1.0 1.0 0.8999999999999986 
0.6750000000000042 0.9250000000000014 1.0 1.0 0.9249999999999989 0.3249999999999962 0.07499999999999866 0.0 0.0 0.0 0.0 0.0 0.0 0.07499999999999911 0.32499999999999785 0.9249999999999986 1.0 1.0 0.9250000000000009 0.6750000000000022 
0.0 0.7000000000000012 1.0 1.0 1.0 1.0 0.8249999999999973 0.37499999999999756 0.0 0.0 0.0 0.0 0.3749999999999982 0.8249999999999977 1.0 1.0 1.0 1.0 0.6999999999999993 0.0 
0.0 0.0 0.3750000000000026 0.8250000000000027 1.0 1.0 1.0 1.0 1.0 1.0 1.0 1.0 1.0 1.0 1.0 1.0 0.8250000000000026 0.3750000000000018 0.0 0.0 
0.0 0.0 0.0 0.07500000000000136 0.32500000000000395 0.9250000000000009 1.0 1.0 1.0 1.0 1.0 1.0 1.0 1.0 0.9249999999999993 0.3250000000000043 0.07500000000000125 0.0 0.0 0.0 
