0.0 0.0 0.06249999999999903 0.1374999999999979 0.21249999999999672 0.36249999999999594 0.5874999999999968 0.8124999999999974 1.0 1.0 1.0 1.0 1.0 1.0 1.0 0.850000000000005 0.5500000000000052 0.25000000000000533 0.0 0.0 
0.0 0.0 0.24999999999999967 0.5499999999999994 0.849999999999999 1.0 1.0 1.0 1.0 1.0 1.0 1.0 1.0 1.0 1.0 0.9625000000000008 0.8875 0.812499999999999 0.7125000000000011 0.48750000000000293 
0.6500000000000004 0.95 1.0 1.0 1.0 1.0 1.0 1.0 1.0 1.0 1.0 1.0 1.0 1.0 1.0 1.0 1.0 1.0 0.9500000000000055 0.6500000000000066 
0.6500000000000004 0.95 1.0 1.0 1.0 1.0 1.0 1.0 1.0 1.0 1.0 1.0 1.0 1.0 1.0 1.0 1.0 1.0 0.9500000000000055 0.6500000000000066 
0.0 0.0 0.1875000000000002 0.41250000000000053 0.6375000000000007 0.7875000000000012 0.8625000000000006 0.9374999999999999 1.0 1.0 1.0 1.0 1.0 1.0 1.0 0.850000000000005 0.5500000000000052 0.25000000000000533 0.0 0.0 
0.0 0.0 0.0 0.0 0.0 0.14999999999999858 0.4499999999999984 0.7499999999999978 1.0 1.0 1.0 1.0 1.0 1.0 1.0 0.850000000000005 0.5500000000000052 0.25000000000000533 0.0 0.0 
0.0 0.0 0.0 0.0 0.0 0.14999999999999858 0.4499999999999984 0.7499999999999978 1.0 1.0 1.0 1.0 1.0 1.0 1.0 0.850000000000005 0.5500000000000052 0.25000000000000533 0.0 0.0 
0.0 0.0 0.0 0.0 0.0 0.14999999999999858 0.4499999999999984 0.7499999999999978 1.0 1.0 1.0 1.0 1.0 1.0 1.0 0.850000000000005 0.5500000000000052 0.25000000000000533 0.0 0.0 
0.0 0.0 0.0 0.0 0.0 0.14999999999999858 0.4499999999999984 0.7499999999999978 1.0 1.0 1.0 1.0 1.0 1.0 1.0 0.850000000000005 0.5500000000000052 0.25000000000000533 0.0 0.0 
0.0 0.0 0.0 0.0 0.0 0.14999999999999858 0.4499999999999984 0.7499999999999978 1.0 1.0 1.0 1.0 1.0 1.0 1.0 0.850000000000005 0.5500000000000052 0.25000000000000533 0.0 0.0 
0.0 0.0 0.0 0.0 0.0 0.14999999999999858 0.4499999999999984 0.7499999999999978 1.0 1.0 1.0 1.0 1.0 1.0 1.0 0.8875000000000037 0.6625000000000039 0.437500000000004 0.23750000000000138 0.16250000000000164 
0.0 0.0 0.0 0.0 0.0 0.14999999999999858 0.4499999999999984 0.7499999999999978 1.0 1.0 1.0 1.0 1.0 1.0 1.0 0.8875000000000037 0.6625000000000039 0.437500000000004 0.23750000000000138 0.16250000000000164 
0.0 0.0 0.0 0.0 0.0 0.14999999999999858 0.4499999999999984 0.7499999999999978 1.0 1.0 1.0 1.0 1.0 1.0 1.0 0.850000000000005 0.5500000000000052 0.25000000000000533 0.0 0.0 
0.0 0.0 0.0 0.0 0.0 0.14999999999999858 0.4499999999999984 0.7499999999999978 1.0 1.0 1.0 1.0 1.0 1.0 1.0 0.9625000000000018 0.8875000000000028 0.812500000000004 0.7125000000000075 0.48750000000000726 
0.0 0.0 0.0 0.0 0.0 0.14999999999999858 0.4499999999999984 0.7499999999999978 1.0 1.0 1.0 1.0 1.0 1.0 1.0 0.850000000000005 0.5500000000000052 0.25000000000000533 0.0 0.0 
0.0 0.0 0.0 0.0 0.0 0.14999999999999858 0.4499999999999984 0.7499999999999978 1.0 1.0 1.0 1.0 1.0 1.0 1.0 0.850000000000005 0.5500000000000052 0.25000000000000533 0.0 0.0 
0.0 0.0 0.0 0.0 0.0 0.14999999999999858 0.4499999999999984 0.7499999999999978 1.0 1.0 1.0 1.0 1.0 1.0 1.0 0.8875000000000043 0.6625000000000054 0.43750000000000666 0.23750000000000476 0.16250000000000395 
0.0 0.0 0.0 0.0 0.0 0.14999999999999858 0.4499999999999984 0.7499999999999978 1.0 1.0 1.0 1.0 1.0 1.0 1.0 0.8875000000000032 0.6625000000000023 0.43750000000000133 0.237499999999998 0.16249999999999934 
0.0 0.0 0.0 0.0 0.0 0.14999999999999858 0.4499999999999984 0.7499999999999978 1.0 1.0 1.0 1.0 1.0 1.0 1.0 0.8875000000000043 0.6625000000000054 0.43750000000000666 0.23750000000000476 0.16250000000000395 
0.0 0.0 0.0 0.0 0.0 0.03749999999999911 0.112499999999998 0.18749999999999678 0.24999999999999645 0.24999999999999645 0.24999999999999645 0.24999999999999645 0.43749999999999467 0.6624999999999952 0.8874999999999958 0.8875000000000032 0.6625000000000023 0.43750000000000133 0.237499999999998 0.16249999999999934 
