0.0 0.0 0.0 0.0 0.0 0.0 0.0 0.5000000000000018 1.0 1.0 1.0 1.0 1.0 0.6999999999999957 0.0 0.0 0.0 0.0 0.0 0.0 
0.0 0.0 0.0 0.0 0.0 0.0 0.0 0.5000000000000018 1.0 1.0 1.0 1.0 1.0 0.6999999999999957 0.0 0.0 0.0 0.0 0.0 0.0 
0.0 0.0 0.0 0.0 0.0 0.0 0.4374999999999997 0.8125 1.0 1.0 1.0 1.0 1.0 0.6999999999999957 0.0 0.0 0.0 0.0 0.0 0.0 
0.0 0.0 0.0 0.0 0.0 0.0 0.7000000000000011 1.0 1.0 1.0 1.0 1.0 1.0 0.9624999999999992 0.7874999999999949 0.08749999999999494 0.0 0.0 0.0 0.0 
0.0 0.0 0.0 0.0 0.0 0.0 0.7000000000000011 1.0 1.0 1.0 1.0 1.0 1.0 1.0 0.899999999999995 0.09999999999999432 0.0 0.0 0.0 0.0 
0.0 0.0 0.0 0.0 0.03750000000000011 0.3374999999999997 0.8125000000000004 1.0 1.0 1.0 1.0 1.0 1.0 1.0 0.899999999999995 0.09999999999999432 0.0 0.0 0.0 0.0 
0.0 0.0 0.0 0.0 0.10000000000000053 0.9000000000000012 1.0 1.0 1.0 1.0 1.0 1.0 1.0 1.0 0.9624999999999981 0.6624999999999979 0.187499999999996 0.0 0.0 0.0 
0.0 0.0 0.0 0.0 0.10000000000000053 0.9000000000000012 1.0 1.0 1.0 1.0 1.0 1.0 1.0 1.0 1.0 1.0 0.2999999999999936 0.0 0.0 0.0 
0.0 0.0 0.0 0.03749999999999998 0.21250000000000047 0.9125000000000011 1.0 1.0 0.9624999999999997 0.7874999999999972 0.08749999999999658 0.7000000000000046 1.0 1.0 1.0 1.0 0.2999999999999936 0.0 0.0 0.0 
0.0 0.0 0.0 0.2999999999999998 1.0 1.0 1.0 1.0 0.6999999999999975 0.0 0.0 0.7000000000000046 1.0 1.0 1.0 1.0 0.2999999999999936 0.0 0.0 0.0 
0.0 0.0 0.0 0.2999999999999998 1.0 1.0 1.0 1.0 0.6999999999999975 0.0 0.0 0.26250000000000173 0.6875000000000022 1.0 1.0 1.0 0.2999999999999936 0.0 0.0 0.0 
0.0 0.0 0.0 0.2999999999999998 1.0 1.0 1.0 0.5624999999999984 0.08749999999999969 0.0 0.0 0.0 0.5000000000000036 1.0 1.0 1.0 0.9124999999999992 0.4374999999999938 0.0 0.0 
0.0 0.0 0.49999999999999956 1.0 1.0 1.0 1.0 0.4999999999999982 0.0 0.0 0.0 0.0 0.5000000000000036 1.0 1.0 1.0 1.0 0.4999999999999929 0.0 0.0 
0.0 0.0 0.49999999999999956 1.0 1.0 1.0 1.0 0.4999999999999982 0.0 0.0 0.0 0.0 0.5000000000000036 1.0 1.0 1.0 1.0 0.4999999999999929 0.0 0.0 
0.0 0.0 0.49999999999999956 1.0 1.0 1.0 1.0 0.4999999999999982 0.0 0.0 0.0 0.0 0.5000000000000036 1.0 1.0 1.0 1.0 0.8124999999999973 0.4374999999999951 0.0 
0.0 0.6124999999999992 0.9375 1.0 1.0 1.0 1.0 0.9374999999999998 0.875 0.875 0.875 0.875 0.9375000000000004 1.0 1.0 1.0 1.0 1.0 0.6999999999999922 0.0 
0.0 0.6999999999999991 1.0 1.0 1.0 1.0 1.0 1.0 1.0 1.0 1.0 1.0 1.0 1.0 1.0 1.0 1.0 1.0 0.6999999999999922 0.0 
0.33749999999999947 0.8124999999999994 1.0 1.0 0.9624999999999998 0.6624999999999995 0.625 0.625 0.625 0.625 0.625 0.625 0.625 0.625 0.6625000000000019 0.9625000000000021 1.0 1.0 0.6999999999999922 0.0 
0.8999999999999986 1.0 1.0 1.0 0.8999999999999995 0.09999999999999876 0.0 0.0 0.0 0.0 0.0 0.0 0.0 0.0 0.10000000000000497 0.9000000000000057 1.0 1.0 0.8874999999999971 0.5624999999999947 
0.8999999999999986 1.0 1.0 1.0 0.8999999999999995 0.09999999999999876 0.0 0.0 0.0 0.0 0.0 0.0 0.0 0.0 0.012500000000000622 0.11250000000000071 0.125 0.5625000000000062 0.7374999999999932 0.11249999999999893 
