0.0 0.6999999999999991 1.0 1.0 1.0 1.0 1.0 1.0 1.0 1.0 1.0 1.0 1.0 1.0 1.0 1.0 1.0 1.0 1.0 0.8999999999999915 
0.0 0.6999999999999991 1.0 1.0 1.0 1.0 1.0 1.0 1.0 1.0 1.0 1.0 1.0 1.0 1.0 1.0 1.0 1.0 1.0 0.8999999999999915 
0.0 0.6999999999999991 1.0 1.0 1.0 1.0 1.0 0.6874999999999996 0.37500000000000133 0.37500000000000133 0.37500000000000133 0.37500000000000133 0.37500000000000133 0.37500000000000133 0.37500000000000133 0.37500000000000133 0.37500000000000133 0.37500000000000133 0.37500000000000133 0.337499999999998 
0.0 0.6999999999999991 1.0 1.0 1.0 1.0 0.3874999999999997 0.06250000000000022 0.0 0.0 0.0 0.0 0.0 0.0 0.0 0.0 0.0 0.0 0.0 0.0 
0.0 0.6999999999999991 1.0 1.0 1.0 1.0 0.29999999999999893 0.0 0.0 0.0 0.0 0.0 0.0 0.0 0.0 0.0 0.0 0.0 0.0 0.0 
0.0 0.6999999999999991 1.0 1.0 1.0 1.0 0.29999999999999893 0.0 0.0 0.0 0.0 0.0 0.0 0.0 0.0 0.0 0.0 0.0 0.0 0.0 
0.0 0.6999999999999991 1.0 1.0 1.0 1.0 0.7374999999999996 0.625 0.625 0.625 0.625 0.625 0.625 0.625 0.625 0.625 0.187499999999996 0.0 0.0 0.0 
0.0 0.6999999999999991 1.0 1.0 1.0 1.0 1.0 1.0 1.0 1.0 1.0 1.0 1.0 1.0 1.0 1.0 0.9124999999999992 0.4374999999999938 0.0 0.0 
0.0 0.6999999999999991 1.0 1.0 1.0 1.0 1.0 0.9374999999999998 0.875 0.875 0.875 0.875 0.9375000000000004 1.0 1.0 1.0 1.0 1.0 0.7374999999999932 0.11249999999999893 
0.0 0.6999999999999991 1.0 1.0 1.0 1.0 0.7374999999999996 0.3124999999999989 0.0 0.0 0.0 0.0 0.3125000000000022 0.625 0.6625000000000019 0.9625000000000021 1.0 1.0 1.0 0.8999999999999915 
0.0 0.2624999999999996 0.375 0.375 0.375 0.375 0.1124999999999996 0.0 0.0 0.0 0.0 0.0 0.0 0.0 0.10000000000000497 0.9000000000000057 1.0 1.0 1.0 0.8999999999999915 
0.0 0.0 0.0 0.0 0.0 0.0 0.0 0.0 0.0 0.0 0.0 0.0 0.0 0.0 0.10000000000000497 0.9000000000000057 1.0 1.0 1.0 0.8999999999999915 
0.0 0.0 0.0 0.0 0.0 0.0 0.0 0.0 0.0 0.0 0.0 0.0 0.0 0.0 0.10000000000000497 0.9000000000000057 1.0 1.0 1.0 0.8999999999999915 
0.0 0.0 0.0 0.0 0.0 0.0 0.0 0.0 0.0 0.0 0.0 0.0 0.0 0.0 0.10000000000000497 0.9000000000000057 1.0 1.0 1.0 0.8999999999999915 
0.0 0.43749999999999944 0.625 0.625 0.5624999999999997 0.06249999999999922 0.0 0.0 0.0 0.0 0.0 0.0 0.0 0.0 0.10000000000000497 0.9000000000000057 1.0 1.0 1.0 0.8999999999999915 
0.7874999999999988 0.9624999999999999 1.0 1.0 0.8999999999999995 0.09999999999999876 0.0 0.0 0.0 0.0 0.0 0.0 0.0 0.0 0.10000000000000497 0.9000000000000057 1.0 1.0 0.7374999999999932 0.11249999999999893 
0.0 0.6999999999999991 1.0 1.0 1.0 1.0 0.29999999999999893 0.0 0.0 0.0 0.0 0.0 0.06250000000000044 0.38750000000000373 1.0 1.0 1.0 1.0 0.6999999999999922 0.0 
0.0 0.43749999999999944 0.8124999999999998 1.0 1.0 1.0 0.5624999999999993 0.375 0.375 0.375 0.375 0.375 0.6875000000000022 1.0 1.0 1.0 1.0 0.8124999999999973 0.4374999999999951 0.0 
0.0 0.0 0.49999999999999956 1.0 1.0 1.0 1.0 1.0 1.0 1.0 1.0 1.0 1.0 1.0 1.0 1.0 0.562499999999996 0.18749999999999734 0.0 0.0 
0.0 0.0 0.062499999999999944 0.125 0.21250000000000047 0.9125000000000011 1.0 1.0 1.0 1.0 1.0 1.0 1.0 0.7374999999999963 0.125 0.125 0.0374999999999992 0.0 0.0 0.0 
