0.0 0.0 0.0 0.018750000000000024 0.13124999999999903 0.14999999999999858 0.4687500000000014 1.0 1.0 1.0 1.0 0.8937499999999953 0.2562499999999942 0.14999999999999858 0.09374999999999804 0.0 0.0 0.0 0.0 0.0 
0.0 0.0 0.16874999999999996 0.5187499999999997 0.9312500000000008 1.0 1.0 1.0 1.0 1.0 1.0 1.0 1.0 1.0 0.7937499999999957 0.44999999999999885 0.44999999999999885 0.16874999999999638 0.0 0.0 
0.0 0.4687499999999998 0.8437499999999997 1.0 1.0 1.0 1.0 1.0 1.0 1.0 1.0 1.0 1.0 1.0 1.0 1.0 1.0 0.3749999999999929 0.0 0.0 
0.875 1.0 1.0 1.0 1.0 0.9687500000000006 0.5937499999999981 0.0 0.0 0.0 0.0 0.0 0.0 0.6250000000000053 1.0 1.0 1.0 1.0 0.6249999999999929 0.0 
0.875 1.0 1.0 1.0 1.0 0.3749999999999978 0.0 0.0 0.0 0.0 0.0 0.0 0.0 0.40625000000000366 0.7812500000000027 1.0 1.0 1.0 0.6249999999999929 0.0 
0.875 1.0 1.0 1.0 1.0 0.3749999999999978 0.0 0.0 0.0 0.0 0.0 0.0 0.0 0.0 0.3750000000000071 1.0 1.0 1.0 0.8687499999999977 0.5687499999999945 
0.875 1.0 1.0 1.0 1.0 0.3749999999999978 0.0 0.0 0.0 0.0 0.0 0.0 0.0 0.0 0.3750000000000071 1.0 1.0 1.0 0.6437499999999932 0.0437499999999994 
0.875 1.0 1.0 1.0 1.0 0.5312499999999983 0.15624999999999933 0.0 0.0 0.0 0.0 0.0 0.0 0.15625000000000133 0.5312500000000053 1.0 1.0 0.8437499999999982 0.46874999999999467 0.0 
0.3937499999999994 0.79375 1.0 1.0 1.0 1.0 0.831249999999999 0.5500000000000007 0.5500000000000007 0.5500000000000007 0.5500000000000007 0.5500000000000007 0.5500000000000007 0.8312500000000027 1.0 1.0 1.0 0.3749999999999929 0.0 0.0 
0.0 0.09374999999999918 0.4687499999999999 1.0 1.0 1.0 1.0 1.0 1.0 1.0 1.0 1.0 1.0 1.0 1.0 0.8937499999999938 0.2562499999999927 0.0562499999999984 0.0 0.0 
0.0 0.0937500000000014 0.15000000000000213 0.256250000000003 0.8937500000000018 1.0 1.0 1.0 1.0 0.9062499999999981 0.9062499999999993 1.0 1.0 1.0 1.0 0.8937499999999943 0.2562499999999958 0.05624999999999973 0.0 0.0 
0.39375000000000093 0.7937500000000006 1.0 1.0 1.0 1.0 0.8312499999999984 0.5499999999999989 0.5499999999999989 0.20624999999999766 0.20625000000000204 0.5499999999999989 0.5499999999999989 0.5499999999999989 0.7187500000000026 1.0 1.0 0.6562499999999968 0.28124999999999745 0.0 
0.875 1.0 1.0 1.0 1.0 0.5312499999999972 0.15624999999999822 0.0 0.0 0.0 0.0 0.0 0.0 0.0 0.3750000000000071 1.0 1.0 1.0 0.9062499999999989 0.6562499999999949 
0.875 1.0 1.0 0.8749999999999987 0.12499999999999822 0.0 0.0 0.0 0.0 0.0 0.0 0.0 0.0 0.0 0.3750000000000071 1.0 1.0 1.0 1.0 0.8749999999999911 
0.875 1.0 1.0 0.8749999999999987 0.12499999999999822 0.0 0.0 0.0 0.0 0.0 0.0 0.0 0.0 0.0 0.3750000000000071 1.0 1.0 1.0 1.0 0.8749999999999911 
0.875 1.0 1.0 0.9562499999999998 0.6937500000000012 0.24374999999999936 0.0 0.0 0.0 0.0 0.0 0.0 0.0 0.0 0.3750000000000071 1.0 1.0 1.0 1.0 0.8749999999999911 
0.875 1.0 1.0 1.0 1.0 0.3749999999999978 0.0 0.0 0.0 0.0 0.0 0.0 0.0 0.0 0.3750000000000071 1.0 1.0 1.0 1.0 0.8749999999999911 
0.0 0.6250000000000004 1.0 1.0 1.0 1.0 0.7187499999999993 0.25000000000000355 0.25000000000000355 0.25000000000000355 0.25000000000000355 0.3437500000000071 0.9062500000000044 1.0 1.0 1.0 1.0 0.843749999999996 0.46874999999999245 0.0 
0.0 0.28124999999999756 0.6562499999999978 1.0 1.0 1.0 1.0 1.0 1.0 1.0 1.0 1.0 1.0 1.0 1.0 0.9312499999999956 0.5187499999999924 0.1687499999999952 0.0 0.0 
0.0 0.0 0.05624999999999827 0.14999999999999503 0.14999999999999503 0.68125 1.0 1.0 1.0 1.0 1.0 1.0 1.0 0.46874999999999234 0.14999999999999503 0.1312499999999946 0.018749999999998313 0.0 0.0 0.0 
