0.0 0.0 0.0 0.0 0.0 0.0 0.0 0.0 0.0 0.0 0.0 0.034375000000000044 0.234375 0.9781249999999997 1.0 1.0 1.0 0.671875 0.09687500000000004 0.0 
0.0 0.0 0.0 0.0 0.0 0.0 0.0 0.0 0.0 0.0 0.0 0.27500000000000036 1.0 1.0 1.0 1.0 1.0 1.0 0.7750000000000004 0.0 
0.0 0.0 0.0 0.0 0.0 0.0 0.0 0.0 0.0 0.0 0.2656250000000003 0.7281249999999998 1.0 1.0 1.0 1.0 1.0 1.0 0.7750000000000004 0.0 
0.0 0.0 0.0 0.0 0.0 0.0 0.0 0.0 0.0 0.5031249999999996 0.9281249999999995 1.0 1.0 1.0 1.0 1.0 1.0 1.0 0.7750000000000004 0.0 
0.0 0.0 0.0 0.0 0.0 0.0 0.0 0.0 0.09062499999999943 0.6281249999999998 1.0 1.0 1.0 1.0 1.0 1.0 1.0 1.0 0.7750000000000004 0.0 
0.0 0.0 0.0 0.0 0.0 0.0 0.0 0.0 0.7250000000000005 1.0 1.0 1.0 1.0 1.0 1.0 1.0 1.0 1.0 0.7750000000000004 0.0 
0.0 0.0 0.0 0.0 0.0 0.0 0.0 0.0 0.7250000000000005 1.0 1.0 1.0 0.9218750000000002 0.39062500000000194 0.890625000000001 1.0 1.0 1.0 0.7750000000000004 0.0 
0.0 0.0 0.0 0.0 0.0 0.0 0.021875000000000266 0.7656249999999992 0.9656249999999996 1.0 1.0 0.7593750000000001 0.10937500000000155 0.0031250000000000886 0.8250000000000011 1.0 1.0 1.0 0.7750000000000004 0.0 
0.0 0.0 0.0 0.0 0.0 0.1750000000000007 1.0 1.0 1.0 1.0 0.9468750000000007 0.634375000000001 0.0 0.0 0.8250000000000011 1.0 1.0 1.0 0.7750000000000004 0.0 
0.0 0.0 0.0 0.0 0.12187499999999965 0.484374999999999 1.0 1.0 1.0 0.7843750000000009 0.35937500000000056 0.0 0.0 0.0 0.8250000000000011 1.0 1.0 1.0 0.7750000000000004 0.0 
0.0 0.0 0.0 0.0 0.3250000000000006 1.0 1.0 1.0 1.0 0.4249999999999998 0.0 0.0 0.0 0.0 0.8250000000000011 1.0 1.0 1.0 0.7750000000000004 0.0 
0.0 0.0 0.0 0.41562499999999963 0.9156249999999989 1.0 1.0 1.0 0.3656250000000008 0.053125000000000734 0.0 0.0 0.0 0.0 0.8250000000000011 1.0 1.0 1.0 0.7750000000000004 0.0 
0.0 0.0 0.6250000000000007 1.0 1.0 1.0 0.9968750000000001 0.890625000000003 0.2406250000000005 0.0 0.0 0.0 0.0 0.0 0.8250000000000011 1.0 1.0 1.0 0.7750000000000004 0.0 
0.0 0.2906249999999975 0.7656249999999991 1.0 1.0 1.0 0.9749999999999996 0.12499999999999911 0.0 0.0 0.0 0.0 0.0 0.0 0.8250000000000011 1.0 1.0 1.0 0.7750000000000004 0.0 
0.0 0.7750000000000007 1.0 1.0 1.0 1.0 0.9906249999999998 0.6718749999999966 0.1718749999999987 0.35937499999999806 0.6249999999999964 0.6249999999999964 0.6249999999999964 0.6249999999999964 0.9343749999999997 1.0 1.0 1.0 0.9156249999999994 0.5781249999999971 
0.0 0.7750000000000007 1.0 1.0 1.0 1.0 1.0 1.0 0.9093749999999974 0.9468749999999985 1.0 1.0 1.0 1.0 1.0 1.0 1.0 1.0 1.0 0.9250000000000007 
0.809375000000004 0.9718750000000009 1.0 1.0 1.0 1.0 0.9968750000000001 0.890625000000003 0.8750000000000036 0.8750000000000036 0.8750000000000036 0.8750000000000036 0.8906250000000031 0.9968750000000001 1.0 1.0 1.0 1.0 0.9718750000000008 0.809375000000004 
0.0 0.48437500000000316 0.6250000000000036 0.6250000000000036 0.6250000000000036 0.6250000000000036 0.6093750000000032 0.07812499999999989 0.0 0.0 0.0 0.0 0.07812500000000044 0.6093750000000032 0.9343750000000011 1.0 1.0 1.0 0.7750000000000004 0.0 
0.0 0.0 0.0 0.0 0.0 0.0 0.0 0.0 0.0 0.0 0.0 0.0 0.0 0.0 0.8250000000000011 1.0 1.0 1.0 0.7750000000000004 0.0 
0.0 0.0 0.0 0.0 0.0 0.0 0.0 0.0 0.0 0.0 0.0 0.0 0.0 0.0 0.8250000000000011 1.0 1.0 1.0 0.7750000000000004 0.0 
