0.8750000000000018 1.0 1.0 0.8968749999999985 0.2781249999999964 0.690625 1.0 1.0 1.0 1.0 1.0 1.0 1.0 1.0 1.0 0.8968749999999996 0.2781249999999975 0.06562499999999893 0.0 0.0 
0.8750000000000018 1.0 1.0 1.0 1.0 1.0 1.0 1.0 1.0 1.0 1.0 1.0 1.0 1.0 1.0 1.0 1.0 0.375 0.0 0.0 
0.10937500000000139 0.12500000000000133 0.12500000000000133 0.12500000000000133 0.12500000000000133 0.12500000000000133 0.12500000000000133 0.12500000000000133 0.12500000000000133 0.6718750000000012 0.6718749999999998 0.23437500000000117 0.8906250000000002 1.0 1.0 1.0 1.0 0.375 0.0 0.0 
0.0 0.0 0.0 0.0 0.0 0.0 0.0 0.0 0.0 0.0 0.0 0.125 0.875 1.0 1.0 0.971875 0.8031250000000003 0.29062500000000013 0.0 0.0 
0.0 0.0 0.0 0.0 0.0 0.0 0.0 0.0 0.0 0.0 0.21562500000000057 0.6281250000000002 0.946875 1.0 1.0 0.875 0.125 0.0 0.0 0.0 
0.0 0.0 0.0 0.0 0.0 0.0 0.0 0.0 0.0 0.0 0.3750000000000009 1.0 1.0 1.0 0.6531249999999997 0.06562499999999938 0.009374999999999911 0.0 0.0 0.0 
0.0 0.0 0.0 0.0 0.0 0.0 0.0 0.0 0.0 0.17187500000000158 0.546875000000002 1.0 1.0 1.0 0.625 0.0 0.0 0.0 0.0 0.0 
0.0 0.0 0.0 0.0 0.0 0.0 0.0 0.0 0.0 0.6250000000000009 1.0 1.0 1.0 0.6093749999999989 0.2343749999999989 0.0 0.0 0.0 0.0 0.0 
0.0 0.0 0.0 0.0 0.0 0.0 0.0 0.12187500000000126 0.8531250000000037 0.9906250000000012 1.0 1.0 1.0 0.375 0.0 0.0 0.0 0.0 0.0 0.0 
0.0 0.0 0.0 0.0 0.0 0.0 0.12187500000000202 0.40937500000000465 0.9156250000000011 1.0 1.0 0.875 0.125 0.0 0.0 0.0 0.0 0.0 0.0 0.0 
0.0 0.0 0.0 0.0 0.0 0.0 0.3750000000000009 1.0 1.0 1.0 0.7468749999999977 0.28437499999999627 0.04062499999999947 0.0 0.0 0.0 0.0 0.0 0.0 0.0 
0.0 0.0 0.0 0.0 0.0 0.6250000000000013 1.0 1.0 1.0 0.9843749999999964 0.6093749999999956 0.0 0.0 0.0 0.0 0.0 0.0 0.0 0.0 0.0 
0.0 0.0 0.0 0.0 0.0 0.6250000000000013 1.0 1.0 1.0 0.3749999999999991 0.0 0.0 0.0 0.0 0.0 0.0 0.0 0.0 0.0 0.0 
0.0 0.0 0.0 0.09062500000000204 0.6343750000000085 0.8968750000000035 1.0 1.0 1.0 0.3749999999999991 0.0 0.0 0.0 0.0 0.0 0.0 0.0 0.0 0.0 0.0 
0.0 0.0 0.028125000000002516 0.19062500000000682 0.884375000000002 1.0 1.0 0.8749999999999991 0.12499999999999911 0.0 0.0 0.0 0.0 0.0 0.0 0.0 0.0 0.0 0.0 0.0 
0.0 0.0 0.37500000000000155 1.0 1.0 1.0 0.8406249999999966 0.5031249999999926 0.07187499999999851 0.0 0.0 0.0 0.0 0.0 0.0 0.0 0.0 0.0 0.0 0.0 
0.0 0.0 0.37500000000000155 1.0 1.0 1.0 0.6249999999999991 0.0 0.0 0.0 0.0 0.0 0.0 0.0 0.0 0.0 0.0 0.0 0.0 0.0 
0.0 0.6250000000000017 1.0 1.0 1.0 1.0 1.0 0.8906250000000006 0.23437500000000855 0.12500000000001066 0.12500000000001066 0.12500000000001066 0.12500000000001066 0.12500000000001066 0.12500000000001066 0.12500000000001066 0.12500000000001066 0.12500000000001066 0.12500000000001066 0.10937500000000933 
0.0 0.6250000000000017 1.0 1.0 1.0 1.0 1.0 1.0 1.0 1.0 1.0 1.0 1.0 1.0 1.0 1.0 1.0 1.0 1.0 0.875 
0.0 0.10937499999999407 0.17499999999999005 0.17499999999999005 0.17499999999999005 0.17499999999999005 0.17499999999999005 0.17499999999999005 0.17499999999999005 0.17499999999999005 0.17499999999999005 0.17499999999999005 0.17499999999999005 0.17499999999999005 0.17499999999999005 0.17499999999999005 0.17499999999999005 0.6906249999999963 0.6906249999999963 0.1531249999999913 
