0.0 0.0 0.0 0.021874999999999877 0.15312499999999774 0.17499999999999716 0.17499999999999716 0.17499999999999716 0.17499999999999716 0.6906249999999997 1.0 0.8968749999999996 0.2781249999999975 0.06562499999999893 0.0 0.0 0.0 0.0 0.0 0.0 
0.0 0.0 0.19687500000000002 0.5843749999999988 0.9406250000000004 1.0 1.0 1.0 1.0 1.0 1.0 1.0 1.0 0.7031249999999987 0.5249999999999979 0.4593749999999982 0.06562499999999974 0.0 0.0 0.0 
0.0 0.5468750000000007 0.9218749999999993 1.0 1.0 1.0 1.0 0.8906249999999994 0.2343750000000004 0.12500000000000133 0.4531250000000016 1.0 1.0 1.0 1.0 0.875 0.125 0.0 0.0 0.0 
0.19687500000000008 0.7093750000000012 1.0 1.0 1.0 0.8593749999999999 0.48437499999999956 0.0 0.0 0.0 0.0 0.0 0.0 0.625 1.0 1.0 1.0 0.5156249999999998 0.14062499999999978 0.0 
0.8750000000000018 1.0 1.0 0.9281249999999992 0.49687499999999907 0.15937499999999938 0.0 0.0 0.0 0.0 0.0 0.0 0.0 0.2656249999999999 0.6406249999999999 1.0 1.0 1.0 0.625 0.0 
0.8750000000000018 1.0 1.0 0.8749999999999987 0.12499999999999867 0.0 0.0 0.0 0.0 0.0 0.0 0.0 0.0 0.0 0.375 1.0 1.0 1.0 0.625 0.0 
0.8750000000000018 1.0 1.0 0.8749999999999987 0.12499999999999867 0.0 0.0 0.0 0.0 0.0 0.0 0.0 0.0 0.0 0.0 0.0 0.0 0.0 0.0 0.0 
0.8750000000000018 1.0 1.0 0.8749999999999987 0.12499999999999867 0.0 0.0 0.0 0.0 0.0 0.0 0.0 0.0 0.0 0.0 0.0 0.0 0.0 0.0 0.0 
0.021874999999997247 0.6343750000000005 1.0 0.9968750000000004 0.9781250000000028 0.3656249999999999 0.0 0.0 0.0 0.0 0.0 0.0 0.0 0.0 0.0 0.0 0.0 0.0 0.0 0.0 
0.0 0.6250000000000017 1.0 1.0 1.0 0.37499999999999867 0.0 0.0 0.0 0.20312500000000316 0.3250000000000046 0.3250000000000046 0.3250000000000046 0.3250000000000046 0.3250000000000046 0.3250000000000046 0.3250000000000046 0.3250000000000046 0.2031250000000029 0.0 
0.0 0.6250000000000017 1.0 1.0 1.0 0.37499999999999867 0.0 0.0 0.0 0.2031249999999976 0.578124999999998 1.0 1.0 1.0 1.0 1.0 1.0 1.0 0.625 0.0 
0.0 0.6250000000000017 1.0 1.0 1.0 0.37499999999999867 0.0 0.0 0.0 0.0 0.0 0.0 0.0 0.0 0.375 1.0 1.0 1.0 0.625 0.0 
0.0 0.6250000000000017 1.0 1.0 1.0 0.37499999999999867 0.0 0.0 0.0 0.0 0.0 0.0 0.0 0.0 0.375 1.0 1.0 1.0 0.625 0.0 
0.0 0.6250000000000017 1.0 1.0 1.0 0.37499999999999867 0.0 0.0 0.0 0.0 0.0 0.0 0.0 0.0 0.1031249999999968 0.36562499999999254 0.9093749999999989 1.0 0.8968750000000032 0.6343750000000075 
0.0 0.6250000000000017 1.0 1.0 1.0 0.37499999999999867 0.0 0.0 0.0 0.0 0.0 0.0 0.0 0.0 0.0 0.125 0.875 1.0 1.0 0.875 
0.0 0.6250000000000017 1.0 1.0 1.0 0.37499999999999867 0.0 0.0 0.0 0.0 0.0 0.0 0.0 0.0 0.0 0.125 0.875 1.0 1.0 0.875 
0.0 0.1406249999999946 0.5156249999999954 1.0 1.0 0.8593750000000054 0.4843750000000051 0.0 0.0 0.0 0.0 0.0 0.0 0.0 0.29062500000000346 0.8031250000000081 0.9718750000000012 1.0 0.7093749999999965 0.19687499999999192 
0.0 0.0 0.32812499999999734 0.8906249999999909 0.9843749999999989 1.0 1.0 0.8906250000000006 0.23437500000000855 0.12500000000001066 0.12500000000001066 0.12500000000001066 0.12500000000001066 0.671875000000004 1.0 1.0 1.0 0.9218749999999933 0.5468749999999933 0.0 
0.0 0.0 0.0 0.06562499999999918 0.45937499999999015 0.8218749999999961 1.0 1.0 1.0 1.0 1.0 1.0 1.0 1.0 1.0 1.0 1.0 0.375 0.0 0.0 
0.0 0.0 0.0 0.0 0.0 0.10937499999999402 0.17499999999999005 0.278124999999992 0.8968749999999995 1.0 1.0 1.0 1.0 1.0 0.6906249999999963 0.17499999999999005 0.17499999999999005 0.06562499999999627 0.0 0.0 
