1.0 1.0 1.0 1.0 1.0 0.7250000000000005 0.0 0.0 0.0 0.0 0.0 0.5750000000000028 1.0 1.0 1.0 1.0 1.0 0.1249999999999929 0.0 0.0 
0.12249999999999187 1.0 1.0 1.0 1.0 0.7250000000000005 0.0 0.0 0.0 0.0 0.4725000000000043 0.9575000000000022 1.0 1.0 1.0 1.0 1.0 0.1249999999999929 0.0 0.0 
0.024999999999995914 1.0 1.0 1.0 1.0 0.7250000000000005 0.0 0.0 0.0 0.23750000000000304 0.7625000000000034 1.0 1.0 1.0 1.0 0.6124999999999934 0.08749999999999594 0.0 0.0 0.0 
0.024999999999995914 1.0 1.0 1.0 1.0 0.7250000000000005 0.0 0.0 0.4250000000000007 1.0 1.0 1.0 1.0 1.0 0.9274999999999959 0.20249999999999377 0.0 0.0 0.0 0.0 
0.024999999999995914 1.0 1.0 1.0 1.0 0.7250000000000005 0.0 0.2625000000000027 0.8275000000000033 1.0 1.0 1.0 1.0 1.0 0.274999999999995 0.0 0.0 0.0 0.0 0.0 
0.024999999999995914 1.0 1.0 1.0 1.0 0.807500000000002 0.30000000000000604 0.5625000000000044 1.0 1.0 1.0 1.0 0.8124999999999951 0.22749999999999504 0.0 0.0 0.0 0.0 0.0 0.0 
0.024999999999995914 1.0 1.0 1.0 1.0 1.0 1.0 1.0 1.0 1.0 1.0 1.0 0.37499999999999645 0.0 0.0 0.0 0.0 0.0 0.0 0.0 
0.024999999999995914 1.0 1.0 1.0 1.0 1.0 1.0 1.0 1.0 1.0 1.0 0.42499999999999716 0.0 0.0 0.0 0.0 0.0 0.0 0.0 0.0 
0.0 0.07499999999999662 1.0 1.0 1.0 1.0 1.0 1.0 1.0 1.0 0.47499999999999787 0.0 0.0 0.0 0.0 0.0 0.0 0.0 0.0 0.0 
0.0 0.07499999999999662 1.0 1.0 1.0 1.0 1.0 1.0 1.0 1.0 0.8425000000000027 0.2975000000000007 0.0 0.0 0.0 0.0 0.0 0.0 0.0 0.0 
0.0 0.07499999999999662 1.0 1.0 1.0 1.0 1.0 1.0 1.0 1.0 1.0 1.0 0.37499999999999645 0.0 0.0 0.0 0.0 0.0 0.0 0.0 
0.0 0.07499999999999662 1.0 1.0 1.0 1.0 1.0 1.0 1.0 1.0 1.0 1.0 0.9375000000000054 0.29249999999999915 0.0 0.0 0.0 0.0 0.0 0.0 
0.0 0.07499999999999662 1.0 1.0 1.0 1.0 1.0 0.6249999999999991 0.4250000000000007 1.0 1.0 1.0 1.0 0.6625000000000026 0.13749999999999946 0.0 0.0 0.0 0.0 0.0 
0.0 0.06749999999999633 0.9124999999999923 1.0 1.0 1.0 1.0 0.6249999999999991 0.0 0.4274999999999972 0.9524999999999961 1.0 1.0 1.0 1.0 0.22499999999999432 0.0 0.0 0.0 0.0 
0.0 0.0 0.12499999999999734 1.0 1.0 1.0 1.0 0.6249999999999991 0.0 0.0 0.5250000000000021 1.0 1.0 1.0 1.0 0.7675000000000061 0.12249999999999726 0.0 0.0 0.0 
0.0 0.0 0.12499999999999734 1.0 1.0 1.0 1.0 0.6249999999999991 0.0 0.0 0.0 0.5750000000000028 1.0 1.0 1.0 1.0 1.0 0.1249999999999929 0.0 0.0 
0.0 0.0 0.12499999999999734 1.0 1.0 1.0 1.0 0.6249999999999991 0.0 0.0 0.0 0.05749999999999497 0.6624999999999998 1.0 1.0 1.0 1.0 0.9125000000000074 0.06749999999999366 0.0 
0.0 0.0 0.12499999999999734 1.0 1.0 1.0 1.0 0.6249999999999991 0.0 0.0 0.0 0.0 0.3124999999999951 0.8374999999999987 1.0 1.0 1.0 1.0 0.537500000000006 0.012499999999996004 
0.0 0.0 0.12499999999999734 1.0 1.0 1.0 1.0 0.6625000000000024 0.05750000000000483 0.0 0.0 0.0 0.0 0.607499999999998 0.9724999999999981 1.0 1.0 1.0 1.0 1.0 
0.0 0.0 0.12499999999999734 1.0 1.0 1.0 1.0 0.7374999999999956 0.17249999999999407 0.0 0.0 0.0 0.0 0.0 0.21749999999999428 0.8425000000000017 1.0 1.0 1.0 1.0 
