0.0 0.0 0.06562499999999921 0.17499999999999716 0.17499999999999716 0.690625 1.0 1.0 1.0 1.0 1.0 1.0 1.0 1.0 0.6906249999999989 0.1531249999999975 0.021874999999999645 0.0 0.0 0.0 
0.0 0.32812499999999956 0.7031249999999994 1.0 1.0 1.0 1.0 1.0 1.0 1.0 1.0 1.0 1.0 1.0 1.0 0.9406249999999997 0.5843749999999982 0.19687499999999922 0.0 0.0 
0.0 0.6250000000000017 1.0 1.0 1.0 1.0 0.6718749999999998 0.12500000000000133 0.12500000000000133 0.12500000000000133 0.12500000000000133 0.12500000000000133 0.12500000000000133 0.6718750000000004 1.0 1.0 1.0 0.9218749999999991 0.5468749999999991 0.0 
0.8750000000000018 1.0 1.0 1.0 1.0 0.37499999999999867 0.0 0.0 0.0 0.0 0.0 0.0 0.0 0.4843750000000002 0.8593750000000002 1.0 1.0 1.0 0.625 0.0 
0.8750000000000018 1.0 1.0 1.0 1.0 0.37499999999999867 0.0 0.0 0.0 0.0 0.0 0.0 0.0 0.0 0.15937499999999993 0.49687499999999984 0.928125 1.0 0.8406250000000001 0.5031250000000002 
0.8750000000000018 1.0 1.0 1.0 1.0 0.37499999999999867 0.0 0.0 0.0 0.0 0.0 0.0 0.0 0.0 0.0 0.125 0.875 1.0 1.0 0.875 
0.6343749999999995 0.8968749999999996 1.0 1.0 1.0 0.37499999999999867 0.0 0.0 0.0 0.0 0.0 0.0 0.0 0.0 0.0 0.125 0.875 1.0 1.0 0.875 
0.0 0.6250000000000017 1.0 1.0 1.0 0.37499999999999867 0.0 0.0 0.0 0.0 0.0 0.0 0.0 0.0 0.23437500000000067 0.6718750000000016 0.9531250000000002 1.0 1.0 0.875 
0.0 0.6250000000000017 1.0 1.0 1.0 0.984375000000002 0.6093750000000011 0.0 0.0 0.0 0.0 0.0 0.0 0.0 0.375 1.0 1.0 1.0 1.0 0.875 
0.0 0.0 0.37500000000000155 1.0 1.0 1.0 1.0 0.915625 0.40937500000000343 0.3250000000000046 0.3250000000000046 0.3250000000000046 0.3250000000000046 0.7468750000000017 1.0 1.0 1.0 1.0 1.0 0.875 
0.0 0.0 0.1218749999999989 0.32499999999999574 0.32499999999999574 0.7468749999999993 1.0 1.0 1.0 1.0 1.0 1.0 1.0 1.0 1.0 1.0 1.0 1.0 1.0 0.875 
0.0 0.0 0.0 0.0 0.0 0.0 0.0 0.0 0.0 0.0 0.0 0.0 0.0 0.0 0.0 0.125 0.875 1.0 1.0 0.875 
0.0 0.0 0.0 0.0 0.0 0.0 0.0 0.0 0.0 0.0 0.0 0.0 0.0 0.0 0.0 0.125 0.875 1.0 1.0 0.875 
0.0 0.0 0.0 0.0 0.0 0.0 0.0 0.0 0.0 0.0 0.0 0.0 0.0 0.0 0.0 0.125 0.875 1.0 1.0 0.875 
0.0 0.6250000000000017 1.0 1.0 1.0 0.37499999999999867 0.0 0.0 0.0 0.0 0.0 0.0 0.0 0.0 0.0 0.125 0.875 1.0 1.0 0.875 
0.0 0.6250000000000017 1.0 1.0 1.0 0.37499999999999867 0.0 0.0 0.0 0.0 0.0 0.0 0.0 0.0 0.0 0.125 0.875 1.0 1.0 0.875 
0.0 0.1406249999999946 0.5156249999999954 1.0 1.0 0.8593750000000054 0.4843750000000051 0.0 0.0 0.0 0.0 0.0 0.0 0.0 0.0 0.125 0.875 1.0 1.0 0.875 
0.0 0.0 0.32812499999999734 0.8906249999999909 0.9843749999999989 1.0 1.0 0.8906250000000006 0.23437500000000855 0.12500000000001066 0.12500000000001066 0.12500000000001066 0.12500000000001066 0.12500000000001066 0.45312500000000666 1.0 1.0 1.0 0.625 0.0 
0.0 0.0 0.0 0.06562499999999918 0.45937499999999015 0.8218749999999961 1.0 1.0 1.0 1.0 1.0 1.0 1.0 1.0 1.0 1.0 1.0 0.7031249999999925 0.32812499999999245 0.0 
0.0 0.0 0.0 0.0 0.0 0.10937499999999402 0.17499999999999005 0.278124999999992 0.8968749999999995 1.0 1.0 1.0 1.0 1.0 0.6906249999999963 0.17499999999999005 0.17499999999999005 0.06562499999999627 0.0 0.0 
