0.0 0.0 0.043749999999999484 0.16624999999999748 0.7112499999999997 1.0 1.0 1.0 1.0 1.0 1.0 1.0 0.7937499999999993 0.2162499999999979 0.17499999999999716 0.11374999999999821 0.0 0.0 0.0 0.0 
0.0 0.2887499999999992 0.6437499999999985 0.9762500000000004 1.0 1.0 1.0 1.0 1.0 1.0 1.0 1.0 1.0 1.0 1.0 0.8337499999999992 0.4987499999999979 0.13125000000000026 0.0 0.0 
0.743749999999999 0.943749999999999 1.0 1.0 1.0 1.0 0.9562499999999995 0.343750000000002 0.12500000000000266 0.12500000000000266 0.12500000000000266 0.12500000000000266 0.343750000000002 0.9562499999999995 1.0 1.0 0.99375 0.9062499999999982 0.4812499999999992 0.0 
0.8500000000000014 1.0 1.0 1.0 0.8537500000000012 0.5037500000000009 0.0 0.0 0.0 0.0 0.0 0.0 0.19375000000000053 0.7362500000000015 0.9212500000000005 1.0 1.0 1.0 0.6512499999999997 0.1912499999999985 
0.8500000000000014 1.0 1.0 1.0 0.3499999999999992 0.0 0.0 0.0 0.0 0.0 0.0 0.0 0.0 0.0 0.276250000000001 0.6262500000000014 1.0 1.0 1.0 0.8500000000000014 
0.8500000000000014 1.0 1.0 1.0 0.3499999999999992 0.0 0.0 0.0 0.0 0.0 0.0 0.0 0.0 0.0 0.0 0.026250000000000967 0.07500000000000284 0.07500000000000284 0.07500000000000284 0.06375000000000253 
0.8500000000000014 1.0 1.0 1.0 0.3499999999999992 0.0 0.0 0.0 0.0 0.0 0.0 0.0 0.0 0.0 0.0 0.0 0.0 0.0 0.0 0.0 
0.8500000000000014 1.0 1.0 1.0 0.3499999999999992 0.0 0.0 0.0 0.0 0.0 0.0 0.0 0.0 0.0 0.0 0.0 0.0 0.0 0.0 0.0 
0.8500000000000014 1.0 1.0 1.0 0.3499999999999992 0.0 0.0 0.0 0.0 0.0 0.0 0.0 0.0 0.0 0.0 0.0 0.0 0.0 0.0 0.0 
0.8500000000000014 1.0 1.0 1.0 1.0 1.0 1.0 1.0 1.0 1.0 1.0 1.0 1.0 1.0 1.0 0.7637499999999994 0.30874999999999797 0.08124999999999996 0.0 0.0 
0.8500000000000014 1.0 1.0 1.0 1.0 1.0 1.0 1.0 0.6962500000000011 0.32500000000000284 0.32500000000000284 0.6962500000000011 1.0 1.0 1.0 1.0 0.9837500000000001 0.7562499999999984 0.3712499999999989 0.0 
0.8500000000000014 1.0 1.0 1.0 0.9837500000000009 0.6337500000000004 0.0 0.0 0.0 0.0 0.0 0.0 0.0 0.0 0.6337499999999996 0.9837500000000009 1.0 1.0 0.56125 0.02124999999999883 
0.8500000000000014 1.0 1.0 1.0 0.3499999999999992 0.0 0.0 0.0 0.0 0.0 0.0 0.0 0.0 0.0 0.0 0.34999999999999964 1.0 1.0 1.0 0.8500000000000014 
0.8500000000000014 1.0 1.0 1.0 0.3499999999999992 0.0 0.0 0.0 0.0 0.0 0.0 0.0 0.0 0.0 0.0 0.34999999999999964 1.0 1.0 1.0 0.8500000000000014 
0.8500000000000014 1.0 1.0 1.0 0.3499999999999992 0.0 0.0 0.0 0.0 0.0 0.0 0.0 0.0 0.0 0.0 0.34999999999999964 1.0 1.0 1.0 0.8500000000000014 
0.8500000000000014 1.0 1.0 1.0 0.3499999999999992 0.0 0.0 0.0 0.0 0.0 0.0 0.0 0.0 0.0 0.0 0.34999999999999964 1.0 1.0 1.0 0.8500000000000014 
0.19125000000000153 0.6512500000000017 1.0 1.0 0.8537499999999989 0.5037499999999987 0.0 0.0 0.0 0.0 0.0 0.0 0.0 0.0 0.0 0.34999999999999964 1.0 1.0 1.0 0.8500000000000014 
0.0 0.4812500000000011 0.9062500000000001 0.9937500000000001 1.0 1.0 0.9562499999999994 0.34375 0.125 0.10624999999999996 0.018750000000000044 0.06874999999999998 0.125 0.125 0.6937499999999988 1.0 1.0 1.0 0.9437500000000001 0.7437500000000012 
0.0 0.0 0.13125000000000112 0.4987500000000026 0.8337500000000011 1.0 1.0 1.0 1.0 0.9212499999999995 0.5537499999999984 0.7637499999999989 1.0 1.0 1.0 1.0 1.0 1.0 0.5500000000000007 0.0 
0.0 0.0 0.0 0.0 0.1137500000000006 0.4637500000000009 1.0 1.0 1.0 1.0 1.0 1.0 1.0 1.0 1.0 0.7112500000000005 0.1750000000000007 0.1750000000000007 0.09625000000000052 0.0 
