0.0 0.012500000000000094 0.03750000000000046 0.05000000000000071 0.05000000000000071 0.28749999999999926 0.7624999999999993 1.0 1.0 1.0 1.0 1.0 1.0 0.7625000000000002 0.28750000000000053 0.03750000000000053 0.012500000000000178 0.0 0.0 0.0 
0.0 0.21249999999999833 0.637499999999998 0.849999999999999 0.849999999999999 0.849999999999999 0.849999999999999 0.849999999999999 0.849999999999999 0.849999999999999 0.849999999999999 0.849999999999999 0.849999999999999 0.8874999999999993 0.9624999999999997 0.7875000000000003 0.36250000000000077 0.11250000000000077 0.037500000000000255 0.0 
0.0 0.0 0.0 0.0 0.0 0.0 0.0 0.0 0.0 0.0 0.0 0.0 0.0 0.25 0.75 1.0 1.0 0.75 0.25 0.0 
0.0 0.0 0.0 0.0 0.0 0.0 0.0 0.0 0.0 0.0 0.0 0.0 0.0 0.25 0.75 1.0 1.0 0.75 0.25 0.0 
0.0 0.0 0.0 0.0 0.0 0.0 0.0 0.0 0.0 0.0 0.0 0.0 0.0 0.25 0.75 1.0 1.0 0.75 0.25 0.0 
0.0 0.0 0.0 0.0 0.0 0.0 0.0 0.0 0.0 0.0 0.0 0.0 0.0 0.25 0.75 0.8624999999999994 0.5874999999999981 0.33749999999999813 0.11249999999999938 0.0 
0.0 0.0 0.0 0.0 0.0 0.0 0.0 0.0 0.0 0.0 0.0 0.16249999999999995 0.4875000000000016 0.5750000000000011 0.42499999999999893 0.2624999999999984 0.08749999999999947 0.0 0.0 0.0 
0.0 0.0 0.0 0.0 0.0 0.0 0.0 0.1875 0.5625000000000013 0.7500000000000027 0.7500000000000027 0.8125000000000018 0.9375000000000007 0.75 0.25 0.0 0.0 0.0 0.0 0.0 
0.0 0.0 0.0 0.0 0.0 0.21249999999999966 0.6375000000000016 0.8875000000000023 0.9625000000000007 1.0 1.0 1.0 1.0 0.75 0.25 0.0 0.0 0.0 0.0 0.0 
0.0 0.0 0.0 0.0 0.0 0.012499999999999224 0.03749999999999783 0.28749999999999704 0.7624999999999984 1.0 1.0 1.0 1.0 0.75 0.25 0.0 0.0 0.0 0.0 0.0 
0.0 0.0 0.0 0.0 0.0 0.0 0.0 0.0 0.0 0.0 0.0 0.2374999999999981 0.7124999999999968 0.9624999999999968 0.9874999999999989 0.7625000000000011 0.2875000000000032 0.0375000000000032 0.012500000000001066 0.0 
0.0 0.0 0.0 0.0 0.0 0.0 0.0 0.0 0.0 0.0 0.0 0.0 0.0 0.21249999999999902 0.6374999999999971 0.8874999999999971 0.962499999999999 0.75 0.25 0.0 
0.0 0.0 0.0 0.0 0.0 0.0 0.0 0.0 0.0 0.0 0.0 0.0 0.0 0.0 0.0 0.25 0.75 0.8125000000000009 0.43750000000000266 0.18750000000000266 
0.0 0.0 0.0 0.0 0.0 0.0 0.0 0.0 0.0 0.0 0.0 0.0 0.0 0.0 0.0 0.25 0.75 0.9124999999999988 0.7374999999999963 0.48749999999999627 
0.0 0.0 0.0 0.0 0.0 0.0 0.0 0.0 0.0 0.0 0.0 0.0 0.0 0.0 0.0 0.25 0.75 0.75 0.25 0.0 
0.0 0.0 0.0 0.0 0.0 0.0 0.0 0.0 0.0 0.0 0.0 0.0 0.0 0.13750000000000107 0.4125000000000032 0.6625000000000032 0.8875000000000011 0.75 0.25 0.0 
0.0 0.0 0.0 0.0 0.0 0.0 0.0 0.0 0.0 0.0 0.0 0.0 0.0 0.25 0.75 0.8374999999999986 0.5124999999999957 0.26249999999999574 0.08749999999999858 0.0 
0.562500000000004 0.7500000000000071 0.7500000000000071 0.7500000000000071 0.7500000000000071 0.7500000000000071 0.7500000000000071 0.7500000000000071 0.7500000000000071 0.7500000000000071 0.7500000000000071 0.7500000000000071 0.7500000000000071 0.6250000000000036 0.37499999999999645 0.18749999999999467 0.062499999999998224 0.0 0.0 0.0 
0.112499999999996 0.14999999999999503 0.14999999999999503 0.36249999999999516 0.7874999999999976 1.0 1.0 1.0 1.0 1.0 1.0 0.7874999999999995 0.36249999999999627 0.11249999999999627 0.03749999999999876 0.0 0.0 0.0 0.0 0.0 
0.0 0.0 0.0 0.012499999999998335 0.037499999999995134 0.2874999999999939 0.7624999999999975 0.7624999999999993 0.28749999999999604 0.049999999999993605 0.049999999999993605 0.037499999999995245 0.012499999999998401 0.0 0.0 0.0 0.0 0.0 0.0 0.0 
