0.7500000000000022 1.0 1.0 1.0 1.0 1.0 1.0 1.0 1.0 1.0 1.0 1.0 1.0 1.0 1.0 1.0 1.0 1.0 1.0 0.7499999999999964 
0.6937500000000031 0.9250000000000014 0.9250000000000014 0.9250000000000014 0.9250000000000014 0.9250000000000014 0.9250000000000014 0.9250000000000014 0.9250000000000014 0.9250000000000014 0.9250000000000014 0.9250000000000014 0.9250000000000014 0.9437500000000013 0.9812500000000006 1.0 1.0 1.0 1.0 0.7499999999999964 
0.0 0.0 0.0 0.0 0.0 0.0 0.0 0.0 0.0 0.0 0.0 0.0 0.0 0.21875000000000344 0.6562500000000041 0.9062500000000014 0.9687500000000008 1.0 1.0 0.7499999999999964 
0.0 0.0 0.0 0.0 0.0 0.0 0.0 0.0 0.0 0.0 0.0 0.0 0.0 0.0 0.0 0.25000000000000355 0.7500000000000036 0.9562499999999996 0.8687500000000001 0.6187499999999979 
0.0 0.0 0.0 0.0 0.0 0.0 0.0 0.0 0.0 0.0 0.0 0.0 0.0 0.05625000000000049 0.16874999999999987 0.41875000000000184 0.8062500000000025 0.7499999999999964 0.24999999999999645 0.0 
0.0 0.0 0.0 0.0 0.0 0.0 0.0 0.0 0.0 0.0 0.0 0.0 0.0 0.25000000000000355 0.7500000000000036 0.9312499999999994 0.7937500000000001 0.5437499999999985 0.18124999999999777 0.0 
0.0 0.0 0.0 0.0 0.0 0.0 0.0 0.0 0.0 0.0 0.0 0.08125000000000097 0.24375000000000063 0.41250000000000087 0.5875000000000017 0.5062499999999981 0.1687499999999978 0.0 0.0 0.0 
0.0 0.0 0.0 0.0 0.0 0.0 0.0 0.0 0.0 0.0 0.0 0.25000000000000355 0.7500000000000036 0.7499999999999964 0.24999999999999645 0.0 0.0 0.0 0.0 0.0 
0.0 0.0 0.0 0.0 0.0 0.0 0.0 0.0 0.0 0.10625000000000125 0.3187500000000007 0.5687500000000012 0.8562500000000017 0.7499999999999964 0.24999999999999645 0.0 0.0 0.0 0.0 0.0 
0.0 0.0 0.0 0.0 0.0 0.0 0.0 0.0 0.0 0.25000000000000355 0.7500000000000036 0.8812499999999984 0.6437499999999986 0.3937499999999984 0.13124999999999823 0.0 0.0 0.0 0.0 0.0 
0.0 0.0 0.0 0.0 0.0 0.0 0.0 0.13125000000000128 0.39375000000000054 0.6437500000000006 0.8812500000000013 0.7499999999999964 0.24999999999999645 0.0 0.0 0.0 0.0 0.0 0.0 0.0 
0.0 0.0 0.0 0.0 0.0 0.14375000000000135 0.43125000000000124 0.6812500000000008 0.8937500000000012 0.8562499999999982 0.5687499999999985 0.31874999999999903 0.10624999999999866 0.0 0.0 0.0 0.0 0.0 0.0 0.0 
0.0 0.0 0.0 0.0 0.0 0.25000000000000266 0.7500000000000031 1.0 1.0 0.7499999999999964 0.24999999999999645 0.0 0.0 0.0 0.0 0.0 0.0 0.0 0.0 0.0 
0.0 0.0 0.0 0.16875000000000154 0.506250000000001 0.7562500000000001 0.9187500000000007 0.8312499999999982 0.4937499999999987 0.24374999999999963 0.08124999999999911 0.0 0.0 0.0 0.0 0.0 0.0 0.0 0.0 0.0 
0.0 0.0 0.0 0.25000000000000266 0.7500000000000027 1.0 1.0 0.7499999999999969 0.2499999999999969 0.0 0.0 0.0 0.0 0.0 0.0 0.0 0.0 0.0 0.0 0.0 
0.0 0.19375000000000145 0.5812500000000008 0.8312499999999995 0.9437500000000003 0.8062499999999982 0.4187499999999986 0.16875000000000037 0.056249999999999654 0.0 0.0 0.0 0.0 0.0 0.0 0.0 0.0 0.0 0.0 0.0 
0.0 0.04375000000000059 0.13125000000000095 0.38125000000000275 0.7937500000000024 0.7499999999999973 0.2499999999999969 0.0 0.0 0.0 0.0 0.0 0.0 0.0 0.0 0.0 0.0 0.0 0.0 0.0 
0.656250000000002 0.875 0.875 0.9062500000000003 0.9687500000000003 0.7499999999999973 0.2499999999999969 0.0 0.0 0.0 0.0 0.0 0.0 0.0 0.0 0.0 0.0 0.0 0.0 0.0 
0.7500000000000022 1.0 1.0 1.0 1.0 0.98125 0.9437500000000003 0.6937499999999976 0.2312499999999973 0.0 0.0 0.0 0.0 0.0 0.0 0.0 0.0 0.0 0.0 0.0 
0.018750000000001654 0.2687500000000039 0.7562500000000029 1.0 1.0 1.0 1.0 0.9937499999999994 0.9812499999999983 0.9749999999999979 0.9749999999999979 0.9749999999999979 0.9749999999999979 0.9749999999999979 0.9749999999999979 0.9749999999999979 0.9749999999999979 0.9749999999999979 0.9749999999999979 0.731249999999995 
