0.0 0.0 0.0 0.0 0.0 0.0 0.0 0.0 0.0 0.0 0.0 0.0 0.0 0.30000000000000426 1.0 1.0 1.0 1.0 0.6999999999999922 0.0 
0.0 0.0 0.0 0.0 0.0 0.0 0.0 0.0 0.0 0.0 0.0 0.0 0.0 0.30000000000000426 1.0 1.0 1.0 1.0 0.6999999999999922 0.0 
0.0 0.0 0.0 0.0 0.0 0.0 0.0 0.0 0.0 0.0 0.0 0.0 0.0 0.30000000000000426 1.0 1.0 1.0 1.0 0.6999999999999922 0.0 
0.0 0.0 0.0 0.0 0.0 0.0 0.0 0.0 0.0 0.0 0.0 0.0 0.0 0.1800000000000019 0.6400000000000001 0.9600000000000021 1.0 1.0 0.6999999999999922 0.0 
0.0 0.0 0.0 0.0 0.0 0.0 0.0 0.0 0.0 0.0 0.0 0.0 0.0 0.0 0.10000000000000497 0.9000000000000057 1.0 1.0 0.6999999999999922 0.0 
0.0 0.0 0.0 0.0 0.0 0.0 0.0 0.0 0.0 0.0 0.0 0.0 0.0 0.0 0.10000000000000497 0.9000000000000057 1.0 1.0 0.6999999999999922 0.0 
0.0 0.0 0.0 0.0 0.0 0.0 0.0 0.0 0.0 0.0 0.0 0.0 0.0 0.0 0.10000000000000497 0.9000000000000057 1.0 1.0 0.6999999999999922 0.0 
0.0 0.0 0.0 0.0 0.0 0.0 0.0 0.0 0.0 0.0 0.0 0.0 0.0 0.0 0.10000000000000497 0.9000000000000057 1.0 1.0 0.6999999999999922 0.0 
0.0 0.0 0.0 0.0 0.0 0.0 0.0 0.0 0.0 0.0 0.0 0.0 0.0 0.0 0.10000000000000497 0.9000000000000057 1.0 1.0 0.6999999999999922 0.0 
0.0 0.0 0.0 0.0 0.0 0.0 0.0 0.0 0.0 0.0 0.0 0.0 0.0 0.0 0.10000000000000497 0.9000000000000057 1.0 1.0 0.6999999999999922 0.0 
0.0 0.0 0.0 0.0 0.0 0.0 0.0 0.0 0.0 0.0 0.0 0.0 0.0 0.0 0.10000000000000497 0.9000000000000057 1.0 1.0 0.6999999999999922 0.0 
0.0 0.0 0.0 0.0 0.0 0.0 0.0 0.0 0.0 0.0 0.0 0.0 0.0 0.0 0.10000000000000497 0.9000000000000057 1.0 1.0 0.8799999999999972 0.5399999999999961 
0.0 0.0 0.0 0.0 0.0 0.0 0.0 0.0 0.0 0.0 0.0 0.0 0.0 0.0 0.10000000000000497 0.9000000000000057 1.0 1.0 1.0 0.8999999999999915 
0.0 0.0 0.0 0.0 0.0 0.0 0.0 0.0 0.0 0.0 0.0 0.0 0.0 0.0 0.10000000000000497 0.9000000000000057 1.0 1.0 1.0 0.8999999999999915 
0.7199999999999995 0.8000000000000007 0.8000000000000007 0.8000000000000007 0.7200000000000002 0.07999999999999907 0.0 0.0 0.0 0.0 0.0 0.0 0.0 0.0 0.10000000000000497 0.9000000000000057 1.0 1.0 1.0 0.8999999999999915 
0.8999999999999986 1.0 1.0 1.0 0.8999999999999995 0.09999999999999876 0.0 0.0 0.0 0.0 0.0 0.0 0.0 0.0 0.10000000000000497 0.9000000000000057 1.0 1.0 0.9399999999999976 0.7199999999999906 
0.35999999999999815 0.819999999999999 1.0 1.0 0.96 0.6400000000000008 0.1799999999999998 0.0 0.0 0.0 0.0 0.0 0.0 0.180000000000003 0.6400000000000032 0.9600000000000024 1.0 1.0 0.6999999999999922 0.0 
0.0 0.6999999999999991 1.0 1.0 1.0 1.0 1.0 1.0 1.0 1.0 1.0 1.0 1.0 1.0 1.0 1.0 1.0 1.0 0.6999999999999922 0.0 
0.0 0.0 0.0 0.17999999999999924 0.6399999999999983 0.9600000000000003 1.0 1.0 1.0 1.0 1.0 1.0 1.0 1.0 0.9599999999999977 0.6399999999999958 0.5999999999999979 0.29999999999999466 0.0 0.0 
0.0 0.0 0.0 0.0 0.020000000000000035 0.1799999999999996 0.1999999999999993 0.1999999999999993 0.1999999999999993 0.2800000000000019 0.920000000000003 0.43999999999999584 0.1999999999999993 0.1999999999999993 0.17999999999999836 0.019999999999998793 0.0 0.0 0.0 0.0 
