0.0 0.0 0.0 0.0 0.0 0.0 0.04999999999999716 0.7499999999999973 1.0 1.0 1.0 1.0 0.7500000000000036 0.05000000000000071 0.0 0.0 0.0 0.0 0.0 0.0 
0.0 0.0 0.0 0.0 0.0 0.0 0.04999999999999716 0.7499999999999973 1.0 1.0 1.0 1.0 0.7500000000000036 0.05000000000000071 0.0 0.0 0.0 0.0 0.0 0.0 
0.0 0.0 0.0 0.0 0.0 0.0 0.04999999999999716 0.7499999999999973 1.0 1.0 1.0 1.0 0.875000000000002 0.5250000000000012 0.17500000000000102 0.0 0.0 0.0 0.0 0.0 
0.0 0.0 0.0 0.0 0.0 0.0 0.04999999999999716 0.7499999999999973 1.0 1.0 1.0 1.0 1.0 1.0 0.3500000000000014 0.0 0.0 0.0 0.0 0.0 
0.0 0.0 0.0 0.0 0.0 0.3149999999999978 0.905 0.9749999999999999 1.0 1.0 1.0 1.0 1.0 1.0 0.3500000000000014 0.0 0.0 0.0 0.0 0.0 
0.0 0.0 0.0 0.0 0.0 0.3499999999999974 1.0 1.0 1.0 1.0 1.0 1.0 1.0 1.0 0.3500000000000014 0.0 0.0 0.0 0.0 0.0 
0.0 0.0 0.0 0.0 0.0 0.3499999999999974 1.0 1.0 1.0 1.0 1.0 1.0 1.0 1.0 0.5450000000000008 0.19500000000000053 0.0 0.0 0.0 0.0 
0.0 0.0 0.0 0.0 0.0 0.3499999999999974 1.0 1.0 0.7750000000000012 0.5 0.5 0.774999999999999 1.0 1.0 1.0 0.6500000000000021 0.0 0.0 0.0 0.0 
0.0 0.0 0.0 0.0 0.45499999999999763 0.8049999999999988 1.0 1.0 0.5500000000000025 0.0 0.0 0.549999999999998 1.0 1.0 1.0 0.6500000000000021 0.0 0.0 0.0 0.0 
0.0 0.0 0.0 0.0 0.6499999999999972 1.0 1.0 1.0 0.5500000000000025 0.0 0.0 0.05500000000000058 0.32499999999999785 0.9549999999999994 1.0 0.6500000000000021 0.0 0.0 0.0 0.0 
0.0 0.0 0.0 0.0 0.6499999999999972 1.0 0.9950000000000003 0.9250000000000018 0.49500000000000344 0.0 0.0 0.0 0.24999999999999645 0.9499999999999993 1.0 1.0 0.9500000000000028 0.25000000000000355 0.0 0.0 
0.0 0.0 0.07499999999999887 0.2849999999999981 0.7549999999999977 1.0 0.9500000000000028 0.25000000000000266 0.0 0.0 0.0 0.0 0.24999999999999645 0.9499999999999993 1.0 1.0 0.9500000000000028 0.25000000000000355 0.0 0.0 
0.0 0.0 0.2499999999999971 0.9499999999999971 1.0 1.0 0.9500000000000028 0.25000000000000266 0.0 0.0 0.0 0.0 0.24999999999999645 0.9499999999999993 1.0 1.0 0.9500000000000028 0.25000000000000355 0.0 0.0 
0.0 0.0 0.2499999999999971 0.9499999999999971 1.0 1.0 0.9500000000000028 0.25000000000000266 0.0 0.0 0.0 0.0 0.07499999999999955 0.28500000000000214 0.7549999999999999 1.0 0.9500000000000028 0.25000000000000355 0.0 0.0 
0.0 0.0 0.2499999999999971 0.9499999999999971 1.0 0.6850000000000028 0.09500000000000164 0.025000000000000622 0.0 0.0 0.0 0.0 0.0 0.0 0.6499999999999986 1.0 0.9950000000000002 0.9249999999999993 0.4949999999999999 0.0 
0.0 0.05499999999999853 0.3249999999999958 0.9549999999999973 1.0 0.6850000000000016 0.09999999999999787 0.09999999999999787 0.09999999999999787 0.09999999999999787 0.09999999999999787 0.09999999999999787 0.09999999999999787 0.09999999999999787 0.6849999999999979 1.0 1.0 1.0 0.5500000000000007 0.0 
0.0 0.549999999999997 1.0 1.0 1.0 1.0 1.0 1.0 1.0 1.0 1.0 1.0 1.0 1.0 1.0 1.0 1.0 1.0 0.5500000000000007 0.0 
0.0 0.549999999999997 1.0 1.0 1.0 0.8250000000000025 0.5000000000000036 0.5000000000000036 0.5000000000000036 0.5000000000000036 0.5000000000000036 0.5000000000000036 0.5000000000000036 0.5000000000000036 0.8250000000000005 1.0 1.0 1.0 0.5500000000000007 0.0 
0.0 0.549999999999997 1.0 1.0 0.5450000000000047 0.19500000000000353 0.0 0.0 0.0 0.0 0.0 0.0 0.0 0.0 0.19500000000000234 0.5450000000000013 1.0 1.0 0.8649999999999983 0.5949999999999974 
0.764999999999993 0.9549999999999975 1.0 1.0 0.35000000000000275 0.0 0.0 0.0 0.0 0.0 0.0 0.0 0.0 0.0 0.0 0.34999999999999787 1.0 1.0 1.0 0.8500000000000014 
