0.9249999999999989 1.0 1.0 1.0 0.6749999999999989 0.0 0.0 0.0 0.0 0.0 0.0 0.0 0.0 0.0 0.1443750000000017 0.1750000000000007 0.1750000000000007 0.1750000000000007 0.1750000000000007 0.1618749999999989 
0.9249999999999989 1.0 1.0 1.0 0.8456249999999998 0.433125 0.0 0.0 0.0 0.0 0.0 0.0 0.0 0.0 0.8250000000000064 1.0 1.0 1.0 0.8818749999999953 0.43937499999999435 
0.11562499999999863 0.8031249999999992 1.0 1.0 1.0 0.8249999999999984 0.0 0.0 0.0 0.0 0.0 0.0 0.0 0.0 0.8250000000000064 1.0 1.0 1.0 0.7749999999999915 0.0 
0.0 0.6006249999999985 0.9156249999999995 1.0 1.0 0.864374999999999 0.2193750000000009 0.028124999999999577 0.0 0.0 0.0 0.0 0.0 0.0 0.8250000000000064 1.0 1.0 1.0 0.7749999999999915 0.0 
0.0 0.0 0.625 1.0 1.0 1.0 0.9749999999999979 0.12499999999999734 0.0 0.0 0.0 0.0 0.0 0.0 0.8250000000000064 1.0 1.0 1.0 0.7749999999999915 0.0 
0.0 0.0 0.625 1.0 1.0 1.0 0.9749999999999979 0.12499999999999734 0.0 0.0 0.0 0.0 0.0 0.0 0.8250000000000064 1.0 1.0 0.6531249999999909 0.058124999999997436 0.0 
0.0 0.0 0.0 0.47500000000000053 1.0 1.0 0.9818749999999985 0.3656249999999999 0.0756249999999997 0.0 0.0 0.0 0.12500000000000533 0.9750000000000068 1.0 1.0 1.0 0.6249999999999911 0.0 0.0 
0.0 0.0 0.0 0.47500000000000053 1.0 1.0 1.0 1.0 0.2749999999999968 0.0 0.0 0.0 0.12500000000000533 0.9750000000000068 1.0 1.0 1.0 0.6249999999999911 0.0 0.0 
0.0 0.0 0.0 0.011874999999998494 0.3418749999999989 1.0 1.0 1.0 0.9818750000000023 0.4143749999999977 0.0 0.0 0.12500000000000533 0.9750000000000068 1.0 1.0 1.0 0.6249999999999911 0.0 0.0 
0.0 0.0 0.0 0.0 0.32500000000000107 1.0 1.0 1.0 1.0 0.42499999999999627 0.0 0.0 0.12500000000000533 0.9750000000000068 1.0 1.0 1.0 0.6249999999999911 0.0 0.0 
0.0 0.0 0.0 0.0 0.10562499999999896 0.44312499999999755 1.0 1.0 1.0 0.42499999999999627 0.0 0.0 0.12500000000000533 0.9750000000000068 1.0 1.0 1.0 0.6249999999999911 0.0 0.0 
0.0 0.0 0.0 0.0 0.0 0.1750000000000016 1.0 1.0 1.0 1.0 0.5749999999999957 0.0 0.12500000000000533 0.9750000000000068 1.0 1.0 0.47499999999999254 0.0 0.0 0.0 
0.0 0.0 0.0 0.0 0.0 0.10937500000000037 0.6343749999999974 0.9531250000000006 1.0 1.0 0.7343749999999989 0.37500000000000355 0.45312500000000644 0.9843750000000043 1.0 1.0 0.47499999999999254 0.0 0.0 0.0 
0.0 0.0 0.0 0.0 0.0 0.0 0.02500000000000213 0.8750000000000027 1.0 1.0 1.0 1.0 1.0 1.0 1.0 1.0 0.47499999999999254 0.0 0.0 0.0 
0.0 0.0 0.0 0.0 0.0 0.0 0.02312500000000181 0.8093749999999968 0.9793749999999984 1.0 1.0 1.0 1.0 1.0 1.0 1.0 0.47499999999999254 0.0 0.0 0.0 
0.0 0.0 0.0 0.0 0.0 0.0 0.0 0.0 0.7250000000000032 1.0 1.0 1.0 1.0 1.0 1.0 1.0 0.47499999999999254 0.0 0.0 0.0 
0.0 0.0 0.0 0.0 0.0 0.0 0.0 0.0 0.1631249999999966 0.6706250000000005 1.0 1.0 1.0 1.0 1.0 1.0 0.47499999999999254 0.0 0.0 0.0 
0.0 0.0 0.0 0.0 0.0 0.0 0.0 0.0 0.0 0.5750000000000037 1.0 1.0 1.0 1.0 1.0 0.9156249999999945 0.4156249999999901 0.0 0.0 0.0 
0.0 0.0 0.0 0.0 0.0 0.0 0.0 0.0 0.0 0.5750000000000037 1.0 1.0 1.0 1.0 1.0 0.32499999999999396 0.0 0.0 0.0 0.0 
0.0 0.0 0.0 0.0 0.0 0.0 0.0 0.0 0.0 0.10062499999999698 0.5256249999999998 1.0 1.0 1.0 1.0 0.32499999999999396 0.0 0.0 0.0 0.0 
