0.7800000000000004 0.24499999999999972 0.1999999999999993 0.1999999999999993 0.1999999999999993 0.1999999999999993 0.06499999999999999 0.0 0.0 0.0 0.0 0.0 0.0 0.06499999999999927 0.1999999999999993 0.1999999999999993 0.1999999999999993 0.17499999999999938 0.0 0.0 
0.0 0.3700000000000007 0.9249999999999997 1.0 1.0 0.5650000000000015 0.13000000000000075 0.0 0.0 0.0 0.0 0.0 0.0 0.3249999999999975 1.0 1.0 1.0 0.875 0.0 0.0 
0.0 0.0 0.8749999999999993 1.0 1.0 0.999999999999999 0.9999999999999987 0.3750000000000013 0.0 0.0 0.0 0.0 0.0 0.3249999999999975 1.0 1.0 1.0 0.875 0.0 0.0 
0.0 0.0 0.8749999999999993 1.0 1.0 0.5649999999999997 0.12999999999999998 0.0 0.0 0.0 0.0 0.0 0.0 0.3249999999999975 1.0 1.0 1.0 0.875 0.0 0.0 
0.0 0.0 0.8749999999999993 1.0 1.0 1.0 0.32500000000000107 0.0 0.0 0.0 0.0 0.0 0.0 0.06500000000000014 0.4199999999999988 1.0 1.0 0.875 0.0 0.0 
0.0 0.0 0.8749999999999993 1.0 1.0 1.0 0.32500000000000107 0.0 0.0 0.0 0.0 0.0 0.0 0.0 0.2749999999999968 1.0 1.0 0.8999999999999997 0.18499999999999855 0.0 
0.0 0.0 0.8749999999999993 1.0 1.0 1.0 0.32500000000000107 0.0 0.0 0.0 0.0 0.0 0.0 0.0 0.2749999999999968 1.0 1.0 1.0 0.9250000000000043 0.0 
0.0 0.0 3.108624468950436e-15 0.825 1.0 1.0 0.32500000000000107 0.0 0.0 0.0 0.0 0.0 0.0 0.0 0.2749999999999968 1.0 1.0 1.0 0.9250000000000043 0.0 
0.0 0.0 0.0 0.8249999999999993 1.0 1.0 0.32500000000000107 0.0 0.0 0.0 0.0 0.16999999999999751 0.3999999999999968 0.3999999999999968 0.5649999999999957 1.0 1.0 1.0 0.9250000000000043 0.0 
0.0 0.0 0.0 0.8249999999999993 1.0 1.0 0.8649999999999983 0.3000000000000004 0.0 0.0 0.37999999999999695 0.8849999999999978 1.0 1.0 1.0 1.0 1.0 1.0 0.9250000000000043 0.0 
0.0 0.0 0.0 0.8249999999999993 1.0 1.0 1.0 0.3750000000000018 0.0 0.0 0.47499999999999787 1.0 1.0 1.0 1.0 1.0 1.0 1.0 0.9250000000000043 0.0 
0.0 0.0 0.0 0.8249999999999993 1.0 1.0 1.0 0.3750000000000018 0.0 0.0 0.190000000000001 0.6550000000000005 1.0 1.0 1.0 1.0 1.0 1.0 0.9250000000000043 0.0 
0.0 0.0 0.0 0.8249999999999993 1.0 1.0 1.0 0.3750000000000018 0.0 0.0 0.0 1.5099033134902028e-15 0.37500000000000044 1.0 1.0 1.0 1.0 1.0 0.9250000000000043 0.0 
0.0 0.0 0.0 0.0 0.774999999999999 1.0 1.0 0.3750000000000018 0.0 0.0 0.0 0.0 0.0 0.0 0.0 0.22499999999999787 1.0 1.0 0.9550000000000022 0.38999999999999574 
0.0 0.0 0.0 0.0 0.774999999999999 1.0 1.0 0.3750000000000018 0.0 0.0 0.0 0.0 0.0 0.0 0.0 0.22499999999999787 1.0 1.0 1.0 0.9750000000000014 
0.0 0.0 0.0 0.0 0.774999999999999 1.0 1.0 1.0 0.4250000000000016 0.0 0.0 0.0 0.0 0.0 0.0 0.22499999999999787 1.0 1.0 1.0 0.9750000000000014 
0.0 0.0 0.0 0.0 0.310000000000004 0.8350000000000009 1.0 1.0 0.7699999999999974 0.28499999999999814 0.0 0.0 0.0 0.0 0.1649999999999965 0.6899999999999947 1.0 1.0 1.0 0.9750000000000014 
0.0 0.0 0.0 0.0 0.0 0.7249999999999988 1.0 1.0 1.0 0.9999999999999962 0.5249999999999984 0.0 0.0 0.3249999999999952 0.9999999999999949 1.0 1.0 1.0 0.9250000000000048 6.927791673660987e-15 
0.0 0.0 0.0 0.0 0.0 0.0 0.4050000000000027 0.8500000000000012 1.0 1.0 1.0 1.0 1.0 1.0 1.0 1.0 1.0 0.9500000000000006 0.5550000000000072 0.0 
0.0 0.0 0.0 0.0 0.0 0.0 0.0 0.12500000000000364 0.2000000000000064 0.2000000000000064 0.5800000000000016 1.0 1.0 1.0 1.0 0.8200000000000032 0.2000000000000064 0.1750000000000056 0.0 0.0 
