0.9249999999999989 1.0 1.0 1.0 1.0 1.0 1.0 1.0 1.0 1.0 1.0 1.0 1.0 1.0 1.0 1.0 1.0 1.0 0.8143749999999931 0.1618749999999989 
0.9249999999999989 1.0 1.0 1.0 1.0 1.0 1.0 1.0 1.0 1.0 1.0 1.0 1.0 1.0 1.0 1.0 1.0 1.0 1.0 0.92499999999999 
0.11562499999999863 0.12499999999999867 0.12499999999999867 0.12499999999999867 0.12499999999999867 0.12499999999999867 0.12499999999999867 0.12499999999999867 0.7593750000000025 1.0 1.0 1.0 1.0 1.0 1.0 1.0 1.0 1.0 1.0 0.92499999999999 
0.0 0.0 0.0 0.0 0.0 0.0 0.0 0.0 0.0 0.0 0.0 0.0 0.028125000000001378 0.2193750000000029 0.8643750000000052 1.0 1.0 1.0 0.9493749999999977 0.7168749999999909 
0.0 0.0 0.0 0.0 0.0 0.0 0.0 0.0 0.0 0.0 0.0 0.0 0.12500000000000533 0.9750000000000068 1.0 1.0 1.0 1.0 0.7749999999999915 0.0 
0.0 0.0 0.0 0.0 0.0 0.0 0.0 0.0 0.0 0.0 0.0 0.0 0.12500000000000533 0.9750000000000068 1.0 1.0 1.0 0.6531249999999909 0.058124999999997436 0.0 
0.0 0.0 0.0 0.0 0.0 0.0 0.0 0.0 0.0 0.0 0.0 0.2750000000000039 1.0 1.0 1.0 1.0 0.8556249999999969 0.45312499999999223 0.0 0.0 
0.0 0.0 0.0 0.0 0.0 0.0 0.0 0.0 0.0 0.0 0.26562500000000416 0.728125000000004 1.0 1.0 1.0 1.0 0.47499999999999254 0.0 0.0 0.0 
0.0 0.0 0.0 0.0 0.0 0.0 0.0 0.0 0.0 0.0 0.42500000000000426 1.0 1.0 1.0 1.0 0.34187499999999194 0.011874999999998295 0.0 0.0 0.0 
0.0 0.0 0.0 0.0 0.0 0.0 0.0 0.0 0.0 0.5750000000000037 1.0 1.0 1.0 1.0 0.7318749999999956 0.219374999999995 0.0 0.0 0.0 0.0 
0.0 0.0 0.0 0.0 0.0 0.0 0.0 0.0 0.4893750000000052 0.861875000000003 1.0 1.0 1.0 1.0 0.1749999999999936 0.0 0.0 0.0 0.0 0.0 
0.0 0.0 0.0 0.0 0.0 0.0 0.0 0.0 0.7250000000000032 1.0 1.0 1.0 0.9968749999999994 0.975624999999996 0.1706249999999931 0.0 0.0 0.0 0.0 0.0 
0.0 0.0 0.0 0.0 0.0 0.0 0.009375000000000888 0.3281250000000041 0.828125000000003 1.0 1.0 1.0 0.8749999999999947 0.02499999999999325 0.0 0.0 0.0 0.0 0.0 0.0 
0.0 0.0 0.0 0.0 0.0 0.0 0.02500000000000213 0.8750000000000027 1.0 1.0 1.0 0.8006249999999958 0.24062499999999418 0.006874999999998019 0.0 0.0 0.0 0.0 0.0 0.0 
0.0 0.0 0.0 0.0 0.0 0.1750000000000016 1.0 1.0 1.0 1.0 0.968124999999997 0.6706249999999917 0.0 0.0 0.0 0.0 0.0 0.0 0.0 0.0 
0.0 0.0 0.0 0.0 0.13812500000000183 0.5256250000000044 1.0 1.0 1.0 1.0 0.5749999999999957 0.0 0.0 0.0 0.0 0.0 0.0 0.0 0.0 0.0 
0.0 0.0 0.0 0.0 0.32500000000000107 1.0 1.0 1.0 1.0 0.5543749999999938 0.12937499999999577 0.0 0.0 0.0 0.0 0.0 0.0 0.0 0.0 0.0 
0.0 0.0 0.0 0.47500000000000053 1.0 1.0 1.0 1.0 0.9093749999999945 0.37187499999999374 0.0 0.0 0.0 0.0 0.0 0.0 0.0 0.0 0.0 0.0 
0.0 0.0 0.2968750000000031 0.7243750000000029 1.0 1.0 1.0 1.0 0.2749999999999968 0.0 0.0 0.0 0.0 0.0 0.0 0.0 0.0 0.0 0.0 0.0 
0.0 0.0 0.625 1.0 1.0 1.0 1.0 1.0 0.2749999999999968 0.0 0.0 0.0 0.0 0.0 0.0 0.0 0.0 0.0 0.0 0.0 
