0.0 0.0 0.0 0.10687500000000258 0.22500000000000497 0.22500000000000497 0.22500000000000497 0.22500000000000497 0.7868750000000004 0.5543750000000041 0.22500000000000497 0.22500000000000497 0.22500000000000497 0.22500000000000497 0.03937500000000183 0.5231249999999931 0.3681250000000015 0.0 0.0 0.0 
0.0 0.0 0.42187500000000383 0.8293750000000026 1.0 1.0 1.0 1.0 1.0 1.0 1.0 1.0 1.0 1.0 0.731875000000005 0.6750000000000045 0.3206250000000055 0.0 0.0 0.0 
0.115625000000004 0.8031250000000026 1.0 1.0 1.0 1.0 1.0 1.0 0.9093749999999973 0.874999999999996 0.874999999999996 0.9093749999999967 1.0 1.0 1.0 1.0 1.0 0.6250000000000053 0.0 0.0 
0.9250000000000025 1.0 1.0 1.0 1.0 0.8993749999999994 0.42499999999999627 0.42499999999999627 0.11687499999999951 0.0 0.0 0.11687499999999762 0.4968749999999947 0.9856249999999976 1.0 1.0 1.0 0.8406250000000037 0.44562500000000616 0.0 
0.9250000000000025 1.0 1.0 1.0 0.991874999999999 0.8043749999999977 0.0 0.0 0.0 0.0 0.0 0.0 0.0 0.0 0.8249999999999957 1.0 1.0 1.0 0.7806250000000062 0.0231250000000029 
0.9250000000000025 1.0 1.0 1.0 0.8293750000000004 0.39187500000000197 0.0 0.0 0.0 0.0 0.0 0.0 0.0 0.0 0.4331249999999959 0.8456249999999971 1.0 1.0 0.8931250000000022 0.4856250000000001 
0.9250000000000025 1.0 1.0 1.0 1.0 0.8250000000000002 0.0 0.0 0.0 0.0 0.0 0.0 0.0 0.0 0.0 0.05062499999999798 0.07499999999999751 0.07499999999999751 0.0581249999999985 0.0 
0.9250000000000025 1.0 1.0 1.0 0.7968750000000002 0.3093750000000015 0.0 0.0 0.0 0.0 0.0 0.0 0.0 0.0 0.0 0.0 0.0 0.0 0.0 0.0 
0.9250000000000025 1.0 0.48437499999999806 0.17499999999999893 0.44312499999999977 0.8250000000000002 0.0 0.0 0.0 0.0 0.0 0.0 0.0 0.0 0.0 0.0 0.0 0.0 0.0 0.0 
0.9250000000000025 1.0 1.0 1.0 1.0 1.0 0.9750000000000005 0.1250000000000009 0.0 0.0 0.0 0.0 0.0 0.0 0.0 0.0 0.0 0.0 0.0 0.0 
0.9250000000000025 1.0 1.0 1.0 1.0 1.0 0.9750000000000005 0.1250000000000009 0.0 0.0 0.0 0.0 0.0 0.0 0.0 0.0 0.0 0.0 0.0 0.0 
0.7631250000000047 0.960625000000001 1.0 1.0 1.0 0.9693750000000005 0.8043750000000032 0.10312500000000109 0.0 0.0 0.0 0.0 0.0 0.0 0.0 0.0 0.0 0.0 0.0 0.0 
0.0 0.775000000000002 1.0 1.0 1.0 0.8250000000000002 0.0 0.0 0.0 0.0 0.0 0.0 0.0 0.0 0.0 0.0 0.0 0.0 0.0 0.0 
0.0 0.775000000000002 1.0 1.0 0.9756250000000002 0.7631250000000007 0.0 0.0 0.0 0.0 0.0 0.0 0.0 0.0 0.0 0.0 0.0 0.0 0.0 0.0 
0.0 0.775000000000002 1.0 1.0 0.6749999999999994 0.0 0.0 0.0 0.0 0.0 0.0 0.0 0.0 0.0 0.0 0.0 0.0 0.0 0.0 0.0 
0.0 0.775000000000002 1.0 1.0 0.9918749999999993 0.8043749999999984 0.0 0.0 0.0 0.0 0.0 0.0 0.0 0.0 0.8043749999999941 0.9749999999999979 0.9749999999999979 0.9749999999999979 0.9749999999999979 0.9018750000000022 
0.0 0.4456250000000034 0.8406250000000017 1.0 1.0 0.8993749999999996 0.41437499999999744 0.05312500000000002 0.0 0.0 0.0 0.0 0.0 0.0 0.8249999999999957 1.0 1.0 1.0 0.904375000000003 0.5318750000000051 
0.0 0.0 0.6250000000000016 1.0 1.0 1.0 0.996875 0.890624999999997 0.8749999999999964 0.3718749999999999 0.0 0.24062499999999623 0.8749999999999964 0.8749999999999964 0.9781249999999988 1.0 1.0 1.0 0.7750000000000057 0.0 
0.0 0.0 0.0 0.32062500000000266 0.7806250000000031 1.0 1.0 1.0 1.0 1.0 1.0 1.0 1.0 1.0 1.0 1.0 0.8293750000000039 0.4218750000000063 0.0 0.0 
0.0 0.0 0.0 0.0 0.07312500000000176 0.22500000000000497 0.22500000000000497 0.22500000000000497 0.7868750000000004 1.0 1.0 1.0 1.0 1.0 0.3606250000000074 0.22500000000000497 0.10687500000000348 0.0 0.0 0.0 
