0.20625000000000243 0.25000000000000355 0.25000000000000355 0.25000000000000355 0.5687500000000012 0.9250000000000007 0.2750000000000008 0.0 0.0 0.0 0.0 0.0 0.0 0.0 0.0 0.0 0.0 0.0 0.0 0.0 
0.824999999999998 1.0 1.0 1.0 1.0 0.9250000000000007 0.2750000000000008 0.0 0.0 0.0 0.0 0.0 0.0 0.0 0.0 0.0 0.0 0.0 0.0 0.0 
0.824999999999998 1.0 1.0 1.0 1.0 0.9250000000000007 0.2750000000000008 0.0 0.0 0.0 0.0 0.0 0.0 0.0 0.0 0.0 0.0 0.0 0.0 0.0 
0.824999999999998 1.0 1.0 1.0 1.0 0.9250000000000007 0.2750000000000008 0.0 0.0 0.0 0.0 0.0 0.0 0.0 0.0 0.0 0.0 0.0 0.0 0.0 
0.824999999999998 1.0 1.0 1.0 1.0 0.9250000000000007 0.2750000000000008 0.0 0.0 0.0 0.0 0.0 0.0 0.0 0.0 0.0 0.0 0.0 0.0 0.0 
0.824999999999998 1.0 1.0 1.0 1.0 0.9250000000000007 0.2750000000000008 0.0 0.0 0.0 0.0 0.0 0.0 0.0 0.0 0.0 0.0 0.0 0.0 0.0 
0.824999999999998 1.0 1.0 1.0 1.0 0.9250000000000007 0.2750000000000008 0.0 0.0 0.0 0.0 0.0 0.0 0.0 0.0 0.0 0.0 0.0 0.0 0.0 
0.824999999999998 1.0 1.0 1.0 1.0 0.9250000000000007 0.2750000000000008 0.0 0.0 0.0 0.0 0.0 0.0 0.0 0.0 0.0 0.0 0.0 0.0 0.0 
0.824999999999998 1.0 1.0 1.0 1.0 0.9250000000000007 0.2750000000000008 0.0 0.0 0.0 0.0 0.0 0.0 0.0 0.0 0.0 0.0 0.0 0.0 0.0 
0.824999999999998 1.0 1.0 1.0 1.0 0.9250000000000007 0.2750000000000008 0.0 0.0 0.0 0.0 0.0 0.0 0.0 0.0 0.0 0.0 0.0 0.0 0.0 
0.824999999999998 1.0 1.0 1.0 1.0 0.9250000000000007 0.2750000000000008 0.0 0.0 0.0 0.0 0.0 0.0 0.0 0.0 0.0 0.0 0.0 0.0 0.0 
0.824999999999998 1.0 1.0 1.0 1.0 0.9250000000000007 0.2750000000000008 0.0 0.0 0.0 0.0 0.0 0.0 0.0 0.0 0.0 0.0 0.0 0.0 0.0 
0.824999999999998 1.0 1.0 1.0 1.0 0.9250000000000007 0.2750000000000008 0.0 0.0 0.0 0.0 0.0 0.0 0.0 0.0 0.0 0.0 0.0 0.0 0.0 
0.824999999999998 1.0 1.0 1.0 1.0 0.9250000000000007 0.2750000000000008 0.0 0.0 0.0 0.0 0.0 0.0 0.0 0.0 0.0 0.0 0.0 0.0 0.0 
0.824999999999998 1.0 1.0 1.0 1.0 0.9250000000000007 0.2750000000000008 0.0 0.0 0.0 0.0 0.0 0.0 0.0 0.0 0.0 0.0 0.0 0.0 0.0 
0.824999999999998 1.0 1.0 1.0 1.0 0.9250000000000007 0.2750000000000008 0.0 0.0 0.0 0.0 0.0 0.0 0.0 0.0 0.0 0.0 0.0 0.0 0.0 
0.824999999999998 1.0 1.0 1.0 1.0 0.9250000000000007 0.2750000000000008 0.0 0.0 0.0 0.0 0.0 0.0 0.0 0.0 0.0 0.0 0.0 0.0 0.0 
0.824999999999998 1.0 1.0 1.0 1.0 0.9812500000000002 0.8187500000000002 0.75 0.75 0.75 0.75 0.75 0.75 0.75 0.75 0.75 0.75 0.75 0.75 0.6187499999999981 
0.824999999999998 1.0 1.0 1.0 1.0 1.0 1.0 1.0 1.0 1.0 1.0 1.0 1.0 1.0 1.0 1.0 1.0 1.0 1.0 0.8249999999999975 
0.824999999999998 1.0 1.0 1.0 1.0 1.0 1.0 1.0 1.0 1.0 1.0 1.0 1.0 1.0 1.0 1.0 1.0 1.0 1.0 0.8249999999999975 
