0.0 0.0 0.0 0.06000000000000082 0.28000000000000297 0.9200000000000013 1.0 1.0 1.0 1.0 1.0 1.0 1.0 1.0 0.9199999999999963 0.27999999999999803 0.20000000000000284 0.1 0.0 0.0 
0.0 0.0 0.3000000000000011 0.7200000000000019 1.0 1.0 1.0 1.0 1.0 1.0 1.0 1.0 1.0 1.0 1.0 1.0 1.0 0.7999999999999985 0.41999999999999726 0.0 
0.0 0.6999999999999991 1.0 1.0 1.0 1.0 0.9999999999999981 0.4999999999999969 0.0 0.0 0.0 0.0 0.0 0.3000000000000035 0.9999999999999976 0.9999999999999998 1.0 1.0 0.699999999999993 2.3980817331903154e-15 
0.3600000000000014 0.8200000000000001 1.0 1.0 0.9599999999999995 0.6399999999999976 0.17999999999999872 0.0 0.0 0.0 0.0 0.0 0.0 0.0 0.10000000000000497 0.9000000000000057 1.0 1.0 1.0 0.8999999999999915 
0.8999999999999986 1.0 1.0 1.0 0.8999999999999995 0.09999999999999876 0.0 0.0 0.0 0.0 0.0 0.0 0.0 0.0 0.020000000000000746 0.1799999999999989 0.7600000000000043 1.0 1.0 0.8999999999999915 
0.8999999999999986 1.0 1.0 1.0 0.8999999999999995 0.09999999999999876 0.0 0.0 0.0 0.0 0.0 0.0 0.0 0.0 0.0 0.0 0.7000000000000064 1.0 1.0 0.8999999999999915 
0.8999999999999986 1.0 1.0 1.0 0.8999999999999995 0.09999999999999876 0.0 0.0 0.0 0.0 0.0 0.0 0.0 0.0 0.0 0.0 0.7000000000000064 1.0 1.0 0.8999999999999915 
0.8999999999999986 1.0 1.0 1.0 0.8999999999999995 0.09999999999999876 0.0 0.0 0.0 0.0 0.0 0.0 0.0 0.0 0.0 0.0 0.7000000000000064 1.0 1.0 0.8999999999999915 
0.8999999999999986 1.0 1.0 1.0 0.8999999999999995 0.09999999999999876 0.0 0.0 0.0 0.0 0.0 0.0 0.0 0.0 0.0 0.0 0.7000000000000064 1.0 1.0 0.8999999999999915 
0.8999999999999986 1.0 1.0 1.0 0.8999999999999995 0.09999999999999876 0.0 0.0 0.0 0.0 0.0 0.0 0.0 0.0 0.0 0.0 0.7000000000000064 1.0 1.0 0.8999999999999915 
0.8999999999999986 1.0 1.0 1.0 0.8999999999999995 0.09999999999999876 0.0 0.0 0.0 0.0 0.0 0.0 0.0 0.0 0.0 0.0 0.7000000000000064 1.0 1.0 0.8999999999999915 
0.8999999999999986 1.0 1.0 1.0 0.8999999999999995 0.09999999999999876 0.0 0.0 0.0 0.0 0.0 0.0 0.0 0.0 0.0 0.0 0.7000000000000064 1.0 1.0 0.8999999999999915 
0.8999999999999986 1.0 1.0 1.0 0.8999999999999995 0.09999999999999876 0.0 0.0 0.0 0.0 0.0 0.0 0.0 0.0 0.0 0.0 0.7000000000000064 1.0 1.0 0.8999999999999915 
0.8999999999999986 1.0 1.0 1.0 0.8999999999999995 0.09999999999999876 0.0 0.0 0.0 0.0 0.0 0.0 0.0 0.0 0.0 0.0 0.7000000000000064 1.0 1.0 0.8999999999999915 
0.8999999999999986 1.0 1.0 1.0 0.8999999999999995 0.09999999999999876 0.0 0.0 0.0 0.0 0.0 0.0 0.0 0.0 0.0 0.0 0.7000000000000064 1.0 1.0 0.8999999999999915 
0.0 0.6999999999999991 1.0 1.0 0.9199999999999998 0.2800000000000016 0.060000000000000636 0.0 0.0 0.0 0.0 0.0 0.0 0.0 0.02000000000000128 0.18000000000000368 0.760000000000006 1.0 1.0 0.8999999999999915 
0.0 0.6999999999999991 1.0 1.0 1.0 1.0 0.29999999999999893 0.0 0.0 0.0 0.0 0.0 0.0 0.180000000000003 0.6400000000000032 0.9600000000000024 1.0 1.0 0.819999999999995 0.3599999999999953 
0.0 0.0 0.49999999999999956 1.0 1.0 1.0 1.0 1.0 0.6999999999999975 0.0 0.0 0.0 0.5000000000000036 1.0 1.0 1.0 1.0 1.0 0.6999999999999922 0.0 
0.0 0.0 0.29999999999999866 0.5999999999999979 0.6399999999999983 0.9600000000000003 1.0 1.0 1.0 1.0 1.0 1.0 1.0 1.0 1.0 1.0 0.719999999999996 0.29999999999999466 0.0 0.0 
0.0 0.0 0.0 0.0 0.020000000000000035 0.1799999999999996 0.1999999999999993 0.6000000000000011 1.0 1.0 1.0 1.0 1.0 0.7599999999999963 0.1999999999999993 0.1999999999999993 0.059999999999998506 0.0 0.0 0.0 
