0.0 0.0 0.0 0.0 0.27000000000000074 0.5999999999999979 0.8599999999999998 1.0 1.0 1.0 1.0 1.0 0.9000000000000009 0.5999999999999979 0.3300000000000014 0.0 0.0 0.0 0.0 0.0 
0.0 0.0 0.2000000000000027 0.8699999999999993 1.0 1.0 1.0 1.0 1.0 0.24000000000000243 0.24000000000000243 1.0 1.0 1.0 1.0 1.0 0.8699999999999997 0.2000000000000052 0.0 0.0 
0.05000000000000506 0.9999999999999984 1.0 1.0 1.0 0.4499999999999985 6.217248937900855e-16 0.0 0.0 0.0 0.0 0.0 0.0 6.217248937900839e-16 0.44999999999999674 1.0 1.0 1.0 0.15000000000000568 0.0 
1.0 1.0 1.0 0.6499999999999968 0.0 0.0 0.0 0.0 0.0 0.0 0.0 0.0 0.0 0.0 0.0 0.0 0.649999999999995 1.0 1.0 0.24000000000000474 
0.6000000000000014 0.6000000000000014 0.6000000000000014 0.389999999999999 0.0 0.0 0.0 0.0 0.0 0.0 0.0 0.0 0.0 0.0 0.0 0.0 0.649999999999995 1.0 1.0 1.0 
0.0 0.0 0.0 0.0 0.0 0.0 0.0 0.0 0.0 0.0 0.0 0.0 0.0 0.0 0.0 0.0 0.649999999999995 1.0 1.0 1.0 
0.0 0.0 0.0 0.0 0.0 0.0 0.0 0.0 0.0 0.0 0.0 0.0 0.0 0.0 0.0 0.4399999999999971 0.9299999999999986 1.0 1.0 0.050000000000007816 
0.0 0.0 0.0 0.0 0.0 0.0 0.0 0.0 0.0 0.0 0.0 0.0 0.0 0.0 0.44999999999999574 1.0 1.0 1.0 0.15000000000000568 0.0 
0.0 0.0 0.0 0.0 0.0 0.0 0.0 0.0 0.0 0.0 0.0 0.0 0.049999999999999115 0.4799999999999978 1.0 1.0 0.8700000000000014 0.20000000000000587 0.0 0.0 
0.0 0.0 0.0 0.0 0.0 0.0 0.0 0.0 0.0 0.0 0.020000000000000212 0.48999999999999794 1.0 1.0 1.0 0.7800000000000019 0.2100000000000035 0.0 0.0 0.0 
0.0 0.0 0.0 0.0 0.0 0.0 0.0 0.0 0.0 0.0 0.6199999999999982 1.0 1.0 1.0 0.5500000000000043 0.0 0.0 0.0 0.0 0.0 
0.0 0.0 0.0 0.0 0.0 0.0 0.0 0.0 0.0 0.9499999999999993 1.0 1.0 0.8000000000000027 0.12999999999999998 0.0 0.0 0.0 0.0 0.0 0.0 
0.0 0.0 0.0 0.0 0.0 0.0 0.0 0.0 0.8500000000000014 1.0 1.0 0.8500000000000014 0.0 0.0 0.0 0.0 0.0 0.0 0.0 0.0 
0.0 0.0 0.0 0.0 0.0 0.11000000000000011 0.7200000000000008 1.0 1.0 1.0 0.7600000000000001 0.0 0.0 0.0 0.0 0.0 0.0 0.0 0.0 0.0 
0.0 0.0 0.0 0.0 0.1800000000000021 0.7300000000000024 1.0 1.0 0.6599999999999976 0.030000000000000318 0.0 0.0 0.0 0.0 0.0 0.0 0.0 0.0 0.0 0.0 
0.0 0.0 0.0 0.3500000000000032 1.0 1.0 1.0 0.5500000000000037 0.06000000000000028 0.0 0.0 0.0 0.0 0.0 0.0 0.0 0.0 0.0 0.0 0.0 
0.0 0.0 0.250000000000004 1.0 1.0 1.0 0.48000000000000087 0.05000000000000053 0.0 0.0 0.0 0.0 0.0 0.0 0.0 0.0 0.0 0.0 0.0 0.0 
0.05000000000000515 1.0 1.0 1.0 1.0 0.4499999999999975 0.0 0.0 0.0 0.0 0.0 0.0 0.0 0.0 0.0 0.0 0.0 0.0 0.0 0.0 
1.0 1.0 1.0 1.0 1.0 1.0 1.0 0.4000000000000014 0.20000000000000284 0.20000000000000284 0.20000000000000284 0.20000000000000284 0.20000000000000284 0.20000000000000284 0.20000000000000284 0.20000000000000284 0.20000000000000284 0.20000000000000284 0.20000000000000284 0.20000000000000284 
0.6199999999999967 1.0 1.0 1.0 1.0 1.0 1.0 1.0 1.0 1.0 1.0 1.0 1.0 1.0 1.0 1.0 1.0 1.0 1.0 1.0 
