0.0 0.0 0.0 0.0 0.0 0.4874999999999989 0.7500000000000071 0.8125000000000031 1.0 1.0 1.0 1.0 0.8125000000000075 0.7500000000000071 0.4875000000000142 0.0 0.0 0.0 0.0 0.0 
0.0 0.0 0.0 0.28750000000000087 1.0 1.0 1.0 1.0 1.0 1.0 1.0 1.0 1.0 1.0 1.0 1.0 1.0 0.18750000000000677 0.0 0.0 
0.0 0.3374999999999976 0.9374999999999998 1.0 1.0 1.0 1.0 1.0 1.0 0.3625000000000003 1.0 1.0 1.0 1.0 1.0 1.0 1.0 0.9375000000000033 0.33750000000001024 0.0 
0.14999999999999325 1.0 1.0 1.0 1.0 1.0 0.050000000000007816 0.0 0.0 0.0 0.0 0.0 0.0 0.037499999999992276 0.8374999999999934 1.0 1.0 1.0 1.0 0.1500000000000128 
1.0 1.0 1.0 1.0 0.7375000000000037 0.08750000000000005 0.0 0.0 0.0 0.0 0.0 0.0 0.0 0.0 0.08749999999999494 0.7374999999999917 1.0 1.0 1.0 1.0 
1.0 1.0 1.0 1.0 0.6500000000000075 0.0 0.0 0.0 0.0 0.0 0.0 0.0 0.0 0.0 0.0 0.6499999999999915 1.0 1.0 1.0 1.0 
1.0 1.0 1.0 1.0 0.6500000000000075 0.0 0.0 0.0 0.0 0.0 0.0 0.0 0.0 0.0 0.0 0.6499999999999915 1.0 1.0 1.0 1.0 
1.0 1.0 1.0 1.0 0.6500000000000075 0.0 0.0 0.0 0.0 0.0 0.0 0.0 0.0 0.0 0.0 0.6499999999999915 1.0 1.0 1.0 1.0 
0.36249999999999194 1.0 1.0 1.0 1.0 0.35000000000000764 0.0 0.0 0.0 0.0 0.0 0.0 0.0 0.0 0.26249999999999163 0.9124999999999991 1.0 1.0 1.0 1.0 
0.0 0.44999999999999307 1.0 1.0 1.0 1.0 1.0 0.25000000000000355 0.25000000000000355 0.0375000000000024 0.0374999999999984 0.25000000000000355 0.25000000000000355 1.0 1.0 1.0 1.0 1.0 1.0 1.0 
0.0 0.0 0.18749999999999556 1.0 1.0 1.0 1.0 1.0 1.0 1.0 1.0 1.0 1.0 1.0 1.0 1.0 1.0 1.0 1.0 1.0 
0.0 0.0 0.0 0.0 0.0 0.48749999999999194 0.7499999999999964 0.7499999999999964 0.7499999999999964 0.9624999999999976 0.7499999999999964 0.7499999999999964 0.7499999999999964 0.0 0.0 0.6499999999999915 1.0 1.0 1.0 1.0 
0.0 0.0 0.0 0.0 0.0 0.0 0.0 0.0 0.0 0.0 0.0 0.0 0.0 0.0 0.0 0.6499999999999915 1.0 1.0 1.0 1.0 
0.0 0.0 0.0 0.0 0.0 0.0 0.0 0.0 0.0 0.0 0.0 0.0 0.0 0.0 0.0 0.6499999999999915 1.0 1.0 1.0 1.0 
0.75 0.75 0.75 0.75 0.4875000000000056 0.0 0.0 0.0 0.0 0.0 0.0 0.0 0.0 0.0 0.0 0.6499999999999915 1.0 1.0 1.0 1.0 
1.0 1.0 1.0 1.0 0.6500000000000075 0.0 0.0 0.0 0.0 0.0 0.0 0.0 0.0 0.0 0.0 0.6499999999999915 1.0 1.0 1.0 1.0 
0.36249999999999494 1.0 1.0 1.0 0.9125000000000019 0.26250000000000573 0.0 0.0 0.0 0.0 0.0 0.0 0.0 0.0 0.2624999999999904 0.9124999999999979 1.0 1.0 1.0 0.1500000000000128 
0.0 0.44999999999999307 1.0 1.0 1.0 1.0 0.28750000000000586 0.25 0.11250000000000204 0.0 0.0 0.1124999999999976 0.25 0.28749999999999254 1.0 1.0 1.0 1.0 0.45000000000000995 0.0 
0.0 0.0 0.18749999999999822 1.0 1.0 1.0 1.0 1.0 1.0 1.0 1.0 1.0 1.0 1.0 1.0 1.0 1.0 0.18750000000000178 0.0 0.0 
0.0 0.0 0.0 0.0 0.0 0.48749999999999427 0.987499999999998 1.0 1.0 1.0 1.0 1.0 1.0 0.75 0.75 0.2625000000000064 0.0 0.0 0.0 0.0 
