0.0 0.0 0.10000000000000134 0.20000000000000284 0.28000000000000297 0.9200000000000013 1.0 1.0 1.0 1.0 1.0 1.0 1.0 1.0 0.9199999999999963 0.27999999999999803 0.059999999999999575 0.0 0.0 0.0 
0.0 0.0 0.49999999999999956 1.0 1.0 1.0 1.0 1.0 1.0 1.0 1.0 1.0 1.0 1.0 1.0 1.0 0.7199999999999993 0.2999999999999971 0.0 0.0 
2.3980817331903343e-15 0.6999999999999998 1.0 1.0 0.9999999999999998 0.9999999999999976 0.9999999999999973 0.4999999999999969 0.0 0.0 0.0 0.0 0.5000000000000022 0.9999999999999981 1.0 1.0 1.0 1.0 0.6999999999999922 0.0 
0.8999999999999986 1.0 1.0 1.0 0.8999999999999995 0.09999999999999876 0.0 0.0 0.0 0.0 0.0 0.0 0.0 0.1800000000000019 0.6400000000000001 0.9600000000000021 1.0 1.0 0.819999999999996 0.3599999999999985 
0.8999999999999986 1.0 1.0 1.0 0.8999999999999995 0.09999999999999876 0.0 0.0 0.0 0.0 0.0 0.0 0.0 0.0 0.10000000000000497 0.9000000000000057 1.0 1.0 1.0 0.8999999999999915 
0.8999999999999986 1.0 1.0 0.9399999999999992 0.719999999999997 0.07999999999999872 0.0 0.0 0.0 0.0 0.0 0.0 0.0 0.0 0.10000000000000497 0.9000000000000057 1.0 1.0 1.0 0.8999999999999915 
0.8999999999999986 1.0 1.0 0.7000000000000002 0.0 0.0 0.0 0.0 0.0 0.0 0.0 0.0 0.0 0.0 0.10000000000000497 0.9000000000000057 1.0 1.0 1.0 0.8999999999999915 
0.8999999999999986 1.0 1.0 0.7000000000000002 0.0 0.0 0.0 0.0 0.0 0.0 0.0 0.0 0.0 0.0 0.10000000000000497 0.9000000000000057 1.0 1.0 1.0 0.8999999999999915 
0.8999999999999986 1.0 1.0 0.7000000000000002 0.0 0.0 0.0 0.0 0.0 0.0 0.0 0.0 0.0 0.0 0.10000000000000497 0.9000000000000057 1.0 1.0 1.0 0.8999999999999915 
0.8999999999999986 1.0 1.0 0.9400000000000008 0.7200000000000019 0.07999999999999925 0.0 0.0 0.0 0.0 0.0 0.0 0.0 0.0 0.10000000000000497 0.9000000000000057 1.0 1.0 1.0 0.8999999999999915 
0.8999999999999986 1.0 1.0 0.7000000000000002 0.0 0.0 0.0 0.0 0.0 0.0 0.0 0.0 0.0 0.0 0.10000000000000497 0.9000000000000057 1.0 1.0 1.0 0.8999999999999915 
0.8999999999999986 1.0 1.0 0.7000000000000002 0.0 0.0 0.0 0.0 0.0 0.0 0.0 0.0 0.0 0.0 0.10000000000000497 0.9000000000000057 1.0 1.0 1.0 0.8999999999999915 
0.8999999999999986 1.0 1.0 0.7000000000000002 0.0 0.0 0.0 0.0 0.0 0.0 0.0 0.0 0.0 0.0 0.10000000000000497 0.9000000000000057 1.0 1.0 1.0 0.8999999999999915 
0.8999999999999986 1.0 1.0 0.8200000000000007 0.3600000000000017 0.039999999999999716 0.0 0.0 0.0 0.0 0.0 0.0 0.0 0.0 0.10000000000000497 0.9000000000000057 1.0 1.0 1.0 0.8999999999999915 
0.8999999999999986 1.0 1.0 1.0 0.8999999999999995 0.09999999999999876 0.0 0.0 0.0 0.0 0.0 0.0 0.0 0.0 0.10000000000000497 0.9000000000000057 1.0 1.0 1.0 0.8999999999999915 
0.8999999999999986 1.0 1.0 1.0 0.8999999999999995 0.09999999999999876 0.0 0.0 0.0 0.0 0.0 0.0 0.0 0.0 0.10000000000000497 0.9000000000000057 1.0 1.0 0.9399999999999976 0.7199999999999906 
0.35999999999999815 0.819999999999999 1.0 1.0 0.96 0.6400000000000008 0.1799999999999998 0.0 0.0 0.0 0.0 0.0 0.0 0.180000000000003 0.6400000000000032 0.9600000000000024 1.0 1.0 0.6999999999999922 0.0 
0.0 0.6999999999999991 1.0 1.0 1.0 1.0 1.0 1.0 0.6999999999999975 0.0 0.0 0.7000000000000046 1.0 1.0 1.0 1.0 1.0 0.4999999999999929 0.0 0.0 
0.0 0.0 0.29999999999999866 0.7199999999999984 1.0 1.0 1.0 1.0 1.0 1.0 1.0 1.0 1.0 1.0 0.9599999999999977 0.6399999999999958 0.17999999999999552 0.0 0.0 0.0 
0.0 0.0 0.0 0.05999999999999975 0.1999999999999993 0.1999999999999993 0.7600000000000007 1.0 1.0 1.0 1.0 1.0 0.5999999999999968 0.1999999999999993 0.17999999999999836 0.019999999999998793 0.0 0.0 0.0 0.0 
