0.0 0.9249999999999943 1.0 1.0 1.0 1.0 1.0 1.0 1.0 1.0 1.0 1.0 1.0 1.0 1.0 1.0 1.0 1.0 1.0 0.975000000000005 
0.0 0.9249999999999943 1.0 1.0 1.0 1.0 1.0 1.0 1.0 1.0 1.0 1.0 1.0 1.0 1.0 1.0 1.0 1.0 1.0 0.975000000000005 
0.0 9.447997939560023e-15 1.021405182655144e-14 1.021405182655144e-14 1.021405182655144e-14 1.021405182655144e-14 1.021405182655144e-14 1.021405182655144e-14 1.021405182655144e-14 1.021405182655144e-14 1.021405182655144e-14 1.021405182655144e-14 1.021405182655144e-14 0.32500000000000084 1.0 1.0 1.0 1.0 1.0 0.975000000000005 
0.0 0.0 0.0 0.0 0.0 0.0 0.0 0.0 0.0 0.0 0.0 0.0 0.0 0.0 0.27499999999999325 1.0 1.0 1.0 0.9400000000000069 0.19500000000000983 
0.0 0.0 0.0 0.0 0.0 0.0 0.0 0.0 0.0 0.0 0.0 0.0 0.0 0.32499999999999396 1.0 1.0 1.0 0.9250000000000053 0.3700000000000109 0.0 
0.0 0.0 0.0 0.0 0.0 0.0 0.0 0.0 0.0 0.0 0.0 0.0 0.3749999999999929 1.0 1.0 1.0 0.8250000000000064 0.0 0.0 0.0 
0.0 0.0 0.0 0.0 0.0 0.0 0.0 0.0 0.0 0.0 0.0 0.4249999999999936 1.0 1.0 1.0 0.7750000000000057 0.0 0.0 0.0 0.0 
0.0 0.0 0.0 0.0 0.0 0.0 0.0 0.0 0.0 0.0 0.47499999999999176 0.9999999999999969 1.0 1.0 0.7250000000000082 4.130029651605613e-15 0.0 0.0 0.0 0.0 
0.0 0.0 0.0 0.0 0.0 0.0 0.0 0.0 0.0 0.41999999999999216 0.8949999999999965 1.0 1.0 0.7400000000000063 0.1450000000000047 0.0 0.0 0.0 0.0 0.0 
0.0 0.0 0.0 0.0 0.0 0.0 0.0 0.0 0.34499999999999514 0.8099999999999963 1.0 1.0 0.775000000000005 0.27000000000000385 0.0 0.0 0.0 0.0 0.0 0.0 
0.0 0.0 0.0 0.0 0.0 0.0 0.0 0.2499999999999966 0.7449999999999958 1.0 1.0 0.8300000000000032 0.37500000000000516 0.0 0.0 0.0 0.0 0.0 0.0 0.0 
0.0 0.0 0.0 0.0 0.0 0.0 0.6749999999999936 1.0 1.0 1.0 0.9050000000000015 0.4600000000000055 0.0 0.0 0.0 0.0 0.0 0.0 0.0 0.0 
0.0 0.0 0.0 0.0 0.0 0.7249999999999943 1.0 1.0 1.0 1.0 0.5250000000000057 0.0 0.0 0.0 0.0 0.0 0.0 0.0 0.0 0.0 
0.0 0.0 0.0 0.0 0.6199999999999959 0.9449999999999991 1.0 1.0 1.0 0.47500000000000675 0.0 0.0 0.0 0.0 0.0 0.0 0.0 0.0 0.0 0.0 
0.0 0.0 0.0 0.49499999999999755 0.9099999999999979 1.0 1.0 1.0 0.42500000000000604 0.0 0.0 0.0 0.0 0.0 0.0 0.0 0.0 0.0 0.0 0.0 
0.0 0.0 0.34999999999999953 0.8949999999999967 1.0 1.0 1.0 0.3750000000000062 0.0 0.0 0.0 0.0 0.0 0.0 0.0 0.0 0.0 0.0 0.0 0.0 
0.0 0.1850000000000015 0.8999999999999957 1.0 1.0 1.0 0.3250000000000064 0.0 0.0 0.0 0.0 0.0 0.0 0.0 0.0 0.0 0.0 0.0 0.0 0.0 
0.0 0.9249999999999943 1.0 1.0 1.0 1.0 0.3250000000000088 3.552713678800501e-15 3.552713678800501e-15 3.552713678800501e-15 3.552713678800501e-15 3.552713678800501e-15 3.552713678800501e-15 3.552713678800501e-15 3.552713678800501e-15 3.552713678800501e-15 3.552713678800501e-15 3.552713678800501e-15 3.552713678800501e-15 3.463895836830506e-15 
0.7800000000000066 0.9849999999999997 1.0 1.0 1.0 1.0 1.0 1.0 1.0 1.0 1.0 1.0 1.0 1.0 1.0 1.0 1.0 1.0 1.0 0.975000000000005 
0.3899999999999894 0.954999999999996 1.0 1.0 1.0 1.0 1.0 1.0 1.0 1.0 1.0 1.0 1.0 1.0 1.0 1.0 1.0 1.0 1.0 0.975000000000005 
