0.0 0.0 0.0 0.0 0.0 0.30812500000000625 0.8131250000000034 1.0 1.0 1.0 1.0 1.0 1.0 0.813125000000001 0.30812500000000476 0.0 0.0 0.0 0.0 0.0 
0.0 0.0 0.24062500000000772 0.8731250000000026 1.0 1.0 1.0 1.0 1.0 1.0 1.0 1.0 1.0 1.0 1.0 1.0 0.8731249999999997 0.24062500000000633 0.0 0.0 
0.0 0.1156250000000084 0.8906250000000024 1.0 1.0 1.0 0.9156249999999938 0.8749999999999911 0.3718749999999945 0.0 0.0 0.3718749999999984 0.8749999999999911 0.9156249999999944 1.0 1.0 1.0 0.8749999999999964 0.0 0.0 
0.0 0.9250000000000015 1.0 1.0 1.0 0.2931249999999924 0.008124999999997188 0.0 0.0 0.0 0.0 0.0 0.0 0.0081249999999973 0.2931249999999959 1.0 1.0 0.996875000000001 0.9018750000000051 0.0 
0.0 0.9250000000000015 1.0 1.0 1.0 0.2749999999999986 0.0 0.0 0.0 0.0 0.0 0.0 0.0 0.0 0.27500000000000213 1.0 1.0 1.0 0.9249999999999972 0.0 
0.31687499999999114 0.9493750000000003 1.0 1.0 0.2249999999999983 0.0 0.0 0.0 0.0 0.0 0.0 0.0 0.0 0.0 0.27500000000000213 1.0 1.0 1.0 0.9249999999999972 0.0 
0.4631249999999917 0.9606250000000001 1.0 1.0 0.6318750000000064 0.1443750000000018 0.0 0.0 0.0 0.0 0.0 0.0 0.0 0.0 0.27500000000000213 1.0 1.0 1.0 0.9249999999999972 0.0 
0.0 0.9250000000000016 1.0 1.0 1.0 0.5468750000000069 0.12187500000000287 0.0 0.0 0.0 0.0 0.0 0.0 0.12187500000000454 0.5468750000000091 1.0 1.0 0.9531249999999973 0.5781249999999883 0.0 
0.0 0.0 0.6781249999999922 0.9606249999999985 1.0 1.0 1.0 0.5156250000000051 0.2250000000000103 0.2250000000000103 0.2250000000000103 0.2250000000000103 0.5156250000000078 1.0 1.0 0.949374999999997 0.7749999999999897 0.6781249999999882 0.0 0.0 
0.0 0.0 0.0 0.0 0.7750000000000017 1.0 1.0 1.0 1.0 1.0 1.0 1.0 1.0 1.0 1.0 0.7749999999999968 0.0 0.0 0.0 0.0 
0.0 0.0 0.0 0.7631250000000108 0.9831250000000027 1.0 1.0 1.0 1.0 1.0 1.0 1.0 1.0 1.0 1.0 0.9831250000000024 0.763125000000007 0.0 0.0 0.0 
0.0 0.716875000000013 0.9718750000000019 1.0 1.0 0.43812499999998966 0.07312499999999549 0.0 0.0 0.0 0.0 0.0 0.0 0.07312499999999648 0.4381249999999924 1.0 1.0 0.9718750000000008 0.7168750000000096 0.0 
0.6093750000000113 0.9718750000000014 1.0 1.0 0.5156249999999907 0.10312499999999654 0.0 0.0 0.0 0.0 0.0 0.0 0.0 0.0 0.10312499999999787 0.5156249999999938 1.0 1.0 0.9249999999999972 0.0 
0.9750000000000014 1.0 1.0 1.0 0.2249999999999983 0.0 0.0 0.0 0.0 0.0 0.0 0.0 0.0 0.0 0.0 0.2250000000000032 1.0 1.0 1.0 0.9749999999999979 
0.9750000000000014 1.0 1.0 1.0 0.2249999999999983 0.0 0.0 0.0 0.0 0.0 0.0 0.0 0.0 0.0 0.0 0.2250000000000032 1.0 1.0 0.9756249999999981 0.6581249999999854 
0.9750000000000014 1.0 1.0 1.0 0.2249999999999983 0.0 0.0 0.0 0.0 0.0 0.0 0.0 0.0 0.0 0.0481250000000035 0.3606250000000114 1.0 1.0 0.9249999999999972 0.0 
0.0 0.9250000000000015 1.0 1.0 1.0 0.2749999999999986 0.0 0.0 0.0 0.0 0.0 0.0 0.0 0.008125000000004228 0.29312500000001135 1.0 1.0 1.0 0.9249999999999972 0.0 
0.0 0.11562499999998704 0.8906249999999996 1.0 1.0 0.9093750000000101 0.8750000000000142 0.3281250000000038 0.0 0.0 0.0 0.0 0.3281250000000069 0.9156250000000099 1.0 1.0 1.0 0.8906249999999951 0.1156249999999865 0.0 
0.0 0.0 0.24062499999999296 0.8731249999999996 1.0 1.0 1.0 1.0 1.0 1.0 1.0 1.0 1.0 1.0 1.0 0.8368749999999958 0.22687499999999228 0.0 0.0 0.0 
0.0 0.0 0.0 0.0 0.0 0.3081249999999882 0.42499999999998295 0.42499999999998295 0.7556249999999939 1.0 1.0 0.7556249999999913 0.42499999999998295 0.42499999999998295 0.3081249999999867 0.0 0.0 0.0 0.0 0.0 
