0.0 0.8500000000000021 1.0 1.0 1.0 0.7412499999999955 0.6262499999999972 1.0 0.9137499999999973 0.4249999999999936 0.4249999999999936 0.4249999999999936 0.4249999999999936 0.4249999999999936 0.4249999999999936 0.6837499999999981 0.798749999999995 0.5687499999999972 0.9137499999999958 0.4037499999999921 
0.0 0.8500000000000021 1.0 1.0 1.0 1.0 1.0 1.0 1.0 1.0 1.0 1.0 1.0 1.0 1.0 1.0 1.0 1.0 1.0 0.9499999999999957 
0.0 0.8500000000000021 1.0 1.0 1.0 0.9437500000000024 0.8750000000000062 0.8750000000000062 0.8750000000000062 0.8750000000000062 0.8750000000000062 0.8750000000000062 0.8750000000000062 0.8750000000000062 0.8750000000000062 0.8750000000000062 0.8750000000000062 0.8750000000000062 0.8750000000000062 0.8312500000000022 
0.0 0.8500000000000021 1.0 1.0 0.4637500000000007 0.013750000000003055 0.0 0.0 0.0 0.0 0.0 0.0 0.0 0.0 0.0 0.0 0.0 0.0 0.0 0.0 
0.0 0.8500000000000021 1.0 1.0 0.4499999999999975 0.0 0.0 0.0 0.0 0.0 0.0 0.0 0.0 0.0 0.0 0.0 0.0 0.0 0.0 0.0 
0.0 0.8500000000000021 1.0 1.0 0.4499999999999975 0.0 0.0 0.0 0.0 0.0 0.0 0.0 0.0 0.0 0.0 0.0 0.0 0.0 0.0 0.0 
0.0 0.8500000000000021 1.0 1.0 0.738749999999996 0.2887499999999958 0.0 0.13125000000000014 0.524999999999995 0.524999999999995 0.524999999999995 0.524999999999995 0.524999999999995 0.524999999999995 0.23624999999999552 0.0 0.0 0.0 0.0 0.0 
0.0 0.8500000000000021 1.0 1.0 1.0 1.0 1.0 1.0 1.0 1.0 1.0 1.0 1.0 1.0 1.0 1.0 0.781249999999995 0.28124999999999467 0.0 0.0 
0.0 0.8500000000000021 1.0 1.0 1.0 1.0 0.9212500000000015 0.7750000000000057 0.6587500000000025 0.0 0.0 0.0 0.581250000000007 0.7750000000000057 0.8987500000000035 1.0 1.0 1.0 0.8499999999999943 0.0 
0.0 0.7862500000000056 0.9250000000000043 0.9250000000000043 0.9250000000000043 0.5087499999999997 0.0 0.0 0.0 0.0 0.0 0.0 0.0 0.0 0.0 0.45000000000000284 1.0 1.0 1.0 0.9499999999999957 
0.0 0.0 0.0 0.0 0.0 0.0 0.0 0.0 0.0 0.0 0.0 0.0 0.0 0.0 0.0 0.03375000000000309 0.39875000000000876 1.0 1.0 0.9499999999999957 
0.0 0.0 0.0 0.0 0.0 0.0 0.0 0.0 0.0 0.0 0.0 0.0 0.0 0.0 0.0 0.0 0.350000000000005 1.0 1.0 0.9499999999999957 
0.0 0.0 0.0 0.0 0.0 0.0 0.0 0.0 0.0 0.0 0.0 0.0 0.0 0.0 0.0 0.0 0.350000000000005 1.0 1.0 0.9499999999999957 
0.0 0.0 0.0 0.0 0.0 0.0 0.0 0.0 0.0 0.0 0.0 0.0 0.0 0.0 0.0 0.0 0.350000000000005 1.0 1.0 0.9499999999999957 
0.3087499999999966 0.32499999999999574 0.8312500000000005 0.5612499999999958 0.14624999999999727 0.0 0.0 0.0 0.0 0.0 0.0 0.0 0.0 0.0 0.0 0.0 0.350000000000005 1.0 1.0 0.9499999999999957 
0.950000000000002 1.0 1.0 1.0 0.4499999999999975 0.0 0.0 0.0 0.0 0.0 0.0 0.0 0.0 0.0 0.0 0.07874999999999761 0.46374999999999994 1.0 1.0 0.9499999999999957 
0.9262500000000067 0.9962500000000007 1.0 1.0 0.46374999999999483 0.013749999999997193 0.0 0.0 0.0 0.0 0.0 0.0 0.0 0.0 0.01374999999999737 0.46375000000000005 1.0 1.0 0.9962500000000006 0.9262500000000006 
0.0 0.8500000000000021 1.0 1.0 1.0 0.9437499999999981 0.5687499999999956 0.0 0.0 0.0 0.0 0.0 0.0 0.5687499999999995 0.943749999999999 1.0 1.0 1.0 0.8499999999999943 0.0 
0.0 0.0 0.20625000000000487 0.7462500000000035 1.0 1.0 1.0 1.0 1.0 1.0 1.0 1.0 1.0 1.0 1.0 1.0 0.7462499999999983 0.2062500000000033 0.0 0.0 
0.0 0.0 0.0 0.0 0.0 0.19125000000000633 0.42500000000001137 0.5687500000000101 1.0 1.0 1.0 1.0 0.5687500000000065 0.42500000000001137 0.42500000000001137 0.23375000000000504 0.0 0.0 0.0 0.0 
