0.8500000000000023 1.0 1.0 1.0 1.0 1.0 1.0 1.0 1.0 1.0 1.0 1.0 1.0 1.0 1.0 1.0 1.0 1.0 1.0 0.8500000000000085 
0.8500000000000023 1.0 1.0 1.0 1.0 1.0 1.0 1.0 1.0 1.0 1.0 1.0 1.0 1.0 1.0 1.0 1.0 1.0 1.0 0.8500000000000085 
0.8500000000000023 1.0 1.0 1.0 1.0 0.6500000000000009 4.440892098500626e-16 4.440892098500626e-16 4.440892098500626e-16 4.440892098500626e-16 4.440892098500626e-16 4.440892098500626e-16 4.440892098500626e-16 4.440892098500626e-16 4.440892098500626e-16 4.440892098500626e-16 4.440892098500626e-16 4.440892098500626e-16 4.440892098500626e-16 3.77475828372557e-16 
0.8500000000000023 1.0 1.0 1.0 1.0 0.6500000000000008 0.0 0.0 0.0 0.0 0.0 0.0 0.0 0.0 0.0 0.0 0.0 0.0 0.0 0.0 
0.8500000000000023 1.0 1.0 1.0 1.0 0.6500000000000008 0.0 0.0 0.0 0.0 0.0 0.0 0.0 0.0 0.0 0.0 0.0 0.0 0.0 0.0 
0.8500000000000023 1.0 1.0 1.0 1.0 0.6500000000000008 0.0 0.0 0.0 0.0 0.0 0.0 0.0 0.0 0.0 0.0 0.0 0.0 0.0 0.0 
0.8500000000000023 1.0 1.0 1.0 1.0 0.6500000000000008 0.0 0.0 0.0 0.0 0.0 0.0 0.0 0.0 0.0 0.0 0.0 0.0 0.0 0.0 
0.8500000000000023 1.0 1.0 1.0 1.0 0.6500000000000008 0.0 0.0 0.0 0.0 0.0 0.0 0.0 0.0 0.0 0.0 0.0 0.0 0.0 0.0 
0.8500000000000023 1.0 1.0 1.0 1.0 0.7900000000000006 0.40000000000000036 0.40000000000000036 0.40000000000000036 0.40000000000000036 0.40000000000000036 0.40000000000000036 0.40000000000000036 0.40000000000000036 0.14000000000000212 0.0 0.0 0.0 0.0 0.0 
0.8500000000000023 1.0 1.0 1.0 1.0 1.0 1.0 1.0 1.0 1.0 1.0 1.0 1.0 1.0 0.350000000000005 0.0 0.0 0.0 0.0 0.0 
0.8500000000000023 1.0 1.0 1.0 1.0 0.9299999999999998 0.7999999999999989 0.7999999999999989 0.7999999999999989 0.7999999999999989 0.7999999999999989 0.7999999999999989 0.7999999999999989 0.7999999999999989 0.7999999999999989 0.5200000000000039 0.0 0.0 0.0 0.0 
0.8500000000000023 1.0 1.0 1.0 1.0 0.6500000000000008 0.0 0.0 0.0 0.0 0.0 0.0 0.0 0.0 0.0 0.0 0.0 0.0 0.0 0.0 
0.8500000000000023 1.0 1.0 1.0 0.3500000000000001 0.0 0.0 0.0 0.0 0.0 0.0 0.0 0.0 0.0 0.0 0.0 0.0 0.0 0.0 0.0 
0.8500000000000023 1.0 1.0 1.0 0.3500000000000001 0.0 0.0 0.0 0.0 0.0 0.0 0.0 0.0 0.0 0.0 0.0 0.0 0.0 0.0 0.0 
0.8500000000000023 1.0 1.0 1.0 0.3500000000000001 0.0 0.0 0.0 0.0 0.0 0.0 0.0 0.0 0.0 0.0 0.0 0.0 0.0 0.0 0.0 
0.8500000000000023 1.0 1.0 1.0 0.4800000000000019 0.130000000000002 0.0 0.0 0.0 0.0 0.0 0.0 0.0 0.0 0.0 0.0 0.0 0.0 0.0 0.0 
0.8500000000000023 1.0 1.0 1.0 1.0 0.6500000000000008 0.0 0.0 0.0 0.0 0.0 0.0 0.0 0.0 0.0 0.0 0.0 0.0 0.0 0.0 
0.8500000000000023 1.0 1.0 1.0 1.0 1.0 1.0 1.0 1.0 1.0 1.0 1.0 1.0 1.0 1.0 1.0 1.0 1.0 0.5500000000000078 0.0 
0.8500000000000023 1.0 1.0 1.0 1.0 1.0 1.0 1.0 1.0 1.0 1.0 1.0 1.0 1.0 1.0 1.0 1.0 1.0 1.0 0.8500000000000085 
0.8500000000000023 1.0 1.0 1.0 0.4799999999999996 0.1999999999999993 0.1999999999999993 0.1999999999999993 0.1999999999999993 0.1999999999999993 0.1999999999999993 0.1999999999999993 0.1999999999999993 0.1999999999999993 0.1999999999999993 0.1999999999999993 0.1999999999999993 0.1999999999999993 0.1999999999999993 0.1700000000000011 
