0.7218750000000039 0.9343750000000014 1.0 1.0 1.0 1.0 1.0 1.0 1.0 1.0 1.0 1.0 1.0 1.0 1.0 1.0 1.0 1.0 1.0 0.875 
0.0 0.6250000000000017 1.0 1.0 1.0 1.0 1.0 1.0 1.0 1.0 1.0 1.0 1.0 1.0 1.0 1.0 1.0 1.0 1.0 0.875 
0.0 0.6250000000000017 1.0 1.0 1.0 0.45312499999999967 0.12500000000000133 0.12500000000000133 0.12500000000000133 0.12500000000000133 0.12500000000000133 0.12500000000000133 0.12500000000000133 0.12500000000000133 0.12500000000000133 0.12500000000000133 0.12500000000000133 0.12500000000000133 0.12500000000000133 0.10937500000000117 
0.0 0.6250000000000017 1.0 1.0 1.0 0.37499999999999867 0.0 0.0 0.0 0.0 0.0 0.0 0.0 0.0 0.0 0.0 0.0 0.0 0.0 0.0 
0.0 0.6250000000000017 1.0 1.0 1.0 0.37499999999999867 0.0 0.0 0.0 0.0 0.0 0.0 0.0 0.0 0.0 0.0 0.0 0.0 0.0 0.0 
0.0 0.6250000000000017 1.0 1.0 1.0 0.37499999999999867 0.0 0.0 0.0 0.0 0.0 0.0 0.0 0.0 0.0 0.0 0.0 0.0 0.0 0.0 
0.24062500000000236 0.728125000000002 1.0 1.0 1.0 0.37499999999999867 0.0 0.0 0.0 0.0 0.0 0.0 0.0 0.0 0.0 0.0 0.0 0.0 0.0 0.0 
0.8750000000000018 1.0 1.0 1.0 1.0 0.37499999999999867 0.0 0.0 0.0 0.0 0.0 0.0 0.0 0.0 0.0 0.0 0.0 0.0 0.0 0.0 
0.8750000000000018 1.0 1.0 1.0 1.0 0.37499999999999867 0.0 0.0 0.0 0.0 0.0 0.0 0.0 0.0 0.0 0.0 0.0 0.0 0.0 0.0 
0.8750000000000018 1.0 1.0 1.0 1.0 1.0 1.0 1.0 1.0 1.0 1.0 1.0 1.0 1.0 0.625 0.0 0.0 0.0 0.0 0.0 
0.8750000000000018 1.0 1.0 1.0 1.0 1.0 1.0 1.0 1.0 1.0 1.0 1.0 1.0 1.0 0.625 0.0 0.0 0.0 0.0 0.0 
0.8750000000000018 1.0 1.0 1.0 1.0 0.37499999999999867 0.0 0.0 0.0 0.0 0.0 0.0 0.0 0.0 0.0 0.0 0.0 0.0 0.0 0.0 
0.8750000000000018 1.0 1.0 1.0 1.0 0.37499999999999867 0.0 0.0 0.0 0.0 0.0 0.0 0.0 0.0 0.0 0.0 0.0 0.0 0.0 0.0 
0.8750000000000018 1.0 1.0 1.0 1.0 0.37499999999999867 0.0 0.0 0.0 0.0 0.0 0.0 0.0 0.0 0.0 0.0 0.0 0.0 0.0 0.0 
0.8750000000000018 1.0 1.0 1.0 1.0 0.37499999999999867 0.0 0.0 0.0 0.0 0.0 0.0 0.0 0.0 0.0 0.0 0.0 0.0 0.0 0.0 
0.8750000000000018 1.0 1.0 1.0 1.0 0.37499999999999867 0.0 0.0 0.0 0.0 0.0 0.0 0.0 0.0 0.0 0.0 0.0 0.0 0.0 0.0 
0.8750000000000018 1.0 1.0 1.0 1.0 0.37499999999999867 0.0 0.0 0.0 0.0 0.0 0.0 0.0 0.0 0.0 0.0 0.0 0.0 0.0 0.0 
0.8750000000000018 1.0 1.0 1.0 1.0 0.4531250000000055 0.12500000000001066 0.12500000000001066 0.12500000000001066 0.12500000000001066 0.12500000000001066 0.12500000000001066 0.12500000000001066 0.12500000000001066 0.12500000000001066 0.12500000000001066 0.12500000000001066 0.12500000000001066 0.07812500000000666 0.0 
0.8750000000000018 1.0 1.0 1.0 1.0 1.0 1.0 1.0 1.0 1.0 1.0 1.0 1.0 1.0 1.0 1.0 1.0 1.0 0.625 0.0 
0.8750000000000018 1.0 1.0 1.0 1.0 1.0 1.0 1.0 1.0 1.0 1.0 1.0 1.0 1.0 1.0 1.0 1.0 1.0 0.625 0.0 
