0.5499999999999936 0.6512499999999938 0.8312499999999989 0.5499999999999936 0.5499999999999936 0.5499999999999936 0.5499999999999936 0.5499999999999936 0.5499999999999936 0.5499999999999936 0.5499999999999936 0.5499999999999936 0.5499999999999936 0.5499999999999936 0.5499999999999936 0.5499999999999936 0.5499999999999936 0.5499999999999936 0.5499999999999936 0.5499999999999936 
1.0 1.0 1.0 1.0 1.0 1.0 1.0 1.0 1.0 1.0 1.0 1.0 1.0 1.0 1.0 1.0 1.0 1.0 1.0 0.3987500000000119 
0.25000000000000533 0.25000000000000533 0.25000000000000533 0.25000000000000533 0.25000000000000533 0.25000000000000533 0.25000000000000533 0.25000000000000533 0.25000000000000533 0.25000000000000533 0.25000000000000533 0.25000000000000533 0.25000000000000533 0.26875000000000016 1.0 1.0 1.0 1.0 1.0 0.07500000000000995 
0.0 0.0 0.0 0.0 0.0 0.0 0.0 0.0 0.0 0.0 0.0 0.0 0.0 0.02499999999999325 1.0 1.0 1.0 1.0 0.34125000000001093 0.011250000000001852 
0.0 0.0 0.0 0.0 0.0 0.0 0.0 0.0 0.0 0.0 0.0 0.0 0.0 0.9512499999999955 1.0 1.0 1.0 0.40625000000000944 0.011250000000001386 0.0 
0.0 0.0 0.0 0.0 0.0 0.0 0.0 0.0 0.0 0.0 0.0 0.0 0.8749999999999947 1.0 1.0 1.0 0.5250000000000057 0.0 0.0 0.0 
0.0 0.0 0.0 0.0 0.0 0.0 0.0 0.0 0.0 0.0 0.0 0.7249999999999943 1.0 1.0 1.0 0.6750000000000043 0.0 0.0 0.0 0.0 
0.0 0.0 0.0 0.0 0.0 0.0 0.0 0.0 0.0 0.0 0.574999999999994 1.0 1.0 1.0 0.82500000000001 0.0 0.0 0.0 0.0 0.0 
0.0 0.0 0.0 0.0 0.0 0.0 0.0 0.0 0.0 0.14874999999999747 0.7237499999999952 1.0 1.0 0.9750000000000068 0.0 0.0 0.0 0.0 0.0 0.0 
0.0 0.0 0.0 0.0 0.0 0.0 0.0 0.0 0.274999999999995 1.0 1.0 1.0 1.0 0.5362500000000044 0.0 0.0 0.0 0.0 0.0 0.0 
0.0 0.0 0.0 0.0 0.0 0.0 0.0 0.06874999999999716 0.6737499999999983 1.0 1.0 1.0 0.5187500000000023 0.0 0.0 0.0 0.0 0.0 0.0 0.0 
0.0 0.0 0.0 0.0 0.0 0.0 0.0 0.6937499999999969 1.0 1.0 1.0 0.5287500000000047 0.043750000000002044 0.0 0.0 0.0 0.0 0.0 0.0 0.0 
0.0 0.0 0.0 0.0 0.0 0.0 0.7312499999999971 1.0 1.0 1.0 0.5687500000000045 0.06875000000000142 0.0 0.0 0.0 0.0 0.0 0.0 0.0 0.0 
0.0 0.0 0.0 0.0 0.0 0.7012499999999976 0.9962499999999994 1.0 1.0 0.6387500000000033 0.0637500000000003 0.0 0.0 0.0 0.0 0.0 0.0 0.0 0.0 0.0 
0.0 0.0 0.0 0.0 0.641249999999996 0.9912499999999996 1.0 1.0 0.7387500000000049 0.02875000000000064 0.0 0.0 0.0 0.0 0.0 0.0 0.0 0.0 0.0 0.0 
0.0 0.0 0.0 0.5249999999999968 1.0 1.0 1.0 0.8750000000000053 0.0 0.0 0.0 0.0 0.0 0.0 0.0 0.0 0.0 0.0 0.0 0.0 
0.0 0.0 0.3749999999999969 1.0 1.0 1.0 1.0 0.0 0.0 0.0 0.0 0.0 0.0 0.0 0.0 0.0 0.0 0.0 0.0 0.0 
0.0 0.2249999999999972 1.0 1.0 1.0 1.0 0.025000000000003908 0.0 0.0 0.0 0.0 0.0 0.0 0.0 0.0 0.0 0.0 0.0 0.0 0.0 
0.07499999999999751 1.0 1.0 1.0 1.0 0.17500000000000426 0.0 0.0 0.0 0.0 0.0 0.0 0.0 0.0 0.0 0.0 0.0 0.0 0.0 0.0 
1.0 1.0 1.0 1.0 0.32500000000000373 0.0 0.0 0.0 0.0 0.0 0.0 0.0 0.0 0.0 0.0 0.0 0.0 0.0 0.0 0.0 
