0.0 0.0 0.0 0.0 0.0 0.7631249999999923 0.8731249999999925 1.0 1.0 1.0 1.0 1.0 0.9343749999999945 0.8249999999999886 0.7631249999999842 0.0 0.0 0.0 0.0 0.0 
0.0 0.0 0.0 0.5931249999999934 1.0 1.0 1.0 1.0 1.0 1.0 1.0 1.0 1.0 1.0 1.0 1.0 0.5931249999999872 0.0 0.0 0.0 
0.0 0.5250000000000012 1.0 1.0 1.0 1.0 0.965625000000002 0.8750000000000089 0.02187499999999587 0.0 0.0 0.021875000000005196 0.9218750000000064 1.0 1.0 1.0 1.0 1.0 0.5249999999999879 0.0 
0.1750000000000007 1.0 1.0 1.0 1.0 1.0 0.0 0.0 0.0 0.0 0.0 0.0 0.0 0.0 1.0 1.0 1.0 1.0 1.0 0.17499999999999005 
1.0 1.0 1.0 1.0 1.0 0.07499999999999662 0.0 0.0 0.0 0.0 0.0 0.0 0.0 0.0 0.0750000000000064 1.0 1.0 1.0 1.0 0.17499999999999005 
0.0 0.0 0.0 0.0 0.0 0.0 0.0 0.0 0.0 0.0 0.0 0.0 0.0 0.0 0.0750000000000064 1.0 1.0 1.0 1.0 0.2368749999999873 
0.0 0.0 0.0 0.0 0.0 0.0 0.0 0.0 0.0 0.0 0.0 0.0 0.0 0.0 0.0750000000000064 1.0 1.0 1.0 1.0 0.17499999999999005 
0.0 0.0 0.0 0.0 0.0 0.0 0.0 0.0 0.0 0.0 0.0 0.0 0.0 0.27187500000000064 1.0 1.0 1.0 1.0 0.8218749999999971 0.10937499999999441 
0.0 0.0 0.0 0.0 0.0 0.0 0.0 0.6250000000000036 1.0 1.0 1.0 1.0 1.0 1.0 1.0 1.0 1.0 0.8531249999999908 0.0 0.0 
0.0 0.0 0.0 0.0 0.0 0.0 0.0 0.6250000000000036 1.0 1.0 1.0 1.0 1.0 1.0 1.0 1.0 0.22499999999999076 0.0 0.0 0.0 
0.0 0.0 0.0 0.0 0.0 0.0 0.0 0.4218750000000006 0.6749999999999972 0.6749999999999972 0.6749999999999972 0.6831249999999991 1.0 1.0 1.0 1.0 1.0 0.32500000000000284 0.17062499999999756 0.0 
0.0 0.0 0.0 0.0 0.0 0.0 0.0 0.0 0.0 0.0 0.0 0.0 0.0 0.018124999999999183 1.0 1.0 1.0 1.0 0.9881250000000004 0.17062499999999056 
0.0 0.0 0.0 0.0 0.0 0.0 0.0 0.0 0.0 0.0 0.0 0.0 0.0 0.0 0.028125000000002398 0.6406250000000049 1.0 1.0 1.0 1.0 
0.0 0.0 0.0 0.0 0.0 0.0 0.0 0.0 0.0 0.0 0.0 0.0 0.0 0.0 0.0 0.4250000000000078 1.0 1.0 1.0 1.0 
1.0 1.0 1.0 0.9831250000000008 0.39312499999999917 0.0 0.0 0.0 0.0 0.0 0.0 0.0 0.0 0.0 0.0 0.4250000000000078 1.0 1.0 1.0 1.0 
1.0 1.0 1.0 1.0 0.42499999999999716 0.0 0.0 0.0 0.0 0.0 0.0 0.0 0.0 0.0 0.0 0.4250000000000078 1.0 1.0 1.0 1.0 
0.1750000000000007 1.0 1.0 1.0 1.0 0.2831250000000053 0.0 0.0 0.0 0.0 0.0 0.0 0.0 0.0 0.28312500000001284 1.0 1.0 1.0 1.0 0.17499999999999005 
0.0 0.5250000000000012 1.0 1.0 1.0 1.0 0.9656250000000015 0.8750000000000071 0.021874999999995825 0.0 0.0 0.02187500000000515 0.8750000000000071 0.9656250000000031 1.0 1.0 1.0 1.0 0.5843749999999861 0.021874999999997514 
0.0 0.0 0.0 0.5931249999999912 1.0 1.0 1.0 1.0 1.0 1.0 1.0 1.0 1.0 1.0 1.0 1.0 0.5931249999999852 0.0 0.0 0.0 
0.0 0.0 0.0 0.0 0.0 0.0 0.8249999999999886 0.8249999999999886 0.8249999999999886 0.9431249999999952 0.8249999999999886 0.8249999999999886 0.8249999999999886 0.8249999999999886 0.0 0.0 0.0 0.0 0.0 0.0 
