0.0 0.0 0.0 0.0 0.0 0.271875000000007 0.725000000000005 0.725000000000005 1.0 1.0 1.0 1.0 0.725000000000005 0.725000000000005 0.27187499999999154 0.0 0.0 0.0 0.0 0.0 
0.0 0.0 0.10937500000000458 0.8968750000000062 1.0 1.0 1.0 0.8468749999999936 0.8249999999999944 0.8249999999999944 0.8249999999999944 0.8249999999999944 0.8468749999999969 1.0 1.0 1.0 0.896874999999989 0.10937500000000101 0.0 0.0 
0.0 0.23437500000000594 0.8593750000000047 1.0 0.9218749999999948 0.23437499999999345 0.0 0.0 0.0 0.0 0.0 0.0 0.0 0.0 0.23437500000000144 0.9218750000000081 1.0 1.0 0.7656249999999986 0.0781249999999919 
0.12500000000000533 1.0 1.0 1.0 0.0 0.0 0.0 0.0 0.0 0.0 0.0 0.0 0.0 0.0 0.0 0.0 0.9343749999999955 1.0 1.0 0.19062499999999244 
1.0 1.0 1.0 0.12499999999999334 0.0 0.0 0.0 0.0 0.0 0.0 0.0 0.0 0.0 0.0 0.0 0.0 0.1250000000000142 1.0 1.0 1.0 
1.0 1.0 1.0 0.12499999999999334 0.0 0.0 0.0 0.0 0.0 0.0 0.0 0.0 0.0 0.0 0.0 0.0 0.0 0.0 0.0 0.0 
1.0 1.0 1.0 0.12499999999999334 0.0 0.0 0.0 0.0 0.0 0.0 0.0 0.0 0.0 0.0 0.0 0.0 0.0 0.0 0.0 0.0 
1.0 1.0 1.0 0.12499999999999334 0.0 0.0 0.0 0.0 0.0 0.0 0.0 0.0 0.0 0.0 0.0 0.0 0.0 0.0 0.0 0.0 
1.0 1.0 1.0 0.12499999999999334 0.0 0.0 0.0 0.0 0.0 0.0 0.0 0.0 0.0 0.0 0.0 0.0 0.0 0.0 0.0 0.0 
1.0 1.0 1.0 0.12499999999999334 0.0 0.0 0.0 0.0 0.0 0.0 0.0 0.6781250000000163 0.7750000000000092 0.7750000000000092 0.7750000000000092 0.7750000000000092 0.7750000000000092 0.7750000000000092 0.7750000000000092 0.7750000000000092 
1.0 1.0 1.0 0.12499999999999334 0.0 0.0 0.0 0.0 0.0 0.0 0.0 0.6781249999999976 0.7749999999999879 0.7749999999999879 0.7749999999999879 0.7749999999999879 1.0 1.0 1.0 1.0 
1.0 1.0 1.0 0.12499999999999334 0.0 0.0 0.0 0.0 0.0 0.0 0.0 0.0 0.0 0.0 0.0 0.0 0.1250000000000142 1.0 1.0 1.0 
1.0 1.0 1.0 0.12499999999999334 0.0 0.0 0.0 0.0 0.0 0.0 0.0 0.0 0.0 0.0 0.0 0.0 0.1250000000000142 1.0 1.0 1.0 
1.0 1.0 1.0 0.12499999999999334 0.0 0.0 0.0 0.0 0.0 0.0 0.0 0.0 0.0 0.0 0.0 0.0 0.1250000000000142 1.0 1.0 1.0 
1.0 1.0 1.0 0.12499999999999334 0.0 0.0 0.0 0.0 0.0 0.0 0.0 0.0 0.0 0.0 0.0 0.0 0.1250000000000142 1.0 1.0 1.0 
0.5843749999999951 1.0 1.0 0.12499999999999334 0.0 0.0 0.0 0.0 0.0 0.0 0.0 0.0 0.0 0.0 0.0 0.0 0.1250000000000142 1.0 1.0 1.0 
0.12500000000000533 1.0 1.0 1.0 0.0 0.0 0.0 0.0 0.0 0.0 0.0 0.0 0.0 0.0 0.0 0.0 0.1250000000000142 1.0 1.0 1.0 
0.0 0.3750000000000058 1.0 1.0 0.9218749999999973 0.23437500000000622 0.0 0.0 0.0 0.0 0.0 0.0 0.0 0.0 0.0 0.32812500000001776 1.0 1.0 0.7656249999999858 0.07812499999998934 
0.0 0.0 0.10937499999999042 0.8968750000000034 1.0 1.0 1.0 0.8468750000000134 0.7218750000000076 0.0 0.0 0.0 0.825000000000017 0.8906250000000131 1.0 1.0 1.0 0.6249999999999858 0.0 0.0 
0.0 0.0 0.0 0.0 0.0 0.2718749999999977 0.7249999999999801 0.7249999999999801 1.0 1.0 1.0 1.0 0.7249999999999801 0.7249999999999801 0.7249999999999801 0.09062499999998722 0.0 0.0 0.0 0.0 
