0.0 0.0 0.0 0.0 0.09062500000000577 0.725000000000005 0.8968750000000041 1.0 1.0 1.0 1.0 1.0 0.9656249999999977 0.725000000000005 0.27187499999999154 0.0 0.0 0.0 0.0 0.0 
0.0 0.0 0.10937500000000458 0.8968750000000062 1.0 1.0 0.8906249999999951 0.8249999999999944 0.8249999999999944 0.5156249999999892 0.5156250000000038 0.8249999999999944 0.8468749999999969 1.0 1.0 1.0 0.896874999999989 0.10937500000000101 0.0 0.0 
0.07812500000000411 0.765625000000006 1.0 1.0 0.9218749999999948 0.23437499999999345 0.0 0.0 0.0 0.0 0.0 0.0 0.0 0.140625000000003 0.7656250000000066 1.0 1.0 0.859374999999997 0.23437499999999345 0.0 
0.19062500000001054 1.0 1.0 1.0 0.0 0.0 0.0 0.0 0.0 0.0 0.0 0.0 0.0 0.0 0.0 0.8093750000000075 1.0 1.0 1.0 0.12499999999998579 
1.0 1.0 1.0 0.12499999999999334 0.0 0.0 0.0 0.0 0.0 0.0 0.0 0.0 0.0 0.0 0.0 0.0 1.0 1.0 1.0 0.12499999999998579 
0.0 0.0 0.0 0.0 0.0 0.0 0.0 0.0 0.0 0.0 0.0 0.0 0.0 0.0 0.0 0.0 1.0 1.0 1.0 0.12499999999998579 
0.0 0.0 0.0 0.0 0.0 0.0 0.0 0.0 0.0 0.0 0.0 0.0 0.0 0.0 0.0 0.0 1.0 1.0 1.0 0.12499999999998579 
0.0 0.0 0.0 0.0 0.0 0.0 0.0 0.0 0.0 0.0 0.0 0.0 0.0 0.0 0.0 0.8750000000000142 1.0 1.0 0.3749999999999858 0.0 
0.0 0.0 0.0 0.0 0.0 0.0 0.0 0.0 0.0 0.0 0.0 0.28437500000001215 0.4093750000000159 1.0 1.0 1.0 0.5906249999999817 0.0 0.0 0.0 
0.0 0.0 0.0 0.0 0.0 0.0 0.0 0.0 1.0 1.0 1.0 1.0 1.0 1.0 1.0 0.12499999999998579 0.0 0.0 0.0 0.0 
0.0 0.0 0.0 0.0 0.0 0.0 0.0 0.0 0.0 0.0 0.0 0.6781249999999976 0.7749999999999879 0.8593749999999957 1.0 1.0 0.19687500000000738 0.0 0.0 0.0 
0.0 0.0 0.0 0.0 0.0 0.0 0.0 0.0 0.0 0.0 0.0 0.0 0.0 0.0 0.2031249999999975 0.9156250000000081 1.0 0.8781249999999996 0.25312499999999466 0.0 
0.0 0.0 0.0 0.0 0.0 0.0 0.0 0.0 0.0 0.0 0.0 0.0 0.0 0.0 0.0 0.0 1.0 1.0 1.0 0.2343749999999969 
0.0 0.0 0.0 0.0 0.0 0.0 0.0 0.0 0.0 0.0 0.0 0.0 0.0 0.0 0.0 0.0 0.1250000000000142 1.0 1.0 1.0 
0.025000000000019895 0.025000000000019895 0.025000000000019895 0.0031250000000023204 0.0 0.0 0.0 0.0 0.0 0.0 0.0 0.0 0.0 0.0 0.0 0.0 0.1250000000000142 1.0 1.0 1.0 
1.0 1.0 1.0 0.12499999999999334 0.0 0.0 0.0 0.0 0.0 0.0 0.0 0.0 0.0 0.0 0.0 0.0 0.5406250000000149 1.0 1.0 1.0 
1.0 1.0 1.0 0.12499999999999334 0.0 0.0 0.0 0.0 0.0 0.0 0.0 0.0 0.0 0.0 0.0 0.0 1.0 1.0 1.0 0.12499999999998579 
0.07812500000000155 0.7656249999999933 1.0 1.0 0.9218749999999973 0.23437500000000622 0.0 0.0 0.0 0.0 0.0 0.0 0.0 0.0 0.2343750000000142 0.9218750000000107 1.0 1.0 0.3749999999999858 0.0 
0.0 0.0 0.10937499999999042 0.8968750000000034 1.0 1.0 0.8906250000000092 0.825000000000017 0.7218750000000076 0.0 0.0 0.7218750000000237 0.8468750000000168 1.0 1.0 1.0 0.8968749999999861 0.10937499999998686 0.0 0.0 
0.0 0.0 0.0 0.0 0.0 0.2718749999999977 0.7249999999999801 0.7249999999999801 1.0 1.0 1.0 1.0 0.7249999999999801 0.7249999999999801 0.2718749999999822 0.0 0.0 0.0 0.0 0.0 
