1.0 1.0 1.0 1.0 1.0 1.0 1.0 1.0 1.0 1.0 1.0 1.0 1.0 1.0 1.0 1.0 1.0 1.0 1.0 0.12500000000001776 
0.8999999999999968 0.8999999999999968 0.8999999999999968 0.8999999999999968 0.8999999999999968 0.8999999999999968 0.8999999999999968 0.8999999999999968 0.8999999999999968 0.8999999999999968 0.8999999999999968 0.8999999999999968 0.8999999999999968 0.8999999999999968 0.9624999999999974 1.0 1.0 1.0 1.0 0.12500000000001776 
0.0 0.0 0.0 0.0 0.0 0.0 0.0 0.0 0.0 0.0 0.0 0.0 0.0 0.0 0.6249999999999858 1.0 1.0 1.0 0.6875000000000049 0.06250000000000844 
0.0 0.0 0.0 0.0 0.0 0.0 0.0 0.0 0.0 0.0 0.0 0.0 0.0 0.0 0.6249999999999858 1.0 1.0 0.6625000000000113 0.03749999999999996 0.0 
0.0 0.0 0.0 0.0 0.0 0.0 0.0 0.0 0.0 0.0 0.0 0.0 0.037499999999997334 0.5624999999999952 1.0 1.0 0.8750000000000142 0.0 0.0 0.0 
0.0 0.0 0.0 0.0 0.0 0.0 0.0 0.0 0.0 0.0 0.0 0.0 0.7375000000000008 1.0 1.0 1.0 0.0 0.0 0.0 0.0 
0.0 0.0 0.0 0.0 0.0 0.0 0.0 0.0 0.0 0.0 0.0 0.8749999999999893 1.0 1.0 0.3750000000000142 0.0 0.0 0.0 0.0 0.0 
0.0 0.0 0.0 0.0 0.0 0.0 0.0 0.0 0.0 0.0 0.6249999999999893 1.0 1.0 0.8125000000000027 0.18750000000000444 0.0 0.0 0.0 0.0 0.0 
0.0 0.0 0.0 0.0 0.0 0.0 0.0 0.0 0.0 0.37499999999998934 1.0 1.0 0.8750000000000107 0.0 0.0 0.0 0.0 0.0 0.0 0.0 
0.0 0.0 0.0 0.0 0.0 0.0 0.0 0.0 0.3874999999999963 1.0 1.0 1.0 0.0 0.0 0.0 0.0 0.0 0.0 0.0 0.0 
0.0 0.0 0.0 0.0 0.0 0.0 0.0 0.6124999999999982 1.0 1.0 1.0 0.12500000000001066 0.0 0.0 0.0 0.0 0.0 0.0 0.0 0.0 
0.0 0.0 0.0 0.0 0.0 0.0 0.624999999999992 1.0 1.0 0.9624999999999979 0.3375000000000064 0.0 0.0 0.0 0.0 0.0 0.0 0.0 0.0 0.0 
0.0 0.0 0.0 0.0 0.0 0.374999999999992 1.0 1.0 0.8750000000000107 0.0 0.0 0.0 0.0 0.0 0.0 0.0 0.0 0.0 0.0 0.0 
0.0 0.0 0.0 0.0 0.1249999999999929 1.0 1.0 1.0 0.0874999999999961 0.0 0.0 0.0 0.0 0.0 0.0 0.0 0.0 0.0 0.0 0.0 
0.0 0.0 0.0 0.26250000000000806 1.0 1.0 1.0 0.12500000000001066 0.0 0.0 0.0 0.0 0.0 0.0 0.0 0.0 0.0 0.0 0.0 0.0 
0.0 0.0 0.43750000000000216 0.9624999999999994 1.0 1.0 0.375000000000008 0.0 0.0 0.0 0.0 0.0 0.0 0.0 0.0 0.0 0.0 0.0 0.0 0.0 
0.0 0.3749999999999949 1.0 1.0 0.8750000000000071 0.0 0.0 0.0 0.0 0.0 0.0 0.0 0.0 0.0 0.0 0.0 0.0 0.0 0.0 0.0 
0.12499999999999556 1.0 1.0 1.0 0.8750000000000071 0.0 0.0 0.0 0.0 0.0 0.0 0.0 0.0 0.0 0.0 0.0 0.0 0.0 0.0 0.0 
1.0 1.0 1.0 1.0 1.0 0.9625000000000029 0.9000000000000057 0.9000000000000057 0.0 0.33749999999999253 0.33750000000001174 0.0 0.0 0.0 0.0 0.0 0.0 0.33749999999998936 0.3375000000000149 0.0 
0.7374999999999887 0.8874999999999973 0.6999999999999886 0.9624999999999967 1.0 1.0 1.0 1.0 1.0 1.0 1.0 1.0 1.0 1.0 1.0 1.0 1.0 1.0 1.0 1.0 
