0.0 0.1349999999999997 0.7249999999999996 1.0 1.0 0.9449999999999996 0.31499999999999917 0.0 0.0 0.0 0.0 0.0 0.0 0.0 0.0 1.0 1.0 1.0 1.0 1.0 
0.0 0.2999999999999998 1.0 1.0 1.0 1.0 0.8049999999999995 0.1749999999999992 0.0 0.0 0.0 0.0 0.0 0.0 0.9000000000000057 1.0 1.0 1.0 1.0 1.0 
0.0 0.2999999999999998 1.0 1.0 1.0 1.0 1.0 0.4999999999999982 0.0 0.0 0.0 0.0 0.0 0.17500000000000027 0.9250000000000043 1.0 1.0 1.0 1.0 0.09999999999999432 
0.0 0.2999999999999998 1.0 1.0 1.0 1.0 1.0 0.5749999999999986 0.04499999999999995 0.0 0.0 0.0 0.07500000000000044 0.745000000000001 1.0 1.0 1.0 1.0 1.0 0.09999999999999432 
0.0 0.2999999999999998 1.0 1.0 1.0 1.0 1.0 1.0 0.33499999999999946 0.005000000000000053 0.0 0.015000000000000338 0.525000000000002 1.0 1.0 1.0 1.0 1.0 1.0 0.09999999999999432 
0.0 0.2999999999999998 1.0 1.0 1.0 1.0 1.0 1.0 1.0 0.09999999999999964 0.0 0.3000000000000025 1.0 1.0 1.0 1.0 1.0 1.0 1.0 0.09999999999999432 
0.08499999999999984 0.895000000000001 1.0 1.0 1.0 1.0 1.0 1.0 1.0 1.0 1.0 1.0 1.0 1.0 1.0 1.0 1.0 1.0 1.0 0.09999999999999432 
0.09999999999999964 1.0 1.0 1.0 1.0 0.24999999999999822 0.4749999999999993 1.0 1.0 1.0 1.0 1.0 1.0 0.474999999999998 0.024999999999998402 0.32499999999999946 1.0 1.0 1.0 0.09999999999999432 
0.09999999999999964 1.0 1.0 1.0 0.09999999999999964 0.0 0.10499999999999961 0.675 1.0 1.0 1.0 1.0 0.6749999999999978 0.10499999999999898 0.0 0.10000000000000142 1.0 1.0 1.0 0.09999999999999432 
0.09999999999999964 1.0 1.0 1.0 0.09999999999999964 0.0 0.0 0.5000000000000018 1.0 1.0 1.0 0.8349999999999984 0.22499999999999884 0.0 0.0 0.10000000000000142 1.0 1.0 1.0 0.09999999999999432 
0.09999999999999964 1.0 1.0 1.0 0.09999999999999964 0.0 0.0 0.0 0.3849999999999986 0.5499999999999972 0.5499999999999972 0.3849999999999966 0.0 0.0 0.0 1.0 1.0 1.0 0.29999999999999716 0.0 
0.09999999999999964 1.0 1.0 1.0 0.09999999999999964 0.0 0.0 0.0 0.0 0.0 0.0 0.0 0.0 0.0 0.0 1.0 1.0 1.0 0.29999999999999716 0.0 
0.09999999999999964 1.0 1.0 1.0 0.09999999999999964 0.0 0.0 0.0 0.0 0.0 0.0 0.0 0.0 0.0 0.0 1.0 1.0 1.0 0.29999999999999716 0.0 
0.09999999999999964 1.0 1.0 1.0 0.09999999999999964 0.0 0.0 0.0 0.0 0.0 0.0 0.0 0.0 0.0 0.0 1.0 1.0 1.0 0.29999999999999716 0.0 
0.09999999999999964 1.0 1.0 0.964999999999997 0.09499999999999924 0.0 0.0 0.0 0.0 0.0 0.0 0.0 0.0 0.0 0.0 1.0 1.0 1.0 0.29999999999999716 0.0 
0.09999999999999964 1.0 1.0 0.2999999999999998 0.0 0.0 0.0 0.0 0.0 0.0 0.0 0.0 0.0 0.0 0.0 1.0 1.0 1.0 0.29999999999999716 0.0 
1.0 1.0 1.0 0.2999999999999998 0.0 0.0 0.0 0.0 0.0 0.0 0.0 0.0 0.0 0.0 0.0 1.0 1.0 1.0 0.29999999999999716 0.0 
1.0 1.0 1.0 0.2999999999999998 0.0 0.0 0.0 0.0 0.0 0.0 0.0 0.0 0.0 0.0 0.0 1.0 1.0 0.625 0.07499999999999929 0.0 
1.0 1.0 1.0 0.2999999999999998 0.0 0.0 0.0 0.0 0.0 0.0 0.0 0.0 0.0 0.0 0.5850000000000088 1.0 1.0 0.5 0.0 0.0 
1.0 1.0 1.0 0.2999999999999998 0.0 0.0 0.0 0.0 0.0 0.0 0.0 0.0 0.0 0.0 0.4049999999999923 0.44999999999998863 0.44999999999998863 0.22499999999999432 0.0 0.0 
