0.023749999999999744 0.475000000000005 0.475000000000005 0.475000000000005 0.2612500000000031 0.0 0.0 0.0 0.0 0.0 0.0 0.0 0.0 0.0 0.0 0.0 0.6499999999999986 1.0 1.0 1.0 
0.049999999999998934 1.0 1.0 1.0 0.5500000000000007 0.0 0.0 0.0 0.0 0.0 0.0 0.0 0.0 0.0 0.0 0.0 0.6499999999999986 1.0 1.0 1.0 
0.049999999999998934 1.0 1.0 1.0 0.5500000000000007 0.0 0.0 0.0 0.0 0.0 0.0 0.0 0.0 0.0 0.0 0.0 0.6499999999999986 1.0 1.0 1.0 
0.049999999999998934 1.0 1.0 1.0 0.5500000000000007 0.0 0.0 0.0 0.0 0.0 0.0 0.0 0.0 0.0 0.0 0.0 0.6499999999999986 1.0 1.0 1.0 
0.049999999999998934 1.0 1.0 1.0 0.5500000000000007 0.0 0.0 0.0 0.0 0.0 0.0 0.0 0.0 0.0 0.0 0.0 0.6499999999999986 1.0 1.0 1.0 
0.049999999999998934 1.0 1.0 1.0 0.5500000000000007 0.0 0.0 0.0 0.0 0.0 0.0 0.0 0.0 0.0 0.0 0.0 0.6499999999999986 1.0 1.0 1.0 
0.049999999999998934 1.0 1.0 1.0 0.5500000000000007 0.0 0.0 0.0 0.0 0.0 0.0 0.0 0.0 0.0 0.0 0.0 0.6499999999999986 1.0 1.0 1.0 
0.049999999999998934 1.0 1.0 1.0 0.5500000000000007 0.0 0.0 0.0 0.0 0.0 0.0 0.0 0.0 0.0 0.0 0.0 0.6499999999999986 1.0 1.0 1.0 
0.049999999999998934 1.0 1.0 1.0 0.5500000000000007 0.0 0.0 0.0 0.0 0.0 0.0 0.0 0.0 0.0 0.0 0.0 0.6499999999999986 1.0 1.0 0.9287499999999971 
0.049999999999998934 1.0 1.0 0.6500000000000008 0.0 0.0 0.0 0.0 0.0 0.0 0.0 0.0 0.0 0.0 0.0 0.0 0.6499999999999986 1.0 1.0 0.04999999999999716 
0.049999999999998934 1.0 1.0 0.6500000000000008 0.0 0.0 0.0 0.0 0.0 0.0 0.0 0.0 0.0 0.0 0.0 0.0 0.6499999999999986 1.0 1.0 0.04999999999999716 
0.049999999999998934 1.0 1.0 0.6500000000000008 0.0 0.0 0.0 0.0 0.0 0.0 0.0 0.0 0.0 0.0 0.0 0.5499999999999972 1.0 1.0 1.0 0.04999999999999716 
0.049999999999998934 1.0 1.0 0.6500000000000008 0.0 0.0 0.0 0.0 0.0 0.0 0.0 0.0 0.0 0.0 0.0 0.5499999999999972 1.0 1.0 1.0 0.04999999999999716 
0.049999999999998934 1.0 1.0 0.6500000000000008 0.0 0.0 0.0 0.0 0.0 0.0 0.0 0.0 0.0 0.0 0.0 0.5499999999999972 1.0 1.0 1.0 0.04999999999999716 
1.0 1.0 1.0 0.6500000000000008 0.0 0.0 0.0 0.0 0.0 0.0 0.0 0.0 0.0 0.0 0.0 0.5499999999999972 1.0 1.0 1.0 0.04999999999999716 
1.0 1.0 1.0 0.6500000000000008 0.0 0.0 0.0 0.0 0.0 0.0 0.0 0.0 0.0 0.0 0.0 0.5499999999999972 1.0 1.0 1.0 0.04999999999999716 
0.049999999999998934 1.0 1.0 0.8862499999999993 0.3712499999999989 0.0 0.0 0.0 0.0 0.0 0.0 0.0 0.0 0.0 0.30374999999999946 0.8537499999999978 1.0 1.0 0.42625000000000146 0.01624999999999922 
0.0187499999999996 0.4687499999999994 1.0 1.0 0.8312500000000003 0.625 0.21875000000000033 0.0 0.0 0.0 0.0 0.0 0.15625 0.7562499999999999 1.0 1.0 1.0 0.25 0.0 0.0 
0.0 0.0 0.2499999999999991 1.0 1.0 1.0 1.0 1.0 1.0 1.0 1.0 1.0 1.0 1.0 1.0 0.6837500000000001 0.1487499999999996 0.0 0.0 0.0 
0.0 0.0 0.0 0.0 0.2137500000000035 0.4750000000000085 0.8162500000000027 1.0 1.0 1.0 1.0 0.921250000000001 0.4750000000000085 0.3087500000000057 0.0 0.0 0.0 0.0 0.0 0.0 
