0.0 0.0 0.0 0.0 0.0 0.5156249999999931 0.6249999999999929 0.6718749999999925 1.0 1.0 1.0 1.0 0.6718749999999951 0.6093749999999962 0.0 0.0 0.0 0.0 0.0 0.0 
0.0 0.0 0.32812499999999695 0.9406249999999966 1.0 1.0 1.0 1.0 1.0 1.0 1.0 1.0 1.0 1.0 1.0 0.9593749999999982 0.45937500000000125 0.0 0.0 0.0 
0.00937499999999949 0.32187499999999436 1.0 1.0 1.0 1.0 1.0 0.8750000000000071 0.6343750000000064 0.0 0.5031250000000004 0.8750000000000071 0.8750000000000071 1.0 1.0 1.0 1.0 0.4531250000000018 0.028124999999999022 0.0 
0.42187499999999356 1.0 1.0 1.0 1.0 0.6906250000000065 0.015625000000000954 0.0 0.0 0.0 0.0 0.0 0.0 0.024999999999995026 1.0 1.0 1.0 1.0 1.0 0.0750000000000064 
1.0 1.0 1.0 1.0 1.0 0.1750000000000016 0.0 0.0 0.0 0.0 0.0 0.0 0.0 0.0 0.1749999999999936 1.0 1.0 1.0 1.0 0.0750000000000064 
0.1250000000000071 0.1250000000000071 0.1250000000000071 0.1250000000000071 0.040625000000002444 0.0 0.0 0.0 0.0 0.0 0.0 0.0 0.0 0.0 0.1749999999999936 1.0 1.0 1.0 1.0 0.0750000000000064 
0.0 0.0 0.0 0.0 0.0 0.0 0.0 0.0 0.0 0.0 0.0 0.0 0.0 0.0 0.1749999999999936 1.0 1.0 1.0 1.0 0.0750000000000064 
0.0 0.0 0.0 0.0 0.0 0.0 0.0 0.0 0.0 0.0 0.0 0.0 0.0 0.024999999999995026 1.0 1.0 1.0 1.0 0.7093750000000074 0.04687500000000453 
0.0 0.0 0.0 0.0 0.0 0.0 0.0 0.07812499999999689 0.6249999999999929 0.6249999999999929 0.6249999999999929 0.6249999999999929 0.9531249999999978 1.0 1.0 1.0 1.0 0.6093750000000089 0.08437500000000346 0.0 
0.0 0.0 0.0 0.0 0.0 0.0 0.0 1.0 1.0 1.0 1.0 1.0 1.0 1.0 1.0 0.7156250000000061 0.06562500000000444 0.0 0.0 0.0 
0.0 0.0 0.0 0.0 0.0 0.0 0.0 0.8750000000000071 0.8750000000000071 0.8750000000000071 0.8750000000000071 0.8750000000000071 0.9843750000000004 1.0 1.0 1.0 0.5843750000000016 0.046874999999998224 0.0 0.0 
0.0 0.0 0.0 0.0 0.0 0.0 0.0 0.0 0.0 0.0 0.0 0.0 0.0 0.634375000000005 1.0 1.0 1.0 1.0 0.5156249999999976 0.028125000000001864 
0.0 0.0 0.0 0.0 0.0 0.0 0.0 0.0 0.0 0.0 0.0 0.0 0.0 0.0 0.06562499999999885 0.5781250000000021 1.0 1.0 1.0 0.6531249999999958 
0.0 0.0 0.0 0.0 0.0 0.0 0.0 0.0 0.0 0.0 0.0 0.0 0.0 0.0 0.0 0.32499999999999574 1.0 1.0 1.0 1.0 
1.0 1.0 1.0 0.5406249999999968 0.04062499999999782 0.0 0.0 0.0 0.0 0.0 0.0 0.0 0.0 0.0 0.0 0.32499999999999574 1.0 1.0 1.0 1.0 
1.0 1.0 1.0 1.0 0.32500000000000107 0.0 0.0 0.0 0.0 0.0 0.0 0.0 0.0 0.0 0.0 0.32499999999999574 1.0 1.0 1.0 1.0 
1.0 1.0 1.0 1.0 1.0 0.1750000000000016 0.0 0.0 0.0 0.0 0.0 0.0 0.0 0.0 0.1749999999999936 1.0 1.0 1.0 1.0 1.0 
0.07500000000000018 1.0 1.0 1.0 1.0 1.0 0.8781249999999933 0.0 0.0 0.0 0.0 0.0 0.0 0.8781249999999925 1.0 1.0 1.0 1.0 1.0 0.0750000000000064 
0.0 0.0 0.3281250000000023 0.9406250000000033 1.0 1.0 1.0 1.0 1.0 1.0 1.0 1.0 1.0 1.0 1.0 1.0 0.940625000000004 0.3281250000000089 0.0 0.0 
0.0 0.0 0.0 0.0 0.4218750000000041 0.6250000000000071 0.9906249999999996 1.0 1.0 1.0 1.0 1.0 1.0 0.9906250000000021 0.6250000000000071 0.42187500000000744 0.0 0.0 0.0 0.0 
