0.0 0.0 0.0 0.0 0.0 0.6250000000000071 0.7375000000000036 1.0 1.0 1.0 1.0 1.0 0.8125000000000049 0.6250000000000071 0.6250000000000071 0.0 0.0 0.0 0.0 0.0 
0.0 0.0 0.0 0.6125000000000017 0.9875000000000003 1.0 1.0 1.0 1.0 1.0 1.0 1.0 1.0 1.0 1.0 0.9875000000000009 0.6125000000000071 0.0 0.0 0.0 
0.0 0.29999999999999694 1.0 1.0 1.0 1.0 0.9624999999999986 0.4375 0.0 0.0 0.0 0.2624999999999956 0.8749999999999938 0.9624999999999976 1.0 1.0 1.0 0.5625000000000062 0.0375000000000024 0.0 
0.09999999999999698 1.0 1.0 1.0 1.0 0.5624999999999971 0.0 0.0 0.0 0.0 0.0 0.0 0.0 0.4374999999999936 0.9624999999999989 1.0 1.0 1.0 0.30000000000000426 0.0 
0.6625000000000036 1.0 1.0 1.0 1.0 0.0 0.0 0.0 0.0 0.0 0.0 0.0 0.0 0.0 0.8999999999999986 1.0 1.0 1.0 1.0 0.10000000000000142 
1.0 1.0 1.0 1.0 1.0 0.0 0.0 0.0 0.0 0.0 0.0 0.0 0.0 0.0 0.8999999999999986 1.0 1.0 1.0 1.0 0.10000000000000142 
0.09999999999999698 1.0 1.0 1.0 1.0 0.0 0.0 0.0 0.0 0.0 0.0 0.0 0.0 0.0 0.8999999999999986 1.0 1.0 1.0 0.9124999999999981 0.08750000000000088 
0.06249999999999776 0.7374999999999964 1.0 1.0 1.0 0.9375000000000022 0.2625000000000039 0.0 0.0 0.0 0.0 0.0 0.0 0.6999999999999957 1.0 1.0 1.0 1.0 0.30000000000000426 0.0 
0.0 0.11249999999999778 0.6874999999999962 1.0 1.0 1.0 1.0 0.8125000000000031 0.6250000000000036 0.6250000000000036 0.6250000000000036 0.7375000000000014 1.0 1.0 1.0 1.0 0.8125000000000007 0.18749999999999956 0.0 0.0 
0.0 0.0 0.0 0.0 0.8999999999999968 1.0 1.0 1.0 1.0 1.0 1.0 1.0 1.0 1.0 1.0 0.11249999999999707 0.0 0.0 0.0 0.0 
0.0 0.037500000000000686 0.12500000000000355 0.7374999999999982 1.0 1.0 1.0 0.9374999999999987 0.8749999999999964 0.8749999999999964 0.8749999999999964 0.8749999999999964 0.9374999999999978 1.0 1.0 1.0 0.7375000000000036 0.06250000000000222 0.0 0.0 
0.03749999999999922 0.5625000000000006 1.0 1.0 1.0 0.9625000000000008 0.43749999999999983 0.0 0.0 0.0 0.0 0.0 0.0 0.43749999999999484 0.9624999999999991 1.0 1.0 1.0 0.5625000000000051 0.03750000000000089 
1.0 1.0 1.0 1.0 1.0 0.0 0.0 0.0 0.0 0.0 0.0 0.0 0.0 0.0 0.0 1.0 1.0 1.0 1.0 0.10000000000000142 
1.0 1.0 1.0 1.0 0.2125000000000028 0.0 0.0 0.0 0.0 0.0 0.0 0.0 0.0 0.0 0.0 1.0 1.0 1.0 1.0 1.0 
1.0 1.0 1.0 1.0 0.1000000000000032 0.0 0.0 0.0 0.0 0.0 0.0 0.0 0.0 0.0 0.0 1.0 1.0 1.0 1.0 1.0 
1.0 1.0 1.0 1.0 0.437500000000002 0.0 0.0 0.0 0.0 0.0 0.0 0.0 0.0 0.0 0.0 1.0 1.0 1.0 1.0 0.6625000000000005 
0.09999999999999698 1.0 1.0 1.0 1.0 0.5625000000000019 0.0 0.0 0.0 0.0 0.0 0.0 0.0 0.0 0.5624999999999991 1.0 1.0 1.0 1.0 0.10000000000000142 
0.0 0.29999999999999694 1.0 1.0 1.0 1.0 0.9625000000000005 0.4375000000000031 0.0 0.0 0.0 0.2624999999999975 0.875 0.9624999999999995 1.0 1.0 1.0 1.0 0.30000000000000426 0.0 
0.0 0.0 0.0 0.612499999999997 0.9874999999999996 1.0 1.0 1.0 1.0 1.0 1.0 1.0 1.0 1.0 1.0 0.9875000000000003 0.6125000000000025 0.0 0.0 0.0 
0.0 0.0 0.0 0.0 0.0 0.625 0.625 0.8124999999999987 1.0 1.0 1.0 1.0 0.8125000000000013 0.625 0.625 0.0 0.0 0.0 0.0 0.0 
