0.0 0.0 0.0 0.0 0.0 0.0 0.8643750000000021 1.0 1.0 1.0 1.0 1.0 1.0 1.0 0.5750000000000028 0.0 0.0 0.0 0.0 0.0 
0.0 0.0 0.0 0.0 0.0 0.5750000000000011 1.0 1.0 1.0 1.0 1.0 1.0 1.0 1.0 1.0 0.0 0.0 0.0 0.0 0.0 
0.0 0.0 0.0 0.0 0.0 0.5750000000000011 1.0 1.0 1.0 1.0 1.0 1.0 1.0 1.0 1.0 0.0 0.0 0.0 0.0 0.0 
0.0 0.0 0.0 0.0 0.0 0.9043750000000012 1.0 1.0 1.0 1.0 1.0 1.0 1.0 1.0 1.0 0.9249999999999972 0.0 0.0 0.0 0.0 
0.0 0.0 0.0 0.0 0.0 1.0 1.0 1.0 1.0 0.0 0.0 0.4750000000000014 1.0 1.0 1.0 0.9249999999999972 0.0 0.0 0.0 0.0 
0.0 0.0 0.0 0.0 0.9250000000000007 1.0 1.0 1.0 0.47499999999999964 0.0 0.0 0.4750000000000014 1.0 1.0 1.0 1.0 0.2749999999999986 0.0 0.0 0.0 
0.0 0.0 0.0 0.0 0.9250000000000007 1.0 1.0 1.0 0.47499999999999964 0.0 0.0 0.0 1.0 1.0 1.0 1.0 0.2749999999999986 0.0 0.0 0.0 
0.0 0.0 0.0 0.1031250000000011 0.9531250000000007 1.0 1.0 1.0 0.2968749999999981 0.0 0.0 0.0 1.0 1.0 1.0 1.0 1.0 0.0 0.0 0.0 
0.0 0.0 0.0 0.27500000000000036 1.0 1.0 1.0 1.0 0.0 0.0 0.0 0.0 0.9781249999999981 1.0 1.0 1.0 1.0 0.0 0.0 0.0 
0.0 0.0 0.0 0.7643750000000007 1.0 1.0 1.0 0.4093749999999994 0.0 0.0 0.0 0.0 0.125 1.0 1.0 1.0 1.0 0.625 0.0 0.0 
0.0 0.0 0.0 1.0 1.0 1.0 1.0 0.125 0.0 0.0 0.0 0.0 0.125 1.0 1.0 1.0 1.0 0.625 0.0 0.0 
0.0 0.0 0.6250000000000009 1.0 1.0 1.0 0.780625 0.0031249999999998224 0.0 0.0 0.0 0.0 0.0 0.7749999999999986 1.0 1.0 1.0 0.9906250000000005 0.0 0.0 
0.0 0.6093750000000007 1.0 1.0 0.6531249999999997 0.8406250000000004 0.7750000000000004 0.0 0.0 0.0 0.0 0.0 0.0 0.7749999999999986 1.0 1.0 1.0 1.0 0.0 0.0 
0.0 0.7068750000000021 1.0 1.0 1.0 1.0 1.0 0.36562499999999876 0.2749999999999986 0.2749999999999986 0.2749999999999986 0.2749999999999986 0.36562499999999876 1.0 1.0 1.0 1.0 1.0 0.268124999999999 0.0 
0.0 0.0 1.0 1.0 1.0 1.0 1.0 1.0 1.0 1.0 1.0 1.0 1.0 1.0 1.0 1.0 1.0 1.0 0.9750000000000014 0.0 
0.0 0.975000000000001 1.0 1.0 1.0 1.0 1.0 1.0 1.0 1.0 1.0 1.0 1.0 1.0 1.0 1.0 1.0 1.0 0.9893750000000007 0.18687500000000257 
0.32500000000000107 1.0 1.0 1.0 1.0 0.42499999999999893 0.0 0.0 0.0 0.0 0.0 0.0 0.0 0.0 0.42499999999999716 1.0 1.0 1.0 1.0 0.32500000000000284 
0.32500000000000107 1.0 1.0 1.0 1.0 0.0 0.0 0.0 0.0 0.0 0.0 0.0 0.0 0.0 0.42499999999999716 1.0 1.0 1.0 1.0 1.0 
1.0 1.0 1.0 1.0 1.0 0.0 0.0 0.0 0.0 0.0 0.0 0.0 0.0 0.0 0.0 1.0 1.0 1.0 1.0 1.0 
0.8818749999999973 1.0 1.0 1.0 0.07499999999999929 0.0 0.0 0.0 0.0 0.0 0.0 0.0 0.0 0.0 0.0 1.0 1.0 1.0 1.0 1.0 
