0.349999999999989 1.0 1.0 1.0 1.0 1.0 1.0 1.0 1.0 1.0 1.0 1.0 1.0 1.0 0.973750000000003 0.82500000000001 0.0 0.0 0.0 0.0 
1.0 1.0 1.0 1.0 1.0 1.0 1.0 1.0 1.0 1.0 1.0 1.0 1.0 1.0 1.0 1.0 1.0 0.47500000000000897 0.023750000000002474 0.0 
0.3062499999999876 1.0 1.0 1.0 1.0 1.0 1.0 0.9687499999999991 0.874999999999992 0.874999999999992 0.874999999999992 0.874999999999992 0.874999999999992 1.0 1.0 1.0 1.0 1.0 1.0 0.0 
0.0 0.0 0.7499999999999898 1.0 1.0 1.0 1.0 0.0 0.0 0.0 0.0 0.0 0.0 0.0 0.34124999999998706 1.0 1.0 1.0 1.0 0.3500000000000085 
0.0 0.0 0.7499999999999898 1.0 1.0 1.0 1.0 0.0 0.0 0.0 0.0 0.0 0.0 0.0 0.0 0.8499999999999943 1.0 1.0 1.0 0.3500000000000085 
0.0 0.0 0.7499999999999898 1.0 1.0 1.0 1.0 0.0 0.0 0.0 0.0 0.0 0.0 0.0 0.0 0.8499999999999943 1.0 1.0 1.0 0.3500000000000085 
0.0 0.0 0.7499999999999898 1.0 1.0 1.0 1.0 0.0 0.0 0.0 0.0 0.0 0.0 0.0 0.0 0.8499999999999943 1.0 1.0 1.0 0.5287500000000029 
0.0 0.0 0.46874999999999095 1.0 1.0 1.0 1.0 0.0 0.0 0.0 0.0 0.0 0.0 0.0 0.0 0.8499999999999943 1.0 1.0 1.0 0.5937500000000077 
0.0 0.0 0.0 1.0 1.0 1.0 1.0 0.0 0.0 0.0 0.0 0.0 0.0 0.0 0.0 0.8499999999999943 1.0 1.0 1.0 1.0 
0.0 0.0 0.0 1.0 1.0 1.0 1.0 0.0 0.0 0.0 0.0 0.0 0.0 0.0 0.0 0.8499999999999943 1.0 1.0 1.0 1.0 
0.0 0.0 0.24374999999999614 1.0 1.0 1.0 1.0 0.0 0.0 0.0 0.0 0.0 0.0 0.0 0.0 0.8499999999999943 1.0 1.0 1.0 1.0 
0.0 0.0 0.7499999999999898 1.0 1.0 1.0 1.0 0.0 0.0 0.0 0.0 0.0 0.0 0.0 0.0 0.8499999999999943 1.0 1.0 1.0 1.0 
0.0 0.0 0.7499999999999898 1.0 1.0 1.0 1.0 0.0 0.0 0.0 0.0 0.0 0.0 0.0 0.0 0.8499999999999943 1.0 1.0 1.0 1.0 
0.0 0.0 0.7499999999999898 1.0 1.0 0.15000000000000924 0.5499999999999918 0.0 0.0 0.0 0.0 0.0 0.0 0.0 0.0 0.8499999999999943 1.0 1.0 1.0 1.0 
0.0 0.0 0.7499999999999898 1.0 1.0 1.0 1.0 0.0 0.0 0.0 0.0 0.0 0.0 0.0 0.0 0.8499999999999943 1.0 1.0 1.0 1.0 
0.0 0.0 0.4312499999999909 1.0 1.0 1.0 1.0 0.0 0.0 0.0 0.0 0.0 0.0 0.0 0.0 0.8499999999999943 1.0 1.0 1.0 0.6262500000000076 
0.0 0.0 0.7499999999999898 1.0 1.0 1.0 1.0 0.16874999999999774 0.0 0.0 0.0 0.0 0.0 0.22499999999999432 1.0 1.0 1.0 1.0 1.0 0.3500000000000085 
0.30624999999998787 1.0 1.0 1.0 1.0 1.0 1.0 1.0 1.0 1.0 1.0 1.0 1.0 1.0 1.0 1.0 1.0 1.0 1.0 0.0 
1.0 1.0 1.0 1.0 1.0 1.0 1.0 1.0 1.0 1.0 1.0 1.0 1.0 1.0 1.0 1.0 1.0 0.8687500000000059 0.02375000000000245 0.0 
0.8862500000000045 1.0 1.0 1.0 1.0 1.0 1.0 1.0 1.0 1.0 1.0 1.0 1.0 1.0 0.82500000000001 0.82500000000001 0.0 0.0 0.0 0.0 
