0.9499999999999993 1.0 1.0 1.0 1.0 1.0 1.0 1.0 1.0 1.0 1.0 1.0 1.0 1.0 1.0 1.0 0.746250000000001 0.20624999999999943 0.0 0.0 
0.9499999999999993 1.0 1.0 1.0 1.0 1.0 1.0 1.0 1.0 1.0 1.0 1.0 1.0 1.0 1.0 1.0 1.0 0.7500000000000018 0.0 0.0 
0.0 0.0 0.0 0.0 0.0 0.0 0.0 0.0 0.09374999999999925 0.6250000000000009 0.6250000000000009 0.6250000000000009 0.9062499999999996 1.0 1.0 1.0 1.0 0.7500000000000018 0.0 0.0 
0.0 0.0 0.0 0.0 0.0 0.0 0.0 0.0 0.0 0.0 0.0 0.0 0.7499999999999982 1.0 1.0 1.0 0.6762500000000023 0.05625000000000093 0.0 0.0 
0.0 0.0 0.0 0.0 0.0 0.0 0.0 0.0 0.0 0.0 0.0 0.40374999999999867 0.868749999999999 1.0 1.0 0.7862500000000013 0.34125000000000133 0.0 0.0 0.0 
0.0 0.0 0.0 0.0 0.0 0.0 0.0 0.0 0.0 0.0012499999999999911 0.02375000000000032 0.853749999999998 1.0 1.0 0.9862499999999998 0.5362500000000022 0.0 0.0 0.0 0.0 
0.0 0.0 0.0 0.0 0.0 0.0 0.0 0.0 0.0 0.049999999999998934 0.9499999999999993 1.0 1.0 1.0 0.45000000000000284 0.0 0.0 0.0 0.0 0.0 
0.0 0.0 0.0 0.0 0.0 0.0 0.0 0.0 0.14999999999999858 1.0 1.0 1.0 1.0 0.3500000000000014 0.0 0.0 0.0 0.0 0.0 0.0 
0.0 0.0 0.0 0.0 0.0 0.0 0.0 0.16874999999999898 0.7237500000000001 1.0 1.0 1.0 0.4937500000000007 0.11375000000000021 0.0 0.0 0.0 0.0 0.0 0.0 
0.0 0.0 0.0 0.0 0.0 0.0 0.07875000000000022 0.4187499999999997 1.0 1.0 1.0 0.8087499999999993 0.19375000000000103 0.0 0.0 0.0 0.0 0.0 0.0 0.0 
0.0 0.0 0.0 0.0 0.0 0.0 0.34999999999999876 1.0 1.0 1.0 1.0 0.15000000000000213 0.0 0.0 0.0 0.0 0.0 0.0 0.0 0.0 
0.0 0.0 0.0 0.0 0.0 0.14625000000000105 0.561250000000001 1.0 1.0 0.9837500000000001 0.6912499999999975 0.101250000000001 0.0 0.0 0.0 0.0 0.0 0.0 0.0 0.0 
0.0 0.0 0.0 0.0 0.0 0.4499999999999993 1.0 1.0 1.0 0.9500000000000011 0.05000000000000071 0.0 0.0 0.0 0.0 0.0 0.0 0.0 0.0 0.0 
0.0 0.0 0.0 0.0 0.5499999999999989 1.0 1.0 1.0 0.8500000000000014 0.0 0.0 0.0 0.0 0.0 0.0 0.0 0.0 0.0 0.0 0.0 
0.0 0.0 0.0 0.6337499999999999 0.9887500000000006 1.0 1.0 0.7562500000000014 0.02124999999999883 0.0 0.0 0.0 0.0 0.0 0.0 0.0 0.0 0.0 0.0 0.0 
0.0 0.0 0.39375000000000115 0.8337500000000002 1.0 1.0 0.8162499999999999 0.35624999999999923 0.0 0.0 0.0 0.0 0.0 0.0 0.0 0.0 0.0 0.0 0.0 0.0 
0.0 0.0 0.7499999999999991 1.0 1.0 1.0 0.6500000000000012 0.0 0.0 0.0 0.0 0.0 0.0 0.0 0.0 0.0 0.0 0.0 0.0 0.0 
0.0 0.5312500000000026 0.9062500000000006 1.0 1.0 1.0 0.6500000000000012 0.0 0.0 0.0 0.0 0.0 0.0 0.0 0.0 0.0 0.0 0.0 0.0 0.0 
0.0 0.8499999999999992 1.0 1.0 1.0 1.0 1.0 1.0 1.0 1.0 1.0 1.0 1.0 1.0 1.0 1.0 1.0 1.0 0.8762500000000019 0.16625000000000456 
0.0 0.8499999999999992 1.0 1.0 1.0 1.0 1.0 1.0 1.0 1.0 1.0 1.0 1.0 1.0 1.0 1.0 1.0 1.0 1.0 0.9500000000000028 
