0.0 0.0 0.0 0.2475000000000025 0.30000000000000426 0.8074999999999991 1.0 1.0 1.0 1.0 1.0 1.0 0.737500000000004 0.30000000000000426 0.21750000000000458 0.0 0.0 0.0 0.0 0.0 
0.0 0.0 0.7875000000000009 0.9825000000000004 1.0 1.0 1.0 1.0 1.0 1.0 1.0 1.0 1.0 1.0 0.9725000000000016 0.6975000000000051 0.0 0.0 0.0 0.0 
0.0 0.9249999999999969 1.0 1.0 1.0 0.6374999999999986 0.16250000000000056 0.0 0.0 0.0 0.0 0.21249999999999689 0.6874999999999958 1.0 1.0 1.0 0.8250000000000028 0.0 0.0 0.0 
0.09750000000000368 0.9324999999999976 1.0 1.0 0.2250000000000032 0.0 0.0 0.0 0.0 0.0 0.0 0.0 0.0 0.2924999999999948 0.9274999999999965 1.0 1.0 0.8750000000000036 0.0 0.0 
0.29249999999999543 0.9474999999999976 1.0 1.0 0.2250000000000032 0.0 0.0 0.0 0.0 0.0 0.0 0.0 0.0 0.0 0.274999999999995 1.0 1.0 0.8750000000000036 0.0 0.0 
0.0 0.0 0.0 0.0 0.0 0.0 0.0 0.0 0.0 0.0 0.0 0.0 0.0 0.0 0.274999999999995 1.0 1.0 0.8750000000000036 0.0 0.0 
0.0 0.0 0.0 0.0 0.0 0.0 0.0 0.0 0.0 0.0 0.0 0.0 0.0 0.29249999999999743 0.9275000000000023 1.0 1.0 0.8750000000000036 0.0 0.0 
0.0 0.0 0.0 0.0 0.0 0.0 0.0 0.0 0.0 0.0 0.0 0.0 0.37499999999999645 1.0 1.0 1.0 0.8250000000000028 0.0 0.0 0.0 
0.0 0.0 0.0 0.0 0.0 0.0 0.0 0.0 0.0 0.0 0.047500000000001305 0.48249999999999926 1.0 1.0 1.0 0.7750000000000021 0.0 0.0 0.0 0.0 
0.0 0.0 0.0 0.0 0.0 0.0 0.0 0.0 0.0 0.0 0.47499999999999787 1.0 1.0 1.0 0.8075000000000027 0.23249999999999843 0.0 0.0 0.0 0.0 
0.0 0.0 0.0 0.0 0.0 0.0 0.0 0.0 0.17250000000000143 0.6674999999999985 1.0 1.0 1.0 0.6750000000000043 0.0 0.0 0.0 0.0 0.0 0.0 
0.0 0.0 0.0 0.0 0.0 0.0 0.0 0.0 0.5749999999999966 1.0 1.0 1.0 0.6625000000000024 0.06749999999999899 0.0 0.0 0.0 0.0 0.0 0.0 
0.0 0.0 0.0 0.0 0.0 0.0 0.0 0.6249999999999964 1.0 1.0 1.0 0.7874999999999999 0.31249999999999956 0.0 0.0 0.0 0.0 0.0 0.0 0.0 
0.0 0.0 0.0 0.0 0.0 0.07250000000000073 0.7074999999999971 1.0 1.0 1.0 0.5250000000000021 0.0 0.0 0.0 0.0 0.0 0.0 0.0 0.0 0.0 
0.0 0.0 0.0 0.0 0.0 0.724999999999997 1.0 1.0 1.0 0.6325000000000021 0.15749999999999914 0.0 0.0 0.0 0.0 0.0 0.0 0.0 0.0 0.0 
0.0 0.0 0.0 0.24749999999999958 0.8424999999999979 1.0 1.0 1.0 0.4250000000000034 0.0 0.0 0.0 0.0 0.0 0.0 0.0 0.0 0.0 0.0 0.0 
0.0 0.0 0.7874999999999991 0.9825 1.0 1.0 1.0 0.4375000000000019 0.042499999999999434 0.0 0.0 0.0 0.0 0.0 0.0 0.0 0.0 0.0 0.0 0.0 
0.0 0.0 0.8749999999999969 1.0 1.0 1.0 1.0 0.687500000000004 0.5000000000000036 0.5000000000000036 0.5000000000000036 0.5000000000000036 0.5000000000000036 0.5000000000000036 0.5000000000000036 0.5000000000000036 0.5000000000000036 0.4375000000000049 0.0 0.0 
0.0 0.0 0.8749999999999969 1.0 1.0 1.0 1.0 1.0 1.0 1.0 1.0 1.0 1.0 1.0 1.0 1.0 1.0 1.0 1.0 0.9750000000000014 
0.0 0.0 0.26249999999999657 0.29999999999999716 0.29999999999999716 0.29999999999999716 0.29999999999999716 0.29999999999999716 0.29999999999999716 0.29999999999999716 0.29999999999999716 0.29999999999999716 0.29999999999999716 0.29999999999999716 0.4924999999999945 1.0 1.0 1.0 0.9475000000000028 0.29249999999999765 
