0.974999999999997 1.0 1.0 1.0 1.0 1.0 1.0 1.0 1.0 1.0 1.0 1.0 1.0 1.0 0.8075000000000047 0.30000000000000426 0.24750000000000438 0.0 0.0 0.0 
0.974999999999997 1.0 1.0 1.0 1.0 1.0 1.0 1.0 1.0 1.0 1.0 1.0 1.0 1.0 1.0 1.0 0.8250000000000028 0.0 0.0 0.0 
0.0 0.9249999999999969 1.0 1.0 0.6124999999999985 0.499999999999996 0.16250000000000056 0.0 0.28749999999999604 0.2375000000000006 0.23749999999999705 0.499999999999996 0.499999999999996 0.6624999999999952 1.0 1.0 1.0 0.9375000000000022 0.46250000000000585 0.0 
0.0 0.9249999999999969 1.0 1.0 0.2250000000000032 0.0 0.0 0.0 0.0 0.0 0.0 0.0 0.0 0.0 0.274999999999995 1.0 1.0 1.0 0.9250000000000043 0.0 
0.0 0.9249999999999969 1.0 1.0 0.2250000000000032 0.0 0.0 0.0 0.0 0.0 0.0 0.0 0.0 0.0 0.274999999999995 1.0 1.0 1.0 0.9250000000000043 0.0 
0.0 0.9249999999999969 1.0 1.0 0.2250000000000032 0.0 0.0 0.0 0.0 0.0 0.0 0.0 0.0 0.0 0.274999999999995 1.0 1.0 1.0 0.9475000000000033 0.2925000000000046 
0.0 0.9249999999999969 1.0 1.0 0.9225000000000033 0.2475000000000038 0.0 0.0 0.0 0.0 0.0 0.0 0.0 0.0 0.274999999999995 1.0 1.0 1.0 1.0 0.9750000000000014 
0.0 0.9249999999999969 1.0 1.0 1.0 0.275000000000003 0.0 0.0 0.0 0.0 0.0 0.0 0.0 0.0 0.274999999999995 1.0 1.0 1.0 1.0 0.9750000000000014 
0.0 0.9249999999999969 1.0 1.0 1.0 0.275000000000003 0.0 0.0 0.0 0.0 0.0 0.0 0.0 0.0 0.0 0.22499999999999787 1.0 1.0 1.0 0.9750000000000014 
0.0 0.9249999999999969 1.0 1.0 1.0 0.275000000000003 0.0 0.0 0.0 0.0 0.0 0.0 0.0 0.0 0.0 0.22499999999999787 1.0 1.0 1.0 0.9750000000000014 
0.0 0.9249999999999969 1.0 1.0 1.0 0.275000000000003 0.0 0.0 0.0 0.0 0.0 0.0 0.0 0.0 0.0 0.22499999999999787 1.0 1.0 1.0 0.9750000000000014 
0.0 0.9249999999999969 1.0 1.0 1.0 0.275000000000003 0.0 0.0 0.0 0.0 0.0 0.0 0.0 0.0 0.0 0.22499999999999787 1.0 1.0 1.0 0.9750000000000014 
0.0 0.9249999999999969 1.0 1.0 1.0 0.275000000000003 0.0 0.0 0.0 0.0 0.0 0.0 0.0 0.0 0.0 0.22499999999999787 1.0 1.0 1.0 0.9750000000000014 
0.0 0.9249999999999969 1.0 1.0 1.0 0.275000000000003 0.0 0.0 0.0 0.0 0.0 0.0 0.0 0.0 0.0 0.22499999999999787 1.0 1.0 1.0 0.9750000000000014 
0.0 0.9249999999999969 1.0 1.0 1.0 0.275000000000003 0.0 0.0 0.0 0.0 0.0 0.0 0.0 0.0 0.0 0.22499999999999787 1.0 1.0 1.0 0.9750000000000014 
0.0 0.9249999999999969 1.0 1.0 1.0 0.275000000000003 0.0 0.0 0.0 0.0 0.0 0.0 0.0 0.0 0.0 0.22499999999999787 1.0 1.0 1.0 0.9750000000000014 
0.0 0.9249999999999969 1.0 1.0 1.0 0.275000000000003 0.0 0.0 0.0 0.0 0.0 0.0 0.0 0.0 0.0 0.22499999999999787 1.0 1.0 1.0 0.9750000000000014 
0.0 0.9249999999999969 1.0 1.0 1.0 1.0 0.6625000000000043 0.5000000000000036 0.5000000000000036 0.5000000000000036 0.5000000000000036 0.5000000000000036 0.5000000000000036 0.5000000000000036 0.6375000000000001 1.0 1.0 1.0 0.9625000000000019 0.48749999999999727 
0.0 0.9249999999999969 1.0 1.0 1.0 1.0 1.0 1.0 1.0 1.0 1.0 1.0 1.0 1.0 1.0 1.0 0.9825 0.787500000000002 0.0 0.0 
0.0 0.27749999999999647 0.29999999999999716 0.8774999999999972 0.4575 0.29999999999999716 0.7724999999999964 1.0 1.0 1.0 1.0 1.0 1.0 1.0 0.8075000000000027 0.29999999999999716 0.2474999999999985 0.0 0.0 0.0 
