0.0 0.0 0.0 0.0 0.0 0.289999999999989 0.3999999999999879 0.3999999999999879 0.7449999999999912 1.0 1.0 0.7449999999999988 0.3999999999999879 0.3999999999999879 0.28999999999999393 0.0 0.0 0.0 0.0 0.0 
0.0 0.0 0.0 0.1649999999999894 0.8199999999999927 1.0 1.0 1.0 1.0 1.0 1.0 1.0 1.0 1.0 1.0 0.820000000000002 0.1649999999999919 0.0 0.0 0.0 
0.0 0.0 0.8749999999999853 0.9999999999999982 1.0 1.0 1.0 1.0 0.4250000000000119 1.021405182655144e-14 0.4749999999999997 1.0 1.0 1.0 1.0 1.0 0.9999999999999982 0.8749999999999981 0.0 0.0 
0.0 0.9249999999999943 1.0 1.0 1.0 0.42000000000001114 0.06500000000000422 0.0 0.0 0.0 0.0 0.0 0.07500000000000198 0.4600000000000013 1.0 1.0 1.0 0.9750000000000003 0.7399999999999979 0.0 
0.9749999999999943 1.0 1.0 1.0 1.0 0.2750000000000057 0.0 0.0 0.0 0.0 0.0 0.0 0.0 0.0 0.27499999999999325 1.0 1.0 1.0 0.9250000000000078 0.0 
0.0 0.5550000000000028 0.6000000000000068 0.6000000000000068 0.13500000000000503 0.0 0.0 0.0 0.0 0.0 0.0 0.0 0.0 0.0 0.27499999999999325 1.0 1.0 1.0 0.9250000000000078 0.0 
0.0 0.0 0.0 0.0 0.0 0.0 0.0 0.0 0.0 0.0 0.0 0.0 0.0 0.0 0.27499999999999325 1.0 1.0 1.0 0.9250000000000078 0.0 
0.0 0.0 0.0 0.0 0.0 0.0 0.0 0.0 0.0 0.0 0.0 0.0 0.0 0.32499999999999224 0.9999999999999961 1.0 1.0 1.0 0.9250000000000078 0.0 
0.0 0.0 0.0 0.0 0.0 0.0 0.0 0.0 0.0 0.41999999999999216 0.7999999999999954 0.7999999999999954 0.8749999999999957 1.0 1.0 1.0 0.8600000000000059 0.17500000000000546 0.0 0.0 
0.0 0.0 0.0 0.0 0.0 0.0 0.0 0.6249999999999938 1.0 1.0 1.0 1.0 1.0 1.0 1.0 0.7750000000000057 0.0 0.0 0.0 0.0 
0.0 0.0 0.0 0.0 0.0 0.0 0.0 0.37499999999999717 0.6000000000000014 0.6000000000000014 0.6000000000000014 0.7699999999999982 1.0 1.0 1.0 0.8650000000000031 0.3999999999999986 0.3500000000000016 0.0 0.0 
0.0 0.0 0.0 0.0 0.0 0.0 0.0 0.0 0.0 0.0 0.0 0.0 0.0 0.2599999999999954 0.8549999999999992 1.0 1.0 0.9000000000000056 0.1850000000000009 0.0 
0.0 0.0 0.0 0.0 0.0 0.0 0.0 0.0 0.0 0.0 0.0 0.0 0.0 0.0 0.27499999999999325 1.0 1.0 1.0 0.9250000000000078 0.0 
0.0 0.0 0.0 0.0 0.0 0.0 0.0 0.0 0.0 0.0 0.0 0.0 0.0 0.0 0.0 0.22499999999999432 1.0 1.0 1.0 0.975000000000005 
0.584999999999998 0.6000000000000014 0.6000000000000014 0.6000000000000014 0.13500000000000384 0.0 0.0 0.0 0.0 0.0 0.0 0.0 0.0 0.0 0.0 0.22499999999999432 1.0 1.0 1.0 0.975000000000005 
0.9749999999999943 1.0 1.0 1.0 0.22500000000000586 0.0 0.0 0.0 0.0 0.0 0.0 0.0 0.0 0.0 0.10999999999999789 0.5349999999999983 1.0 1.0 0.9250000000000078 0.0 
0.0 0.9249999999999943 1.0 1.0 1.0 0.4200000000000066 0.06500000000000221 0.0 0.0 0.0 0.0 0.0 0.0 0.06499999999999971 0.41999999999999665 1.0 1.0 1.0 0.9250000000000078 0.0 
0.0 0.0 0.8749999999999942 1.0 1.0 1.0 1.0 0.37500000000000844 3.552713678800501e-15 3.552713678800501e-15 3.552713678800501e-15 3.552713678800501e-15 0.3749999999999951 1.0 1.0 1.0 0.9999999999999993 0.875000000000004 0.0 0.0 
0.0 0.0 0.1749999999999889 0.8599999999999932 1.0 1.0 1.0 1.0 1.0 1.0 1.0 1.0 1.0 1.0 1.0 0.820000000000002 0.1649999999999919 0.0 0.0 0.0 
0.0 0.0 0.0 0.0 0.0 0.28999999999999154 0.3999999999999915 0.774999999999993 1.0 1.0 1.0 0.7450000000000002 0.3999999999999915 0.3999999999999915 0.28999999999999654 0.0 0.0 0.0 0.0 0.0 
