0.9750000000000023 1.0 1.0 1.0 1.0 1.0 1.0 1.0 1.0 1.0 1.0 1.0 1.0 1.0 1.0 1.0 1.0 0.8750000000000036 0.0 0.0 
0.9750000000000023 1.0 1.0 1.0 1.0 1.0 1.0 1.0 1.0 1.0 1.0 1.0 1.0 1.0 1.0 1.0 1.0 0.8750000000000036 0.0 0.0 
0.12187499999999812 0.9343750000000016 0.2343749999999965 0.12499999999999778 0.12499999999999778 0.12499999999999778 0.12499999999999778 0.12499999999999778 0.12499999999999778 0.12499999999999778 0.12499999999999778 0.49687499999999934 1.0 1.0 1.0 1.0 1.0 0.8750000000000036 0.0 0.0 
0.0 0.0 0.0 0.0 0.0 0.0 0.0 0.0 0.0 0.0 0.0 0.09562500000000151 0.515625000000002 1.0 1.0 1.0 0.8250000000000028 0.0 0.0 0.0 
0.0 0.0 0.0 0.0 0.0 0.0 0.0 0.0 0.0 0.0 0.27312500000000056 0.7556250000000024 1.0 1.0 1.0 0.8706250000000004 0.35062499999999813 0.0 0.0 0.0 
0.0 0.0 0.0 0.0 0.0 0.0 0.0 0.0 0.0 0.0 0.47499999999999787 1.0 1.0 1.0 1.0 0.7750000000000021 0.0 0.0 0.0 0.0 
0.0 0.0 0.0 0.0 0.0 0.0 0.0 0.0 0.0 0.14437500000000258 0.6193750000000015 1.0 1.0 1.0 0.7250000000000014 0.0 0.0 0.0 0.0 0.0 
0.0 0.0 0.0 0.0 0.0 0.0 0.0 0.0 0.0 0.5249999999999986 1.0 1.0 1.0 0.7968749999999987 0.27187499999999665 0.0 0.0 0.0 0.0 0.0 
0.0 0.0 0.0 0.0 0.0 0.0 0.0 0.0 0.560625000000004 0.9881250000000031 1.0 1.0 1.0 0.6750000000000007 0.0 0.0 0.0 0.0 0.0 0.0 
0.0 0.0 0.0 0.0 0.0 0.0 0.0 0.20312500000000538 0.7131250000000036 1.0 1.0 1.0 0.625 0.0 0.0 0.0 0.0 0.0 0.0 0.0 
0.0 0.0 0.0 0.0 0.0 0.0 0.4556250000000058 0.8781250000000032 1.0 1.0 1.0 1.0 0.625 0.0 0.0 0.0 0.0 0.0 0.0 0.0 
0.0 0.0 0.0 0.0 0.0 0.01812500000000671 0.6831250000000036 1.0 1.0 1.0 0.9881249999999957 0.560624999999994 0.0 0.0 0.0 0.0 0.0 0.0 0.0 0.0 
0.0 0.0 0.0 0.0 0.0 0.7250000000000005 1.0 1.0 1.0 1.0 0.5250000000000021 0.0 0.0 0.0 0.0 0.0 0.0 0.0 0.0 0.0 
0.0 0.0 0.0 0.0 0.0 0.7250000000000005 1.0 1.0 1.0 1.0 0.5250000000000021 0.0 0.0 0.0 0.0 0.0 0.0 0.0 0.0 0.0 
0.0 0.0 0.0 0.0 0.7750000000000012 1.0 1.0 1.0 1.0 0.4750000000000014 0.0 0.0 0.0 0.0 0.0 0.0 0.0 0.0 0.0 0.0 
0.0 0.0 0.0 0.35062500000001 0.8706250000000033 1.0 1.0 1.0 0.7556249999999933 0.2731249999999954 0.0 0.0 0.0 0.0 0.0 0.0 0.0 0.0 0.0 0.0 
0.0 0.0 0.6781250000000125 0.9606250000000026 1.0 1.0 1.0 1.0 0.4249999999999998 0.0 0.0 0.0 0.0 0.0 0.0 0.0 0.0 0.0 0.0 0.0 
0.0 0.0 0.8750000000000018 1.0 1.0 1.0 1.0 1.0 1.0 1.0 1.0 1.0 1.0 1.0 1.0 1.0 1.0 1.0 1.0 0.975000000000005 
0.0 0.0 0.8750000000000018 1.0 1.0 1.0 1.0 1.0 1.0 1.0 1.0 1.0 1.0 1.0 1.0 1.0 1.0 1.0 1.0 0.975000000000005 
0.0 0.0 0.1531249999999885 0.8556249999999989 1.0 1.0 1.0 1.0 1.0 1.0 1.0 1.0 1.0 1.0 1.0 1.0 1.0 1.0 0.9381250000000025 0.1706249999999877 
