0.0 0.0 0.0 0.0 0.0 0.0 0.0 0.23437500000000255 0.37500000000000355 0.703125000000003 1.0 0.7343749999999989 0.2343750000000009 0.0 0.0 0.0 0.0 0.0 0.0 0.0 
0.0 0.0 0.0 0.0 0.0 0.0 0.08437500000000238 0.6718750000000021 1.0 1.0 1.0 1.0 0.6249999999999964 0.0 0.0 0.0 0.0 0.0 0.0 0.0 
0.0 0.0 0.0 0.0 0.0 0.0 0.6749999999999998 1.0 1.0 1.0 1.0 1.0 0.9531250000000007 0.5906249999999996 0.0 0.0 0.0 0.0 0.0 0.0 
0.0 0.0 0.0 0.0 0.0 0.0 0.6749999999999998 1.0 1.0 1.0 1.0 1.0 1.0 0.6749999999999972 0.0 0.0 0.0 0.0 0.0 0.0 
0.0 0.0 0.0 0.0 0.0 0.2718750000000018 0.7968750000000008 1.0 1.0 1.0 1.0 1.0 1.0 0.7968749999999991 0.2718749999999998 0.0 0.0 0.0 0.0 0.0 
0.0 0.0 0.0 0.0 0.0 0.7249999999999996 1.0 1.0 1.0 1.0 1.0 1.0 1.0 1.0 0.7249999999999943 0.0 0.0 0.0 0.0 0.0 
0.0 0.0 0.0 0.0 0.0 0.7249999999999996 1.0 1.0 1.0 1.0 1.0 1.0 1.0 1.0 0.7249999999999943 0.0 0.0 0.0 0.0 0.0 
0.0 0.0 0.0 0.0 0.774999999999999 1.0 1.0 1.0 1.0 0.6718749999999978 0.671875 1.0 1.0 1.0 0.8968749999999983 0.4843749999999983 0.0 0.0 0.0 0.0 
0.0 0.0 0.0 0.0 0.774999999999999 1.0 1.0 1.0 0.42499999999999893 0.0 0.0 0.42500000000000426 1.0 1.0 1.0 0.774999999999995 0.0 0.0 0.0 0.0 
0.0 0.0 0.0 0.1031249999999998 0.8031249999999992 1.0 1.0 1.0 0.42499999999999893 0.0 0.0 0.42500000000000426 1.0 1.0 1.0 0.8031249999999956 0.10312499999999947 0.0 0.0 0.0 
0.0 0.0 0.0 0.8249999999999984 1.0 1.0 1.0 0.4531249999999992 0.05312499999999987 0.0 0.0 0.05312500000000053 0.4531250000000031 1.0 1.0 1.0 0.8249999999999957 0.0 0.0 0.0 
0.0 0.0 0.0 0.8249999999999984 1.0 1.0 1.0 0.3749999999999991 0.0 0.0 0.0 0.0 0.37500000000000355 1.0 1.0 1.0 0.8249999999999957 0.0 0.0 0.0 
0.0 0.0 0.3281249999999992 0.890624999999999 1.0 1.0 0.7468750000000001 0.23437499999999944 0.0 0.0 0.0 0.0 0.23437500000000222 0.7468750000000011 1.0 1.0 1.0 0.8749999999999929 0.0 0.0 
0.0 0.0 0.874999999999998 1.0 1.0 1.0 0.3250000000000002 0.0 0.0 0.0 0.0 0.0 0.0 0.32500000000000284 1.0 1.0 1.0 0.8749999999999929 0.0 0.0 
0.0 0.0 0.874999999999998 1.0 1.0 1.0 0.3250000000000002 0.0 0.0 0.0 0.0 0.0 0.0 0.32500000000000284 1.0 1.0 1.0 0.9843749999999991 0.8093749999999944 0.0 
0.0 0.9249999999999975 1.0 1.0 1.0 1.0 1.0 0.7656249999999997 0.625 0.625 0.625 0.625 0.625 0.7468750000000011 1.0 1.0 1.0 1.0 0.9249999999999936 0.0 
0.0 0.9249999999999975 1.0 1.0 1.0 1.0 1.0 1.0 1.0 1.0 1.0 1.0 1.0 1.0 1.0 1.0 1.0 1.0 0.953124999999996 0.36562499999999654 
0.12187499999999962 0.9343749999999978 1.0 1.0 1.0 0.909375 0.875 0.875 0.875 0.875 0.875 0.875 0.875 0.875 0.9093750000000007 1.0 1.0 1.0 1.0 0.9749999999999908 
0.974999999999997 1.0 1.0 1.0 1.0 0.27500000000000036 0.0 0.0 0.0 0.0 0.0 0.0 0.0 0.0 0.03437500000000071 0.32187500000000435 1.0 1.0 1.0 0.9749999999999908 
0.974999999999997 1.0 1.0 1.0 0.22500000000000098 0.0 0.0 0.0 0.0 0.0 0.0 0.0 0.0 0.0 0.0 0.22500000000000497 1.0 1.0 1.0 0.9749999999999908 
