0.0 0.0 0.0 0.0 0.2906250000000024 0.37500000000000355 0.7968750000000011 1.0 1.0 1.0 1.0 1.0 0.7656249999999991 0.37500000000000355 0.2718750000000004 0.0 0.0 0.0 0.0 0.0 
0.0 0.0 0.10937500000000286 0.8468749999999993 1.0 1.0 1.0 1.0 1.0 1.0 1.0 1.0 1.0 1.0 1.0 0.8031249999999964 0.1031250000000024 0.0 0.0 0.0 
0.0 0.8093750000000007 0.9843750000000001 1.0 1.0 1.0 1.0 1.0 0.4968749999999973 0.12499999999999689 0.5406249999999997 1.0 1.0 1.0 1.0 1.0 0.978125 0.7656249999999964 0.0 0.0 
0.6093750000000007 0.9718749999999993 1.0 1.0 1.0 0.5468749999999982 0.1218749999999992 0.0 0.0 0.0 0.0 0.0 0.14062500000000033 0.578125 1.0 1.0 1.0 0.9531249999999977 0.5781249999999984 0.0 
0.974999999999997 1.0 1.0 1.0 0.22500000000000098 0.0 0.0 0.0 0.0 0.0 0.0 0.0 0.0 0.0 0.2750000000000057 1.0 1.0 1.0 0.9249999999999936 0.0 
0.974999999999997 1.0 1.0 1.0 0.32187500000000224 0.03437500000000053 0.0 0.0 0.0 0.0 0.0 0.0 0.0 0.0 0.0 0.0 0.0 0.0 0.0 0.0 
0.12187499999999789 0.9343749999999976 1.0 1.0 1.0 0.27500000000000036 0.0 0.0 0.0 0.0 0.0 0.0 0.0 0.0 0.0 0.0 0.0 0.0 0.0 0.0 
0.0 0.9249999999999976 1.0 1.0 1.0 1.0 0.7468750000000013 0.2343750000000001 0.0 0.0 0.0 0.0 0.0 0.0 0.0 0.0 0.0 0.0 0.0 0.0 
0.0 0.0 0.5468749999999972 0.9343749999999991 1.0 1.0 1.0 1.0 1.0 0.6718749999999996 0.1968750000000004 0.0 0.0 0.0 0.0 0.0 0.0 0.0 0.0 0.0 
0.0 0.0 0.0 0.0 0.0 0.6343749999999997 0.959375 1.0 1.0 1.0 1.0 0.6281249999999963 0.125 0.08437499999999964 0.0 0.0 0.0 0.0 0.0 0.0 
0.0 0.0 0.0 0.0 0.0 0.0 0.08437499999999998 0.6718750000000008 1.0 1.0 1.0 1.0 1.0 0.9593749999999996 0.634374999999995 0.0 0.0 0.0 0.0 0.0 
0.0 0.0 0.0 0.0 0.0 0.0 0.0 0.0 0.0 0.1968750000000008 0.6718750000000009 1.0 1.0 1.0 1.0 1.0 0.9343749999999984 0.5468749999999956 0.0 0.0 
0.0 0.0 0.0 0.0 0.0 0.0 0.0 0.0 0.0 0.0 0.0 0.0 0.23437500000000222 0.7468750000000011 1.0 1.0 1.0 0.9218749999999956 0.3468749999999976 0.0 
0.0 0.0 0.0 0.0 0.0 0.0 0.0 0.0 0.0 0.0 0.0 0.0 0.0 0.0 0.2750000000000057 1.0 1.0 1.0 0.9249999999999936 0.0 
0.0 0.0 0.0 0.0 0.0 0.0 0.0 0.0 0.0 0.0 0.0 0.0 0.0 0.0 0.2750000000000057 1.0 1.0 1.0 0.9906249999999992 0.8531249999999919 
0.974999999999997 1.0 1.0 1.0 0.22500000000000098 0.0 0.0 0.0 0.0 0.0 0.0 0.0 0.0 0.0 0.2750000000000057 1.0 1.0 1.0 0.953124999999996 0.36562499999999654 
0.974999999999997 1.0 1.0 1.0 1.0 0.27500000000000036 0.0 0.0 0.0 0.0 0.0 0.0 0.0 0.12187500000000107 0.5468750000000036 1.0 1.0 1.0 0.9249999999999936 0.0 
0.0 0.8093749999999978 0.9843749999999998 1.0 1.0 1.0 1.0 0.4531249999999992 0.125 0.125 0.125 0.125 0.4531250000000031 1.0 1.0 1.0 1.0 0.8749999999999929 0.0 0.0 
0.0 0.0 0.10937499999999975 0.8468749999999986 1.0 1.0 1.0 1.0 1.0 1.0 1.0 1.0 1.0 1.0 1.0 1.0 0.8468749999999963 0.10937499999999911 0.0 0.0 
0.0 0.0 0.0 0.0 0.29062499999999963 0.375 0.7968749999999999 1.0 1.0 1.0 1.0 1.0 1.0 0.7968749999999982 0.375 0.29062499999999813 0.0 0.0 0.0 0.0 
