0.3656250000000023 0.9531249999999987 1.0 1.0 1.0 1.0 1.0 1.0 1.0 1.0 1.0 1.0 1.0 1.0 1.0 1.0 1.0 1.0 0.9249999999999936 0.0 
0.974999999999997 1.0 1.0 1.0 1.0 1.0 1.0 1.0 1.0 1.0 1.0 1.0 1.0 1.0 1.0 1.0 1.0 0.9843749999999987 0.8093749999999911 0.0 
0.974999999999997 1.0 1.0 1.0 1.0 0.3656249999999981 0.12499999999999689 0.12499999999999689 0.12499999999999689 0.12499999999999689 0.12499999999999689 0.12499999999999689 0.12499999999999689 0.12499999999999689 0.12499999999999689 0.12499999999999689 0.12499999999999689 0.10937499999999639 0.0 0.0 
0.974999999999997 1.0 1.0 1.0 1.0 0.27500000000000036 0.0 0.0 0.0 0.0 0.0 0.0 0.0 0.0 0.0 0.0 0.0 0.0 0.0 0.0 
0.974999999999997 1.0 1.0 1.0 1.0 0.27500000000000036 0.0 0.0 0.0 0.0 0.0 0.0 0.0 0.0 0.0 0.0 0.0 0.0 0.0 0.0 
0.8531249999999956 0.9906249999999995 1.0 1.0 1.0 0.27500000000000036 0.0 0.0 0.0 0.0 0.0 0.0 0.0 0.0 0.0 0.0 0.0 0.0 0.0 0.0 
0.0 0.9249999999999975 1.0 1.0 1.0 0.9093750000000014 0.2843750000000007 0.5468750000000019 0.8750000000000018 0.8750000000000018 0.8750000000000018 0.8750000000000018 0.8750000000000018 0.5906249999999987 0.0 0.0 0.0 0.0 0.0 0.0 
0.0 0.9249999999999976 1.0 1.0 1.0 1.0 1.0 1.0 1.0 1.0 1.0 1.0 1.0 1.0 1.0 0.9156249999999986 0.5156249999999988 0.0 0.0 0.0 
0.6093749999999963 0.9718749999999989 1.0 1.0 1.0 1.0 0.7468749999999988 0.6249999999999982 0.26562499999999856 0.0 0.29687500000000006 0.6249999999999982 0.7656250000000002 1.0 1.0 1.0 1.0 0.9218749999999958 0.34687499999999927 0.0 
0.0 0.8093749999999978 0.875 0.875 0.875 0.2406250000000003 0.0 0.0 0.0 0.0 0.0 0.0 0.0 0.0 0.2750000000000057 1.0 1.0 1.0 0.9249999999999936 0.0 
0.0 0.0 0.0 0.0 0.0 0.0 0.0 0.0 0.0 0.0 0.0 0.0 0.0 0.0 0.2750000000000057 1.0 1.0 1.0 0.9249999999999936 0.0 
0.0 0.0 0.0 0.0 0.0 0.0 0.0 0.0 0.0 0.0 0.0 0.0 0.0 0.0 0.0 0.22500000000000497 1.0 1.0 1.0 0.9749999999999908 
0.0 0.0 0.0 0.0 0.0 0.0 0.0 0.0 0.0 0.0 0.0 0.0 0.0 0.0 0.0 0.22500000000000497 1.0 1.0 1.0 0.9749999999999908 
0.0 0.0 0.0 0.0 0.0 0.0 0.0 0.0 0.0 0.0 0.0 0.0 0.0 0.0 0.0 0.22500000000000497 1.0 1.0 1.0 0.9749999999999908 
0.8531249999999974 0.875 0.875 0.875 0.19687500000000085 0.0 0.0 0.0 0.0 0.0 0.0 0.0 0.0 0.0 0.0 0.22500000000000497 1.0 1.0 1.0 0.9749999999999908 
0.974999999999997 1.0 1.0 1.0 0.22500000000000098 0.0 0.0 0.0 0.0 0.0 0.0 0.0 0.0 0.0 0.2750000000000057 1.0 1.0 1.0 0.953124999999996 0.36562499999999654 
0.6093749999999981 0.971874999999999 1.0 1.0 1.0 0.27500000000000036 0.0 0.0 0.0 0.0 0.0 0.0 0.0 0.12187500000000107 0.5468750000000036 1.0 1.0 1.0 0.9249999999999936 0.0 
0.0 0.8093749999999978 0.9843749999999998 1.0 1.0 1.0 0.40937500000000016 0.125 0.125 0.125 0.125 0.125 0.125 0.4093750000000025 1.0 1.0 1.0 0.8749999999999929 0.0 0.0 
0.0 0.0 0.10937499999999975 0.8468749999999986 1.0 1.0 1.0 1.0 1.0 1.0 1.0 1.0 1.0 1.0 1.0 1.0 0.8468749999999963 0.10937499999999911 0.0 0.0 
0.0 0.0 0.0 0.0 0.29062499999999963 0.375 0.7968749999999999 1.0 1.0 1.0 1.0 1.0 1.0 0.7968749999999982 0.375 0.29062499999999813 0.0 0.0 0.0 0.0 
