0.9500000000000002 1.0 1.0 1.0 1.0 1.0 1.0 1.0 1.0 1.0 1.0 1.0 1.0 1.0 1.0 1.0 1.0 1.0 0.9062500000000042 0.35624999999999696 
0.9500000000000002 1.0 1.0 1.0 1.0 1.0 1.0 1.0 1.0 1.0 1.0 1.0 1.0 1.0 1.0 1.0 1.0 0.9687500000000026 0.8750000000000067 0.831250000000015 
0.9500000000000002 1.0 1.0 1.0 1.0 0.6062500000000042 0.12500000000000622 0.12500000000000622 0.12500000000000622 0.12500000000000622 0.12500000000000622 0.12500000000000622 0.12500000000000622 0.12500000000000622 0.12500000000000622 0.12500000000000622 0.12500000000000622 0.09375000000000555 0.0 0.0 
0.9500000000000002 1.0 1.0 1.0 0.4500000000000015 0.0 0.0 0.0 0.0 0.0 0.0 0.0 0.0 0.0 0.0 0.0 0.0 0.0 0.0 0.0 
0.9500000000000002 1.0 1.0 1.0 0.4500000000000015 0.0 0.0 0.0 0.0 0.0 0.0 0.0 0.0 0.0 0.0 0.0 0.0 0.0 0.0 0.0 
0.9500000000000002 1.0 1.0 1.0 0.4500000000000015 0.0 0.0 0.0 0.0 0.0 0.0 0.0 0.0 0.0 0.0 0.0 0.0 0.0 0.0 0.0 
0.9500000000000002 1.0 1.0 1.0 0.9312499999999982 0.8749999999999964 0.8749999999999964 0.8749999999999964 0.8749999999999964 0.8749999999999964 0.8749999999999964 0.8749999999999964 0.8749999999999964 0.8749999999999964 0.393750000000004 0.0 0.0 0.0 0.0 0.0 
0.9500000000000002 1.0 1.0 1.0 1.0 1.0 1.0 1.0 1.0 1.0 1.0 1.0 1.0 1.0 1.0 1.0 0.8687500000000009 0.4687500000000018 0.0 0.0 
0.9500000000000002 1.0 1.0 1.0 1.0 0.8312500000000023 0.6250000000000036 0.46875000000000433 0.0 0.0 0.0 0.0 0.46875000000000044 0.8687499999999994 1.0 1.0 1.0 1.0 0.8500000000000085 0.0 
0.8312500000000035 0.8750000000000036 0.8750000000000036 0.8750000000000036 0.39375000000000293 0.0 0.0 0.0 0.0 0.0 0.0 0.0 0.0 0.0 0.48124999999999635 0.931250000000001 1.0 1.0 1.0 0.95000000000001 
0.0 0.0 0.0 0.0 0.0 0.0 0.0 0.0 0.0 0.0 0.0 0.0 0.0 0.0 0.0 0.4499999999999922 1.0 1.0 1.0 0.95000000000001 
0.0 0.0 0.0 0.0 0.0 0.0 0.0 0.0 0.0 0.0 0.0 0.0 0.0 0.0 0.0 0.4499999999999922 1.0 1.0 1.0 0.95000000000001 
0.0 0.0 0.0 0.0 0.0 0.0 0.0 0.0 0.0 0.0 0.0 0.0 0.0 0.0 0.0 0.4499999999999922 1.0 1.0 1.0 0.95000000000001 
0.0 0.0 0.0 0.0 0.0 0.0 0.0 0.0 0.0 0.0 0.0 0.0 0.0 0.0 0.0 0.4499999999999922 1.0 1.0 1.0 0.95000000000001 
0.8312500000000002 0.875 0.875 0.875 0.3937500000000013 0.0 0.0 0.0 0.0 0.0 0.0 0.0 0.0 0.0 0.0 0.4499999999999922 1.0 1.0 1.0 0.95000000000001 
0.9500000000000002 1.0 1.0 1.0 0.4500000000000015 0.0 0.0 0.0 0.0 0.0 0.0 0.0 0.0 0.0 0.0 0.4499999999999922 1.0 1.0 1.0 0.95000000000001 
0.5937500000000001 0.9437499999999999 1.0 1.0 0.6562500000000009 0.2062500000000006 0.0 0.0 0.0 0.0 0.0 0.0 0.0 0.0 0.2062499999999976 0.6562499999999951 1.0 1.0 0.9437500000000032 0.5937500000000062 
0.0 0.7437499999999998 0.9687499999999999 1.0 1.0 1.0 0.6937500000000019 0.125 0.125 0.125 0.125 0.125 0.125 0.6937499999999956 1.0 1.0 1.0 0.9687500000000009 0.7437500000000075 0.0 
0.0 0.0 0.09374999999999992 0.6937499999999992 1.0 1.0 1.0 1.0 1.0 1.0 1.0 1.0 1.0 1.0 1.0 1.0 0.693750000000005 0.09375000000000089 0.0 0.0 
0.0 0.0 0.0 0.0 0.20624999999999943 0.375 0.375 0.5312499999999983 1.0 1.0 1.0 1.0 0.5312500000000022 0.375 0.375 0.20625000000000293 0.0 0.0 0.0 0.0 
