0.536875000000001 1.0 0.9406250000000012 0.608125000000001 1.0 1.0 1.0 1.0 1.0 1.0 1.0 1.0 0.7031250000000013 0.845625000000001 1.0 0.6318750000000006 0.5250000000000021 0.5250000000000021 0.9643750000000022 0.5368749999999998 
1.0 1.0 1.0 1.0 1.0 1.0 1.0 1.0 1.0 1.0 1.0 1.0 1.0 1.0 1.0 1.0 1.0 1.0 1.0 1.0 
0.0 0.0 0.0 0.0 0.0 0.0 0.0 0.0 0.0 0.0 0.0 0.0 0.0 0.25312499999999905 0.8281250000000004 1.0 1.0 1.0 1.0 0.39062499999999517 
0.0 0.0 0.0 0.0 0.0 0.0 0.0 0.0 0.0 0.0 0.0 0.0 0.0 0.0 0.7250000000000014 1.0 1.0 1.0 0.37562499999999566 0.008124999999998344 
0.0 0.0 0.0 0.0 0.0 0.0 0.0 0.0 0.0 0.0 0.0 0.0 0.0 0.6750000000000007 1.0 1.0 1.0 0.3656249999999962 0.02062499999999872 0.0 
0.0 0.0 0.0 0.0 0.0 0.0 0.0 0.0 0.0 0.0 0.0 0.0 0.625 1.0 1.0 1.0 0.36062499999999603 0.028124999999998936 0.0 0.0 
0.0 0.0 0.0 0.0 0.0 0.0 0.0 0.0 0.0 0.0 0.0 0.5749999999999993 1.0 1.0 1.0 0.3606249999999974 0.030624999999999316 0.0 0.0 0.0 
0.0 0.0 0.0 0.0 0.0 0.0 0.0 0.0 0.0 0.0 0.5250000000000021 1.0 1.0 1.0 0.2749999999999986 0.0 0.0 0.0 0.0 0.0 
0.0 0.0 0.0 0.0 0.0 0.0 0.0 0.0 0.0 0.4750000000000014 1.0 1.0 1.0 0.3249999999999993 0.0 0.0 0.0 0.0 0.0 0.0 
0.0 0.0 0.0 0.0 0.0 0.0 0.0 0.0 0.4250000000000007 1.0 1.0 1.0 0.375 0.0 0.0 0.0 0.0 0.0 0.0 0.0 
0.0 0.0 0.0 0.0 0.0 0.0 0.008125000000000675 0.39062500000000044 1.0 1.0 0.9868749999999988 0.41437499999999977 0.0 0.0 0.0 0.0 0.0 0.0 0.0 0.0 
0.0 0.0 0.0 0.0 0.0 0.020624999999999765 0.3756249999999989 1.0 1.0 0.9643750000000002 0.43937499999999835 0.0 0.0 0.0 0.0 0.0 0.0 0.0 0.0 0.0 
0.0 0.0 0.0 0.0 0.028124999999999845 0.36562499999999953 1.0 1.0 0.9468749999999999 0.45937499999999876 0.0 0.0 0.0 0.0 0.0 0.0 0.0 0.0 0.0 0.0 
0.0 0.0 0.0 0.1749999999999985 1.0 1.0 1.0 0.9343749999999998 0.474374999999999 0.0 0.0 0.0 0.0 0.0 0.0 0.0 0.0 0.0 0.0 0.0 
0.0 0.0 0.028124999999999335 0.3606249999999971 1.0 1.0 0.9268750000000009 0.484375000000002 0.0 0.0 0.0 0.0 0.0 0.0 0.0 0.0 0.0 0.0 0.0 0.0 
0.0 0.02062499999999933 0.3656249999999975 1.0 1.0 0.9243750000000005 0.48937500000000145 0.0 0.0 0.0 0.0 0.0 0.0 0.0 0.0 0.0 0.0 0.0 0.0 0.0 
0.02499999999999769 1.0 1.0 1.0 0.9268749999999998 0.4893749999999983 0.0 0.0 0.0 0.0 0.0 0.0 0.0 0.0 0.0 0.0 0.0 0.0 0.0 0.0 
1.0 1.0 1.0 1.0 0.8593750000000008 0.2718750000000002 0.0 0.0 0.0 0.0 0.0 0.0 0.0 0.0 0.0 0.0 0.0 0.0 0.0 0.0 
1.0 1.0 1.0 1.0 1.0 1.0 1.0 1.0 1.0 1.0 1.0 1.0 1.0 1.0 1.0 1.0 1.0 1.0 1.0 0.43937499999999435 
0.5250000000000057 0.5250000000000057 0.5250000000000057 0.5250000000000057 0.5250000000000057 0.5250000000000057 0.5250000000000057 0.5250000000000057 0.5250000000000057 0.5250000000000057 0.5250000000000057 0.5250000000000057 0.8218750000000021 0.6793750000000035 0.8693750000000022 0.6318750000000034 0.9168750000000023 1.0 1.0 0.5368750000000032 
