0.0 0.0 0.0 0.0 0.47500000000000453 0.475000000000005 1.0 1.0 1.0 1.0 1.0 1.0 1.0 0.9999999999999991 0.475000000000005 0.47500000000000414 0.0 0.0 0.0 0.0 
0.0 0.0 0.4250000000000046 0.9999999999999994 1.0 1.0 1.0 1.0 1.0 1.0 1.0 1.0 1.0 1.0 1.0 1.0 1.0 0.42500000000000515 0.0 0.0 
0.0 0.9999999999999984 1.0 1.0 1.0 1.0 0.6249999999999947 0.0 0.0 0.0 0.0 0.0 1.110223024625147e-15 0.6249999999999953 1.0 1.0 1.0 1.0 0.37500000000000533 0.0 
0.9999999999999982 1.0 1.0 1.0 0.6749999999999948 5.995204332975796e-16 0.0 0.0 0.0 0.0 0.0 0.0 0.0 0.0 1.7763568394002505e-15 1.0 1.0 1.0 1.0 0.3250000000000055 
0.9999999999999982 1.0 1.0 1.0 8.881784197001252e-16 0.0 0.0 0.0 0.0 0.0 0.0 0.0 0.0 0.0 0.0 1.7763568394002505e-15 1.0 1.0 1.0 1.0 
0.9999999999999982 1.0 1.0 1.0 8.881784197001252e-16 0.0 0.0 0.0 0.0 0.0 0.0 0.0 0.0 0.0 0.0 0.0 0.0 0.0 0.0 0.0 
0.9999999999999982 1.0 1.0 1.0 8.881784197001252e-16 0.0 0.0 0.0 0.0 0.0 0.0 0.0 0.0 0.0 0.0 0.0 0.0 0.0 0.0 0.0 
0.9999999999999982 1.0 1.0 1.0 8.881784197001252e-16 0.0 0.0 0.0 0.0 0.0 0.0 0.0 0.0 0.0 0.0 0.0 0.0 0.0 0.0 0.0 
0.9999999999999982 1.0 1.0 1.0 8.881784197001252e-16 0.0 0.0 0.0750000000000064 0.0750000000000064 0.0750000000000064 0.0750000000000064 0.0750000000000064 0.0750000000000064 0.07500000000000626 0.0 0.0 0.0 0.0 0.0 0.0 
0.9999999999999982 1.0 1.0 1.0 1.0 1.0 1.0 1.0 1.0 1.0 1.0 1.0 1.0 1.0 1.0 0.9999999999999982 0.025000000000005684 0.0 0.0 0.0 
0.9999999999999982 1.0 1.0 1.0 1.0 1.0 1.0 0.024999999999995026 0.024999999999995026 0.024999999999995026 0.024999999999995026 0.024999999999995026 0.024999999999996757 1.0 1.0 1.0 1.0 0.975000000000005 0.0 0.0 
0.9999999999999982 1.0 1.0 1.0 1.0 0.074999999999993 0.0 0.0 0.0 0.0 0.0 0.0 0.0 1.332267629550049e-16 0.07499999999999382 1.0 1.0 1.0 1.0 0.0 
0.9999999999999982 1.0 1.0 1.0 8.881784197001252e-16 0.0 0.0 0.0 0.0 0.0 0.0 0.0 0.0 0.0 0.0 1.7763568394002505e-15 1.0 1.0 1.0 1.0 
0.9999999999999982 1.0 1.0 1.0 8.881784197001252e-16 0.0 0.0 0.0 0.0 0.0 0.0 0.0 0.0 0.0 0.0 1.7763568394002505e-15 1.0 1.0 1.0 1.0 
0.9999999999999982 1.0 1.0 1.0 8.881784197001252e-16 0.0 0.0 0.0 0.0 0.0 0.0 0.0 0.0 0.0 0.0 1.7763568394002505e-15 1.0 1.0 1.0 1.0 
0.9999999999999982 1.0 1.0 1.0 8.881784197001252e-16 0.0 0.0 0.0 0.0 0.0 0.0 0.0 0.0 0.0 0.0 1.7763568394002505e-15 1.0 1.0 1.0 1.0 
0.32499999999999163 0.999999999999999 1.0 1.0 0.6750000000000081 5.995204332975915e-16 0.0 0.0 0.0 0.0 0.0 0.0 0.0 0.0 1.199040866595183e-15 0.6750000000000084 1.0 1.0 1.0 0.3249999999999922 
0.0 0.9999999999999984 1.0 1.0 1.0 0.6250000000000145 0.6250000000000142 0.0 0.0 0.0 0.0 0.0 1.1102230246251818e-15 0.6250000000000149 1.0 1.0 1.0 1.0 0.3749999999999858 0.0 
0.0 0.0 0.4249999999999966 0.9999999999999994 1.0 1.0 1.0 1.0 1.0 1.0 1.0 1.0 1.0 1.0 1.0 1.0 1.0 0.0 0.0 0.0 
0.0 0.0 0.0 0.0 0.47499999999999387 0.4749999999999943 1.0 1.0 1.0 1.0 1.0 1.0 0.9999999999999991 0.4749999999999943 0.4749999999999935 0.0 0.0 0.0 0.0 0.0 
