0.0 0.0 0.0 0.0 0.0 0.3300000000000003 0.5999999999999979 0.8999999999999998 1.0 1.0 0.9799999999999995 0.5999999999999979 0.5999999999999979 0.3899999999999999 0.0 0.0 0.0 0.0 0.0 0.0 
0.0 0.0 0.2000000000000027 0.8699999999999993 1.0 1.0 1.0 1.0 1.0 1.0 1.0 1.0 1.0 1.0 1.0 0.8899999999999995 0.2800000000000033 0.0 0.0 0.0 
0.05000000000000506 0.9999999999999984 1.0 1.0 1.0 1.0 1.0 1.0 1.0 1.0 1.0 1.0 1.0 1.0 1.0 1.0 1.0 0.9999999999999987 0.1500000000000054 0.0 
1.0 1.0 1.0 1.0 1.0 0.8900000000000003 0.2799999999999996 0.0 0.0 0.0 0.0 0.0 0.0 0.27999999999999886 0.89 1.0 1.0 1.0 1.0 0.050000000000007816 
1.0 1.0 1.0 1.0 0.5499999999999972 0.0 0.0 0.0 0.0 0.0 0.0 0.0 0.0 0.0 0.2699999999999981 0.8199999999999995 1.0 1.0 1.0 0.4300000000000033 
0.40000000000000213 0.40000000000000213 0.550000000000004 0.7899999999999988 0.22000000000000003 0.0 0.0 0.0 0.0 0.0 0.0 0.0 0.0 0.0 0.0 0.5499999999999972 1.0 1.0 1.0 1.0 
0.0 0.0 0.0 0.0 0.0 0.0 0.0 0.0 0.0 0.0 0.0 0.0 0.0 0.0 0.3599999999999961 0.9099999999999989 1.0 1.0 1.0 0.24000000000000726 
0.0 0.0 0.0 0.0 0.0 0.0 0.0 0.0 0.0 0.0 0.0 0.0 0.0 0.34999999999999787 1.0 1.0 1.0 1.0 1.0 0.050000000000007816 
0.0 0.0 0.0 0.0 0.0 0.0 0.0 0.0 0.0 0.0 0.0 0.02999999999999961 0.39999999999999664 1.0 1.0 1.0 1.0 0.850000000000002 0.12000000000000466 0.0 
0.0 0.0 0.0 0.0 0.0 0.0 0.0 0.0 0.0 0.0 0.05000000000000071 1.0 1.0 1.0 1.0 0.7800000000000019 0.2100000000000035 0.0 0.0 0.0 
0.0 0.0 0.0 0.0 0.0 0.0 0.0 0.0 0.0 0.5699999999999975 1.0 1.0 1.0 1.0 0.7300000000000035 0.1800000000000021 0.0 0.0 0.0 0.0 
0.0 0.0 0.0 0.0 0.0 0.0 0.0 0.0 0.6800000000000017 0.9899999999999999 1.0 1.0 1.0 0.6500000000000021 0.0 0.0 0.0 0.0 0.0 0.0 
0.0 0.0 0.0 0.0 0.0 0.0 0.0 0.7500000000000009 1.0 1.0 1.0 1.0 0.7500000000000036 0.0 0.0 0.0 0.0 0.0 0.0 0.0 
0.0 0.0 0.0 0.0 0.0 0.5500000000000025 1.0 1.0 1.0 1.0 0.9499999999999993 0.0 0.0 0.0 0.0 0.0 0.0 0.0 0.0 0.0 
0.0 0.0 0.0 0.140000000000002 0.6700000000000028 1.0 1.0 1.0 1.0 0.6199999999999982 0.0 0.0 0.0 0.0 0.0 0.0 0.0 0.0 0.0 0.0 
0.0 0.0 0.15000000000000097 0.7399999999999975 1.0 1.0 1.0 1.0 0.490000000000004 0.02000000000000057 0.0 0.0 0.0 0.0 0.0 0.0 0.0 0.0 0.0 0.0 
0.04000000000000398 0.8299999999999985 1.0 1.0 1.0 1.0 0.48000000000000087 0.05000000000000053 0.0 0.0 0.0 0.0 0.0 0.0 0.0 0.0 0.0 0.0 0.0 0.0 
1.0 1.0 1.0 1.0 1.0 1.0 1.0 0.2499999999999991 0.0 0.0 0.0 0.0 0.0 0.0 0.0 0.0 0.0 0.0 0.0 0.0 
1.0 1.0 1.0 1.0 1.0 1.0 1.0 1.0 1.0 1.0 1.0 1.0 1.0 1.0 1.0 1.0 1.0 1.0 1.0 1.0 
0.6199999999999967 1.0 1.0 1.0 1.0 1.0 1.0 1.0 1.0 1.0 1.0 1.0 1.0 1.0 1.0 1.0 1.0 1.0 1.0 1.0 
