0.04312500000000056 0.6706249999999998 1.0 1.0 1.0 1.0 1.0 1.0 1.0 1.0 1.0 1.0 1.0 1.0 1.0 1.0 1.0 1.0 1.0 0.07500000000000284 
0.07500000000000107 1.0 1.0 1.0 1.0 1.0 1.0 1.0 1.0 1.0 1.0 1.0 1.0 1.0 1.0 1.0 1.0 1.0 1.0 0.07500000000000284 
0.07500000000000107 1.0 1.0 1.0 1.0 1.0 0.14687499999999953 0.125 0.125 0.125 0.125 0.125 0.125 0.125 0.125 0.125 0.125 0.125 0.125 0.009375000000000355 
0.07500000000000107 1.0 1.0 1.0 1.0 0.17499999999999893 0.0 0.0 0.0 0.0 0.0 0.0 0.0 0.0 0.0 0.0 0.0 0.0 0.0 0.0 
0.07500000000000107 1.0 1.0 1.0 1.0 0.17499999999999893 0.0 0.0 0.0 0.0 0.0 0.0 0.0 0.0 0.0 0.0 0.0 0.0 0.0 0.0 
0.07500000000000107 1.0 1.0 1.0 1.0 0.17499999999999893 0.0 0.0 0.0 0.0 0.0 0.0 0.0 0.0 0.0 0.0 0.0 0.0 0.0 0.0 
0.07500000000000107 1.0 1.0 1.0 1.0 0.5668750000000006 0.4750000000000014 0.4750000000000014 0.4750000000000014 0.6981250000000012 1.0 1.0 0.5406250000000012 0.4750000000000014 0.3918750000000025 0.0 0.0 0.0 0.0 0.0 
0.07500000000000107 1.0 1.0 1.0 1.0 1.0 1.0 1.0 1.0 1.0 1.0 1.0 1.0 1.0 1.0 1.0 0.8218750000000004 0.23437500000000067 0.0 0.0 
0.07500000000000107 1.0 1.0 1.0 1.0 1.0 1.0 1.0 0.7868749999999991 0.22499999999999787 0.22499999999999787 0.22499999999999787 0.22499999999999787 1.0 1.0 1.0 1.0 1.0 0.8256250000000019 0.05812500000000236 
0.005625000000000027 0.28312500000000035 1.0 1.0 1.0 0.23687499999999842 0.0018749999999999423 0.0 0.0 0.0 0.0 0.0 0.0 0.0018750000000000088 0.23687499999999678 1.0 1.0 1.0 1.0 0.07500000000000284 
0.0 0.0 0.0 0.0 0.0 0.0 0.0 0.0 0.0 0.0 0.0 0.0 0.0 0.0 0.0 0.32500000000000284 1.0 1.0 1.0 1.0 
0.0 0.0 0.0 0.0 0.0 0.0 0.0 0.0 0.0 0.0 0.0 0.0 0.0 0.0 0.0 0.32500000000000284 1.0 1.0 1.0 1.0 
0.0 0.0 0.0 0.0 0.0 0.0 0.0 0.0 0.0 0.0 0.0 0.0 0.0 0.0 0.0 0.32500000000000284 1.0 1.0 1.0 1.0 
0.0 0.0 0.0 0.0 0.0 0.0 0.0 0.0 0.0 0.0 0.0 0.0 0.0 0.0 0.0 0.32500000000000284 1.0 1.0 1.0 1.0 
0.6750000000000043 0.7481250000000036 0.8781250000000014 0.6750000000000043 0.2193750000000009 0.0 0.0 0.0 0.0 0.0 0.0 0.0 0.0 0.0 0.0 0.32500000000000284 1.0 1.0 1.0 1.0 
0.23687499999999825 1.0 1.0 1.0 0.3249999999999993 0.0 0.0 0.0 0.0 0.0 0.0 0.0 0.0 0.0 0.0 0.32500000000000284 1.0 1.0 1.0 1.0 
0.07500000000000107 1.0 1.0 1.0 1.0 0.17499999999999893 0.0 0.0 0.0 0.0 0.0 0.0 0.0 0.0 0.17062499999999872 0.9831250000000058 1.0 1.0 1.0 0.09812499999999488 
0.0 0.19687500000000085 0.9218750000000001 1.0 1.0 1.0 1.0 0.125 0.125 0.125 0.125 0.125 0.125 1.0 1.0 1.0 1.0 1.0 0.22500000000000142 0.0 
0.0 0.0 0.27187499999999853 0.8693749999999976 1.0 1.0 1.0 1.0 1.0 1.0 1.0 1.0 1.0 1.0 1.0 1.0 0.8693749999999969 0.27187499999999787 0.0 0.0 
0.0 0.0 0.0 0.0 0.0 0.4743749999999912 0.5749999999999886 1.0 1.0 1.0 1.0 1.0 1.0 0.5749999999999886 0.5749999999999886 0.38812499999999067 0.0 0.0 0.0 0.0 
