0.0 0.0 0.0 0.0 0.0 0.0 0.0 0.0 0.0 0.0 0.0 0.0 0.0 0.7000000000000028 1.0 1.0 1.0 1.0 1.0 0.09999999999999432 
0.0 0.0 0.0 0.0 0.0 0.0 0.0 0.0 0.0 0.0 0.0 0.0 0.5000000000000036 1.0 1.0 1.0 1.0 1.0 1.0 0.09999999999999432 
0.0 0.0 0.0 0.0 0.0 0.0 0.0 0.0 0.0 0.0 0.0 0.3000000000000007 1.0 1.0 1.0 1.0 1.0 1.0 1.0 0.09999999999999432 
0.0 0.0 0.0 0.0 0.0 0.0 0.0 0.0 0.0 0.0 0.12249999999999851 1.0 1.0 1.0 1.0 1.0 1.0 1.0 1.0 0.09999999999999432 
0.0 0.0 0.0 0.0 0.0 0.0 0.0 0.0 0.0 0.1574999999999978 1.0 1.0 1.0 1.0 1.0 1.0 1.0 1.0 1.0 0.09999999999999432 
0.0 0.0 0.0 0.0 0.0 0.0 0.0 0.0 0.22749999999999804 0.9325000000000012 1.0 1.0 1.0 1.0 1.0 1.0 1.0 1.0 1.0 0.09999999999999432 
0.0 0.0 0.0 0.0 0.0 0.0 0.0 0.23749999999999893 0.8424999999999989 1.0 1.0 1.0 0.49999999999999645 0.0 0.0 1.0 1.0 1.0 1.0 0.09999999999999432 
0.0 0.0 0.0 0.0 0.0 0.0 0.18749999999999936 0.8124999999999991 1.0 1.0 1.0 0.6999999999999993 0.0 0.0 0.0 1.0 1.0 1.0 1.0 0.09999999999999432 
0.0 0.0 0.0 0.0 0.0 0.07749999999999889 0.8424999999999989 1.0 1.0 1.0 0.8999999999999986 0.0 0.0 0.0 0.0 1.0 1.0 1.0 1.0 0.09999999999999432 
0.0 0.0 0.0 0.0 0.0 1.0 1.0 1.0 1.0 1.0 0.0 0.0 0.0 0.0 0.0 1.0 1.0 1.0 1.0 0.09999999999999432 
0.0 0.0 0.0 0.05249999999999938 0.9074999999999986 1.0 1.0 1.0 0.9475000000000006 0.0924999999999981 0.0 0.0 0.0 0.0 0.0 1.0 1.0 1.0 1.0 0.09999999999999432 
0.0 0.0 0.11250000000000021 0.7674999999999992 1.0 1.0 1.0 0.8874999999999993 0.23250000000000012 0.0 0.0 0.0 0.0 0.0 0.0 1.0 1.0 1.0 1.0 0.09999999999999432 
0.0 0.11249999999999902 0.6874999999999987 1.0 1.0 1.0 0.8875000000000001 0.3125 0.0 0.0 0.0 0.0 0.0 0.0 0.0 1.0 1.0 1.0 1.0 0.09999999999999432 
0.09999999999999698 1.0 1.0 1.0 1.0 0.9000000000000012 0.0 0.0 0.0 0.0 0.0 0.0 0.0 0.0 0.0 1.0 1.0 1.0 1.0 0.09999999999999432 
0.7074999999999997 1.0 1.0 1.0 1.0 0.9675000000000005 0.6750000000000007 0.6750000000000007 0.6750000000000007 0.6750000000000007 0.6750000000000007 0.6750000000000007 0.6750000000000007 0.6750000000000007 0.9675000000000007 1.0 1.0 1.0 1.0 0.7074999999999988 
1.0 1.0 1.0 1.0 1.0 1.0 1.0 1.0 1.0 1.0 1.0 1.0 1.0 1.0 1.0 1.0 1.0 1.0 1.0 1.0 
1.0 1.0 1.0 1.0 1.0 1.0 1.0 1.0 1.0 1.0 1.0 1.0 1.0 1.0 1.0 1.0 1.0 1.0 1.0 1.0 
0.0 0.0 0.0 0.0 0.0 0.0 0.0 0.0 0.0 0.0 0.0 0.0 0.0 0.0 0.0 1.0 1.0 1.0 1.0 0.09999999999999432 
0.0 0.0 0.0 0.0 0.0 0.0 0.0 0.0 0.0 0.0 0.0 0.0 0.0 0.0 0.0 1.0 1.0 1.0 1.0 0.09999999999999432 
0.0 0.0 0.0 0.0 0.0 0.0 0.0 0.0 0.0 0.0 0.0 0.0 0.0 0.0 0.0 1.0 1.0 1.0 1.0 0.09999999999999432 
