1.0 1.0 1.0 1.0 0.10000000000000142 0.0 0.0 0.0 0.0 0.0 0.0 0.0 0.0 0.0 0.0 0.10000000000000497 1.0 1.0 1.0 1.0 
1.0 1.0 1.0 1.0 1.0 0.0 0.0 0.0 0.0 0.0 0.0 0.0 0.0 0.0 0.0 1.0 1.0 1.0 1.0 1.0 
0.09999999999999698 1.0 1.0 1.0 1.0 0.0 0.0 0.0 0.0 0.0 0.0 0.0 0.0 0.0 0.0 1.0 1.0 1.0 1.0 0.21249999999999822 
0.09999999999999698 1.0 1.0 1.0 1.0 0.022499999999997154 0.0 0.0 0.0 0.0 0.0 0.0 0.0 0.0 0.9000000000000021 1.0 1.0 1.0 1.0 0.09999999999999432 
0.0 0.2999999999999974 1.0 1.0 1.0 0.9000000000000012 0.0 0.0 0.0 0.0 0.0 0.0 0.0 0.0 0.9000000000000021 1.0 1.0 1.0 0.2999999999999936 0.0 
0.0 0.2999999999999974 1.0 1.0 1.0 0.9000000000000012 0.0 0.0 0.0 0.0 0.0 0.0 0.0 0.22749999999999918 0.9325000000000012 1.0 1.0 1.0 0.2999999999999936 0.0 
0.0 0.0 0.4999999999999978 1.0 1.0 1.0 0.7000000000000002 0.0 0.0 0.0 0.0 0.0 0.0 0.7000000000000028 1.0 1.0 1.0 0.49999999999999645 0.0 0.0 
0.0 0.0 0.4999999999999978 1.0 1.0 1.0 0.7000000000000002 0.0 0.0 0.0 0.0 0.0 0.0 0.7000000000000028 1.0 1.0 1.0 0.49999999999999645 0.0 0.0 
0.0 0.0 0.0 0.6999999999999984 1.0 1.0 1.0 0.5 0.0 0.0 0.0 0.0 0.5000000000000036 1.0 1.0 1.0 0.6999999999999957 0.0 0.0 0.0 
0.0 0.0 0.0 0.6999999999999984 1.0 1.0 1.0 0.5 0.0 0.0 0.0 0.0 0.5000000000000036 1.0 1.0 1.0 0.6999999999999957 0.0 0.0 0.0 
0.0 0.0 0.0 0.647499999999999 0.9924999999999999 1.0 1.0 1.0 0.3000000000000007 0.0 0.0 0.3000000000000007 1.0 1.0 1.0 0.899999999999995 0.0 0.0 0.0 0.0 
0.0 0.0 0.0 0.0 0.8999999999999986 1.0 1.0 1.0 0.3000000000000007 0.0 0.02250000000000046 0.45750000000000157 1.0 1.0 1.0 0.899999999999995 0.0 0.0 0.0 0.0 
0.0 0.0 0.0 0.0 0.5624999999999991 1.0 1.0 1.0 0.5625000000000004 0.0374999999999992 0.4375000000000009 1.0 1.0 1.0 1.0 0.0 0.0 0.0 0.0 0.0 
0.0 0.0 0.0 0.0 0.0 1.0 1.0 1.0 1.0 1.0 1.0 1.0 1.0 1.0 1.0 0.0 0.0 0.0 0.0 0.0 
0.0 0.0 0.0 0.0 0.0 1.0 1.0 1.0 1.0 1.0 1.0 1.0 1.0 1.0 0.3924999999999979 0.0 0.0 0.0 0.0 0.0 
0.0 0.0 0.0 0.0 0.0 0.09999999999999876 1.0 1.0 1.0 1.0 1.0 1.0 1.0 1.0 0.09999999999999787 0.0 0.0 0.0 0.0 0.0 
0.0 0.0 0.0 0.0 0.0 0.09999999999999876 1.0 1.0 1.0 1.0 1.0 1.0 1.0 1.0 0.09999999999999787 0.0 0.0 0.0 0.0 0.0 
0.0 0.0 0.0 0.0 0.0 0.0 0.2999999999999998 1.0 1.0 1.0 1.0 1.0 1.0 0.29999999999999716 0.0 0.0 0.0 0.0 0.0 0.0 
0.0 0.0 0.0 0.0 0.0 0.0 0.2999999999999998 1.0 1.0 1.0 1.0 1.0 1.0 0.29999999999999716 0.0 0.0 0.0 0.0 0.0 0.0 
0.0 0.0 0.0 0.0 0.0 0.0 0.17249999999999863 0.7874999999999979 1.0 1.0 1.0 1.0 0.49999999999999645 0.0 0.0 0.0 0.0 0.0 0.0 0.0 
