0.0 0.0 0.0 0.0 0.0 0.1443750000000003 0.5250000000000021 0.7031250000000009 1.0 1.0 1.0 0.7268750000000016 0.5250000000000021 0.5250000000000021 0.5250000000000021 0.11812499999999936 0.0 0.0 0.0 0.0 
0.0 0.0 0.07187499999999922 0.6493750000000009 1.0 1.0 1.0 1.0 1.0 1.0 1.0 1.0 1.0 1.0 1.0 1.0 0.6493750000000004 0.0718749999999982 0.0 0.0 
0.015624999999998602 0.6531250000000008 1.0 1.0 1.0 1.0 0.7968749999999999 0.3749999999999982 0.3749999999999982 0.3749999999999982 0.3749999999999982 0.3749999999999982 0.3749999999999982 0.7968749999999999 1.0 1.0 1.0 1.0 0.6531250000000001 0.015624999999996936 
0.6831250000000008 1.0 1.0 1.0 0.8481250000000005 0.235624999999999 0.0 0.0 0.0 0.0 0.0 0.0 0.0 0.0 0.2356249999999993 0.8481250000000011 1.0 1.0 1.0 0.683125 
1.0 1.0 1.0 0.8250000000000015 0.0 0.0 0.0 0.0 0.0 0.0 0.0 0.0 0.0 0.0 0.0 0.0 0.8250000000000028 1.0 1.0 1.0 
1.0 1.0 1.0 0.8250000000000015 0.0 0.0 0.0 0.0 0.0 0.0 0.0 0.0 0.0 0.0 0.0 0.0 0.18562499999999887 0.22499999999999787 0.22499999999999787 0.22499999999999787 
1.0 1.0 1.0 0.8250000000000015 0.0 0.0 0.0 0.0 0.0 0.0 0.0 0.0 0.0 0.0 0.0 0.0 0.0 0.0 0.0 0.0 
1.0 1.0 1.0 0.8250000000000015 0.0 0.0 0.0 0.0 0.0 0.0 0.0 0.0 0.0 0.0 0.0 0.0 0.0 0.0 0.0 0.0 
1.0 1.0 1.0 0.8250000000000015 0.0 0.0 0.0 0.0 0.0 0.0 0.0 0.0 0.0 0.0 0.0 0.0 0.0 0.0 0.0 0.0 
1.0 1.0 1.0 0.8250000000000015 0.0 0.0 0.0 0.0 0.0 0.0 0.5118750000000029 0.9750000000000014 0.9750000000000014 0.9750000000000014 0.9750000000000014 0.9750000000000014 0.9750000000000014 0.9750000000000014 0.9750000000000014 0.9750000000000014 
1.0 1.0 1.0 0.8250000000000015 0.0 0.0 0.0 0.0 0.0 0.0 0.511875000000001 0.9749999999999979 0.9749999999999979 0.9749999999999979 0.9931249999999995 1.0 1.0 1.0 1.0 1.0 
1.0 1.0 1.0 0.8250000000000015 0.0 0.0 0.0 0.0 0.0 0.0 0.0 0.0 0.0 0.0 0.0 0.0 0.8250000000000028 1.0 1.0 1.0 
1.0 1.0 0.9843750000000002 0.7218750000000014 0.0 0.0 0.0 0.0 0.0 0.0 0.0 0.0 0.0 0.0 0.0 0.0 0.8250000000000028 1.0 1.0 1.0 
1.0 1.0 0.8750000000000018 0.0 0.0 0.0 0.0 0.0 0.0 0.0 0.0 0.0 0.0 0.0 0.0 0.0 0.8250000000000028 1.0 1.0 1.0 
1.0 1.0 0.8750000000000018 0.0 0.0 0.0 0.0 0.0 0.0 0.0 0.0 0.0 0.0 0.0 0.0 0.0 0.8250000000000028 1.0 1.0 1.0 
1.0 1.0 1.0 0.8250000000000015 0.0 0.0 0.0 0.0 0.0 0.0 0.0 0.0 0.0 0.0 0.0 0.0 0.8250000000000028 1.0 1.0 1.0 
1.0 1.0 1.0 0.8250000000000015 0.0 0.0 0.0 0.0 0.0 0.0 0.0 0.0 0.0 0.0 0.0 0.2518750000000029 0.8818750000000024 1.0 1.0 0.024999999999995026 
0.015624999999998557 0.6531249999999993 1.0 1.0 0.8593750000000008 0.375 0.25312500000000027 0.0 0.0 0.0 0.0 0.0 0.0 0.25312500000000027 0.8281250000000009 1.0 1.0 1.0 0.07499999999999574 0.0 
0.0 0.0 0.07187499999999933 0.6493750000000017 1.0 1.0 1.0 1.0 1.0 1.0 1.0 1.0 1.0 1.0 1.0 1.0 0.6493750000000011 0.07187499999999832 0.0 0.0 
0.0 0.0 0.0 0.0 0.11812500000000063 0.5250000000000057 0.5250000000000057 0.7031250000000031 1.0 1.0 1.0 0.7268750000000036 0.5250000000000057 0.5250000000000057 0.1443750000000008 0.0 0.0 0.0 0.0 0.0 
