0.0 0.0 0.0 0.0 0.0 0.0 0.0 0.5624999999999933 1.0 1.0 1.0 1.0 0.5625000000000031 0.0 0.0 0.0 0.0 0.0 0.0 0.0 
0.0 0.0 0.0 0.0 0.0 0.0 0.0 1.0 1.0 1.0 1.0 1.0 1.0 0.0 0.0 0.0 0.0 0.0 0.0 0.0 
0.0 0.0 0.0 0.0 0.0 0.0 0.0 1.0 1.0 1.0 1.0 1.0 1.0 0.0 0.0 0.0 0.0 0.0 0.0 0.0 
0.0 0.0 0.0 0.0 0.0 0.0 0.9749999999999934 1.0 1.0 1.0 1.0 1.0 1.0 0.9750000000000139 0.0 0.0 0.0 0.0 0.0 0.0 
0.0 0.0 0.0 0.0 0.0 0.0 0.9749999999999934 1.0 1.0 1.0 1.0 1.0 1.0 0.9750000000000139 0.0 0.0 0.0 0.0 0.0 0.0 
0.0 0.0 0.0 0.0 0.0 0.824999999999994 1.0 1.0 1.0 1.0 1.0 1.0 1.0 1.0 0.8250000000000135 0.0 0.0 0.0 0.0 0.0 
0.0 0.0 0.0 0.0 0.0 0.824999999999994 1.0 1.0 1.0 1.0 1.0 1.0 1.0 1.0 0.8250000000000135 0.0 0.0 0.0 0.0 0.0 
0.0 0.0 0.0 0.0 0.3374999999999953 0.9124999999999963 1.0 1.0 0.8625000000000053 0.5000000000000036 0.5000000000000036 0.8624999999999955 1.0 1.0 0.9125000000000061 0.3375000000000051 0.0 0.0 0.0 0.0 
0.0 0.0 0.0 0.0 0.6749999999999954 1.0 1.0 1.0 0.7250000000000085 0.0 0.0 0.724999999999989 1.0 1.0 1.0 0.6750000000000149 0.0 0.0 0.0 0.0 
0.0 0.0 0.0 0.0 0.6749999999999954 1.0 1.0 1.0 0.7250000000000085 0.0 0.0 0.36249999999999705 0.9374999999999942 1.0 1.0 0.8375000000000064 0.2625000000000063 0.0 0.0 0.0 
0.0 0.0 0.0 0.5249999999999964 1.0 1.0 1.0 0.8750000000000071 0.0 0.0 0.0 0.0 0.8749999999999876 1.0 1.0 1.0 0.5250000000000163 0.0 0.0 0.0 
0.0 0.0 0.0 0.5249999999999964 1.0 1.0 1.0 0.8750000000000071 0.0 0.0 0.0 0.0 0.4374999999999969 1.0 1.0 1.0 0.7625000000000065 0.18750000000000755 0.0 0.0 
0.0 0.0 0.37499999999999734 1.0 1.0 1.0 1.0 0.0 0.0 0.0 0.0 0.0 0.0 1.0 1.0 1.0 1.0 0.37500000000001776 0.0 0.0 
0.0 0.0 0.37499999999999734 1.0 1.0 1.0 1.0 0.0 0.0 0.0 0.0 0.0 0.0 0.5124999999999965 1.0 1.0 1.0 0.6875000000000067 0.11250000000000879 0.0 
0.0 0.11249999999999835 0.6874999999999964 1.0 1.0 1.0 0.5124999999999998 0.0 0.0 0.0 0.0 0.0 0.0 0.024999999999986144 1.0 1.0 1.0 1.0 0.22500000000001918 0.0 
0.0 0.2249999999999983 1.0 1.0 1.0 1.0 1.0 1.0 1.0 1.0 1.0 1.0 1.0 1.0 1.0 1.0 1.0 1.0 0.6125000000000068 0.03750000000001004 
0.037499999999999645 0.6124999999999992 1.0 1.0 1.0 1.0 1.0 1.0 1.0 1.0 1.0 1.0 1.0 1.0 1.0 1.0 1.0 1.0 1.0 0.0750000000000206 
0.07499999999999929 1.0 1.0 1.0 1.0 0.587500000000003 0.5 0.5 0.5 0.5 0.5 0.5 0.5 0.5 0.5874999999999932 1.0 1.0 1.0 1.0 0.5375000000000103 
0.5374999999999996 1.0 1.0 1.0 0.6625000000000023 0.08750000000000302 0.0 0.0 0.0 0.0 0.0 0.0 0.0 0.0 0.0 0.3249999999999851 1.0 1.0 1.0 1.0 
0.5374999999999996 1.0 1.0 1.0 0.3250000000000046 0.0 0.0 0.0 0.0 0.0 0.0 0.0 0.0 0.0 0.0 0.16249999999999254 0.7374999999999918 1.0 1.0 1.0 
