0.0 0.0 0.0 0.0 0.0 0.0 0.0 0.0 1.0 1.0 1.0 1.0 0.7499999999999858 0.0 0.0 0.0 0.0 0.0 0.0 0.0 
0.0 0.0 0.0 0.0 0.0 0.0 0.0 0.7500000000000107 1.0 1.0 1.0 1.0 1.0 0.0 0.0 0.0 0.0 0.0 0.0 0.0 
0.0 0.0 0.0 0.0 0.0 0.0 0.0 1.0 1.0 1.0 1.0 1.0 1.0 0.8499999999999837 0.0 0.0 0.0 0.0 0.0 0.0 
0.0 0.0 0.0 0.0 0.0 0.0 0.0 1.0 1.0 1.0 1.0 1.0 1.0 0.8499999999999837 0.0 0.0 0.0 0.0 0.0 0.0 
0.0 0.0 0.0 0.0 0.0 0.0 0.8500000000000085 1.0 1.0 1.0 1.0 1.0 1.0 1.0 0.0 0.0 0.0 0.0 0.0 0.0 
0.0 0.0 0.0 0.0 0.0 0.0 1.0 1.0 1.0 1.0 1.0 1.0 1.0 1.0 0.9499999999999815 0.0 0.0 0.0 0.0 0.0 
0.0 0.0 0.0 0.0 0.0 0.9500000000000082 1.0 1.0 1.0 1.0 1.0 1.0 1.0 1.0 0.9799999999999929 0.029999999999990017 0.0 0.0 0.0 0.0 
0.0 0.0 0.0 0.0 3.5527136788010563e-16 0.9500000000000085 1.0 1.0 1.0 0.0 0.0 0.35000000000001563 1.0 1.0 1.0 0.04999999999998295 0.0 0.0 0.0 0.0 
0.0 0.0 0.0 0.0 0.050000000000007816 1.0 1.0 1.0 0.349999999999989 0.0 0.0 0.0 1.0 1.0 1.0 1.0 0.0 0.0 0.0 0.0 
0.0 0.0 0.0 0.0 1.0 1.0 1.0 1.0 0.0 0.0 0.0 0.0 0.4000000000000082 1.0 1.0 1.0 0.11999999999998529 0.0 0.0 0.0 
0.0 0.0 0.0 0.15000000000000568 1.0 1.0 1.0 0.8499999999999958 0.0 0.0 0.0 0.0 0.2500000000000142 1.0 1.0 1.0 0.14999999999998082 0.0 0.0 0.0 
0.0 0.0 0.0 0.6600000000000095 1.0 1.0 1.0 0.24999999999998934 0.0 0.0 0.0 0.0 0.0 1.0 1.0 1.0 1.0 0.0 0.0 0.0 
0.0 0.0 0.0 1.0 1.0 1.0 1.0 0.0 0.0 0.0 0.0 0.0 0.0 0.15000000000001634 1.0 1.0 1.0 0.24999999999997868 0.0 0.0 
0.0 0.0 0.25000000000000533 1.0 1.0 1.0 0.14999999999999147 0.0 0.0 0.0 0.0 0.0 0.0 0.09000000000000895 1.0 1.0 1.0 1.0 0.0 0.0 
0.0 0.0 0.8500000000000096 1.0 1.0 1.0 0.14999999999999147 0.0 0.0 0.0 0.0 0.0 0.0 0.0 1.0 1.0 1.0 1.0 0.0 0.0 
0.0 0.3500000000000041 1.0 1.0 1.0 1.0 1.0 0.20000000000000995 0.20000000000000995 0.20000000000000995 0.20000000000000995 0.20000000000000995 0.20000000000000995 1.0 1.0 1.0 1.0 1.0 0.3499999999999801 0.0 
0.0 0.3500000000000041 1.0 1.0 1.0 1.0 1.0 1.0 1.0 1.0 1.0 1.0 1.0 1.0 1.0 1.0 1.0 1.0 1.0 0.0 
0.0 1.0 1.0 1.0 0.9999999999999997 0.049999999999991475 0.0 0.0 0.0 0.0 0.0 0.0 0.0 0.0 0.9999999999999929 0.9999999999999997 1.0 1.0 1.0 0.4499999999999744 
0.45000000000000284 1.0 1.0 1.0 0.0 0.0 0.0 0.0 0.0 0.0 0.0 0.0 0.0 0.0 0.0 0.0 1.0 1.0 1.0 0.6699999999999877 
1.0 1.0 1.0 0.8799999999999938 0.0 0.0 0.0 0.0 0.0 0.0 0.0 0.0 0.0 0.0 0.0 0.0 0.8500000000000192 1.0 1.0 1.0 
