0.0 0.0 0.0 0.0 0.0 0.0 0.0 0.42500000000001137 0.42500000000001137 1.0 1.0 1.0 1.0 1.0 1.0 1.0 1.0 0.49687500000001406 0.0 0.0 
0.0 0.0 0.0 0.0 0.275000000000011 1.0 1.0 1.0 1.0 1.0 1.0 1.0 1.0 1.0 1.0 1.0 1.0 1.0 1.0 0.17187500000000883 
0.0 0.0 0.0 1.0 1.0 1.0 1.0 1.0 1.0 1.0 1.0 1.0 1.0 1.0 1.0 1.0 1.0 1.0 1.0 0.6718750000000102 
0.0 0.0 0.9781250000000073 1.0 1.0 1.0 1.0 1.0 0.3906250000000016 0.003124999999999112 0.0 0.0 0.0 0.0 1.0 1.0 1.0 1.0 1.0 1.0 
0.0 0.0 1.0 1.0 1.0 1.0 1.0 0.6250000000000071 0.0 0.0 0.0 0.0 0.0 0.0 1.0 1.0 1.0 1.0 1.0 1.0 
0.0 0.0 1.0 1.0 1.0 1.0 1.0 0.0 0.0 0.0 0.0 0.0 0.0 0.0 1.0 1.0 1.0 1.0 1.0 0.6250000000000071 
0.0 0.0 0.0 0.0 0.0 0.0 0.0 0.0 0.0 0.0 0.0 0.0 0.0 0.0 1.0 1.0 1.0 1.0 1.0 0.29687499999999983 
0.0 0.0 0.0 0.0 0.0 0.0 0.0 0.0 0.0 0.0 0.0 0.0 0.0 1.0 1.0 1.0 1.0 1.0 0.8750000000000071 0.0 
0.0 0.0 0.0 0.0 0.0 0.0 0.0 0.0 0.0 0.0 0.0 0.3749999999999929 1.0 1.0 1.0 1.0 1.0 0.8031249999999941 0.0 0.0 
0.0 0.0 0.0 0.0 0.0 0.0 0.0 0.0 0.0 0.0 0.1906249999999959 1.0 1.0 1.0 1.0 1.0 0.3750000000000071 0.0 0.0 0.0 
0.0 0.0 0.0 0.0 0.0 0.0 0.0 0.0 0.0 0.990625 1.0 1.0 1.0 1.0 1.0 0.04687499999999787 0.0 0.0 0.0 0.0 
0.0 0.0 0.0 0.0 0.0 0.0 0.0 0.3749999999999929 1.0 1.0 1.0 1.0 1.0 1.0 0.0 0.0 0.0 0.0 0.0 0.0 
0.0 0.0 0.0 0.0 0.0 0.0 1.0 1.0 1.0 1.0 1.0 1.0 0.14062500000000266 0.0 0.0 0.0 0.0 0.0 0.0 0.0 
0.0 0.0 0.0 0.0 0.29687499999999833 1.0 1.0 1.0 1.0 1.0 0.9406250000000032 0.0 0.0 0.0 0.0 0.0 0.0 0.0 0.0 0.0 
0.0 0.0 0.04062499999999862 1.0 1.0 1.0 1.0 1.0 1.0 0.0 0.0 0.0 0.0 0.0 0.0 0.0 0.0 0.0 0.0 0.0 
0.0 0.8968749999999952 1.0 1.0 1.0 1.0 0.9781250000000012 0.0 0.0 0.0 0.0 0.0 0.0 0.0 0.0 0.0 0.0 0.0 0.0 0.0 
0.6249999999999947 1.0 1.0 1.0 1.0 1.0 1.0 1.0 1.0 1.0 1.0 1.0 1.0 1.0 1.0 1.0 1.0 1.0 0.8750000000000071 0.0 
1.0 1.0 1.0 1.0 1.0 1.0 1.0 1.0 1.0 1.0 1.0 1.0 1.0 1.0 1.0 1.0 1.0 1.0 0.8750000000000071 0.0 
1.0 1.0 1.0 1.0 1.0 1.0 1.0 1.0 1.0 1.0 1.0 1.0 1.0 1.0 1.0 1.0 1.0 1.0 0.24062500000000692 0.0 
1.0 1.0 1.0 1.0 1.0 1.0 0.42499999999999716 0.42499999999999716 0.42499999999999716 0.42499999999999716 0.0 0.0 0.0 0.0 0.0 0.0 0.0 0.0 0.0 0.0 
