0.0 0.0 0.0 0.0 0.0 0.0 0.0 0.0 0.0 0.6549999999999853 1.0 1.0 1.0 1.0 1.0 1.0 0.0 0.0 0.0 0.0 
0.0 0.0 0.0 0.0 0.0 0.0 0.0 0.2749999999999932 1.0 1.0 1.0 1.0 1.0 1.0 1.0 1.0 0.0 0.0 0.0 0.0 
0.0 0.0 0.0 0.0 0.0 0.0 0.8249999999999835 1.0 1.0 1.0 1.0 1.0 1.0 1.0 1.0 0.400000000000027 0.0 0.0 0.0 0.0 
0.0 0.0 0.0 0.0 0.38999999999998286 1.0 1.0 1.0 1.0 1.0 1.0 1.0 1.0 1.0 1.0 0.400000000000027 0.0 0.0 0.0 0.0 
0.0 0.0 0.8250000000000028 1.0 1.0 1.0 1.0 1.0 1.0 1.0 1.0 1.0 1.0 1.0 1.0 0.400000000000027 0.0 0.0 0.0 0.0 
0.0 0.7999999999999847 1.0 1.0 1.0 1.0 1.0 1.0 0.0 0.0 1.0 1.0 1.0 1.0 1.0 0.400000000000027 0.0 0.0 0.0 0.0 
0.0 0.7999999999999847 1.0 1.0 1.0 1.0 0.20000000000001883 0.0 0.0 0.0 1.0 1.0 1.0 1.0 1.0 0.400000000000027 0.0 0.0 0.0 0.0 
0.0 0.0 0.0 0.0 0.0 0.0 0.0 0.0 0.0 0.0 1.0 1.0 1.0 1.0 1.0 0.0 0.0 0.0 0.0 0.0 
0.0 0.0 0.0 0.0 0.0 0.0 0.0 0.0 0.0 0.0 1.0 1.0 1.0 1.0 1.0 0.0 0.0 0.0 0.0 0.0 
0.0 0.0 0.0 0.0 0.0 0.0 0.0 0.0 0.0 0.0 1.0 1.0 1.0 1.0 1.0 0.0 0.0 0.0 0.0 0.0 
0.0 0.0 0.0 0.0 0.0 0.0 0.0 0.0 0.0 0.0 1.0 1.0 1.0 1.0 1.0 0.0 0.0 0.0 0.0 0.0 
0.0 0.0 0.0 0.0 0.0 0.0 0.0 0.0 0.0 0.3099999999999847 1.0 1.0 1.0 1.0 1.0 0.0 0.0 0.0 0.0 0.0 
0.0 0.0 0.0 0.0 0.0 0.0 0.0 0.0 0.0 0.39999999999997726 1.0 1.0 1.0 1.0 1.0 0.0 0.0 0.0 0.0 0.0 
0.0 0.0 0.0 0.0 0.0 0.0 0.0 0.0 0.0 0.39999999999997726 1.0 1.0 1.0 1.0 1.0 0.0 0.0 0.0 0.0 0.0 
0.0 0.0 0.0 0.0 0.0 0.0 0.0 0.0 0.0 0.39999999999997726 1.0 1.0 1.0 1.0 0.6000000000000227 0.0 0.0 0.0 0.0 0.0 
0.0 0.0 0.0 0.0 0.0 0.0 0.0 0.0 0.0 0.39999999999997726 1.0 1.0 1.0 1.0 0.6700000000000232 0.0 0.0 0.0 0.17500000000001137 0.10500000000001204 
0.0 0.0 0.0 0.02500000000001279 0.02500000000001279 0.02500000000001279 0.02500000000001279 1.0 1.0 1.0 1.0 1.0 1.0 1.0 1.0 1.0 1.0 1.0 1.0 1.0 
0.5999999999999854 1.0 1.0 1.0 1.0 1.0 1.0 1.0 1.0 1.0 1.0 1.0 1.0 1.0 1.0 1.0 1.0 1.0 1.0 1.0 
0.5999999999999854 1.0 1.0 1.0 1.0 1.0 1.0 1.0 1.0 1.0 1.0 1.0 1.0 1.0 1.0 1.0 1.0 1.0 1.0 0.1650000000000031 
0.7699999999999848 1.0 1.0 1.0 1.0 1.0 0.42499999999998295 0.42499999999998295 0.42499999999998295 0.25499999999999945 0.0 0.0 0.0 0.0 0.0 0.0 0.0 0.0 0.0 0.0 
