0.0 0.0 0.0 0.0 0.0 0.18749999999999933 0.6874999999999989 1.0 1.0 1.0 1.0 1.0 1.0 0.6875000000000022 0.375 0.0 0.0 0.0 0.0 0.0 
0.0 0.0 0.0 0.5624999999999992 1.0 1.0 1.0 1.0 1.0 1.0 1.0 1.0 1.0 1.0 1.0 1.0 1.0 0.06250000000000089 0.0 0.0 
0.0 0.0 0.9375 1.0 1.0 1.0 1.0 1.0 0.5625 0.125 0.125 0.125 0.5624999999999969 1.0 1.0 1.0 1.0 1.0 0.4375000000000062 0.0 
0.0 0.5 1.0 1.0 1.0 1.0 0.18749999999999978 0.0 0.0 0.0 0.0 0.0 0.0 0.0 0.18749999999999778 1.0 1.0 1.0 1.0 0.31250000000000533 
0.0 1.0 1.0 1.0 1.0 0.5000000000000018 0.0 0.0 0.0 0.0 0.0 0.0 0.0 0.0 0.0 0.49999999999999645 1.0 1.0 1.0 1.0 
0.06250000000000178 1.0 1.0 1.0 1.0 0.0 0.0 0.0 0.0 0.0 0.0 0.0 0.0 0.0 0.0 0.0 0.8749999999999964 0.8749999999999964 0.8749999999999964 0.43750000000000444 
0.5 1.0 1.0 1.0 1.0 0.0 0.0 0.0 0.0 0.0 0.0 0.0 0.0 0.0 0.0 0.0 0.0 0.0 0.0 0.0 
0.5 1.0 1.0 1.0 1.0 0.0 0.0 0.0 0.0 0.0 0.0 0.0 0.0 0.0 0.0 0.0 0.0 0.0 0.0 0.0 
0.5 1.0 1.0 1.0 1.0 0.0 0.0 0.0 0.0 0.0 0.0 0.0 0.0 0.0 0.0 0.0 0.0 0.0 0.0 0.0 
0.5 1.0 1.0 1.0 1.0 0.0 0.0 0.0 0.0 0.0 1.0 1.0 1.0 1.0 1.0 1.0 1.0 1.0 1.0 0.5000000000000071 
0.5 1.0 1.0 1.0 1.0 0.0 0.0 0.0 0.0 0.0 1.0 1.0 1.0 1.0 1.0 1.0 1.0 1.0 1.0 0.5000000000000071 
0.5 1.0 1.0 1.0 1.0 0.0 0.0 0.0 0.0 0.0 0.0 0.0 0.0 0.0 0.18749999999999512 1.0 1.0 1.0 1.0 0.5000000000000071 
1.0 1.0 1.0 1.0 1.0 0.0 0.0 0.0 0.0 0.0 0.0 0.0 0.0 0.0 0.0 1.0 1.0 1.0 1.0 0.5000000000000071 
1.0 1.0 1.0 1.0 0.5 0.0 0.0 0.0 0.0 0.0 0.0 0.0 0.0 0.0 0.0 1.0 1.0 1.0 1.0 0.5000000000000071 
1.0 1.0 1.0 1.0 0.5 0.0 0.0 0.0 0.0 0.0 0.0 0.0 0.0 0.0 0.0 1.0 1.0 1.0 1.0 0.5000000000000071 
0.6874999999999964 1.0 1.0 1.0 0.5 0.0 0.0 0.0 0.0 0.0 0.0 0.0 0.0 0.0 0.0 1.0 1.0 1.0 1.0 0.0 
0.31249999999999645 1.0 1.0 1.0 1.0 0.18750000000000422 0.0 0.0 0.0 0.0 0.0 0.0 0.0 0.0 0.6875000000000013 1.0 1.0 1.0 0.8124999999999991 0.0 
0.0 0.5 1.0 1.0 1.0 1.0 1.0 0.5625000000000016 0.0 0.0 0.0 0.125 0.5624999999999969 1.0 1.0 1.0 1.0 0.9375000000000009 0.0 0.0 
0.0 0.0 0.062499999999992895 1.0 1.0 1.0 1.0 1.0 1.0 1.0 1.0 1.0 1.0 1.0 1.0 1.0 0.5624999999999929 0.0 0.0 0.0 
0.0 0.0 0.0 0.0 0.0 0.3749999999999858 1.0 1.0 1.0 1.0 1.0 1.0 1.0 0.6874999999999951 0.18749999999999423 0.0 0.0 0.0 0.0 0.0 
