0.0 0.0 0.0 0.0 0.0 0.14062499999999745 0.22499999999999432 0.3218749999999978 0.9031250000000021 1.0 1.0 0.9031249999999965 0.32187499999999364 0.22499999999999432 0.14062499999999606 0.0 0.0 0.0 0.0 0.0 
0.0 0.0 0.0 0.08437500000000234 0.5906249999999984 0.8781249999999995 1.0 1.0 1.0 1.0 1.0 1.0 1.0 1.0 0.8781249999999974 0.6749999999999947 0.6749999999999947 0.2531249999999968 0.0 0.0 
0.0 0.07812499999999759 0.4531250000000012 1.0 1.0 0.9218750000000024 0.5468749999999999 0.0 0.0 0.0 0.0 0.0 0.0 0.5468750000000047 0.8750000000000049 0.8906250000000044 0.9843750000000009 1.0 0.6249999999999982 0.0 
0.0 0.6250000000000051 1.0 0.928124999999998 0.4968750000000012 0.1593749999999997 0.0 0.0 0.0 0.0 0.0 0.0 0.0 0.0 0.0 0.12500000000000178 0.8750000000000018 1.0 0.8406249999999976 0.5031249999999953 
0.021874999999996557 0.6343750000000035 1.0 0.8749999999999956 0.12499999999999556 0.0 0.0 0.0 0.0 0.0 0.0 0.0 0.0 0.0 0.0 0.0 0.0 0.6093750000000043 0.9750000000000041 0.8531250000000018 
0.4593750000000062 0.8218750000000039 1.0 0.8749999999999956 0.12499999999999556 0.0 0.0 0.0 0.0 0.0 0.0 0.0 0.0 0.0 0.0 0.0 0.0 0.0 0.0 0.0 
0.8093750000000024 0.9718749999999993 1.0 0.8749999999999956 0.12499999999999556 0.0 0.0 0.0 0.0 0.0 0.0 0.0 0.0 0.0 0.0 0.0 0.0 0.0 0.0 0.0 
0.8750000000000053 1.0 1.0 0.8749999999999956 0.12499999999999556 0.0 0.0 0.0 0.0 0.0 0.0 0.0 0.0 0.0 0.0 0.0 0.0 0.0 0.0 0.0 
0.15312500000000312 0.6906250000000052 1.0 0.8749999999999956 0.12499999999999556 0.0 0.0 0.0 0.0 0.0 0.0 0.0 0.0 0.0 0.0 0.0 0.0 0.0 0.0 0.0 
0.0 0.6250000000000051 1.0 0.8749999999999956 0.12499999999999556 0.0 0.0 0.0 0.0 0.0 0.10312500000000044 0.3656250000000013 0.9093750000000012 1.0 1.0 1.0 1.0 1.0 1.0 0.8749999999999982 
0.0 0.6250000000000051 1.0 0.8749999999999956 0.12499999999999556 0.0 0.0 0.0 0.0 0.0 0.10312500000000177 0.3656250000000044 0.9093750000000016 0.546875 0.5468750000000027 1.0 1.0 1.0 1.0 0.8749999999999982 
0.0 0.6250000000000051 1.0 0.8749999999999956 0.12499999999999556 0.0 0.0 0.0 0.0 0.0 0.0 0.0 0.0 0.0 0.0 0.10312500000000183 0.7218750000000039 0.9343750000000014 1.0 0.8749999999999982 
0.0 0.6250000000000051 1.0 0.8749999999999956 0.12499999999999556 0.0 0.0 0.0 0.0 0.0 0.0 0.0 0.0 0.0 0.0 0.0 0.0 0.6250000000000018 1.0 0.8749999999999982 
0.0 0.6250000000000051 1.0 0.8749999999999956 0.12499999999999556 0.0 0.0 0.0 0.0 0.0 0.0 0.0 0.0 0.0 0.0 0.0 0.0 0.6250000000000018 1.0 0.8749999999999982 
0.45937500000000153 0.8218750000000019 1.0 0.8749999999999956 0.12499999999999556 0.0 0.0 0.0 0.0 0.0 0.0 0.0 0.0 0.0 0.0 0.0 0.0 0.6250000000000018 1.0 0.8749999999999982 
0.02187499999999889 0.6343750000000045 1.0 0.8749999999999956 0.12499999999999556 0.0 0.0 0.0 0.0 0.0 0.0 0.0 0.0 0.0 0.0 0.0 0.0 0.6250000000000018 1.0 0.8749999999999982 
0.0 0.6250000000000051 1.0 0.8749999999999956 0.12499999999999556 0.0 0.0 0.0 0.0 0.0 0.0 0.0 0.0 0.0 0.0 0.12500000000000178 0.8750000000000018 1.0 0.840624999999999 0.5031249999999984 
0.0 0.07812500000000064 0.4531250000000043 0.9843749999999994 0.8906249999999994 0.3281249999999961 0.0 0.0 0.0 0.0 0.0 0.0 0.0 0.0 0.32812500000000155 0.8906250000000002 0.9843750000000002 1.0 0.6249999999999982 0.0 
0.0 0.0 0.0 0.08437500000000264 0.5906250000000005 0.8781250000000004 1.0 1.0 1.0 0.5781249999999993 0.5781250000000042 1.0 1.0 1.0 1.0 0.9593749999999991 0.715624999999997 0.2531249999999977 0.0 0.0 
0.0 0.0 0.0 0.0 0.0 0.14062499999999967 0.22499999999999787 0.3218750000000009 0.9031250000000025 1.0 1.0 0.903124999999997 0.32187499999999675 0.22499999999999787 0.22499999999999787 0.19687499999999775 0.028124999999999335 0.0 0.0 0.0 
