0.0 0.0 0.0 0.0 0.0 0.0 0.0 0.0 0.0 0.0 0.0 0.0 0.0 0.12500000000000436 0.5000000000000054 1.0 1.0 1.0 0.6249999999999982 0.0 
0.0 0.0 0.0 0.0 0.0 0.0 0.0 0.0 0.0 0.0 0.0 0.0 0.0 0.6250000000000018 1.0 1.0 1.0 1.0 0.6249999999999982 0.0 
0.0 0.0 0.0 0.0 0.0 0.0 0.0 0.0 0.0 0.0 0.0 0.12500000000000178 0.8750000000000018 1.0 1.0 1.0 1.0 1.0 0.6249999999999982 0.0 
0.0 0.0 0.0 0.0 0.0 0.0 0.0 0.0 0.0 0.0 0.1500000000000025 0.47500000000000603 0.9250000000000018 1.0 1.0 1.0 1.0 1.0 0.6249999999999982 0.0 
0.0 0.0 0.0 0.0 0.0 0.0 0.0 0.0 0.0 0.0 0.3750000000000009 1.0 1.0 1.0 1.0 1.0 1.0 1.0 0.6249999999999982 0.0 
0.0 0.0 0.0 0.0 0.0 0.0 0.0 0.0 0.0 0.6250000000000009 1.0 0.9749999999999991 0.8249999999999956 0.2999999999999968 0.2999999999999997 0.8249999999999963 0.9749999999999998 1.0 0.6249999999999982 0.0 
0.0 0.0 0.0 0.0 0.0 0.0 0.0 0.07500000000000115 0.5250000000000049 0.8500000000000022 0.7749999999999976 0.3499999999999949 0.04999999999999867 0.0 0.0 0.12500000000000178 0.8750000000000018 1.0 0.6249999999999982 0.0 
0.0 0.0 0.0 0.0 0.0 0.0 0.3750000000000009 1.0 1.0 0.9999999999999978 0.6249999999999969 0.0 0.0 0.0 0.0 0.12500000000000178 0.8750000000000018 1.0 0.6249999999999982 0.0 
0.0 0.0 0.0 0.0 0.0 0.2500000000000026 0.625000000000003 1.0 1.0 0.3749999999999991 0.0 0.0 0.0 0.0 0.0 0.12500000000000178 0.8750000000000018 1.0 0.6249999999999982 0.0 
0.0 0.0 0.0 0.0 0.0 0.6250000000000004 1.0 0.8999999999999988 0.29999999999999555 0.07499999999999822 0.0 0.0 0.0 0.0 0.0 0.12500000000000178 0.8750000000000018 1.0 0.6249999999999982 0.0 
0.0 0.0 0.0 0.12500000000000044 0.8750000000000004 1.0 0.9249999999999987 0.6999999999999968 0.09999999999999894 0.0 0.0 0.0 0.0 0.0 0.0 0.12500000000000178 0.8750000000000018 1.0 0.6249999999999982 0.0 
0.0 0.0 0.22500000000000134 0.650000000000003 0.9500000000000006 1.0 0.6249999999999991 0.0 0.0 0.0 0.0 0.0 0.0 0.0 0.0 0.12500000000000178 0.8750000000000018 1.0 0.6249999999999982 0.0 
0.0 2.2204460492503135e-15 0.37500000000000244 1.0 1.0 0.37499999999999956 0.0 0.0 0.0 0.0 0.0 0.0 0.0 0.0 0.0 0.12500000000000178 0.8750000000000018 1.0 0.6249999999999982 0.0 
0.0 0.6250000000000001 1.0 0.9499999999999995 0.6499999999999979 0.22499999999999892 0.0 0.0 0.0 0.0 0.0 0.0 0.0 0.0 0.0 0.12500000000000178 0.8750000000000018 1.0 0.6249999999999982 0.0 
0.7000000000000006 0.9250000000000003 1.0 0.8749999999999996 0.12499999999999956 0.0 0.0 0.0 0.0 0.0 0.0 0.0 0.0 0.0 0.0 0.12500000000000178 0.8750000000000018 1.0 0.9249999999999999 0.6999999999999992 
0.875 1.0 1.0 1.0 1.0 1.0 1.0 1.0 1.0 1.0 1.0 1.0 1.0 1.0 1.0 1.0 1.0 1.0 1.0 0.8749999999999982 
0.34999999999999876 0.3999999999999986 0.3999999999999986 0.3999999999999986 0.3999999999999986 0.3999999999999986 0.3999999999999986 0.3999999999999986 0.3999999999999986 0.3999999999999986 0.3999999999999986 0.3999999999999986 0.3999999999999986 0.7750000000000006 1.0 1.0 1.0 1.0 1.0 0.8749999999999982 
0.0 0.0 0.0 0.0 0.0 0.0 0.0 0.0 0.0 0.0 0.0 0.0 0.0 0.0 0.0 0.12500000000000178 0.8750000000000018 1.0 0.6249999999999982 0.0 
0.0 0.0 0.0 0.0 0.0 0.0 0.0 0.0 0.0 0.0 0.0 0.0 0.0 0.0 0.0 0.12500000000000178 0.8750000000000018 1.0 0.6249999999999982 0.0 
0.0 0.0 0.0 0.0 0.0 0.0 0.0 0.0 0.0 0.0 0.0 0.0 0.0 0.0 0.0 0.12500000000000178 0.8750000000000018 1.0 0.6249999999999982 0.0 
