0.0 0.0 0.0 0.0 0.0 0.0 0.0 0.0 0.0 0.0 0.0 0.0 0.10000000000000213 0.4400000000000054 1.0 1.0 1.0 1.0 0.6999999999999922 0.0 
0.0 0.0 0.0 0.0 0.0 0.0 0.0 0.0 0.0 0.0 0.0 0.0 0.5000000000000036 1.0 1.0 1.0 1.0 1.0 0.6999999999999922 0.0 
0.0 0.0 0.0 0.0 0.0 0.0 0.0 0.0 0.0 0.0 0.0 0.7000000000000046 1.0 1.0 1.0 1.0 1.0 1.0 0.6999999999999922 0.0 
0.0 0.0 0.0 0.0 0.0 0.0 0.0 0.0 0.0 0.04000000000000149 0.3600000000000035 0.8200000000000034 1.0 1.0 1.0 1.0 1.0 1.0 0.6999999999999922 0.0 
0.0 0.0 0.0 0.0 0.0 0.0 0.0 0.0 0.0 0.1000000000000032 0.9000000000000039 1.0 1.0 1.0 1.0 1.0 1.0 1.0 0.6999999999999922 0.0 
0.0 0.0 0.0 0.0 0.0 0.0 0.0 0.0 0.3000000000000025 1.0 1.0 0.8599999999999971 0.39999999999999575 0.0 0.10000000000000497 0.9000000000000057 1.0 1.0 0.6999999999999922 0.0 
0.0 0.0 0.0 0.0 0.0 0.0 0.0 0.30000000000000177 0.720000000000002 1.0 1.0 0.2999999999999954 0.0 0.0 0.10000000000000497 0.9000000000000057 1.0 1.0 0.6999999999999922 0.0 
0.0 0.0 0.0 0.0 0.0 0.0 1.2434497875801772e-15 0.5000000000000027 1.0 0.8999999999999968 0.09999999999999609 0.0 0.0 0.0 0.10000000000000497 0.9000000000000057 1.0 1.0 0.6999999999999922 0.0 
0.0 0.0 0.0 0.0 0.0 0.0 0.7000000000000011 1.0 0.8799999999999983 0.5399999999999961 0.059999999999997444 0.0 0.0 0.0 0.10000000000000497 0.9000000000000057 1.0 1.0 0.6999999999999922 0.0 
0.0 0.0 0.0 0.0 0.08000000000000068 0.7200000000000032 0.940000000000001 1.0 0.6999999999999975 0.0 0.0 0.0 0.0 0.0 0.10000000000000497 0.9000000000000057 1.0 1.0 0.6999999999999922 0.0 
0.0 0.0 0.0 0.06000000000000082 0.28000000000000297 0.9200000000000013 1.0 0.4999999999999982 0.0 0.0 0.0 0.0 0.0 0.0 0.10000000000000497 0.9000000000000057 1.0 1.0 0.6999999999999922 0.0 
0.0 0.0 0.0 0.2999999999999998 1.0 1.0 0.5799999999999984 0.19999999999999857 0.0 0.0 0.0 0.0 0.0 0.0 0.10000000000000497 0.9000000000000057 1.0 1.0 0.6999999999999922 0.0 
0.0 0.0 0.49999999999999956 1.0 0.8999999999999995 0.09999999999999876 0.0 0.0 0.0 0.0 0.0 0.0 0.0 0.0 0.10000000000000497 0.9000000000000057 1.0 1.0 0.6999999999999922 0.0 
0.0 0.28000000000000114 0.7000000000000008 1.0 0.8999999999999995 0.09999999999999876 0.0 0.0 0.0 0.0 0.0 0.0 0.0 0.0 0.10000000000000497 0.9000000000000057 1.0 1.0 0.6999999999999922 0.0 
0.7199999999999995 0.9400000000000001 1.0 1.0 0.8999999999999995 0.09999999999999876 0.0 0.0 0.0 0.0 0.0 0.0 0.0 0.24000000000000363 0.8200000000000016 0.9800000000000012 1.0 1.0 0.9399999999999986 0.7199999999999939 
0.7199999999999963 0.939999999999999 1.0 1.0 1.0 1.0 1.0 1.0 1.0 1.0 1.0 1.0 1.0 1.0 1.0 1.0 1.0 1.0 1.0 0.8999999999999915 
0.0 0.27999999999999864 0.3999999999999986 0.3999999999999986 0.3999999999999986 0.3999999999999986 0.3999999999999986 0.3999999999999986 0.3999999999999986 0.3999999999999986 0.3999999999999986 0.3999999999999986 0.3999999999999986 0.3999999999999986 0.4600000000000017 0.9400000000000033 1.0 1.0 1.0 0.8999999999999915 
0.0 0.0 0.0 0.0 0.0 0.0 0.0 0.0 0.0 0.0 0.0 0.0 0.0 0.0 0.10000000000000497 0.9000000000000057 1.0 1.0 0.6999999999999922 0.0 
0.0 0.0 0.0 0.0 0.0 0.0 0.0 0.0 0.0 0.0 0.0 0.0 0.0 0.0 0.10000000000000497 0.9000000000000057 1.0 1.0 0.6999999999999922 0.0 
0.0 0.0 0.0 0.0 0.0 0.0 0.0 0.0 0.0 0.0 0.0 0.0 0.0 0.0 0.020000000000000923 0.1800000000000005 0.7600000000000049 1.0 0.6999999999999922 0.0 
