0.0 0.0 0.0 0.0 0.0 0.0 0.0 0.0 0.0 0.0 0.0 0.0 0.0 0.05250000000000065 0.2575000000000033 0.9175000000000019 1.0 1.0 0.6999999999999975 0.0 
0.0 0.0 0.0 0.0 0.0 0.0 0.0 0.0 0.0 0.0 0.0 0.0 0.2625000000000024 0.6675000000000019 1.0 1.0 1.0 1.0 0.6999999999999975 0.0 
0.0 0.0 0.0 0.0 0.0 0.0 0.0 0.0 0.0 0.0 0.0 0.0 0.5000000000000036 1.0 1.0 1.0 1.0 1.0 0.6999999999999975 0.0 
0.0 0.0 0.0 0.0 0.0 0.0 0.0 0.0 0.0 0.022500000000000662 0.20250000000000176 0.7675000000000026 1.0 1.0 1.0 1.0 1.0 1.0 0.6999999999999975 0.0 
0.0 0.0 0.0 0.0 0.0 0.0 0.0 0.0 0.0 0.10000000000000231 0.9000000000000021 1.0 1.0 1.0 1.0 1.0 1.0 1.0 0.6999999999999975 0.0 
0.0 0.0 0.0 0.0 0.0 0.0 0.0 0.0 0.277500000000003 0.9325000000000024 0.9925000000000004 1.0 1.0 1.0 1.0 1.0 1.0 1.0 0.6999999999999975 0.0 
0.0 0.0 0.0 0.0 0.0 0.0 0.0 0.1375000000000018 0.49250000000000327 1.0 1.0 0.8074999999999977 0.3624999999999964 0.0 0.1000000000000032 0.9000000000000021 1.0 1.0 0.6999999999999975 0.0 
0.0 0.0 0.0 0.0 0.0 0.0 0.0 0.5000000000000027 1.0 1.0 1.0 0.29999999999999716 0.0 0.0 0.1000000000000032 0.9000000000000021 1.0 1.0 0.6999999999999975 0.0 
0.0 0.0 0.0 0.0 0.0 0.0 0.682500000000005 0.9875000000000017 1.0 0.9024999999999974 0.12249999999999504 0.007499999999998969 0.0 0.0 0.1000000000000032 0.9000000000000021 1.0 1.0 0.6999999999999975 0.0 
0.0 0.0 0.0 0.0 0.032500000000001035 0.29250000000000326 0.7975000000000028 1.0 0.9024999999999983 0.6074999999999959 0.06749999999999828 0.0 0.0 0.0 0.1000000000000032 0.9000000000000021 1.0 1.0 0.6999999999999975 0.0 
0.0 0.0 0.0 0.0 0.10000000000000231 0.9000000000000021 1.0 1.0 0.6999999999999975 0.0 0.0 0.0 0.0 0.0 0.1000000000000032 0.9000000000000021 1.0 1.0 0.6999999999999975 0.0 
0.0 0.0 0.01250000000000201 0.31750000000000517 1.0 1.0 1.0 0.49999999999999734 0.0 0.0 0.0 0.0 0.0 0.0 0.1000000000000032 0.9000000000000021 1.0 1.0 0.6999999999999975 0.0 
0.0 0.0 0.5000000000000022 1.0 1.0 1.0 0.7374999999999965 0.31249999999999656 0.0 0.0 0.0 0.0 0.0 0.0 0.1000000000000032 0.9000000000000021 1.0 1.0 0.6999999999999975 0.0 
0.0 0.5075000000000051 0.8625000000000032 1.0 1.0 1.0 0.29999999999999716 0.0 0.0 0.0 0.0 0.0 0.0 0.0 0.1000000000000032 0.9000000000000021 1.0 1.0 0.6999999999999975 0.0 
0.06750000000000592 0.7225000000000039 1.0 1.0 1.0 1.0 0.35250000000000187 0.0750000000000064 0.0750000000000064 0.0750000000000064 0.0750000000000064 0.0750000000000064 0.0750000000000064 0.35250000000000675 1.0 1.0 1.0 1.0 0.7224999999999996 0.06750000000000551 
0.9000000000000021 1.0 1.0 1.0 1.0 1.0 1.0 1.0 1.0 1.0 1.0 1.0 1.0 1.0 1.0 1.0 1.0 1.0 1.0 0.8999999999999968 
0.9000000000000021 1.0 1.0 1.0 1.0 1.0 1.0 1.0 1.0 1.0 1.0 1.0 1.0 1.0 1.0 1.0 1.0 1.0 1.0 0.8999999999999968 
0.0 0.0 0.0 0.0 0.0 0.0 0.0 0.0 0.0 0.0 0.0 0.0 0.0 0.0 0.1000000000000032 0.9000000000000021 1.0 1.0 0.6999999999999975 0.0 
0.0 0.0 0.0 0.0 0.0 0.0 0.0 0.0 0.0 0.0 0.0 0.0 0.0 0.0 0.1000000000000032 0.9000000000000021 1.0 1.0 0.6999999999999975 0.0 
0.0 0.0 0.0 0.0 0.0 0.0 0.0 0.0 0.0 0.0 0.0 0.0 0.0 0.0 0.1000000000000032 0.9000000000000021 1.0 1.0 0.6999999999999975 0.0 
