0.875 1.0 1.0 1.0 1.0 1.0 1.0 1.0 1.0 1.0 1.0 1.0 1.0 1.0 1.0 1.0 1.0 1.0 0.6812499999999935 0.13124999999999742 
0.875 1.0 1.0 1.0 1.0 1.0 1.0 1.0 1.0 1.0 1.0 1.0 1.0 1.0 1.0 1.0 1.0 1.0 0.8312499999999972 0.4812499999999961 
0.21875000000000078 0.2500000000000009 0.2500000000000009 0.2500000000000009 0.2500000000000009 0.2500000000000009 0.2500000000000009 0.2500000000000009 0.2500000000000009 0.2500000000000009 0.2500000000000009 0.2500000000000009 0.2500000000000009 0.7187500000000043 1.0 1.0 1.0 1.0 0.6249999999999929 0.0 
0.0 0.0 0.0 0.0 0.0 0.0 0.0 0.0 0.0 0.0 0.0 0.0 0.0 0.6250000000000053 1.0 1.0 1.0 0.9687500000000003 0.5937499999999939 0.0 
0.0 0.0 0.0 0.0 0.0 0.0 0.0 0.0 0.0 0.0 0.0 0.04375000000000182 0.3062500000000016 0.7562500000000033 1.0 1.0 1.0 0.3749999999999929 0.0 0.0 
0.0 0.0 0.0 0.0 0.0 0.0 0.0 0.0 0.0 0.0 0.24375000000000302 0.6937500000000022 0.9562500000000019 1.0 1.0 0.9187499999999953 0.4312499999999951 0.13124999999999737 0.0 0.0 
0.0 0.0 0.0 0.0 0.0 0.0 0.0 0.0 0.0 0.0 0.37500000000000444 1.0 1.0 1.0 1.0 0.8749999999999929 0.1249999999999929 0.0 0.0 0.0 
0.0 0.0 0.0 0.0 0.0 0.0 0.0 0.0 0.0 0.1562500000000009 0.5312500000000033 1.0 1.0 1.0 0.6249999999999929 0.0 0.0 0.0 0.0 0.0 
0.0 0.0 0.0 0.0 0.0 0.0 0.0 0.0 0.0 0.6250000000000036 1.0 1.0 1.0 0.6562499999999967 0.28124999999999634 0.0 0.0 0.0 0.0 0.0 
0.0 0.0 0.0 0.0 0.0 0.0 0.0 0.1062500000000032 0.7437500000000042 0.9437500000000011 1.0 1.0 1.0 0.37499999999999467 0.0 0.0 0.0 0.0 0.0 0.0 
0.0 0.0 0.0 0.0 0.0 0.0 0.0562500000000012 0.25625000000000486 0.8937500000000033 1.0 1.0 0.8749999999999947 0.12499999999999467 0.0 0.0 0.0 0.0 0.0 0.0 0.0 
0.0 0.0 0.0 0.0 0.0 0.0 0.37500000000000266 1.0 1.0 1.0 0.8312499999999976 0.4812499999999961 0.06874999999999694 0.0 0.0 0.0 0.0 0.0 0.0 0.0 
0.0 0.0 0.0 0.0 0.0 0.4687500000000028 0.8437500000000018 1.0 1.0 0.5312499999999962 0.15624999999999778 0.0 0.0 0.0 0.0 0.0 0.0 0.0 0.0 0.0 
0.0 0.0 0.0 0.12500000000000133 0.8750000000000018 1.0 1.0 1.0 1.0 0.37499999999999645 0.0 0.0 0.0 0.0 0.0 0.0 0.0 0.0 0.0 0.0 
0.0 0.0 0.13125000000000084 0.43125000000000213 0.9187500000000013 1.0 1.0 0.9562499999999986 0.6937499999999975 0.24374999999999716 0.0 0.0 0.0 0.0 0.0 0.0 0.0 0.0 0.0 0.0 
0.0 0.0 0.3750000000000009 1.0 1.0 1.0 1.0 0.8749999999999964 0.12499999999999645 0.0 0.0 0.0 0.0 0.0 0.0 0.0 0.0 0.0 0.0 0.0 
0.0 0.5937500000000022 0.9687500000000018 1.0 1.0 1.0 0.6437499999999964 0.04374999999999733 0.006249999999999467 0.0 0.0 0.0 0.0 0.0 0.0 0.0 0.0 0.0 0.0 0.0 
0.2187500000000031 0.7187500000000017 1.0 1.0 1.0 1.0 0.6249999999999973 0.0 0.0 0.0 0.0 0.0 0.0 0.0 0.0 0.0 0.0 0.0 0.0 0.0 
0.875 1.0 1.0 1.0 1.0 1.0 0.8312500000000004 0.5500000000000043 0.5500000000000043 0.5500000000000043 0.5500000000000043 0.5500000000000043 0.5500000000000043 0.5500000000000043 0.5500000000000043 0.5500000000000043 0.5500000000000043 0.5500000000000043 0.5500000000000043 0.48124999999999885 
0.875 1.0 1.0 1.0 1.0 1.0 1.0 1.0 1.0 1.0 1.0 1.0 1.0 1.0 1.0 1.0 1.0 1.0 1.0 0.8749999999999911 
